-1.584523985888516
-1.5845239858885125
-1.5841895316926256
-1.5841895316926247
-1.5835211729994219
-1.583521172999421
-1.5825200080437043
-1.582520008043704
-1.5811876812778918
-1.581187681277891
-1.5795263799093653
-1.579526379909365
-1.5775388293122095
-1.577538829312209
-1.5752282873380672
-1.5752282873380672
-1.5725985375573255
-1.5725985375573255
-1.569653881468499
-1.5696538814684975
-1.5663991297205342
-1.5663991297205337
-1.5628395923999405
-1.5628395923999403
-1.5589810684420906
-1.5589810684420902
-1.5548298342337874
-1.5548298342337874
-1.550392631482426
-1.5503926314824255
-1.5456766544355598
-1.5456766544355593
-1.540689536543762
-1.5406895365437607
-1.5354393366690324
-1.5354393366690315
-1.5299345249509868
-1.5299345249509848
-1.5241839684533647
-1.5241839684533642
-1.51819691672422
-1.5181969167242193
-1.5119829874143424
-1.5119829874143422
-1.5055521521099586
-1.5055521521099569
-1.4989147225474775
-1.498914722547477
-1.4920813373898323
-1.4920813373898316
-1.485062949755533
-1.485062949755532
-1.477870815702742
-1.4778708157027418
-1.4705164838809424
-1.4705164838809421
-1.4630117865718528
-1.4630117865718522
-1.4553688323482123
-1.4553688323482121
-1.447600000583531
-1.44760000058353
-1.4397179380465814
-1.4397179380465799
-1.4317355578103916
-1.431735557810391
-1.4236660406952482
-1.4236660406952477
-1.4155228394472383
-1.4155228394472381
-1.4073196858260517
-1.4073196858260502
-1.3990706007360676
-1.3990706007360676
-1.390789907480601
-1.390789907480601
-1.3824922481476776
-1.3824922481476771
-1.3741926030441372
-1.3741926030441372
-1.365906312979698
-1.365906312979697
-1.357649104061102
-1.3576491040611016
-1.349437114485559
-1.3494371144855584
-1.3412869226201765
-1.341286922620176
-1.3332155754186854
-1.3332155754186854
-1.325240615958838
-1.325240615958837
-1.3173801085860088
-1.3173801085860084
-1.3096526598264322
-1.3096526598264309
-1.3020774328971487
-1.3020774328971483
-1.294674153303806
-1.2946741533038053
-1.2874631027031196
-1.2874631027031196
-1.2804650979416348
-1.2804650979416343
-1.273701452001183
-1.273701452001182
-1.2671939135254884
-1.2671939135254866
-1.2609645817178927
-1.2609645817178925
-1.2550357937355225
-1.2550357937355219
-1.249429982305724
-1.2494299823057233
-1.24416950219249
-1.2441695021924888
-1.239276425362269
-1.2392764253622683
-1.2347723062320524
-1.234772306232052
-1.2306779201842508
-1.23067792018425
-1.227012980517069
-1.2270129805170689
-1.223795841035637
-1.2237958410356369
-1.2210431934075539
-1.2210431934075536
-1.2187697700083502
-1.2187697700083497
-1.2169880640616326
-1.2169880640616322
-1.2157080792498187
-1.2157080792498185
-1.2149371204996553
-1.2149371204996549
-1.214679636276855
0.17306383452260907
0.17389435016732238
0.1738943501673227
0.1763831980892554
0.17638319808925618
0.18052231707511038
0.18052231707511104
0.1862983893946074
0.18629838939460816
0.19369301115086976
0.19369301115087015
0.2026829191606804
0.20268291916068065
0.21324026399314372
0.21324026399314386
0.22533291741491118
0.22533291741491154
0.23892480200805877
0.23892480200805946
0.253976231087569
0.2539762310875694
0.2704442481145504
0.2704442481145506
0.288282956393172
0.2882829563931724
0.3074438317479807
0.307443831747981
0.32787601290521845
0.32787601290521967
0.3495265662766505
0.34952656627665224
0.37234072363691184
0.37234072363691495
0.39626209271012364
0.3962620927101267
0.42123284189458027
0.4212328418945815
0.44719386124805394
0.4471938612480544
0.4740849024487708
0.47408490244877294
0.5018447007749745
0.5018447007749777
0.5304110822541664
0.5304110822541678
0.5597210590704504
0.5597210590704513
0.5897109161305243
0.589710916130526
0.6203162914177613
0.6203162914177623
0.6514722524436916
0.6514722524436917
0.6831133707650676
0.683113370765068
0.715173796193484
0.7151737961934846
0.747587331998065
0.7475873319980665
0.7802875120999032
0.7802875120999035
0.813207680985561
0.8132076809855616
0.8462810768285505
0.8462810768285509
0.8794409181025998
0.8794409181026007
0.9126204937976125
0.912620493797613
0.9457532572060321
0.9457532572060325
0.978772923131191
0.9787729231311917
1.0116135682769107
1.011613568276911
1.04420973450608
1.0442097345060806
1.0764965346021285
1.0764965346021291
1.108409760128442
1.1084097601284426
1.1398859909543668
1.1398859909543673
1.1708627060002186
1.1708627060002192
1.201278394745821
1.201278394745821
1.2310726690458105
1.2310726690458105
1.2601863747989681
1.2601863747989686
1.2885617030268508
1.2885617030268517
1.3161422999283343
1.3161422999283352
1.342873375490193
1.3428733754901931
1.368701810249275
1.368701810249276
1.3935762598184085
1.3935762598184085
1.4174472568056669
1.4174472568056675
1.4402673097747098
1.4402673097747098
1.4619909989122364
1.4619909989122364
1.4825750680872187
1.4825750680872192
1.501978513005123
1.5019785130051235
1.5201626651788869
1.5201626651788873
1.537091271456894
1.537091271456896
1.5527305688664148
1.5527305688664164
1.5670493545491762
1.5670493545491766
1.5800190505836202
1.5800190505836211
1.591613763506242
1.5916137635062428
1.601810338361934
1.6018103383619346
1.6105884071307932
1.6105884071307937
1.617930431396094
1.617930431396095
1.6238217391353553
1.6238217391353562
1.6282505555334685
1.6282505555334696
1.6312080277338457
1.6312080277338457
1.6326882434604615
1.632688243460462
