-1.5121806091563879
-1.5120725888560786
-1.5120725888560786
-1.5117486587427524
-1.511748658742752
-1.5112092109364308
-1.5112092109364301
-1.510454898164047
-1.5104548981640469
-1.5094866325596819
-1.509486632559681
-1.508305584004761
-1.5083055840047601
-1.5069131780282399
-1.5069131780282394
-1.5053110932927845
-1.5053110932927842
-1.5035012586990688
-1.5035012586990684
-1.501485850146704
-1.501485850146704
-1.4992672869969144
-1.4992672869969135
-1.4968482282889815
-1.4968482282889812
-1.4942315687697163
-1.494231568769716
-1.49142043480282
-1.4914204348028193
-1.4884181802329277
-1.4884181802329275
-1.4852283822875387
-1.4852283822875358
-1.4818548376087919
-1.481854837608791
-1.4783015585162191
-1.4783015585162187
-1.4745727696112034
-1.4745727696112023
-1.47067290484379
-1.470672904843787
-1.466606605172713
-1.4666066051727118
-1.4623787169599145
-1.4623787169599132
-1.4579942912513726
-1.4579942912513721
-1.4534585841063627
-1.453458584106362
-1.4487770581473958
-1.4487770581473942
-1.4439553855124077
-1.443955385512407
-1.4389994523991445
-1.4389994523991436
-1.4339153653984296
-1.4339153653984287
-1.4287094598176595
-1.4287094598176595
-1.4233883101974685
-1.423388310197468
-1.417958743222339
-1.4179587432223384
-1.4124278532186239
-1.4124278532186227
-1.4068030204198902
-1.40680302041989
-1.4010919321578246
-1.4010919321578235
-1.395302607105567
-1.395302607105566
-1.3894434226569172
-1.3894434226569163
-1.3835231454670225
-1.3835231454670205
-1.3775509651053222
-1.377550965105321
-1.3715365306766178
-1.3715365306766165
-1.3654899901482926
-1.3654899901482924
-1.3594220319777612
-1.3594220319777606
-1.3533439284614555
-1.3533439284614535
-1.3472675800226592
-1.3472675800226575
-1.3412055594188215
-1.3412055594188206
-1.3351711545797296
-1.3351711545797293
-1.3291784084879301
-1.3291784084879288
-1.3232421541871873
-1.323242154187187
-1.3173780426622217
-1.3173780426622217
-1.311602560986859
-1.3116025609868582
-1.3059330378077567
-1.3059330378077556
-1.3003876329426634
-1.300387632942663
-1.2949853076591962
-1.2949853076591957
-1.2897457721025247
-1.2897457721025245
-1.2846894064042782
-1.284689406404277
-1.2798371522802472
-1.2798371522802454
-1.275210372460114
-1.2752103724601123
-1.270830676131068
-1.270830676131066
-1.2667197097470482
-1.2667197097470477
-1.2628989140609184
-1.2628989140609181
-1.259389250049863
-1.2593892500498627
-1.2562108984545581
-1.2562108984545577
-1.2533829398241167
-1.253382939824115
-1.2509230240895926
-1.2509230240895923
-1.2488470405804564
-1.2488470405804561
-1.2471688008330895
-1.2471688008330886
-1.2458997473070026
-1.2458997473070021
-1.2450487010502287
-1.2450487010502278
-1.2446216603375604
-1.2446216603375584
0.13228306694963105
0.1322830669496314
0.13393689948928844
0.13393689948928905
0.13723894943779244
0.13723894943779244
0.14217806402155703
0.1421780640215583
0.1487377039971948
0.14873770399719574
0.15689616124477365
0.15689616124477465
0.16662683269126102
0.16662683269126113
0.1778985384951049
0.177898538495105
0.19067587139392606
0.19067587139392667
0.2049195640319864
0.20491956403198794
0.22058686183984902
0.22058686183985055
0.23763189046255223
0.2376318904625525
0.25600600861364803
0.2560060086136495
0.2756581393529591
0.2756581393529601
0.29653507494716735
0.2965350749471678
0.3185817525128115
0.31858175251281284
0.3417414994446085
0.34174149944460974
0.36595624912834535
0.36595624912834723
0.3911667285984316
0.3911667285984352
0.41731262063021735
0.4173126206302182
0.44433270328453317
0.4443327032845344
0.4721649701892167
0.47216497018921816
0.5007467348988043
0.5007467348988053
0.5300147225688059
0.5300147225688061
0.5599051519612559
0.5599051519612567
0.5903538105038083
0.5903538105038116
0.6212961247886939
0.6212961247886959
0.6526672285464515
0.6526672285464522
0.6844020297818216
0.6844020297818225
0.7164352784291449
0.7164352784291452
0.7487016355806025
0.7487016355806038
0.7811357450679828
0.781135745067984
0.8136723079389346
0.8136723079389351
0.84624616016223
0.8462461601622302
0.878792353721869
0.8787923537218695
0.9112462411144043
0.9112462411144044
0.9435435631451621
0.9435435631451624
0.9756205398237338
0.9756205398237339
1.0074139640843685
1.007413964084369
1.0388612979997585
1.038861297999759
1.069900771114458
1.0699007711144586
1.1004714804944566
1.1004714804944578
1.1305134920700284
1.1305134920700293
1.1599679428380887
1.159967942838089
1.1887771434862588
1.1887771434862588
1.2168846810023477
1.216884681002348
1.2442355208388187
1.2442355208388192
1.27077610821112
1.2707761082111217
1.2964544681207264
1.296454468120728
1.3212203037076626
1.3212203037076629
1.3450250925527927
1.3450250925527933
1.3678221805666806
1.3678221805666826
1.3895668731191844
1.3895668731191864
1.4102165230817323
1.4102165230817327
1.4297306154724758
1.429730615472476
1.448070848412767
1.448070848412768
1.465201210121871
1.4652012101218712
1.4810880516951763
1.481088051695177
1.4957001554295286
1.495700155429529
1.5090087984774938
1.5090087984774943
1.5209878116304674
1.5209878116304676
1.5316136330485348
1.531613633048536
1.5408653567727613
1.540865356772763
1.548724775873311
1.548724775873312
1.5551764201043363
1.5551764201043377
1.5602075879540822
1.560207587954083
1.563808372995875
1.5638083729958752
1.5659716844630747
1.5659716844630756
1.5666932619881286
