-1.4878414051632074
-1.4878414051632056
-1.487665758282585
-1.4876657582825845
-1.4873146317472001
-1.4873146317472
-1.4867883597548333
-1.4867883597548328
-1.486087442972716
-1.4860874429727156
-1.4852125477973712
-1.4852125477973697
-1.4841645053931494
-1.4841645053931487
-1.4829443105314501
-1.48294431053145
-1.4815531202584529
-1.4815531202584518
-1.4799922524251248
-1.4799922524251239
-1.4782631841195306
-1.4782631841195282
-1.4763675500478959
-1.4763675500478952
-1.4743071409176898
-1.4743071409176893
-1.4720839018830492
-1.472083901883048
-1.4696999311203143
-1.4696999311203134
-1.4671574786092463
-1.467157478609246
-1.4644589452036425
-1.4644589452036418
-1.4616068820836037
-1.4616068820836037
-1.458603990690597
-1.4586039906905948
-1.4554531232556087
-1.4554531232556087
-1.4521572840401729
-1.4521572840401717
-1.4487196314196085
-1.4487196314196085
-1.4451434809475034
-1.4451434809475034
-1.4414323095499615
-1.441432309549961
-1.437589761007297
-1.4375897610072963
-1.4336196528894323
-1.4336196528894323
-1.429525985118733
-1.4295259851187325
-1.4253129503400812
-1.4253129503400799
-1.4209849462820388
-1.4209849462820376
-1.416546590294145
-1.4165465902941425
-1.412002736243097
-1.4120027362430965
-1.4073584939435588
-1.4073584939435575
-1.4026192512863895
-1.4026192512863878
-1.397790699206965
-1.3977906992069637
-1.392878859606888
-1.3928788596068877
-1.3878901163021666
-1.3878901163021657
-1.3828312490174437
-1.3828312490174435
-1.3777094703767223
-1.3777094703767216
-1.3725324657535196
-1.3725324657535192
-1.3673084357348104
-1.36730843573481
-1.3620461408204487
-1.3620461408204487
-1.356754947820518
-1.3567549478205165
-1.351444877224761
-1.3514448772247605
-1.3461266505994252
-1.3461266505994236
-1.3408117368170258
-1.340811736817025
-1.3355123956452373
-1.3355123956452364
-1.3302417169158516
-1.33024171691585
-1.3250136531710568
-1.3250136531710557
-1.319843043353126
-1.3198430433531259
-1.3147456247816593
-1.3147456247816591
-1.3097380303722712
-1.3097380303722712
-1.3048377678211365
-1.3048377678211363
-1.30006317734693
-1.3000631773469296
-1.2954333645874578
-1.295433364587456
-1.2909681054386992
-1.2909681054386979
-1.2866877200464597
-1.2866877200464595
-1.2826129138586508
-1.2826129138586497
-1.27876458465223
-1.27876458465223
-1.2751635957770908
-1.2751635957770888
-1.2718305174960396
-1.2718305174960387
-1.2687853401958693
-1.2687853401958689
-1.2660471653070506
-1.2660471653070493
-1.263633881863037
-1.2636338818630364
-1.2615618385790268
-1.2615618385790264
-1.25984552293279
-1.2598455229327894
-1.2584972597798672
-1.2584972597798667
-1.2575269423476767
-1.2575269423476738
-1.256941807896005
-1.2569418078960035
-1.2567462688541229
0.12140973423494962
0.12223196199145762
0.12223196199145861
0.12469584465092284
0.1246958446509236
0.12879301874743473
0.1287930187474372
0.1345096711931313
0.1345096711931317
0.14182672197012242
0.14182672197012355
0.15072006778998398
0.15072006778998415
0.1611608758698703
0.1611608758698707
0.17311591548571162
0.173115915485712
0.18654791439451857
0.18654791439451884
0.20141592751880877
0.20141592751880966
0.2176757063248296
0.217675706324831
0.23528005891812734
0.2352800589181279
0.25417919281817947
0.25417919281817986
0.27432103445682127
0.2743210344568217
0.29565152149754087
0.29565152149754104
0.31811486595858085
0.3181148659585815
0.34165378775007893
0.3416537877500791
0.3662097195543067
0.3662097195543068
0.3917229849751564
0.3917229849751567
0.4181329525721414
0.41813295257214184
0.4453781688083399
0.4453781688083403
0.4733964731243316
0.4733964731243334
0.5021250983482981
0.5021250983482985
0.5315007595125756
0.5315007595125766
0.5614597339108456
0.5614597339108479
0.5919379349335661
0.5919379349335679
0.6228709818916642
0.6228709818916646
0.6541942677020138
0.6541942677020156
0.6858430259797634
0.685843025979764
0.7177523987729454
0.7177523987729474
0.7498575058917826
0.7498575058917846
0.7820935165319166
0.7820935165319174
0.8143957236692096
0.8143957236692102
0.8466996215132248
0.846699621513225
0.878940986145481
0.8789409861454813
0.9110559593347636
0.9110559593347638
0.9429811354124807
0.9429811354124812
0.9746536510034378
0.9746536510034379
1.0060112773386503
1.0060112773386507
1.0369925148242871
1.0369925148242871
1.067536689501996
1.0675366895019973
1.0975840510086394
1.09758405100864
1.1270758716256855
1.1270758716256855
1.155954545998714
1.1559545459987142
1.1841636911040316
1.1841636911040325
1.2116482460410543
1.211648246041055
1.2383545712349966
1.2383545712349973
1.2642305466434163
1.2642305466434163
1.2892256685717294
1.28922566857173
1.3132911447163713
1.3132911447163715
1.3363799870691686
1.3363799870691688
1.3584471023325964
1.3584471023325966
1.3794493795123768
1.3794493795123774
1.3993457743712363
1.3993457743712374
1.418097390445347
1.4180973904453484
1.4356675563428838
1.435667556342885
1.4520218990621814
1.4520218990621825
1.4671284130849713
1.4671284130849715
1.480957525018256
1.480957525018256
1.4934821535763083
1.4934821535763108
1.5046777647121383
1.50467776471214
1.5145224217255735
1.5145224217255744
1.5229968301927048
1.5229968301927053
1.530084377579069
1.53008437757907
1.5357711674163184
1.5357711674163188
1.5400460479395286
1.540046047939529
1.5429006350995618
1.5429006350995622
1.5443293298820986
1.5443293298820988
