-1.4389736870818717
-1.4389736870818715
-1.438880076769345
-1.4388800767693437
-1.4386928380042647
-1.438692838004264
-1.4384119347183502
-1.438411934718348
-1.4380373133433535
-1.4380373133433522
-1.4375689034654082
-1.4375689034654067
-1.4370066187198247
-1.4370066187198243
-1.4363503579456756
-1.4363503579456751
-1.4356000066245997
-1.435600006624598
-1.434755438633518
-1.4347554386335175
-1.4338165183463858
-1.4338165183463856
-1.4327831031257638
-1.4327831031257636
-1.4316550462509086
-1.4316550462509086
-1.430432200335233
-1.430432200335232
-1.429114421292401
-1.4291144212923996
-1.4277015729170386
-1.427701572917037
-1.4261935321529657
-1.4261935321529644
-1.4245901951290818
-1.4245901951290798
-1.4228914840503848
-1.422891484050384
-1.421097355039197
-1.4210973550391957
-1.4192078070292073
-1.4192078070292073
-1.4172228918225311
-1.417222891822531
-1.415142725427273
-1.4151427254272728
-1.4129675008000846
-1.4129675008000833
-1.4106975021243893
-1.4106975021243882
-1.4083331207603709
-1.40833312076037
-1.405874873006684
-1.4058748730066837
-1.403323419816007
-1.4033234198160067
-1.4006795886062406
-1.4006795886062398
-1.3979443973056644
-1.3979443973056636
-1.3951190807629859
-1.3951190807629845
-1.3922051196407328
-1.3922051196407326
-1.3892042718919078
-1.3892042718919073
-1.386118606893708
-1.3861186068937077
-1.382950542276913
-1.382950542276912
-1.3797028834436076
-1.3797028834436071
-1.3763788657070588
-1.376378865707058
-1.3729821989139501
-1.3729821989139497
-1.3695171143184297
-1.3695171143184284
-1.3659884133672684
-1.365988413367267
-1.3624015179238476
-1.3624015179238465
-1.3587625213035912
-1.3587625213035903
-1.355078239313611
-1.3550782393136105
-1.3513562602841231
-1.3513562602841227
-1.3476049928493157
-1.3476049928493157
-1.3438337099832773
-1.343833709983277
-1.3400525875271574
-1.3400525875271567
-1.336272735164927
-1.336272735164926
-1.332506217528334
-1.3325062175283335
-1.3287660628534892
-1.3287660628534892
-1.325066256392806
-1.3250662563928057
-1.3214217156335868
-1.3214217156335866
-1.3178482443199675
-1.317848244319967
-1.3143624623541978
-1.3143624623541976
-1.3109817089046218
-1.3109817089046214
-1.3077239165087606
-1.3077239165087602
-1.3046074546630433
-1.304607454663043
-1.3016509423575393
-1.3016509423575389
-1.2988730302485896
-1.2988730302485896
-1.2962921546441875
-1.2962921546441861
-1.2939262671553204
-1.2939262671553202
-1.2917925456556685
-1.2917925456556685
-1.2899070939719801
-1.2899070939719797
-1.2882846393485634
-1.2882846393485632
-1.286938238024261
-1.2869382380242602
-1.2858790000616027
-1.2858790000616027
-1.2851158447301714
-1.2851158447301712
-1.2846552971699137
-1.2846552971699134
-1.2845013357127306
0.10478221031453583
0.10558848177967936
0.10558848177967962
0.10800458754575026
0.1080045875457505
0.11202243671159808
0.11202243671159855
0.11762865946563839
0.11762865946563855
0.1248047741587196
0.12480477415872068
0.133527410750638
0.13352741075063845
0.14376858120970082
0.14376858120970115
0.15549598608536108
0.15549598608536214
0.16867334588586863
0.16867334588586924
0.1832607460435148
0.18326074604351525
0.1992149850398755
0.19921498503987686
0.21648991654705696
0.21648991654705715
0.23503677805096426
0.23503677805096457
0.25480450019161965
0.25480450019162065
0.27573999283415773
0.27573999283415873
0.29778840555214514
0.2977884055521454
0.3208933616767355
0.3208933616767359
0.344997166290056
0.344997166290057
0.37004098949862574
0.3700409894986264
0.3959650270167326
0.3959650270167329
0.4227086405421244
0.42270864054212465
0.45021048064950664
0.45021048064950725
0.47840859499881566
0.47840859499881605
0.5072405245932611
0.5072405245932612
0.5366433906627589
0.5366433906627593
0.5665539745232702
0.5665539745232706
0.5969087924982839
0.596908792498284
0.6276441677065674
0.6276441677065675
0.6586963002363923
0.6586963002363929
0.6900013369525748
0.690001336952575
0.7214954419266194
0.7214954419266205
0.7531148682469828
0.753114868246983
0.7847960317583076
0.7847960317583077
0.8164755870963335
0.8164755870963339
0.8480905062282795
0.8480905062282804
0.879578159575612
0.8795781595756127
0.9108763996853455
0.9108763996853457
0.9419236473250701
0.941923647325071
0.9726589798036984
0.9726589798036988
1.0030222212621183
1.003022221262119
1.0329540346334465
1.0329540346334467
1.0623960149394942
1.0623960149394949
1.0912907835665884
1.0912907835665893
1.1195820831484438
1.1195820831484453
1.1472148726750957
1.1472148726750964
1.1741354224436538
1.1741354224436547
1.2002914084679535
1.200291408467954
1.2256320059690904
1.2256320059690904
1.2501079815766873
1.2501079815766878
1.2736717838809284
1.2736717838809284
1.2962776319873925
1.2962776319873928
1.317881601740181
1.3178816017401815
1.3384417092933207
1.3384417092933207
1.3579179917258315
1.3579179917258322
1.3762725844117858
1.376272584411787
1.3934697948731096
1.3934697948731114
1.409476172859633
1.4094761728596343
1.4242605764177807
1.424260576417781
1.437794233726452
1.4377942337264538
1.4500508004957025
1.4500508004957038
1.4610064127410696
1.4610064127410702
1.4706397347635563
1.4706397347635565
1.4789320021824228
1.478932002182423
1.4858670598850925
1.485867059885094
1.4914313947755384
1.491431394775539
1.4956141632195776
1.4956141632195776
1.4984072131024841
1.4984072131024846
1.4998051004313264
1.499805100431327
