-1.4144387043868731
-1.4144127452902306
-1.41441274529023
-1.4143348134344818
-1.4143348134344815
-1.414204745344357
-1.4142047453443558
-1.4140222693038755
-1.4140222693038749
-1.4137870064781393
-1.413787006478139
-1.413498472499075
-1.4134984724990747
-1.4131560795304892
-1.413156079530488
-1.4127591388323606
-1.4127591388323604
-1.4123068638490088
-1.4123068638490082
-1.4117983738505986
-1.4117983738505977
-1.4112326981625194
-1.411232698162519
-1.410608781022371
-1.4106087810223704
-1.4099254871097302
-1.4099254871097286
-1.4091816077995287
-1.4091816077995283
-1.4083758681957517
-1.4083758681957514
-1.4075069350081886
-1.407506935008188
-1.4065734253412676
-1.4065734253412674
-1.4055739164703371
-1.4055739164703362
-1.4045069566872612
-1.4045069566872606
-1.4033710773036332
-1.4033710773036325
-1.4021648059062493
-1.4021648059062484
-1.400886680965626
-1.400886680965624
-1.399535267903921
-1.399535267903919
-1.398109176733693
-1.3981091767336922
-1.396607081382843
-1.3966070813828424
-1.3950277408238536
-1.3950277408238536
-1.3933700221263428
-1.3933700221263416
-1.391632925550554
-1.3916329255505528
-1.3898156117951472
-1.3898156117951461
-1.3879174315046683
-1.3879174315046676
-1.3859379571294812
-1.385937957129481
-1.3838770172128627
-1.3838770172128618
-1.3817347331548873
-1.3817347331548864
-1.3795115584697057
-1.3795115584697044
-1.3772083205099397
-1.3772083205099388
-1.374826264577764
-1.3748262645777616
-1.372367100274869
-1.372367100274868
-1.3698330498611409
-1.3698330498611406
-1.3672268982923519
-1.3672268982923514
-1.3645520444889967
-1.3645520444889958
-1.361812553249746
-1.3618125532497452
-1.3590132070626586
-1.3590132070626582
-1.3561595568851637
-1.3561595568851632
-1.3532579707601295
-1.3532579707601293
-1.3503156789124489
-1.3503156789124484
-1.3473408137324887
-1.3473408137324883
-1.3443424428060982
-1.3443424428060977
-1.34133059290548
-1.3413305929054797
-1.338316262624622
-1.338316262624621
-1.3353114211449235
-1.3353114211449235
-1.3323289904733824
-1.3323289904733822
-1.3293828084339099
-1.3293828084339088
-1.326487569742317
-1.3264875697423162
-1.3236587426900308
-1.3236587426900301
-1.3209124593331765
-1.3209124593331762
-1.3182653776614568
-1.3182653776614564
-1.3157345150263224
-1.315734515026322
-1.3133370531478676
-1.3133370531478674
-1.3110901162831303
-1.31109011628313
-1.30901052558883
-1.30901052558883
-1.3071145342841932
-1.3071145342841928
-1.305417549819997
-1.3054175498199967
-1.3039338507670142
-1.303933850767014
-1.302676307410388
-1.302676307410388
-1.301656115930073
-1.301656115930073
-1.3008825564265707
-1.30088255642657
-1.300362784812333
-1.3003627848123318
-1.3001016676789008
-1.3001016676788997
0.09905502360727435
0.09905502360727543
0.100645340569881
0.10064534056988134
0.10382071651460169
0.10382071651460198
0.10857070007278426
0.10857070007278524
0.11487977285048624
0.11487977285048663
0.12272753214777143
0.1227275321477728
0.13208892245830836
0.1320889224583086
0.14293450658999818
0.14293450658999862
0.15523076632501345
0.15523076632501373
0.16894042228668976
0.16894042228668987
0.18402276304808363
0.18402276304808415
0.20043397439891653
0.20043397439891739
0.2181274609495643
0.21812746094956456
0.23705415374656408
0.23705415374656474
0.25716279916366275
0.2571627991636632
0.27840022589433766
0.2784002258943378
0.30071158831169964
0.3007115883117007
0.3240405857148548
0.324040585714855
0.3483296580110049
0.3483296580110059
0.3735201591782934
0.37352015917829395
0.3995525104231534
0.39955251042315365
0.42636633530893303
0.42636633530893325
0.4539005793189226
0.4539005793189234
0.48209361635910997
0.48209361635911074
0.5108833446369201
0.5108833446369204
0.5402072742021067
0.5402072742021079
0.5700026082315346
0.5700026082315348
0.6002063199031503
0.6002063199031505
0.6307552264536832
0.6307552264536849
0.6615860617631658
0.6615860617631664
0.692635548566933
0.6926355485669334
0.7238404711691403
0.7238404711691403
0.7551377493249284
0.7551377493249287
0.7864645137735115
0.7864645137735115
0.8177581837420536
0.8177581837420547
0.8489565466000337
0.8489565466000345
0.8799978397245063
0.8799978397245066
0.9108208345368308
0.9108208345368329
0.9413649225891996
0.9413649225891996
0.9715702035125432
0.9715702035125439
1.0013775745846316
1.0013775745846325
1.0307288216360706
1.030728821636071
1.059566710981269
1.0595667109812692
1.0878350820393645
1.0878350820393652
1.1154789402954761
1.1154789402954761
1.142444550244094
1.142444550244095
1.1686795279530382
1.1686795279530382
1.1941329328871892
1.19413293288719
1.2187553586354372
1.2187553586354376
1.2424990221913292
1.2424990221913292
1.265317851447153
1.2653178514471533
1.2871675705722991
1.2871675705723
1.30800578295921
1.3080057829592115
1.3277920514338657
1.3277920514338661
1.3464879754421912
1.346487975442192
1.3640572649389984
1.3640572649389988
1.3804658107216066
1.380465810721607
1.3956817509663941
1.3956817509663946
1.4096755337427789
1.4096755337427793
1.4224199752955924
1.4224199752955924
1.4338903139034644
1.4338903139034653
1.4440642591374648
1.444064259137466
1.452922036361029
1.4529220363610293
1.460446426328958
1.460446426328959
1.4666227997600234
1.4666227997600239
1.4714391467745094
1.4714391467745103
1.4748861011047563
1.4748861011047565
1.4769569590035108
1.4769569590035112
1.4776476927916533
