-2.5071154783762513
-2.504578515219223
-2.4894078429546886
-2.477097942359868
-2.4712592224576704
-2.4507077949917466
-2.4447261558501667
-2.414140827097167
-2.411222858536551
-2.337002681635798
-2.3365075192904246
-1.8574307166369388
-1.8558289747776855
-1.786119035149184
-1.778094384294806
-1.744742187699439
-1.730301774676769
-1.7152174298860217
-1.6948259389481841
-1.6899906088304513
-0.6787154589509147
-0.6781175750014187
-0.5645882835305824
-0.5588519083308696
-0.5054468057971512
-0.48207599096449405
-0.46235849130662415
-0.39513882806167405
-0.3878972722843516
-0.2524579431434981
-0.251364521192585
0.5148058078612988
0.5186485728213435
0.592939448142907
0.6141861717405739
0.63573511621013
0.6910787199931918
0.7024080123259336
0.8181144210323589
0.8205816559717429
1.0692875177858308
1.0695139118032224
1.5496031221411193
1.5568849389755368
1.6152435864334065
1.639338698765542
1.6649280416324992
1.6980311209564984
1.7149955969837347
1.7759912634420696
1.779861246650895
2.541386180602935
2.5420975098752283
2.5888714858556536
2.592219440661369
2.6184197737882062
2.6236127071198965
2.6484828566898595
2.652898436552714
2.6690824595168334
2.6776274862824248
2.6820850874690225
-2.506587300399981
-2.50536337972384
-2.4870746829461043
-2.482283376141895
-2.4651909682555053
-2.4566253006721137
-2.441228407760637
-2.415946990513999
-2.409950801833619
-2.3371550809115966
-2.336360549658405
-1.8570103605133983
-1.8562773619904638
-1.783643193420186
-1.781267988759979
-1.74021192067884
-1.7356162605067649
-1.7131430478561787
-1.6958731139849386
-1.6895078031390498
-0.678576642084597
-0.6782591396043025
-0.5634801254196935
-0.5601945850319986
-0.5040352347664668
-0.4843736936392084
-0.4610652849137391
-0.39586708193268005
-0.3873357052556839
-0.2525442248007898
-0.2512813603751418
0.5148590102050038
0.5185875952559051
0.5927704916859359
0.6150187047233563
0.6347144021067482
0.6929418144457998
0.7008740346666482
0.8187368373617665
0.8199956011421115
1.069098760090109
1.0697021373260651
1.5514394923123838
1.5545090591115815
1.6226479288933924
1.6283457197973437
1.6732184441302014
1.691781098878883
1.7171752640319133
1.7756562304205987
1.780104344010104
2.5414399987590306
2.5420424876996273
2.588442695653862
2.5928736487558783
2.616627066313512
2.6258576136946536
2.645800927624202
2.6555416012409006
2.6680518017658903
2.6782648361405754
2.6818407470985886
-2.5063715614969535
-2.505622776061948
-2.4865630133265673
-2.4828824278678465
-2.4650348719612647
-2.4565305963308672
-2.4414340553215785
-2.4156516401829147
-2.4101629778362894
-2.337070843414874
-2.3364420784390454
-1.8569570495265308
-1.8563295853223414
-1.7849722438776867
-1.779552428119633
-1.7438851252414054
-1.730796228542685
-1.7154102380770322
-1.6943184490634304
-1.6903296996460777
-0.6786251840942383
-0.6782097829751721
-0.563847210865859
-0.5597706691900173
-0.504340029291194
-0.48395767019729125
-0.4612537889452061
-0.3957968225836904
-0.3873865960653839
-0.25253737560182116
-0.2512879474911808
0.5147211728614882
0.5187591965402771
0.5920550666933875
0.6171400216940908
0.6329742380468496
0.6940448089334871
0.7000883867005259
0.818090792254803
0.8206254490514854
1.0690736384864856
1.0697265178354063
1.551551995679943
1.5544471548161236
1.618680207316922
1.634538262595039
1.667090926675194
1.6983367747513143
1.7142639350164048
1.776781631125015
1.7791867930728105
2.540981289644854
2.5425472438223227
2.586333115455949
2.5967242987776737
2.611581729138473
2.6334781903116915
2.6387909453326808
2.661421219603653
2.664116120087358
2.680047692954813
2.6807615795322843
-2.507034836180321
-2.504706701288145
-2.489190665508027
-2.4776236634215714
-2.470891337776802
-2.450398858825695
-2.445124897445758
-2.413518910023066
-2.4117694780605623
-2.3368021121542966
-2.3367053815077528
-1.8574074603897108
-1.8558511383042366
-1.7866529477495159
-1.7771299008348234
-1.7467377537938331
-1.7262535618342694
-1.7183514718963924
-1.692665897577942
-1.6915009150857827
-0.678743687854625
-0.6780885313194461
-0.5648070245319468
-0.5585750145554247
-0.5057135216940484
-0.4816663956873464
-0.46257969052133757
-0.3950586451659245
-0.3879583644131148
-0.25245004018633116
-0.2513721621113709
0.5146721315033641
0.518816032291602
0.5922029854028177
0.6161676007692926
0.634146557578701
0.6918818787400585
0.7019315311678168
0.8176867175947017
0.8209931322240385
1.0692319409594022
1.069568747545636
1.5496602030623712
1.5568817399243677
1.6138062686356591
1.6453765943945122
1.6577922579811966
1.7067619598990866
1.7085403779359882
1.7775047238083075
1.7785535898021123
2.540959319187498
2.5425704233537316
2.5864774473832153
2.5962458075510173
2.612448639650831
2.6310227228204366
2.641427994222349
2.6588470581993695
2.66626236350448
2.679063240643619
2.6814584078126256
-2.50703483542586
-2.5047067020880895
-2.489190671759182
-2.4776236127344156
-2.470891412036265
-2.4503986955714
-2.4451250486584666
-2.4135187341019986
-2.4117696367627555
-2.3368019608684016
-2.3367055321877963
-1.8574056803671544
-1.8558530945000697
-1.7866413072467175
-1.7771500941508123
-1.7467057448401389
-1.7263375462360306
-1.7182809055123607
-1.6927388467379612
-1.6914378278725992
-0.6787212318871538
-0.6781116202660994
-0.5646120365241386
-0.5588266857613741
-0.5054147371579828
-0.482175398278413
-0.4622798286159824
-0.39519816113561657
-0.38785081451216374
-0.25245914953306975
-0.2513634145438286
0.5146992147584563
0.5187834490576707
0.5922771321382161
0.6159742007872029
0.6342970148274237
0.6917959710662323
0.7019922728223484
0.8176824291741849
0.8209968810213308
1.0692324379627112
1.0695682522680083
1.5496603726667517
1.5568815081160297
1.6138066142040486
1.6453753710774126
1.6577933715773703
1.706759628730356
1.708542542998528
1.7775046139223392
1.7785536922192924
2.5409593190610362
2.5425704234983613
2.5864774468625797
2.5962458087001727
2.612448638252692
2.6310227249315465
2.6414279922649797
2.65884705956155
2.66626236257349
2.679063241026689
2.681458407596059
-2.5071155003443595
-2.5045784769266977
-2.4894079517063856
-2.477097423496398
-2.4712598079372685
-2.4507071887775096
-2.444726652672428
-2.4141405672763385
-2.4112230695167156
-2.337002648335245
-2.336507551780704
-1.8574319761149685
-1.8558275761225398
-1.786132856390661
-1.778071855163844
-1.7447895366382855
-1.7302240808930445
-1.7152723760312623
-1.6947895097889032
-1.6900112837598347
-0.6785840930023815
-0.678251653803457
-0.5633606201142528
-0.5603344074665686
-0.5039022359004419
-0.48456468801118524
-0.46097912755980003
-0.39588721295583196
-0.3873235254561238
-0.252543017331885
-0.2512824962382059
0.5147738339929789
0.5186862301553774
0.5928660487443949
0.6143401111792345
0.6356291251049908
0.6911365047391106
0.7023696366314586
0.8181186748538627
0.8205777590830854
1.0692878796955458
1.0695135507379345
1.5496032930073365
1.5568847038716536
1.6152440159204327
1.6393378846978666
1.66492873644733
1.6980306795501712
1.7149958004041206
1.7759912289287831
1.7798612732045092
2.5413861803319007
2.5420975101626575
2.588871484418173
2.5922194424812153
2.6184197707649948
2.6236127102907676
2.6484828538306817
2.6528984391976387
2.6690824589689632
2.677627486599857
2.682085087367278
-2.5065872972214858
-2.50536338423338
-2.487074643210688
-2.4822834441478028
-2.4651908346270717
-2.4566254634098232
-2.4412283241690065
-2.415947066796604
-2.4099507497447203
-2.3371551016839627
-2.3363605295703516
-1.8570143913151902
-1.8562731467350921
-1.783696458386655
-1.7812071123049726
-1.7403362218684026
-1.7354766854603905
-1.7131798589238354
-1.69584811689961
-1.6895190589585813
-0.6786108288446657
-0.6782244218665594
-0.5637568568454817
-0.5598731763922744
-0.504306905390282
-0.48397326180973965
-0.4612633324935406
-0.3957796189821463
-0.38739927327635304
-0.25254123826972136
-0.2512841633851579
0.5148111137075099
0.5186445465334492
0.592631923435039
0.6153645580858462
0.6344464967644078
0.6931736164468671
0.7006920938438785
0.8187823960297831
0.8199517421417838
1.0690991675519037
1.069701734156021
1.5514398810555647
1.5545086143113864
1.6226496119524254
1.6283438292242127
1.6732191512396002
1.6917805212747608
1.7171754063633256
1.775656198776238
1.7801043674336052
2.541439998430087
2.5420424880451846
2.5884426946089025
2.5928736501841474
2.6166270646165044
2.6258576155670363
2.645800926203434
2.6555416024381233
2.6680518012607903
2.678264836401397
2.681840746991113
-2.5063714693396064
-2.505622884281885
-2.486562643763894
-2.4828829298562045
-2.465034312808539
-2.4565311947826585
-2.441433808644965
-2.4156518150322888
-2.410162860987044
-2.3370708723783205
-2.336442050364073
-1.8569539424756434
-1.8563328223586768
-1.7849517058871138
-1.779580834736511
-1.7438352625080975
-1.7308751386018753
-1.7153585655237638
-1.6943574170710272
-1.690305358250526
-0.6787365020942975
-0.678095853856725
-0.5648295638635896
-0.558542510862386
-0.5057639038400551
-0.48159154162227596
-0.46261318637433124
-0.3950766017643815
-0.3879409614695718
-0.2524571109968088
-0.2513653411871898
0.514734842618689
0.5187434106246968
0.592065239040768
0.6171363144347286
0.6329630748073936
0.694103858719932
0.7000353403039943
0.8181035030173928
0.8206135445996684
1.0690741462237512
1.0697260152712231
1.551552400913399
1.5544466955219243
1.6186807814105737
1.6345374208069914
1.6670914867312565
1.6983363311170065
1.7142641481310186
1.7767815792491615
1.779186837229786
2.5409812895116715
2.5425472439738965
2.5863331149715285
2.59672429991932
2.6115817278357536
2.6334781935767917
2.638790942246898
2.6614212221276348
2.664116117883138
2.680047693784755
2.680761578830353
-2.506371765777877
-2.5056225360925963
-2.486563842801392
-2.482881297142225
-2.4650361588959555
-2.4565292010228656
-2.4414346463119903
-2.4156511964169303
-2.410163278616929
-2.337070748035909
-2.3364421711332577
-1.8569404216060352
-1.8563468540884012
-1.7848851496677678
-1.7796706395488493
-1.743694739489648
-1.731086372016713
-1.7152280889172826
-1.6944496888731724
-1.6902490931922844
-0.6788325306434602
-0.6779965805092572
-0.5657613819398115
-0.5572433877633068
-0.5076318552220254
-0.4774289499684915
-0.4655682642334052
-0.39330810526271703
-0.3894259958929705
-0.2521859149780822
-0.2516301152501626
0.5156582416624389
0.517679155391753
0.5946534211396317
0.6110699021645866
0.6376221217600057
0.6900110581710286
0.7031332638968079
0.8175603592503211
0.8211118399697154
1.0690510878449
1.0697488463797253
1.5515203039355208
1.554483132905751
1.6186352118406655
1.6346040835109394
1.6670474827084556
1.69837079446992
1.7142476654890662
1.7767855024368695
1.7791834995726457
2.5409812989928597
2.542547233182655
2.5863331497591973
2.596724217580105
2.611581822535969
2.633477952487036
2.6387911711395406
2.661421030533174
2.6641162857331473
2.680047629272184
2.6807616334459285
-2.507034945640386
-2.504706519235214
-2.4891911833105405
-2.4776215626115
-2.470893728431811
-2.4503957053691843
-2.4451275503062635
-2.4135169001295433
-2.4117712578857953
-2.336801135622923
-2.336706353657784
-1.8574036136504446
-1.855855358175472
-1.7866295056510713
-1.7771701700656093
-1.7466755850669686
-1.726412701955957
-1.7182188625052452
-1.6927962511031232
-1.6913889992834117
-0.6787588432522281
-0.67807284474741
-0.5650767052184796
-0.5582041019925996
-0.5063327637104452
-0.4803606349949672
-0.4634845947043935
-0.39441107636903694
-0.3884926875217768
-0.2523192874667022
-0.25149954107092115
0.5154812527033515
0.5178715927582606
0.5947878510007857
0.6104948960619129
0.6384231854122296
0.6886632402891614
0.7041415156878571
0.8172430053790646
0.8213922615998377
1.0691910395417294
1.0696094225413524
1.5496481828309403
1.556898256628414
1.6137808069782502
1.6454686725587713
1.6577079753077222
1.7069604540808583
1.7083544773745507
1.7775131958479768
1.7785456896457283
2.5409593282706386
2.5425704129769193
2.5864774835538564
2.596245728296305
2.612448734932505
2.631022580816372
2.641428124987937
2.6588469681341795
2.666262424819529
2.6790632155625964
2.6814584219783923
-2.5071155769401243
-2.504578344286281
-2.4894083146443053
-2.4770957380400676
-2.471261686720335
-2.4507053169735964
-2.444728171656799
-2.4141398055828738
-2.4112236860949996
-2.337002553815692
-2.336507644017996
-1.8574305297349372
-1.8558291736327142
-1.7861196398295018
-1.7780930952224812
-1.7447470073672817
-1.730292785411605
-1.7152244407413275
-1.6948208281088957
-1.6899935508470936
-0.6787709677086973
-0.6780603709783161
-0.5651919548695097
-0.5580438855281701
-0.5065795102387586
-0.47983096602327485
-0.4638491182580287
-0.394217987195679
-0.3886497749532838
-0.25231311116827737
-0.2515054342069316
0.515593465013631
0.5177403800620082
0.5955962725590788
0.6090641071646276
0.6393170401577212
0.6882141480273946
0.7043189615129424
0.8175881355973017
0.8210656466350985
1.0692328613234365
1.0695683444140924
1.5495912464434043
1.5569012849927348
1.615213563818126
1.639396031425541
1.664878716938376
1.698062769896517
1.714980904169282
1.7759938075925266
1.7798592864905884
2.5413862018744027
2.5420974873176654
2.5888715974556105
2.5922192995896944
2.6184200045453534
2.623612466026498
2.6484830692985377
2.652898240776279
2.6690824993269255
2.6776274634627075
2.682085094740509
-2.506587418605851
-2.505363226588201
-2.4870752495724977
-2.4822825421591332
-2.465192037758396
-2.4566242030830963
-2.4412288412648846
-2.415946711414415
-2.409950979198362
-2.3371550445845584
-2.336360584590634
-1.8570044308945233
-1.856283572266349
-1.783538948533513
-1.7813868784432552
-1.7399251617980493
-1.7359392234657636
-1.7130589428558434
-1.6959337781622226
-1.6894801144191958
-0.6788425083355164
-0.6779862534386581
-0.5658529655960322
-0.5571055616478279
-0.5078548462751896
-0.47675818996926406
-0.46609841131109586
-0.39301487269413343
-0.3896837253609293
-0.2521767956742089
-0.25163895144079385
0.5157958412102707
0.5175225798195311
0.5954297682258984
0.6096374762692341
0.6385414013662732
0.6895277554657181
0.7033532175814053
0.8179764396210005
0.8207142396741246
1.0690746210403193
1.0697260568489917
1.551409748477018
1.5545430663763646
1.6225260473129175
1.6284826319919712
1.6731671044424492
1.6918228089708431
1.7171650051542964
1.7756585047240345
1.7801026599337513
2.541440023947637
2.5420424612269246
2.5884427787695463
2.5928735347196836
2.6166272046066457
2.6258574599145414
2.6458010461993706
2.6555415005997096
2.6680518445828287
2.6782648138990974
2.6818407562807884
-2.5065874217835233
-2.5053632220794624
-2.4870752892942107
-2.482282474164196
-2.465192171356378
-2.456624040372835
-2.441228924861679
-2.4159466351269976
-2.4099510312926675
-2.337155023809317
-2.336360604681572
-1.8570002823217362
-1.8562879052837102
-1.783476358109163
-1.7814570555681144
-1.7397710499812027
-1.7361082984670644
-1.7130223119820989
-1.695958697427638
-1.689469091695049
-0.6788283635746256
-0.6780009294255338
-0.5657453006342714
-0.5572609816740135
-0.5076564205580562
-0.47728877020076604
-0.465694837969467
-0.39320195640841377
-0.38951959103673484
-0.25218358006903424
-0.2516323504611124
0.5159135769339916
0.5173958918092698
0.5956502160769825
0.6092842997424551
0.6387395684702999
0.6893770356493893
0.7034491599697378
0.8179558546952956
0.8207331204907812
1.0690742439451313
1.0697264296523938
1.55140936819154
1.5545435027403145
1.6225244406937138
1.6284844466625963
1.6731663992383539
1.6918233843273331
1.7171648626069693
1.7756585363911466
1.780102636486955
2.54144002427661
2.542042460881337
2.588442779814557
2.5928735332913693
2.616627206303695
2.625857458042119
2.645801047620152
2.6555414994024678
2.6680518450879256
2.6782648136382723
2.681840756388266
-2.5063718578507177
-2.5056224279568746
-2.486564212064742
-2.482880795433897
-2.4650367178633634
-2.4565286027453777
-2.4414348930169347
-2.415651021545746
-2.4101633954902306
-2.3370707190613493
-2.3364421992193423
-1.8569436741255096
-1.856343471590559
-1.7849063550298485
-1.779641592926459
-1.7437458099644578
-1.731007030606009
-1.7152790745617537
-1.694411568589191
-1.6902724700099574
-0.6787553039443842
-0.6780764189420796
-0.5651274561238596
-0.5581321995559974
-0.5064379417749869
-0.4801648851177814
-0.4636039562413943
-0.39438455241873555
-0.38851146679300175
-0.2523211218016889
-0.25149777831922115
0.5156306362857193
0.5177088537261678
0.5946398311215012
0.6110787541717316
0.6376322002128568
0.6899808535006111
0.7031568481738577
0.8175512162756908
0.8211201745473173
1.0690506132801265
1.0697493157713733
1.5515199085630094
1.5544835823598717
1.6186346417058246
1.634604922324365
1.667046922215312
1.6983712382245024
1.7142474516867
1.77678555445476
1.7791834552731345
2.5409812991260443
2.5425472330310805
2.58633315024362
2.5967242164384596
2.6115818238386788
2.6334779492221863
2.6387911742250685
2.6614210280094905
2.6641162879370675
2.680047628442364
2.6807616341477347
-2.507034946394751
-2.504706518435368
-2.4891911770605204
-2.477621613330205
-2.4708936541446906
-2.450395868769706
-2.4451273989429723
-2.4135170763767073
-2.411771098856826
-2.3368012895234993
-2.3367062003630465
-1.8574053988494243
-1.855853396806797
-1.786641188240367
-1.7771499457552493
-1.7467076807799828
-1.7263297616945426
-1.7182883049180009
-1.6927288385165922
-1.691446531899
-0.6787789151995813
-0.6780521397666928
-0.5652403553265094
-0.5579828640800416
-0.5066083746244449
-0.4798213819562149
-0.46383839735999244
-0.39424216398965767
-0.38863002173561423
-0.2523070962713725
-0.2515113705639382
0.5154341758387557
0.5179241107831591
0.594679688227897
0.610677146784641
0.6383154934081537
0.6887290859697204
0.7041032934223332
0.8172464947327918
0.8213893133443496
1.0691906402417932
1.069609820115596
1.5496480139672622
1.5568984877217567
1.6137804621494862
1.6454699103117434
1.6577068467668938
1.706963411151074
1.708351686154451
1.777513307432239
1.778545585529774
2.5409593283970953
2.5425704128322812
2.586477484074494
2.596245727147143
2.6124487363306454
2.6310225787052928
2.6414281269452684
2.658846966772005
2.6662624257505017
2.6790632151795277
2.681458422194956
-2.507115554974045
-2.504578382577097
-2.48940820590261
-2.477096257183502
-2.4712611009692522
-2.4507059234480284
-2.444727674556837
-2.4141400655091942
-2.4112234750080197
-2.3370025871286515
-2.336507611515312
-1.8574292677472106
-1.855830574795306
-1.7861057536626972
-1.7781156786147958
-1.7446993595075453
-1.730370476521279
-1.7151697589667363
-1.6948570751518035
-1.6899731059246148
-0.6788478951625472
-0.6779807298045623
-0.5658375494271944
-0.5571313455746393
-0.5078119983166817
-0.4768552947955328
-0.4660347153737555
-0.392976677950871
-0.38972137813022706
-0.2521622812623768
-0.2516532160545684
0.5156548760740489
0.5176733439037156
0.5957117770776417
0.6088939081602429
0.6393990381436039
0.688167026520149
0.7043447641221855
0.8175850644453265
0.8210683598978843
1.069232617523433
1.0695685873696614
1.5495910763109306
1.5569015193891884
1.6152131356522292
1.639396846148154
1.6648780206712415
1.698063211316404
1.71498070018578
1.7759938421395924
1.7798592599026701
2.541386202145454
2.5420974870302198
2.5888715988932076
2.5922192977697316
2.6184200075688246
2.623612462855359
2.6484830721579473
2.6528982381311157
2.6690824998747926
2.677627463145278
2.6820850948422525
