-2.447222810047721
-2.444467424250463
-2.4312729164915567
-2.427636725694217
-2.417126784531512
-2.382224608115978
-2.3670536628775394
-2.3639184077849236
-2.256553766638856
-2.255306436700349
-2.2516022543522216
-1.677170779709854
-1.6758084181018005
-1.6753798333318135
-0.993607876953133
-0.9902947170698337
-0.9785823107243
-0.7023859978808618
-0.6670140908332342
-0.6524462078536046
-0.5194879146185604
-0.5031023956640889
-0.15434659419294122
-0.09918019203029985
-0.013834325722912546
0.013834325722912755
0.09918019203029899
0.1543465941929401
0.5031023956640899
0.5194879146185609
0.652446207853604
0.6670140908332333
0.702385997880862
0.9785823107243001
0.9902947170698336
0.9936078769531331
1.675379833331813
1.6758084181018003
1.677170779709854
2.25160225435222
2.2553064367003497
2.2565537666388567
2.3639184077849236
2.3670536628775376
2.382224608115979
2.417126784531513
2.427636725694217
2.431272916491557
2.4444674242504636
2.4472228100477227
-2.44722281004772
-2.4444674242504623
-2.431272916491557
-2.427636725694217
-2.417126784531512
-2.382224608115978
-2.36705366287754
-2.3639184077849236
-2.2565537666388567
-2.255306436700349
-2.2516022543522216
-1.6771707797098536
-1.6758084181018005
-1.6753798333318133
-0.9936078769531331
-0.9902947170698334
-0.9785823107243
-0.7023859978808625
-0.6670140908332344
-0.6524462078536053
-0.5194879146185615
-0.5031023956640904
-0.15434659419294047
-0.0991801920303
-0.013834325722912462
0.013834325722912676
0.09918019203029851
0.15434659419293945
0.5031023956640903
0.519487914618561
0.6524462078536052
0.667014090833234
0.7023859978808623
0.9785823107243008
0.9902947170698343
0.9936078769531336
1.6753798333318124
1.675808418101799
1.6771707797098545
2.251602254352221
2.2553064367003497
2.2565537666388567
2.363918407784925
2.36705366287754
2.382224608115979
2.4171267845315128
2.427636725694216
2.4312729164915576
2.444467424250463
2.4472228100477205
-2.44722281004772
-2.444467424250463
-2.4312729164915576
-2.4276367256942177
-2.417126784531513
-2.382224608115978
-2.3670536628775394
-2.3639184077849245
-2.256553766638856
-2.255306436700349
-2.2516022543522207
-1.6771707797098545
-1.675808418101801
-1.6753798333318135
-0.9936078769531322
-0.9902947170698323
-0.9785823107242998
-0.7023859978808619
-0.6670140908332349
-0.6524462078536053
-0.5194879146185614
-0.5031023956640897
-0.15434659419293995
-0.09918019203029882
-0.013834325722913227
0.013834325722912542
0.09918019203029883
0.1543465941929416
0.5031023956640899
0.5194879146185608
0.6524462078536047
0.6670140908332346
0.7023859978808615
0.9785823107243002
0.9902947170698335
0.993607876953133
1.6753798333318124
1.6758084181017996
1.6771707797098532
2.2516022543522216
2.2553064367003524
2.256553766638858
2.3639184077849245
2.367053662877539
2.382224608115978
2.41712678453151
2.427636725694215
2.4312729164915567
2.4444674242504636
2.447222810047721
-2.4472228100477205
-2.444467424250463
-2.431272916491558
-2.4276367256942186
-2.4171267845315136
-2.382224608115977
-2.3670536628775394
-2.363918407784923
-2.2565537666388567
-2.255306436700349
-2.251602254352221
-1.6771707797098543
-1.6758084181018003
-1.675379833331813
-0.9936078769531329
-0.9902947170698334
-0.9785823107243001
-0.7023859978808619
-0.6670140908332343
-0.6524462078536046
-0.5194879146185608
-0.5031023956640898
-0.1543465941929415
-0.09918019203029985
-0.013834325722913024
0.01383432572291279
0.09918019203029847
0.1543465941929396
0.50310239566409
0.5194879146185606
0.6524462078536047
0.6670140908332339
0.7023859978808621
0.9785823107243006
0.9902947170698335
0.9936078769531332
1.6753798333318128
1.6758084181017994
1.677170779709854
2.2516022543522225
2.2553064367003506
2.2565537666388575
2.363918407784923
2.367053662877537
2.3822246081159784
2.4171267845315123
2.427636725694218
2.4312729164915576
2.444467424250464
2.4472228100477214
-2.44722281004772
-2.444467424250463
-2.431272916491558
-2.4276367256942177
-2.417126784531512
-2.382224608115978
-2.367053662877539
-2.3639184077849236
-2.2565537666388567
-2.2553064367003492
-2.2516022543522216
-1.6771707797098545
-1.6758084181018005
-1.6753798333318133
-0.9936078769531335
-0.9902947170698336
-0.9785823107243012
-0.7023859978808623
-0.6670140908332344
-0.6524462078536052
-0.5194879146185616
-0.5031023956640903
-0.15434659419294028
-0.09918019203029892
-0.013834325722912443
0.013834325722913229
0.09918019203029976
0.15434659419294117
0.5031023956640893
0.5194879146185608
0.6524462078536053
0.6670140908332348
0.7023859978808621
0.9785823107243005
0.990294717069835
0.9936078769531344
1.6753798333318128
1.6758084181018005
1.6771707797098527
2.2516022543522225
2.2553064367003524
2.256553766638859
2.3639184077849227
2.367053662877537
2.3822246081159775
2.4171267845315114
2.4276367256942146
2.4312729164915563
2.444467424250464
2.447222810047721
-2.447222810047721
-2.444467424250463
-2.431272916491558
-2.4276367256942177
-2.417126784531512
-2.3822246081159775
-2.36705366287754
-2.3639184077849245
-2.2565537666388567
-2.2553064367003492
-2.251602254352221
-1.677170779709854
-1.6758084181018011
-1.675379833331814
-0.9936078769531331
-0.9902947170698336
-0.9785823107243001
-0.7023859978808629
-0.6670140908332346
-0.6524462078536055
-0.5194879146185614
-0.5031023956640903
-0.15434659419293995
-0.09918019203029876
-0.013834325722913422
0.013834325722912022
0.09918019203029943
0.1543465941929409
0.5031023956640898
0.5194879146185609
0.6524462078536041
0.6670140908332337
0.7023859978808612
0.9785823107243008
0.9902947170698334
0.9936078769531331
1.6753798333318137
1.675808418101801
1.6771707797098538
2.251602254352224
2.2553064367003515
2.2565537666388584
2.363918407784925
2.36705366287754
2.3822246081159784
2.417126784531511
2.4276367256942164
2.431272916491558
2.444467424250464
2.4472228100477214
-2.447222810047719
-2.4444674242504623
-2.431272916491557
-2.427636725694217
-2.417126784531512
-2.382224608115977
-2.3670536628775385
-2.363918407784923
-2.256553766638856
-2.2553064367003484
-2.2516022543522207
-1.6771707797098547
-1.6758084181017998
-1.6753798333318128
-0.993607876953133
-0.9902947170698333
-0.9785823107243
-0.7023859978808625
-0.6670140908332344
-0.652446207853605
-0.5194879146185607
-0.5031023956640901
-0.15434659419294047
-0.09918019203029971
-0.013834325722913156
0.013834325722911961
0.09918019203029825
0.15434659419293972
0.5031023956640891
0.5194879146185599
0.6524462078536045
0.6670140908332342
0.7023859978808608
0.9785823107242996
0.9902947170698342
0.9936078769531335
1.6753798333318142
1.6758084181018016
1.6771707797098543
2.251602254352221
2.25530643670035
2.256553766638857
2.363918407784925
2.3670536628775394
2.3822246081159784
2.417126784531509
2.427636725694215
2.431272916491555
2.4444674242504645
2.4472228100477205
-2.4472228100477196
-2.4444674242504627
-2.431272916491557
-2.427636725694217
-2.417126784531512
-2.382224608115978
-2.3670536628775394
-2.363918407784924
-2.2565537666388567
-2.255306436700349
-2.2516022543522207
-1.6771707797098552
-1.6758084181017998
-1.6753798333318133
-0.9936078769531331
-0.9902947170698335
-0.9785823107243007
-0.7023859978808621
-0.6670140908332336
-0.6524462078536042
-0.5194879146185614
-0.50310239566409
-0.15434659419294058
-0.09918019203029993
-0.013834325722913
0.013834325722911881
0.09918019203029961
0.15434659419294017
0.5031023956640892
0.5194879146185599
0.6524462078536044
0.6670140908332337
0.7023859978808622
0.9785823107242998
0.9902947170698342
0.9936078769531336
1.675379833331812
1.6758084181017987
1.6771707797098536
2.251602254352223
2.2553064367003515
2.256553766638859
2.363918407784925
2.3670536628775403
2.3822246081159775
2.4171267845315114
2.427636725694215
2.4312729164915567
2.444467424250465
2.447222810047721
-2.4471536248797268
-2.444595255130217
-2.4305830975459535
-2.4284203229146386
-2.41694968407315
-2.3823128812625742
-2.3667799016511806
-2.3641290350740904
-2.2564417426789642
-2.255445981527237
-2.2515742706438227
-1.6771809175064185
-1.675761605477692
-1.6754165088052553
-0.9933408609620872
-0.9906458400216622
-0.9784959453630049
-0.7027299018134691
-0.6649582834636109
-0.6542931535559363
-0.5186536170359903
-0.5038207409603551
-0.15373428540282005
-0.10086194126330601
-0.005656998773191049
0.005656998773191283
0.10086194126330679
0.15373428540282086
0.5038207409603552
0.5186536170359903
0.6542931535559375
0.6649582834636105
0.7027299018134707
0.9784959453630055
0.9906458400216622
0.9933408609620883
1.6754165088052537
1.675761605477692
1.677180917506419
2.2515742706438218
2.2554459815272367
2.2564417426789647
2.3641290350740922
2.366779901651183
2.3823128812625742
2.4169496840731486
2.4284203229146373
2.4305830975459517
2.444595255130216
2.447153624879726
-2.447153624879727
-2.444595255130217
-2.4305830975459535
-2.4284203229146377
-2.416949684073149
-2.382312881262575
-2.366779901651181
-2.364129035074091
-2.2564417426789647
-2.2554459815272376
-2.251574270643823
-1.6771809175064178
-1.6757616054776923
-1.6754165088052564
-0.993340860962087
-0.9906458400216619
-0.9784959453630055
-0.7027299018134698
-0.6649582834636112
-0.6542931535559368
-0.5186536170359893
-0.5038207409603545
-0.15373428540282094
-0.1008619412633062
-0.0056569987731911655
0.005656998773191453
0.10086194126330633
0.15373428540282114
0.5038207409603545
0.5186536170359889
0.6542931535559373
0.664958283463611
0.7027299018134702
0.9784959453630049
0.9906458400216622
0.9933408609620882
1.6754165088052557
1.675761605477693
1.6771809175064185
2.251574270643822
2.2554459815272367
2.2564417426789647
2.3641290350740927
2.366779901651182
2.3823128812625765
2.4169496840731504
2.428420322914636
2.4305830975459495
2.4445952551302175
2.4471536248797268
-2.447222810047721
-2.444467424250463
-2.4312729164915567
-2.4276367256942173
-2.417126784531512
-2.382224608115978
-2.3670536628775385
-2.3639184077849236
-2.256553766638856
-2.2553064367003497
-2.251602254352222
-1.6771707797098538
-1.6758084181017996
-1.6753798333318126
-0.9936078769531324
-0.9902947170698324
-0.9785823107243001
-0.7023859978808618
-0.6670140908332343
-0.6524462078536045
-0.519487914618561
-0.5031023956640898
-0.15434659419294097
-0.09918019203029893
-0.013834325722912811
0.013834325722912362
0.0991801920303001
0.15434659419294083
0.5031023956640895
0.5194879146185605
0.6524462078536037
0.6670140908332325
0.7023859978808616
0.9785823107243001
0.9902947170698331
0.9936078769531326
1.6753798333318144
1.6758084181018014
1.6771707797098556
2.2516022543522203
2.255306436700347
2.256553766638854
2.3639184077849236
2.3670536628775385
2.3822246081159775
2.4171267845315128
2.427636725694217
2.4312729164915563
2.444467424250464
2.44722281004772
-2.447312053040994
-2.4442927874498914
-2.431927620681371
-2.4268364262774567
-2.4173925109487557
-2.3820981774923693
-2.367392557576368
-2.363670551889974
-2.256679668953405
-2.2551402076329286
-2.251643235688596
-1.6771559709155361
-1.675864643200495
-1.675338416113999
-0.9939112673983569
-0.9898688361813109
-0.9787079947729243
-0.7018749811346302
-0.6693112619172387
-0.6504678157682542
-0.5205612801869416
-0.5021942602234672
-0.15517396241094358
-0.09672671874213702
-0.020793635344776098
0.020793635344776698
0.09672671874213895
0.15517396241094475
0.5021942602234677
0.5205612801869421
0.6504678157682539
0.6693112619172387
0.7018749811346299
0.9787079947729235
0.989868836181312
0.993911267398358
1.6753384161139988
1.675864643200495
1.677155970915536
2.2516432356885936
2.255140207632928
2.2566796689534043
2.363670551889974
2.3673925575763684
2.382098177492366
2.417392510948756
2.4268364262774575
2.431927620681371
2.444292787449892
2.447312053040994
-2.4473702224690923
-2.4441723763288614
-2.4323000247968234
-2.426349918143196
-2.417593307448158
-2.3820075899479463
-2.367610278372335
-2.363518505075083
-2.2567550683784074
-2.255035207553634
-2.2516732992223534
-1.6771451372698343
-1.6759003203336742
-1.6753135719806183
-0.9940936847564191
-0.9895971012688914
-0.9787995703667635
-0.7014939076838738
-0.6707225596382262
-0.6493007547083023
-0.5212634545199837
-0.5016098181094863
-0.15573453995767886
-0.09492045050638803
-0.02481673265154255
0.024816732651541412
0.09492045050638749
0.15573453995767644
0.5016098181094873
0.521263454519985
0.6493007547083045
0.6707225596382278
0.7014939076838757
0.9787995703667635
0.9895971012688923
0.9940936847564199
1.6753135719806176
1.675900320333674
1.677145137269833
2.251673299222352
2.255035207553633
2.2567550683784066
2.363518505075083
2.367610278372335
2.3820075899479476
2.417593307448157
2.426349918143195
2.4323000247968234
2.44417237632886
2.4473702224690923
-2.447370222469093
-2.444172376328861
-2.432300024796823
-2.426349918143196
-2.4175933074481586
-2.3820075899479463
-2.367610278372335
-2.3635185050750835
-2.2567550683784074
-2.255035207553634
-2.2516732992223543
-1.6771451372698347
-1.6759003203336742
-1.6753135719806183
-0.9940936847564183
-0.9895971012688904
-0.9787995703667635
-0.7014939076838749
-0.6707225596382266
-0.6493007547083032
-0.5212634545199838
-0.5016098181094869
-0.15573453995767794
-0.09492045050638864
-0.024816732651542255
0.024816732651541922
0.09492045050638752
0.1557345399576775
0.5016098181094869
0.5212634545199837
0.649300754708303
0.6707225596382259
0.701493907683874
0.9787995703667638
0.9895971012688921
0.9940936847564199
1.6753135719806183
1.6759003203336746
1.677145137269835
2.251673299222352
2.255035207553633
2.2567550683784074
2.363518505075084
2.3676102783723345
2.382007589947949
2.417593307448156
2.426349918143193
2.432300024796823
2.4441723763288623
2.447370222469093
-2.4473120530409944
-2.4442927874498914
-2.43192762068137
-2.4268364262774567
-2.417392510948755
-2.3820981774923675
-2.3673925575763684
-2.3636705518899737
-2.2566796689534057
-2.2551402076329286
-2.2516432356885954
-1.677155970915535
-1.6758646432004938
-1.675338416113998
-0.9939112673983564
-0.9898688361813108
-0.9787079947729229
-0.7018749811346302
-0.6693112619172388
-0.6504678157682542
-0.5205612801869419
-0.5021942602234668
-0.1551739624109439
-0.09672671874213802
-0.02079363534477656
0.020793635344776126
0.09672671874213805
0.15517396241094308
0.5021942602234678
0.5205612801869428
0.6504678157682553
0.6693112619172387
0.7018749811346314
0.9787079947729246
0.9898688361813104
0.9939112673983568
1.675338416113997
1.6758646432004933
1.6771559709155337
2.251643235688595
2.255140207632928
2.256679668953405
2.3636705518899737
2.367392557576367
2.382098177492368
2.4173925109487557
2.4268364262774575
2.4319276206813707
2.444292787449891
2.447312053040995
-2.4472228100477205
-2.4444674242504623
-2.4312729164915567
-2.4276367256942173
-2.417126784531512
-2.382224608115978
-2.3670536628775385
-2.3639184077849236
-2.2565537666388558
-2.2553064367003497
-2.251602254352221
-1.6771707797098543
-1.6758084181017998
-1.6753798333318128
-0.993607876953134
-0.9902947170698342
-0.9785823107243001
-0.7023859978808623
-0.6670140908332342
-0.6524462078536049
-0.5194879146185603
-0.5031023956640891
-0.15434659419294075
-0.09918019203030004
-0.013834325722912402
0.013834325722912775
0.09918019203029992
0.15434659419294117
0.5031023956640895
0.5194879146185605
0.6524462078536042
0.6670140908332333
0.7023859978808625
0.9785823107243007
0.9902947170698339
0.9936078769531338
1.6753798333318133
1.6758084181017994
1.6771707797098552
2.2516022543522194
2.2553064367003484
2.256553766638856
2.3639184077849227
2.3670536628775385
2.382224608115977
2.417126784531514
2.4276367256942204
2.4312729164915594
2.4444674242504645
2.447222810047722
-2.4472228100477196
-2.4444674242504627
-2.431272916491558
-2.427636725694217
-2.4171267845315123
-2.382224608115977
-2.3670536628775385
-2.3639184077849236
-2.256553766638856
-2.25530643670035
-2.251602254352221
-1.6771707797098534
-1.6758084181017996
-1.675379833331814
-0.9936078769531321
-0.990294717069833
-0.9785823107243001
-0.7023859978808619
-0.6670140908332338
-0.6524462078536043
-0.5194879146185614
-0.5031023956640899
-0.15434659419293972
-0.09918019203029851
-0.013834325722913047
0.013834325722912636
0.0991801920302994
0.15434659419294097
0.5031023956640897
0.5194879146185611
0.6524462078536036
0.6670140908332342
0.7023859978808614
0.9785823107242991
0.9902947170698329
0.9936078769531331
1.675379833331811
1.6758084181018005
1.6771707797098556
2.2516022543522216
2.255306436700351
2.2565537666388567
2.3639184077849245
2.3670536628775376
2.3822246081159784
2.4171267845315123
2.427636725694218
2.4312729164915563
2.4444674242504645
2.4472228100477214
-2.4471536248797263
-2.444595255130216
-2.430583097545952
-2.4284203229146373
-2.4169496840731486
-2.382312881262575
-2.3667799016511806
-2.364129035074091
-2.2564417426789642
-2.2554459815272367
-2.251574270643824
-1.6771809175064187
-1.6757616054776927
-1.6754165088052566
-0.9933408609620873
-0.9906458400216622
-0.9784959453630045
-0.7027299018134694
-0.6649582834636103
-0.654293153555935
-0.51865361703599
-0.5038207409603548
-0.15373428540282058
-0.10086194126330579
-0.005656998773191325
0.005656998773190904
0.10086194126330641
0.15373428540282089
0.5038207409603562
0.5186536170359901
0.6542931535559371
0.664958283463611
0.70272990181347
0.9784959453630048
0.9906458400216631
0.9933408609620886
1.675416508805256
1.6757616054776923
1.6771809175064192
2.251574270643821
2.255445981527236
2.2564417426789634
2.3641290350740904
2.3667799016511797
2.3823128812625742
2.4169496840731473
2.4284203229146364
2.4305830975459526
2.444595255130217
2.447153624879725
-2.4472228100477196
-2.444467424250462
-2.4312729164915567
-2.4276367256942177
-2.4171267845315128
-2.3822246081159775
-2.367053662877538
-2.363918407784923
-2.2565537666388558
-2.2553064367003497
-2.2516022543522207
-1.677170779709853
-1.6758084181017998
-1.6753798333318133
-0.9936078769531348
-0.9902947170698339
-0.9785823107243011
-0.7023859978808613
-0.6670140908332336
-0.652446207853603
-0.5194879146185599
-0.5031023956640897
-0.1543465941929407
-0.09918019203029939
-0.013834325722913128
0.013834325722912575
0.09918019203029907
0.15434659419294067
0.5031023956640903
0.5194879146185606
0.6524462078536037
0.6670140908332337
0.7023859978808625
0.9785823107242999
0.9902947170698337
0.9936078769531324
1.6753798333318157
1.6758084181018003
1.6771707797098538
2.25160225435222
2.2553064367003492
2.2565537666388558
2.3639184077849253
2.3670536628775376
2.382224608115977
2.417126784531511
2.4276367256942173
2.4312729164915585
2.444467424250463
2.4472228100477187
-2.447370222469092
-2.444172376328861
-2.432300024796823
-2.426349918143196
-2.417593307448158
-2.3820075899479467
-2.367610278372334
-2.363518505075082
-2.2567550683784083
-2.255035207553634
-2.251673299222354
-1.6771451372698354
-1.6759003203336746
-1.6753135719806185
-0.994093684756419
-0.9895971012688912
-0.9787995703667638
-0.7014939076838739
-0.6707225596382265
-0.6493007547083031
-0.5212634545199849
-0.501609818109487
-0.15573453995767766
-0.09492045050638777
-0.024816732651542068
0.0248167326515421
0.0949204505063869
0.15573453995767683
0.5016098181094872
0.5212634545199839
0.6493007547083023
0.6707225596382259
0.7014939076838737
0.9787995703667635
0.9895971012688913
0.9940936847564187
1.675313571980617
1.6759003203336742
1.6771451372698345
2.2516732992223543
2.2550352075536355
2.2567550683784097
2.3635185050750853
2.367610278372336
2.3820075899479476
2.4175933074481595
2.4263499181431962
2.4323000247968234
2.4441723763288628
2.447370222469093
-2.4474975392028044
-2.4438877634689224
-2.433050401697172
-2.4252712437887114
-2.418137552784154
-2.3817845136242544
-2.3680893643422944
-2.36320272636886
-2.2569090720462572
-2.2548055035714683
-2.2517501170915457
-1.67711757984078
-1.6759786326547235
-1.6752628155292821
-0.9944666376883576
-0.9889981626364214
-0.9790310068407285
-0.7004919298530305
-0.6737700346561932
-0.6469217483109604
-0.5228180685147995
-0.5003425658531453
-0.1570153434750006
-0.0901918757934182
-0.033446675859625234
0.033446675859623826
0.09019187579341748
0.15701534347499874
0.5003425658531455
0.5228180685147991
0.6469217483109613
0.6737700346561941
0.7004919298530303
0.9790310068407303
0.9889981626364226
0.9944666376883591
1.675262815529284
1.6759786326547235
1.6771175798407807
2.2517501170915457
2.254805503571467
2.2569090720462555
2.363202726368859
2.368089364342295
2.381784513624253
2.4181375527841538
2.4252712437887105
2.433050401697172
2.443887763468921
2.447497539202803
-2.4475458370587657
-2.443771097078288
-2.4333237266855208
-2.424830878232923
-2.4183971018733907
-2.3816901628354477
-2.3682744889542393
-2.3630873497290703
-2.256964767336857
-2.2547164490828653
-2.251783939222859
-1.6771055079868082
-1.6760090508281762
-1.6752444685639007
-0.9946014234948519
-0.988764974816049
-0.9791316663837478
-0.7000354217670444
-0.6749515184359182
-0.6460572943686629
-0.5234167636121045
-0.4998642237440808
-0.15751921441662742
-0.08800844530758865
-0.03689057991108628
0.03689057991108585
0.0880084453075905
0.15751921441662536
0.4998642237440798
0.5234167636121045
0.6460572943686625
0.6749515184359178
0.7000354217670441
0.9791316663837483
0.9887649748160496
0.9946014234948524
1.6752444685639007
1.6760090508281769
1.6771055079868085
2.251783939222858
2.2547164490828644
2.2569647673368554
2.3630873497290716
2.368274488954239
2.381690162835449
2.418397101873391
2.4248308782329255
2.4333237266855217
2.4437710970782884
2.4475458370587653
-2.4474975392028044
-2.443887763468922
-2.4330504016971726
-2.425271243788711
-2.418137552784154
-2.381784513624254
-2.3680893643422953
-2.36320272636886
-2.2569090720462563
-2.2548055035714683
-2.2517501170915457
-1.6771175798407802
-1.6759786326547226
-1.6752628155292812
-0.9944666376883579
-0.9889981626364207
-0.9790310068407291
-0.7004919298530304
-0.6737700346561937
-0.6469217483109609
-0.5228180685147982
-0.5003425658531452
-0.1570153434749995
-0.0901918757934164
-0.0334466758596239
0.03344667585962485
0.090191875793419
0.15701534347500046
0.5003425658531461
0.5228180685147978
0.64692174831096
0.6737700346561925
0.70049192985303
0.9790310068407283
0.9889981626364199
0.9944666376883557
1.6752628155292828
1.6759786326547237
1.6771175798407807
2.2517501170915457
2.2548055035714683
2.2569090720462563
2.36320272636886
2.368089364342294
2.3817845136242535
2.418137552784155
2.4252712437887123
2.4330504016971735
2.4438877634689216
2.4474975392028044
-2.447370222469092
-2.4441723763288614
-2.4323000247968225
-2.426349918143196
-2.4175933074481586
-2.3820075899479463
-2.367610278372334
-2.3635185050750818
-2.2567550683784083
-2.255035207553634
-2.2516732992223525
-1.6771451372698343
-1.6759003203336733
-1.6753135719806171
-0.99409368475642
-0.9895971012688918
-0.9787995703667636
-0.7014939076838739
-0.6707225596382268
-0.6493007547083035
-0.521263454519984
-0.5016098181094869
-0.1557345399576783
-0.09492045050638795
-0.024816732651541183
0.024816732651542685
0.0949204505063893
0.15573453995767822
0.5016098181094861
0.5212634545199833
0.6493007547083036
0.6707225596382267
0.7014939076838739
0.9787995703667625
0.989597101268891
0.9940936847564182
1.6753135719806185
1.675900320333674
1.6771451372698345
2.2516732992223525
2.255035207553635
2.256755068378409
2.363518505075082
2.367610278372336
2.382007589947946
2.417593307448159
2.4263499181431962
2.4323000247968225
2.4441723763288628
2.4473702224690936
-2.447370222469093
-2.4441723763288614
-2.432300024796824
-2.426349918143196
-2.4175933074481586
-2.382007589947946
-2.3676102783723354
-2.363518505075082
-2.256755068378408
-2.255035207553634
-2.2516732992223525
-1.677145137269835
-1.6759003203336744
-1.6753135719806183
-0.9940936847564191
-0.9895971012688913
-0.9787995703667636
-0.7014939076838738
-0.6707225596382264
-0.6493007547083027
-0.5212634545199838
-0.5016098181094868
-0.15573453995767772
-0.09492045050638777
-0.024816732651542016
0.02481673265154206
0.09492045050638931
0.1557345399576787
0.5016098181094868
0.521263454519984
0.6493007547083027
0.6707225596382265
0.7014939076838745
0.9787995703667635
0.9895971012688904
0.9940936847564175
1.6753135719806178
1.6759003203336749
1.6771451372698352
2.251673299222352
2.2550352075536337
2.2567550683784074
2.3635185050750813
2.3676102783723336
2.3820075899479463
2.4175933074481586
2.4263499181431953
2.432300024796823
2.444172376328862
2.4473702224690914
-2.44722281004772
-2.444467424250462
-2.4312729164915563
-2.427636725694217
-2.417126784531512
-2.3822246081159766
-2.367053662877539
-2.3639184077849222
-2.256553766638856
-2.2553064367003492
-2.2516022543522203
-1.6771707797098543
-1.6758084181018003
-1.6753798333318137
-0.9936078769531334
-0.990294717069834
-0.9785823107242999
-0.7023859978808622
-0.6670140908332342
-0.6524462078536047
-0.5194879146185605
-0.5031023956640893
-0.1543465941929403
-0.09918019203029939
-0.01383432572291351
0.013834325722911607
0.09918019203029872
0.15434659419293992
0.5031023956640908
0.5194879146185614
0.6524462078536033
0.6670140908332337
0.7023859978808619
0.9785823107243002
0.990294717069834
0.9936078769531334
1.6753798333318142
1.6758084181018003
1.6771707797098538
2.251602254352221
2.2553064367003497
2.256553766638856
2.3639184077849213
2.3670536628775376
2.3822246081159792
2.417126784531513
2.4276367256942177
2.4312729164915545
2.4444674242504645
2.4472228100477205
-2.447222810047721
-2.444467424250463
-2.4312729164915585
-2.4276367256942173
-2.4171267845315123
-2.382224608115979
-2.367053662877539
-2.3639184077849236
-2.256553766638856
-2.2553064367003492
-2.2516022543522216
-1.677170779709854
-1.6758084181018
-1.6753798333318137
-0.9936078769531345
-0.9902947170698339
-0.9785823107242997
-0.7023859978808622
-0.6670140908332347
-0.6524462078536046
-0.5194879146185603
-0.5031023956640895
-0.15434659419293995
-0.09918019203029826
-0.013834325722913116
0.013834325722913125
0.09918019203029904
0.1543465941929397
0.50310239566409
0.5194879146185608
0.6524462078536043
0.6670140908332336
0.702385997880862
0.9785823107242998
0.9902947170698333
0.9936078769531324
1.6753798333318128
1.6758084181017994
1.677170779709853
2.25160225435222
2.2553064367003492
2.2565537666388584
2.3639184077849222
2.3670536628775394
2.3822246081159792
2.417126784531512
2.427636725694218
2.4312729164915567
2.444467424250462
2.44722281004772
-2.447370222469093
-2.444172376328862
-2.4323000247968225
-2.426349918143196
-2.4175933074481586
-2.3820075899479463
-2.3676102783723354
-2.363518505075082
-2.256755068378408
-2.255035207553634
-2.251673299222353
-1.6771451372698338
-1.6759003203336738
-1.6753135719806176
-0.994093684756419
-0.9895971012688914
-0.9787995703667631
-0.7014939076838744
-0.670722559638227
-0.6493007547083027
-0.5212634545199833
-0.501609818109487
-0.15573453995767805
-0.09492045050638777
-0.024816732651542602
0.024816732651541846
0.09492045050638778
0.1557345399576777
0.5016098181094866
0.5212634545199839
0.6493007547083021
0.6707225596382261
0.7014939076838741
0.9787995703667633
0.9895971012688909
0.9940936847564179
1.675313571980619
1.675900320333675
1.6771451372698347
2.251673299222354
2.2550352075536346
2.256755068378408
2.3635185050750844
2.367610278372335
2.3820075899479436
2.4175933074481564
2.426349918143195
2.432300024796823
2.444172376328861
2.4473702224690914
-2.4475458370587666
-2.4437710970782884
-2.433323726685521
-2.424830878232923
-2.4183971018733907
-2.3816901628354494
-2.3682744889542398
-2.3630873497290703
-2.256964767336857
-2.2547164490828644
-2.251783939222859
-1.677105507986808
-1.6760090508281775
-1.6752444685639016
-0.9946014234948523
-0.9887649748160492
-0.9791316663837487
-0.7000354217670434
-0.6749515184359177
-0.646057294368663
-0.5234167636121048
-0.4998642237440803
-0.15751921441662706
-0.08800844530758946
-0.03689057991108513
0.03689057991108629
0.08800844530759142
0.1575192144166272
0.4998642237440804
0.523416763612104
0.646057294368663
0.6749515184359182
0.7000354217670437
0.9791316663837478
0.9887649748160485
0.9946014234948509
1.6752444685639027
1.676009050828179
1.6771055079868094
2.2517839392228596
2.254716449082863
2.256964767336855
2.3630873497290708
2.3682744889542393
2.3816901628354485
2.41839710187339
2.424830878232923
2.4333237266855208
2.443771097078287
2.447545837058766
-2.447653952493065
-2.4434889968524725
-2.433930273591443
-2.42368185573768
-2.419171475103097
-2.381457181829818
-2.3687005488665283
-2.362835240539214
-2.2570858134799665
-2.254508997966874
-2.2518714618806244
-1.6770744655469014
-1.6760799316778017
-1.675204628594844
-0.9948938994597748
-0.9882213327027947
-0.9793882820737712
-0.698796550352244
-0.6777448506095132
-0.6441627929361186
-0.5247799500073558
-0.49879488052501275
-0.15868005023081272
-0.08171707646574974
-0.04571393596857108
0.04571393596857063
0.08171707646574969
0.15868005023081258
0.4987948805250123
0.5247799500073573
0.6441627929361172
0.6777448506095126
0.6987965503522435
0.9793882820737698
0.9882213327027952
0.9948938994597746
1.675204628594844
1.6760799316778014
1.6770744655469014
2.2518714618806253
2.254508997966875
2.2570858134799665
2.362835240539215
2.368700548866528
2.3814571818298185
2.4191714751030964
2.4236818557376796
2.4339302735914403
2.443488996852473
2.447653952493066
-2.4476539524930656
-2.443488996852473
-2.4339302735914425
-2.4236818557376805
-2.4191714751030973
-2.3814571818298185
-2.3687005488665287
-2.3628352405392143
-2.257085813479967
-2.254508997966874
-2.2518714618806244
-1.6770744655469014
-1.676079931677801
-1.675204628594844
-0.9948938994597748
-0.9882213327027946
-0.9793882820737712
-0.6987965503522444
-0.677744850609513
-0.6441627929361186
-0.5247799500073564
-0.49879488052501353
-0.15868005023081316
-0.0817170764657482
-0.04571393596857036
0.04571393596857102
0.08171707646575024
0.1586800502308123
0.49879488052501236
0.5247799500073556
0.6441627929361179
0.6777448506095128
0.6987965503522441
0.9793882820737713
0.9882213327027948
0.9948938994597745
1.6752046285948459
1.676079931677803
1.6770744655469023
2.251871461880624
2.2545089979668735
2.2570858134799656
2.362835240539215
2.3687005488665283
2.3814571818298162
2.419171475103097
2.4236818557376814
2.433930273591441
2.4434889968524742
2.4476539524930665
-2.4475458370587653
-2.443771097078287
-2.43332372668552
-2.424830878232922
-2.4183971018733903
-2.3816901628354485
-2.368274488954239
-2.3630873497290694
-2.2569647673368562
-2.254716449082865
-2.2517839392228596
-1.677105507986808
-1.6760090508281775
-1.6752444685639016
-0.9946014234948517
-0.9887649748160494
-0.9791316663837483
-0.7000354217670439
-0.6749515184359174
-0.6460572943686627
-0.5234167636121044
-0.49986422374407985
-0.1575192144166266
-0.08800844530759029
-0.03689057991108616
0.036890579911086165
0.08800844530759086
0.15751921441662697
0.4998642237440797
0.5234167636121022
0.6460572943686628
0.6749515184359173
0.7000354217670437
0.9791316663837488
0.9887649748160489
0.9946014234948515
1.6752444685639014
1.676009050828177
1.6771055079868085
2.2517839392228587
2.254716449082865
2.2569647673368567
2.363087349729073
2.3682744889542398
2.381690162835449
2.4183971018733903
2.4248308782329233
2.4333237266855203
2.4437710970782875
2.4475458370587657
-2.447497539202804
-2.4438877634689224
-2.4330504016971726
-2.425271243788711
-2.4181375527841538
-2.3817845136242535
-2.3680893643422944
-2.3632027263688595
-2.2569090720462563
-2.2548055035714683
-2.2517501170915466
-1.6771175798407805
-1.6759786326547232
-1.6752628155292821
-0.9944666376883573
-0.9889981626364213
-0.9790310068407284
-0.7004919298530309
-0.6737700346561942
-0.6469217483109612
-0.5228180685147985
-0.5003425658531454
-0.1570153434749998
-0.09019187579341932
-0.0334466758596249
0.03344667585962445
0.09019187579341773
0.1570153434749988
0.5003425658531461
0.5228180685148
0.6469217483109609
0.6737700346561939
0.7004919298530309
0.9790310068407291
0.9889981626364209
0.9944666376883575
1.6752628155292826
1.6759786326547237
1.67711757984078
2.251750117091544
2.2548055035714665
2.2569090720462563
2.363202726368859
2.3680893643422936
2.381784513624255
2.418137552784155
2.425271243788712
2.433050401697172
2.443887763468923
2.447497539202804
-2.4473120530409944
-2.444292787449892
-2.431927620681371
-2.4268364262774575
-2.4173925109487553
-2.3820981774923675
-2.3673925575763684
-2.3636705518899745
-2.256679668953405
-2.2551402076329277
-2.251643235688595
-1.6771559709155346
-1.6758646432004944
-1.6753384161139984
-0.9939112673983569
-0.9898688361813105
-0.9787079947729239
-0.7018749811346304
-0.6693112619172391
-0.6504678157682551
-0.5205612801869424
-0.5021942602234676
-0.15517396241094403
-0.09672671874213766
-0.020793635344776552
0.02079363534477711
0.09672671874213738
0.15517396241094325
0.5021942602234687
0.5205612801869431
0.6504678157682553
0.6693112619172389
0.7018749811346294
0.9787079947729244
0.9898688361813109
0.9939112673983574
1.6753384161139973
1.6758646432004942
1.6771559709155346
2.2516432356885954
2.2551402076329277
2.256679668953403
2.3636705518899768
2.3673925575763675
2.382098177492367
2.417392510948755
2.426836426277457
2.4319276206813716
2.4442927874498914
2.4473120530409944
-2.4472228100477196
-2.4444674242504627
-2.4312729164915576
-2.427636725694217
-2.4171267845315123
-2.3822246081159775
-2.3670536628775385
-2.363918407784924
-2.2565537666388558
-2.2553064367003492
-2.251602254352221
-1.677170779709855
-1.675808418101801
-1.6753798333318133
-0.9936078769531328
-0.9902947170698344
-0.9785823107243009
-0.7023859978808623
-0.6670140908332342
-0.6524462078536043
-0.51948791461856
-0.5031023956640893
-0.15434659419294047
-0.09918019203029892
-0.013834325722912655
0.013834325722912922
0.09918019203029946
0.15434659419294142
0.5031023956640892
0.5194879146185599
0.6524462078536051
0.6670140908332334
0.7023859978808606
0.9785823107243004
0.9902947170698339
0.9936078769531335
1.675379833331814
1.6758084181018
1.6771707797098536
2.2516022543522216
2.2553064367003506
2.256553766638858
2.3639184077849227
2.367053662877539
2.382224608115981
2.4171267845315136
2.4276367256942177
2.4312729164915594
2.444467424250462
2.447222810047721
-2.447312053040994
-2.444292787449892
-2.4319276206813703
-2.4268364262774575
-2.4173925109487553
-2.382098177492366
-2.3673925575763675
-2.3636705518899745
-2.256679668953405
-2.2551402076329277
-2.2516432356885954
-1.6771559709155344
-1.675864643200494
-1.6753384161139981
-0.9939112673983566
-0.9898688361813102
-0.9787079947729235
-0.70187498113463
-0.669311261917238
-0.650467815768254
-0.5205612801869414
-0.5021942602234672
-0.15517396241094408
-0.09672671874213724
-0.020793635344775827
0.020793635344777295
0.09672671874213762
0.15517396241094392
0.5021942602234674
0.5205612801869436
0.6504678157682542
0.6693112619172383
0.7018749811346292
0.9787079947729236
0.9898688361813103
0.9939112673983561
1.6753384161139961
1.675864643200493
1.6771559709155326
2.251643235688598
2.25514020763293
2.256679668953407
2.3636705518899754
2.3673925575763684
2.3820981774923653
2.4173925109487566
2.4268364262774575
2.4319276206813707
2.44429278744989
2.4473120530409953
-2.447497539202804
-2.4438877634689216
-2.433050401697172
-2.4252712437887114
-2.418137552784154
-2.381784513624254
-2.368089364342294
-2.3632027263688595
-2.256909072046256
-2.254805503571468
-2.251750117091547
-1.6771175798407811
-1.675978632654724
-1.6752628155292826
-0.9944666376883579
-0.9889981626364214
-0.9790310068407284
-0.7004919298530305
-0.6737700346561935
-0.646921748310961
-0.5228180685147991
-0.5003425658531462
-0.15701534347499932
-0.09019187579341799
-0.0334466758596249
0.033446675859625456
0.09019187579341789
0.15701534347499985
0.5003425658531471
0.5228180685148002
0.6469217483109608
0.6737700346561933
0.7004919298530301
0.9790310068407286
0.9889981626364205
0.9944666376883569
1.6752628155292821
1.6759786326547232
1.6771175798407802
2.251750117091545
2.2548055035714665
2.256909072046256
2.363202726368861
2.3680893643422936
2.381784513624254
2.4181375527841547
2.425271243788711
2.4330504016971717
2.443887763468922
2.447497539202805
-2.4476539524930643
-2.4434889968524742
-2.4339302735914425
-2.4236818557376796
-2.419171475103097
-2.381457181829817
-2.3687005488665283
-2.3628352405392126
-2.257085813479966
-2.254508997966875
-2.2518714618806244
-1.6770744655469016
-1.6760799316778012
-1.6752046285948434
-0.9948938994597751
-0.9882213327027954
-0.979388282073771
-0.6987965503522443
-0.6777448506095137
-0.6441627929361183
-0.5247799500073567
-0.4987948805250124
-0.15868005023081258
-0.08171707646574991
-0.04571393596857109
0.04571393596857108
0.08171707646574933
0.15868005023081344
0.4987948805250123
0.5247799500073559
0.6441627929361178
0.6777448506095131
0.6987965503522441
0.9793882820737715
0.9882213327027977
0.9948938994597769
1.6752046285948425
1.676079931677801
1.6770744655469
2.251871461880625
2.254508997966875
2.257085813479966
2.3628352405392143
2.3687005488665283
2.3814571818298167
2.4191714751030955
2.423681855737679
2.4339302735914408
2.4434889968524725
2.447653952493064
-2.4477125775358397
-2.4433217974097112
-2.434261724279072
-2.4228283344934165
-2.419835807470028
-2.381316982719249
-2.3689403266247244
-2.3627013198606956
-2.2571498621497925
-2.2543897117144462
-2.25192735423058
-1.6770548079526095
-1.6761206445617323
-1.6751835723917612
-0.9950483198213532
-0.9879094213009564
-0.9795489649772736
-0.6979473376421825
-0.6794063457079482
-0.6431490942253336
-0.52553439855617
-0.4982147699631396
-0.15932736001358846
-0.07657694127614263
-0.052096435692970344
0.05209643569297071
0.07657694127614113
0.1593273600135901
0.4982147699631399
0.5255343985561695
0.6431490942253332
0.6794063457079479
0.6979473376421826
0.9795489649772726
0.9879094213009559
0.9950483198213523
1.6751835723917623
1.6761206445617332
1.6770548079526106
2.251927354230579
2.254389711714448
2.2571498621497925
2.3627013198606934
2.368940326624724
2.3813169827192504
2.4198358074700272
2.422828334493416
2.434261724279071
2.443321797409712
2.4477125775358397
-2.447653952493065
-2.443488996852474
-2.4339302735914425
-2.423681855737681
-2.419171475103097
-2.381457181829818
-2.3687005488665287
-2.3628352405392143
-2.257085813479966
-2.254508997966875
-2.2518714618806253
-1.6770744655469016
-1.6760799316778008
-1.6752046285948432
-0.9948938994597746
-0.9882213327027943
-0.9793882820737713
-0.698796550352244
-0.6777448506095134
-0.644162792936118
-0.5247799500073546
-0.4987948805250128
-0.15868005023081314
-0.08171707646575098
-0.04571393596857103
0.04571393596857075
0.08171707646574883
0.15868005023081272
0.4987948805250142
0.524779950007358
0.6441627929361181
0.6777448506095144
0.6987965503522445
0.9793882820737714
0.988221332702796
0.9948938994597757
1.6752046285948439
1.6760799316778023
1.6770744655469012
2.251871461880624
2.2545089979668713
2.257085813479964
2.3628352405392143
2.3687005488665274
2.3814571818298185
2.419171475103097
2.4236818557376796
2.433930273591442
2.4434889968524702
2.447653952493064
-2.4475458370587657
-2.4437710970782875
-2.433323726685521
-2.4248308782329233
-2.4183971018733916
-2.381690162835449
-2.3682744889542393
-2.3630873497290694
-2.2569647673368567
-2.254716449082865
-2.2517839392228596
-1.677105507986808
-1.676009050828177
-1.6752444685639012
-0.9946014234948513
-0.9887649748160486
-0.9791316663837478
-0.7000354217670431
-0.6749515184359177
-0.6460572943686627
-0.5234167636121032
-0.4998642237440797
-0.15751921441662686
-0.08800844530758986
-0.03689057991108564
0.03689057991108572
0.08800844530759058
0.15751921441662753
0.49986422374407996
0.5234167636121035
0.6460572943686622
0.6749515184359174
0.7000354217670434
0.9791316663837479
0.9887649748160482
0.9946014234948517
1.6752444685639014
1.6760090508281775
1.6771055079868074
2.251783939222859
2.2547164490828635
2.2569647673368554
2.3630873497290703
2.3682744889542393
2.381690162835448
2.418397101873392
2.4248308782329233
2.433323726685521
2.4437710970782867
2.4475458370587657
-2.4473702224690927
-2.4441723763288614
-2.4323000247968247
-2.4263499181431967
-2.4175933074481586
-2.3820075899479467
-2.3676102783723354
-2.3635185050750844
-2.256755068378408
-2.255035207553634
-2.2516732992223534
-1.6771451372698347
-1.6759003203336746
-1.6753135719806187
-0.9940936847564188
-0.989597101268891
-0.978799570366763
-0.7014939076838739
-0.6707225596382262
-0.6493007547083026
-0.5212634545199849
-0.5016098181094875
-0.1557345399576781
-0.09492045050638818
-0.024816732651541776
0.02481673265154174
0.09492045050638759
0.15573453995767683
0.5016098181094881
0.5212634545199846
0.6493007547083033
0.6707225596382269
0.7014939076838745
0.9787995703667639
0.9895971012688919
0.9940936847564196
1.6753135719806194
1.6759003203336753
1.6771451372698345
2.2516732992223534
2.255035207553634
2.256755068378408
2.363518505075083
2.367610278372336
2.3820075899479454
2.4175933074481573
2.4263499181431953
2.4323000247968225
2.4441723763288605
2.4473702224690927
-2.447222810047719
-2.4444674242504623
-2.4312729164915585
-2.4276367256942177
-2.4171267845315128
-2.3822246081159775
-2.3670536628775394
-2.363918407784924
-2.256553766638856
-2.255306436700349
-2.2516022543522203
-1.6771707797098545
-1.6758084181018003
-1.6753798333318128
-0.9936078769531331
-0.990294717069834
-0.9785823107243006
-0.7023859978808631
-0.6670140908332347
-0.6524462078536046
-0.519487914618561
-0.5031023956640904
-0.15434659419294033
-0.09918019203029942
-0.013834325722911787
0.013834325722914022
0.099180192030299
0.15434659419293995
0.5031023956640909
0.5194879146185624
0.6524462078536056
0.6670140908332347
0.7023859978808621
0.9785823107243009
0.9902947170698342
0.9936078769531334
1.6753798333318122
1.6758084181017996
1.6771707797098538
2.2516022543522203
2.2553064367003492
2.256553766638856
2.3639184077849196
2.3670536628775363
2.382224608115978
2.4171267845315123
2.427636725694217
2.4312729164915545
2.4444674242504627
2.447222810047719
-2.4472228100477196
-2.4444674242504623
-2.431272916491558
-2.4276367256942177
-2.4171267845315128
-2.3822246081159775
-2.367053662877539
-2.363918407784923
-2.256553766638856
-2.2553064367003497
-2.2516022543522207
-1.6771707797098545
-1.6758084181018005
-1.6753798333318137
-0.9936078769531329
-0.9902947170698337
-0.9785823107243004
-0.7023859978808615
-0.6670140908332339
-0.6524462078536041
-0.5194879146185607
-0.5031023956640898
-0.15434659419294028
-0.09918019203029912
-0.013834325722913208
0.013834325722912691
0.09918019203029935
0.15434659419294033
0.5031023956640893
0.51948791461856
0.6524462078536055
0.6670140908332344
0.7023859978808622
0.9785823107243007
0.9902947170698339
0.9936078769531328
1.675379833331816
1.6758084181018018
1.6771707797098552
2.2516022543522203
2.25530643670035
2.256553766638858
2.363918407784922
2.3670536628775367
2.3822246081159735
2.4171267845315123
2.4276367256942177
2.4312729164915567
2.444467424250463
2.4472228100477196
-2.447370222469092
-2.444172376328862
-2.4323000247968234
-2.426349918143196
-2.417593307448158
-2.382007589947945
-2.3676102783723354
-2.363518505075082
-2.256755068378408
-2.2550352075536346
-2.251673299222353
-1.6771451372698345
-1.6759003203336746
-1.675313571980619
-0.994093684756419
-0.9895971012688914
-0.9787995703667632
-0.7014939076838744
-0.670722559638227
-0.6493007547083031
-0.5212634545199847
-0.5016098181094875
-0.15573453995767728
-0.0949204505063877
-0.024816732651542606
0.024816732651541756
0.09492045050638825
0.1557345399576775
0.5016098181094869
0.5212634545199847
0.649300754708304
0.6707225596382276
0.7014939076838748
0.978799570366764
0.9895971012688932
0.9940936847564208
1.675313571980619
1.675900320333675
1.677145137269835
2.251673299222353
2.255035207553633
2.2567550683784074
2.3635185050750818
2.3676102783723345
2.382007589947942
2.417593307448158
2.4263499181431962
2.4323000247968225
2.444172376328862
2.4473702224690923
-2.4475458370587657
-2.4437710970782875
-2.433323726685521
-2.4248308782329238
-2.4183971018733916
-2.3816901628354494
-2.3682744889542393
-2.3630873497290703
-2.2569647673368567
-2.254716449082865
-2.25178393922286
-1.6771055079868082
-1.676009050828178
-1.6752444685639014
-0.9946014234948514
-0.9887649748160489
-0.9791316663837475
-0.7000354217670441
-0.6749515184359187
-0.6460572943686629
-0.5234167636121055
-0.49986422374408046
-0.15751921441662703
-0.08800844530758961
-0.036890579911085436
0.036890579911085984
0.08800844530759025
0.15751921441662758
0.4998642237440798
0.5234167636121024
0.6460572943686631
0.6749515184359173
0.7000354217670435
0.9791316663837478
0.9887649748160489
0.9946014234948514
1.675244468563901
1.6760090508281775
1.6771055079868078
2.25178393922286
2.2547164490828653
2.256964767336857
2.3630873497290708
2.368274488954241
2.381690162835449
2.4183971018733903
2.4248308782329233
2.4333237266855203
2.443771097078287
2.447545837058766
-2.447653952493064
-2.443488996852473
-2.433930273591443
-2.42368185573768
-2.4191714751030973
-2.3814571818298176
-2.3687005488665287
-2.3628352405392143
-2.2570858134799656
-2.2545089979668744
-2.2518714618806244
-1.6770744655469012
-1.6760799316778006
-1.6752046285948436
-0.994893899459775
-0.9882213327027953
-0.9793882820737712
-0.6987965503522443
-0.6777448506095133
-0.6441627929361183
-0.5247799500073552
-0.4987948805250125
-0.15868005023081333
-0.08171707646575006
-0.04571393596857087
0.04571393596857169
0.08171707646575055
0.1586800502308124
0.4987948805250129
0.5247799500073576
0.6441627929361177
0.6777448506095131
0.6987965503522438
0.9793882820737704
0.9882213327027943
0.9948938994597752
1.6752046285948436
1.676079931677801
1.6770744655469014
2.251871461880623
2.254508997966872
2.2570858134799647
2.3628352405392086
2.368700548866528
2.381457181829818
2.4191714751030977
2.4236818557376827
2.4339302735914408
2.443488996852476
2.447653952493066
-2.4476539524930643
-2.443488996852473
-2.4339302735914434
-2.423681855737679
-2.4191714751030973
-2.381457181829818
-2.3687005488665283
-2.3628352405392143
-2.257085813479966
-2.254508997966874
-2.2518714618806244
-1.6770744655469012
-1.6760799316778003
-1.6752046285948432
-0.994893899459775
-0.9882213327027941
-0.9793882820737715
-0.6987965503522443
-0.6777448506095137
-0.6441627929361184
-0.5247799500073566
-0.4987948805250127
-0.15868005023081275
-0.08171707646574937
-0.0457139359685705
0.04571393596857147
0.08171707646575067
0.15868005023081333
0.49879488052501153
0.5247799500073579
0.6441627929361187
0.6777448506095145
0.6987965503522447
0.979388282073771
0.9882213327027954
0.9948938994597752
1.6752046285948432
1.6760799316778017
1.6770744655469014
2.251871461880624
2.2545089979668713
2.2570858134799656
2.362835240539212
2.3687005488665283
2.381457181829818
2.419171475103097
2.4236818557376805
2.4339302735914425
2.4434889968524742
2.4476539524930643
-2.4474975392028044
-2.443887763468922
-2.433050401697172
-2.425271243788712
-2.418137552784154
-2.3817845136242535
-2.3680893643422944
-2.3632027263688613
-2.2569090720462572
-2.254805503571468
-2.251750117091546
-1.6771175798407802
-1.675978632654723
-1.6752628155292821
-0.9944666376883585
-0.9889981626364213
-0.97903100684073
-0.7004919298530301
-0.6737700346561926
-0.6469217483109607
-0.5228180685147983
-0.5003425658531458
-0.15701534347499965
-0.09019187579341846
-0.03344667585962477
0.033446675859624644
0.09019187579341803
0.15701534347499943
0.5003425658531453
0.5228180685147993
0.6469217483109612
0.6737700346561935
0.7004919298530305
0.979031006840729
0.9889981626364234
0.9944666376883581
1.6752628155292801
1.6759786326547186
1.6771175798407796
2.251750117091546
2.254805503571469
2.2569090720462572
2.3632027263688626
2.368089364342294
2.381784513624255
2.418137552784155
2.425271243788711
2.433050401697173
2.4438877634689224
2.447497539202803
-2.4473702224690914
-2.444172376328862
-2.432300024796823
-2.426349918143196
-2.417593307448158
-2.3820075899479463
-2.367610278372335
-2.363518505075082
-2.2567550683784074
-2.2550352075536346
-2.2516732992223534
-1.6771451372698343
-1.6759003203336738
-1.675313571980617
-0.9940936847564189
-0.9895971012688916
-0.9787995703667635
-0.7014939076838739
-0.6707225596382265
-0.6493007547083026
-0.5212634545199841
-0.5016098181094862
-0.15573453995767783
-0.09492045050638735
-0.024816732651542373
0.024816732651541825
0.09492045050638807
0.15573453995767753
0.5016098181094875
0.5212634545199867
0.6493007547083034
0.6707225596382277
0.7014939076838744
0.9787995703667629
0.9895971012688902
0.9940936847564178
1.6753135719806176
1.6759003203336729
1.6771451372698336
2.2516732992223534
2.255035207553635
2.2567550683784083
2.3635185050750844
2.3676102783723345
2.382007589947945
2.417593307448159
2.426349918143195
2.432300024796824
2.444172376328859
2.4473702224690927
-2.4472228100477205
-2.4444674242504627
-2.4312729164915576
-2.427636725694217
-2.4171267845315123
-2.3822246081159784
-2.367053662877539
-2.3639184077849236
-2.256553766638856
-2.2553064367003492
-2.2516022543522203
-1.677170779709855
-1.675808418101799
-1.6753798333318124
-0.9936078769531339
-0.9902947170698341
-0.9785823107243007
-0.7023859978808611
-0.6670140908332342
-0.6524462078536046
-0.5194879146185614
-0.5031023956640897
-0.15434659419294136
-0.09918019203030014
-0.013834325722912858
0.013834325722911872
0.099180192030299
0.1543465941929403
0.5031023956640893
0.5194879146185596
0.6524462078536044
0.6670140908332335
0.7023859978808623
0.9785823107243001
0.990294717069833
0.9936078769531325
1.6753798333318142
1.6758084181018005
1.6771707797098538
2.2516022543522216
2.2553064367003515
2.256553766638858
2.363918407784923
2.367053662877538
2.3822246081159797
2.417126784531512
2.427636725694216
2.431272916491557
2.444467424250462
2.4472228100477196
-2.4471536248797263
-2.444595255130217
-2.4305830975459544
-2.4284203229146377
-2.4169496840731495
-2.382312881262575
-2.3667799016511815
-2.364129035074092
-2.2564417426789642
-2.255445981527237
-2.251574270643823
-1.677180917506418
-1.6757616054776932
-1.6754165088052564
-0.9933408609620875
-0.9906458400216618
-0.9784959453630047
-0.70272990181347
-0.6649582834636096
-0.6542931535559359
-0.5186536170359897
-0.5038207409603545
-0.15373428540282022
-0.10086194126330646
-0.005656998773191043
0.005656998773191478
0.10086194126330598
0.1537342854028207
0.5038207409603558
0.5186536170359909
0.6542931535559372
0.6649582834636101
0.7027299018134707
0.9784959453630055
0.9906458400216652
0.9933408609620903
1.6754165088052553
1.6757616054776918
1.6771809175064176
2.251574270643822
2.2554459815272363
2.256441742678964
2.36412903507409
2.3667799016511806
2.382312881262574
2.416949684073148
2.4284203229146373
2.430583097545952
2.444595255130218
2.447153624879726
-2.44722281004772
-2.444467424250462
-2.431272916491557
-2.427636725694217
-2.4171267845315114
-2.3822246081159792
-2.367053662877538
-2.3639184077849236
-2.256553766638856
-2.2553064367003497
-2.2516022543522207
-1.6771707797098547
-1.6758084181017996
-1.6753798333318128
-0.9936078769531337
-0.990294717069834
-0.978582310724301
-0.7023859978808622
-0.6670140908332338
-0.6524462078536045
-0.5194879146185605
-0.5031023956640895
-0.15434659419294106
-0.09918019203030015
-0.013834325722913146
0.013834325722912438
0.09918019203029946
0.15434659419294064
0.5031023956640898
0.5194879146185615
0.6524462078536044
0.667014090833234
0.702385997880862
0.9785823107242998
0.9902947170698351
0.9936078769531339
1.6753798333318122
1.675808418101799
1.6771707797098552
2.251602254352221
2.255306436700351
2.256553766638857
2.3639184077849205
2.3670536628775376
2.382224608115976
2.417126784531514
2.427636725694217
2.4312729164915567
2.4444674242504636
2.4472228100477205
-2.4473702224690927
-2.4441723763288614
-2.432300024796824
-2.426349918143196
-2.4175933074481586
-2.3820075899479467
-2.3676102783723354
-2.3635185050750827
-2.256755068378407
-2.255035207553634
-2.251673299222353
-1.6771451372698347
-1.6759003203336742
-1.675313571980618
-0.9940936847564189
-0.989597101268891
-0.9787995703667633
-0.7014939076838742
-0.6707225596382262
-0.6493007547083033
-0.5212634545199838
-0.501609818109487
-0.15573453995767797
-0.09492045050638878
-0.024816732651542883
0.024816732651541353
0.0949204505063865
0.155734539957677
0.5016098181094877
0.5212634545199843
0.6493007547083032
0.6707225596382268
0.7014939076838748
0.9787995703667636
0.9895971012688898
0.9940936847564187
1.6753135719806174
1.6759003203336724
1.6771451372698343
2.251673299222353
2.2550352075536355
2.2567550683784074
2.3635185050750844
2.3676102783723363
2.3820075899479467
2.4175933074481604
2.426349918143195
2.4323000247968243
2.4441723763288574
2.447370222469094
-2.4474975392028044
-2.443887763468922
-2.4330504016971726
-2.425271243788712
-2.4181375527841547
-2.3817845136242544
-2.3680893643422953
-2.3632027263688613
-2.2569090720462577
-2.2548055035714687
-2.2517501170915466
-1.6771175798407814
-1.6759786326547244
-1.675262815529283
-0.9944666376883577
-0.9889981626364205
-0.9790310068407287
-0.7004919298530302
-0.6737700346561927
-0.6469217483109613
-0.5228180685147972
-0.500342565853145
-0.1570153434749996
-0.09019187579341827
-0.03344667585962466
0.03344667585962388
0.09019187579341735
0.15701534347499965
0.5003425658531461
0.5228180685147975
0.6469217483109616
0.6737700346561933
0.7004919298530312
0.9790310068407287
0.9889981626364225
0.9944666376883575
1.6752628155292826
1.6759786326547246
1.6771175798407798
2.2517501170915466
2.2548055035714665
2.256909072046257
2.363202726368859
2.3680893643422953
2.381784513624252
2.4181375527841547
2.4252712437887114
2.433050401697173
2.4438877634689216
2.447497539202804
-2.447545837058766
-2.4437710970782875
-2.4333237266855203
-2.4248308782329233
-2.4183971018733907
-2.3816901628354477
-2.3682744889542398
-2.3630873497290694
-2.2569647673368562
-2.2547164490828644
-2.2517839392228596
-1.6771055079868085
-1.6760090508281769
-1.6752444685639012
-0.9946014234948515
-0.9887649748160483
-0.9791316663837475
-0.7000354217670441
-0.6749515184359174
-0.646057294368663
-0.5234167636121035
-0.4998642237440796
-0.15751921441662695
-0.08800844530759042
-0.036890579911085374
0.03689057991108687
0.08800844530759087
0.1575192144166274
0.4998642237440813
0.5234167636121068
0.6460572943686623
0.6749515184359188
0.7000354217670444
0.9791316663837474
0.9887649748160466
0.9946014234948525
1.6752444685639007
1.6760090508281786
1.677105507986809
2.2517839392228582
2.254716449082865
2.2569647673368576
2.363087349729073
2.3682744889542393
2.381690162835447
2.4183971018733907
2.424830878232923
2.4333237266855186
2.443771097078289
2.447545837058766
-2.447370222469092
-2.444172376328862
-2.4323000247968234
-2.4263499181431967
-2.4175933074481586
-2.382007589947946
-2.367610278372335
-2.363518505075082
-2.2567550683784074
-2.2550352075536337
-2.251673299222353
-1.677145137269835
-1.6759003203336742
-1.6753135719806178
-0.9940936847564193
-0.9895971012688923
-0.9787995703667633
-0.7014939076838749
-0.6707225596382275
-0.6493007547083023
-0.521263454519984
-0.5016098181094875
-0.15573453995767708
-0.09492045050638726
-0.02481673265154193
0.024816732651542273
0.09492045050638794
0.15573453995767816
0.5016098181094873
0.5212634545199846
0.6493007547083028
0.6707225596382284
0.7014939076838742
0.9787995703667629
0.9895971012688932
0.9940936847564181
1.6753135719806178
1.675900320333673
1.677145137269834
2.2516732992223516
2.2550352075536333
2.256755068378408
2.3635185050750818
2.367610278372336
2.3820075899479463
2.417593307448158
2.4263499181431962
2.4323000247968256
2.444172376328862
2.447370222469091
-2.4473120530409944
-2.4442927874498914
-2.4319276206813707
-2.426836426277458
-2.417392510948755
-2.382098177492368
-2.3673925575763675
-2.3636705518899737
-2.256679668953406
-2.255140207632928
-2.251643235688596
-1.677155970915535
-1.6758646432004944
-1.675338416113998
-0.9939112673983577
-0.9898688361813113
-0.9787079947729247
-0.7018749811346296
-0.6693112619172393
-0.650467815768254
-0.5205612801869418
-0.5021942602234675
-0.1551739624109432
-0.09672671874213745
-0.020793635344776015
0.020793635344777083
0.09672671874213767
0.15517396241094333
0.502194260223466
0.5205612801869409
0.6504678157682541
0.6693112619172389
0.7018749811346294
0.9787079947729241
0.9898688361813108
0.9939112673983563
1.6753384161139975
1.6758646432004956
1.677155970915534
2.251643235688596
2.2551402076329277
2.2566796689534057
2.363670551889976
2.3673925575763692
2.38209817749237
2.4173925109487553
2.426836426277456
2.4319276206813694
2.4442927874498914
2.447312053040995
-2.447222810047721
-2.4444674242504627
-2.4312729164915576
-2.427636725694217
-2.4171267845315128
-2.382224608115978
-2.367053662877538
-2.3639184077849236
-2.256553766638856
-2.2553064367003492
-2.2516022543522207
-1.677170779709854
-1.6758084181018
-1.6753798333318135
-0.993607876953133
-0.990294717069835
-0.9785823107243
-0.7023859978808615
-0.6670140908332338
-0.6524462078536043
-0.5194879146185608
-0.5031023956640899
-0.15434659419294072
-0.09918019203029957
-0.013834325722912799
0.013834325722912467
0.09918019203029922
0.15434659419294
0.50310239566409
0.519487914618561
0.6524462078536045
0.6670140908332329
0.7023859978808623
0.9785823107243002
0.9902947170698307
0.9936078769531334
1.675379833331814
1.6758084181018018
1.6771707797098538
2.2516022543522207
2.2553064367003506
2.256553766638857
2.3639184077849236
2.3670536628775385
2.382224608115978
2.417126784531513
2.4276367256942186
2.43127291649156
2.444467424250464
2.4472228100477196
-2.447153624879726
-2.444595255130217
-2.4305830975459535
-2.428420322914639
-2.416949684073149
-2.3823128812625756
-2.3667799016511815
-2.3641290350740904
-2.2564417426789647
-2.255445981527237
-2.251574270643823
-1.677180917506419
-1.6757616054776925
-1.6754165088052564
-0.9933408609620868
-0.9906458400216613
-0.9784959453630041
-0.7027299018134702
-0.66495828346361
-0.6542931535559365
-0.5186536170359896
-0.5038207409603543
-0.15373428540282022
-0.10086194126330614
-0.005656998773191348
0.005656998773190721
0.1008619412633073
0.15373428540282133
0.5038207409603556
0.5186536170359904
0.6542931535559361
0.66495828346361
0.70272990181347
0.9784959453630053
0.9906458400216615
0.9933408609620884
1.6754165088052555
1.6757616054776938
1.6771809175064192
2.2515742706438253
2.2554459815272376
2.256441742678965
2.3641290350740904
2.3667799016511815
2.382312881262572
2.4169496840731495
2.428420322914637
2.430583097545954
2.4445952551302153
2.447153624879727
-2.4471536248797254
-2.4445952551302175
-2.430583097545954
-2.4284203229146395
-2.4169496840731495
-2.382312881262575
-2.366779901651182
-2.364129035074091
-2.256441742678964
-2.2554459815272376
-2.251574270643823
-1.6771809175064187
-1.6757616054776925
-1.6754165088052564
-0.9933408609620874
-0.9906458400216619
-0.9784959453630052
-0.7027299018134694
-0.6649582834636112
-0.6542931535559364
-0.5186536170359901
-0.5038207409603551
-0.15373428540282125
-0.10086194126330682
-0.005656998773190737
0.0056569987731915974
0.10086194126330693
0.15373428540282078
0.5038207409603549
0.51865361703599
0.6542931535559364
0.6649582834636115
0.7027299018134693
0.9784959453630053
0.990645840021661
0.9933408609620874
1.6754165088052555
1.6757616054776876
1.6771809175064185
2.251574270643825
2.2554459815272367
2.2564417426789656
2.364129035074091
2.366779901651182
2.3823128812625747
2.4169496840731486
2.428420322914636
2.4305830975459535
2.4445952551302166
2.4471536248797268
-2.44722281004772
-2.4444674242504627
-2.431272916491559
-2.4276367256942177
-2.4171267845315123
-2.3822246081159784
-2.367053662877539
-2.3639184077849236
-2.2565537666388558
-2.2553064367003492
-2.251602254352221
-1.677170779709854
-1.6758084181018005
-1.675379833331813
-0.9936078769531331
-0.9902947170698336
-0.9785823107243008
-0.7023859978808624
-0.6670140908332345
-0.652446207853605
-0.51948791461856
-0.5031023956640894
-0.1543465941929405
-0.09918019203029979
-0.013834325722912889
0.013834325722912651
0.0991801920302993
0.15434659419293995
0.5031023956640904
0.5194879146185626
0.6524462078536043
0.6670140908332337
0.7023859978808621
0.9785823107243007
0.9902947170698336
0.9936078769531334
1.6753798333318133
1.6758084181018018
1.6771707797098545
2.2516022543522194
2.2553064367003515
2.2565537666388553
2.3639184077849213
2.367053662877537
2.3822246081159757
2.4171267845315123
2.4276367256942173
2.4312729164915567
2.4444674242504627
2.4472228100477196
-2.447312053040995
-2.444292787449889
-2.4319276206813716
-2.426836426277457
-2.417392510948756
-2.3820981774923675
-2.367392557576367
-2.363670551889973
-2.2566796689534057
-2.2551402076329286
-2.251643235688596
-1.677155970915535
-1.6758646432004947
-1.6753384161139981
-0.9939112673983572
-0.9898688361813114
-0.9787079947729243
-0.7018749811346299
-0.6693112619172387
-0.650467815768254
-0.5205612801869424
-0.5021942602234678
-0.155173962410944
-0.09672671874213717
-0.02079363534477639
0.020793635344776965
0.096726718742138
0.15517396241094364
0.5021942602234667
0.5205612801869417
0.6504678157682552
0.6693112619172399
0.7018749811346304
0.9787079947729241
0.9898688361813102
0.9939112673983563
1.6753384161139984
1.6758646432004927
1.6771559709155357
2.2516432356885945
2.2551402076329268
2.2566796689534043
2.363670551889976
2.367392557576369
2.3820981774923693
2.4173925109487553
2.426836426277458
2.4319276206813707
2.4442927874498923
2.447312053040995
-2.4473702224690914
-2.4441723763288628
-2.4323000247968234
-2.426349918143197
-2.4175933074481577
-2.3820075899479467
-2.367610278372335
-2.363518505075083
-2.2567550683784083
-2.255035207553633
-2.251673299222354
-1.677145137269835
-1.675900320333674
-1.675313571980618
-0.9940936847564192
-0.9895971012688907
-0.978799570366763
-0.7014939076838749
-0.6707225596382278
-0.6493007547083028
-0.5212634545199838
-0.5016098181094875
-0.15573453995767816
-0.09492045050638781
-0.024816732651542973
0.024816732651541586
0.09492045050638687
0.15573453995767722
0.501609818109487
0.5212634545199869
0.6493007547083033
0.6707225596382255
0.7014939076838748
0.9787995703667624
0.9895971012688907
0.9940936847564177
1.6753135719806178
1.6759003203336762
1.6771451372698352
2.251673299222353
2.2550352075536337
2.256755068378409
2.3635185050750818
2.367610278372335
2.382007589947945
2.4175933074481586
2.4263499181431962
2.432300024796823
2.4441723763288628
2.4473702224690923
