-1.371309069747439
-1.3713090697474384
-1.3712875643887972
-1.3712875643887967
-1.37127624492722
-1.3712762449272193
-1.3712075868000324
-1.3712075868000317
-1.371193390633961
-1.3711933906339608
-1.3710651927457307
-1.3710651927457298
-1.37106492915925
-1.3710649291592498
-1.3708953693833268
-1.3708953693833268
-1.3708566770577628
-1.3708566770577624
-1.3706892738111245
-1.3706892738111243
-1.370578616944895
-1.3705786169448928
-1.3704512275897802
-1.37045122758978
-1.3702279172914245
-1.3702279172914233
-1.370185809446637
-1.370185809446636
-1.3698975644805245
-1.3698975644805242
-1.3698018578298778
-1.3698018578298776
-1.3695909787354734
-1.3695909787354734
-1.3692981420169326
-1.3692981420169315
-1.3692704554843729
-1.3692704554843727
-1.3689402931501087
-1.3689402931501082
-1.3687149473747209
-1.3687149473747202
-1.3686046647929802
-1.3686046647929788
-1.3682675990954019
-1.3682675990954016
-1.368050976980158
-1.368050976980158
-1.3679329627778833
-1.367932962777882
-1.3676044443837139
-1.3676044443837134
-1.3673055116917405
-1.36730551169174
-1.3672855393736458
-1.3672855393736452
-1.3669795364758757
-1.3669795364758746
-1.3666895052408514
-1.3666895052408508
-1.3664784625955986
-1.366478462595598
-1.3664182847546213
-1.3664182847546211
-1.366168473468677
-1.3661684734686768
-1.365942420108379
-1.3659424201083779
-1.3657422156261434
-1.3657422156261427
-1.3655704230296797
-1.3655704230296792
-1.3655696861695303
-1.3655696861695301
-1.3654263870382168
-1.3654263870382164
-1.3653135976075936
-1.3653135976075934
-1.3652323172003737
-1.3652323172003726
-1.365183261891087
-1.3651832618910869
-1.3651668622318451
-1.364582719406863
-1.3645827194068618
-1.3635174599051978
-1.3635174599051976
-1.3623775799281588
-1.3623775799281581
-1.3611668830626897
-1.361166883062689
-1.3598900760830566
-1.3598900760830563
-1.3585527963705963
-1.3585527963705957
-1.3571616299530085
-1.3571616299530074
-1.3557241182237618
-1.3557241182237598
-1.3542487512974175
-1.3542487512974175
-1.3527449459080438
-1.352744945908043
-1.351223005785446
-1.3512230057854442
-1.3496940625695812
-1.3496940625695801
-1.3481699955691868
-1.3481699955691866
-1.346663329056528
-1.3466633290565273
-1.3451871063321619
-1.3451871063321614
-1.3437547404998376
-1.3437547404998358
-1.3423798427590863
-1.3423798427590858
-1.3410760300341606
-1.3410760300341604
-1.3398567148775813
-1.339856714877581
-1.338734881760372
-1.3387348817603713
-1.3377228550164844
-1.3377228550164824
-1.3368320647577472
-1.336832064757747
-1.3360728179208283
-1.336072817920828
-1.3354540821521372
-1.3354540821521366
-1.3349832903950267
-1.3349832903950267
-1.3346661737543823
-1.3346661737543821
-1.3345066294501864
-1.3345066294501862
0.09198266468227033
0.09198266468227058
0.09351974660499895
0.09351974660499929
0.09658904149972293
0.096589041499723
0.101180864272886
0.10118086427288611
0.1072808172274317
0.10728081722743238
0.11486994033521401
0.11486994033521408
0.12392490261404915
0.12392490261404933
0.13441822774683154
0.13441822774683193
0.14631854630410016
0.14631854630410057
0.15959086662977692
0.15959086662977745
0.1741968565959445
0.17419685659594536
0.19009512896493846
0.19009512896493913
0.20724152393030745
0.2072415239303081
0.2255893834454245
0.22558938344542487
0.24508981309257755
0.2450898130925778
0.26569192840813116
0.26569192840813155
0.28734308368818823
0.28734308368818856
0.3099890822998097
0.3099890822998105
0.3335743683802597
0.33357436838026006
0.3580422005032072
0.3580422005032075
0.38333480842351025
0.38333480842351053
0.40939353438916287
0.4093935343891631
0.4361589607462085
0.4361589607462088
0.46357102567999287
0.4635710256799935
0.4915691289561704
0.49156912895617094
0.5200922294691408
0.5200922294691415
0.5490789362942735
0.5490789362942742
0.5784675947911281
0.5784675947911283
0.6081963691328613
0.6081963691328618
0.6382033224541607
0.6382033224541613
0.6684264956257168
0.6684264956257172
0.6988039854843257
0.6988039854843261
0.729274023178999
0.7292740231789995
0.7597750531381408
0.7597750531381413
0.7902458130225068
0.7902458130225073
0.8206254149042376
0.8206254149042385
0.8508534278034712
0.850853427803472
0.8808699616204753
0.880869961620476
0.9106157524218383
0.9106157524218388
0.9400322489729802
0.9400322489729811
0.9690617003547328
0.9690617003547335
0.9976472444577644
0.997647244457765
1.025732997113987
1.025732997113988
1.0532641415974897
1.0532641415974904
1.0801870182079982
1.080187018207999
1.1064492136363377
1.106449213636338
1.13199964980297
1.131999649802971
1.156788671856626
1.1567886718566267
1.1807681350196397
1.18076813501964
1.20389148996929
1.2038914899692903
1.2261138664496303
1.2261138664496312
1.24739215481562
1.2473921548156204
1.2676850852204427
1.267685085220444
1.2869533041673504
1.2869533041673513
1.3051594481590367
1.305159448159037
1.322268214190108
1.322268214190108
1.3382464268416001
1.3382464268416019
1.3530631017503933
1.3530631017503933
1.3666895052408505
1.3666895052408519
1.3790992099208585
1.3790992099208594
1.3902681460595145
1.3902681460595157
1.4001746485791668
1.4001746485791668
1.4087994995099906
1.4087994995099915
1.4161259657710783
1.4161259657710792
1.4221398321577507
1.4221398321577514
1.4268294294307775
1.4268294294307784
1.430185657419114
1.4301856574191147
1.4322020030637985
1.4322020030637992
1.4328745533466876
