-1.3761070598337883
-1.3761070598337863
-1.3760917240120463
-1.3760917240120456
-1.376055129856915
-1.3760551298569146
-1.376002148548291
-1.37600214854829
-1.3759436112335313
-1.375943611233531
-1.3758321344756614
-1.37583213447566
-1.3757807952729681
-1.3757807952729681
-1.3755763122692695
-1.3755763122692692
-1.3755754805843867
-1.375575480584386
-1.3753368489516253
-1.3753368489516238
-1.3752301803465599
-1.375230180346559
-1.3750743250316637
-1.3750743250316635
-1.3747974216952958
-1.374797421695295
-1.3747901286984658
-1.3747901286984658
-1.3745155736008208
-1.3745155736008199
-1.37425344901737
-1.3742534490173686
-1.3742379623690337
-1.3742379623690313
-1.3739733374611893
-1.373973337461189
-1.3737298374955587
-1.373729837495558
-1.3736183327815266
-1.3736183327815255
-1.3735148172137814
-1.3735148172137812
-1.3733346855709028
-1.3733346855709023
-1.3731947604265866
-1.3731947604265864
-1.373099145030025
-1.373099145030024
-1.3730506309087986
-1.3730506309087984
-1.3728838587856225
-1.3728838587856216
-1.3720499715866337
-1.3720499715866306
-1.3711174522751362
-1.3711174522751326
-1.3700878828959007
-1.3700878828959
-1.368963605737013
-1.3689636057370111
-1.367747678592246
-1.3677476785922458
-1.3664438269826318
-1.3664438269826316
-1.3650563942052834
-1.365056394205283
-1.3635902899640033
-1.363590289964002
-1.3620509382293444
-1.362050938229344
-1.3604442248772575
-1.3604442248772568
-1.358776445566131
-1.3587764455661302
-1.3570542542321373
-1.3570542542321362
-1.3552846125122895
-1.3552846125122888
-1.3534747403432026
-1.3534747403432015
-1.3516320679304852
-1.3516320679304845
-1.3497641892385455
-1.3497641892385452
-1.347878817112404
-1.347878817112403
-1.345983740111255
-1.3459837401112547
-1.3440867811072805
-1.3440867811072803
-1.3421957576817567
-1.3421957576817565
-1.340318444333305
-1.340318444333304
-1.338462536499554
-1.338462536499554
-1.3366356163829152
-1.336635616382915
-1.3348451205632148
-1.3348451205632141
-1.3330983093741453
-1.3330983093741453
-1.3314022380164303
-1.3314022380164299
-1.3297637293780378
-1.3297637293780376
-1.3281893485303817
-1.3281893485303813
-1.3266853788689692
-1.3266853788689683
-1.3252577998672521
-1.3252577998672517
-1.323912266413269
-1.3239122664132688
-1.3226540896999728
-1.3226540896999723
-1.3214882196417213
-1.3214882196417208
-1.3204192287912548
-1.3204192287912548
-1.3194512977334643
-1.3194512977334638
-1.3185882019343347
-1.3185882019343345
-1.3178333000255804
-1.3178333000255797
-1.3171895235076427
-1.317189523507642
-1.316659367855853
-1.316659367855852
-1.3162448850166952
-1.3162448850166946
-1.3159476772831935
-1.3159476772831926
-1.315768892540501
-1.3157688925404991
-1.3157092208747776
0.09119664485996586
0.09119664485996996
0.09266886041966743
0.09266886041966764
0.0956088846269552
0.09560888462695544
0.1000079441183874
0.10000794411838766
0.1058529786191525
0.10585297861915277
0.11312675689097608
0.11312675689097716
0.12180802530123197
0.12180802530123287
0.13187168435031302
0.1318716843503132
0.14328898789910255
0.14328898789910316
0.1560277595405493
0.15602775954054954
0.1700526205503534
0.1700526205503539
0.1853252241018997
0.18532522410190044
0.20180449089402616
0.20180449089402655
0.21944684196201175
0.21944684196201183
0.23820642516394538
0.2382064251639461
0.25803533260059647
0.25803533260059697
0.2788838069880088
0.27888380698800935
0.30070043571849703
0.3007004357184971
0.3234323319884411
0.32343233198844185
0.34702530292181366
0.3470253029218141
0.37142400506753503
0.3714240050675353
0.3965720879957816
0.3965720879957818
0.4224123269680669
0.4224123269680674
0.4488867458178192
0.4488867458178198
0.4759367312639553
0.4759367312639556
0.5035031399027459
0.5035031399027461
0.5315263990958464
0.5315263990958469
0.5599466029072113
0.559946602907212
0.5887036041494172
0.5887036041494176
0.6177371034903457
0.6177371034903458
0.6469867364518458
0.6469867364518465
0.676392159009318
0.6763921590093187
0.705893132379793
0.7058931323797935
0.735429607469663
0.7354296074696637
0.7649418093440873
0.7649418093440874
0.794370321979958
0.7943703219799589
0.8236561734738506
0.8236561734738524
0.852740921796052
0.8527409217960527
0.8815667411114593
0.8815667411114595
0.9100765086273865
0.9100765086273871
0.9382138918767283
0.9382138918767287
0.9659234363016418
0.9659234363016422
0.9931506529673869
0.9931506529673874
1.0198421062071996
1.0198421062071998
1.045945500976597
1.0459455009765972
1.0714097696783955
1.071409769678396
1.0961851582074076
1.0961851582074083
1.120223310955656
1.120223310955656
1.1434773545143537
1.143477354514354
1.165901979807545
1.1659019798075452
1.187453522393484
1.1874535223934848
1.2080900406733919
1.2080900406733925
1.2277713917526996
1.2277713917526998
1.2464593047070216
1.2464593047070218
1.2641174510135968
1.264117451013597
1.2807115119186596
1.28071151191866
1.2962092425218934
1.2962092425218934
1.310580532370584
1.3105805323705841
1.323797462368391
1.3237974623683917
1.335834357816365
1.3358343578163663
1.34666783741715
1.3466678374171532
1.356276858086997
1.3562768580869984
1.3646427554341949
1.3646427554341953
1.3717492797768231
1.3717492797768236
1.3775826275872463
1.3775826275872465
1.3821314682654253
1.3821314682654255
1.38538696615801
1.385386966158013
1.387342797755103
1.3873427977551038
1.3879951640115757
