-1.3937585552882323
-1.3937537771533173
-1.3937537771533155
-1.3937388791053689
-1.3937388791053686
-1.393712184410797
-1.3937121844107967
-1.3936709452932468
-1.3936709452932463
-1.3936114112457534
-1.3936114112457523
-1.3935289210727992
-1.3935289210727972
-1.393418015334818
-1.393418015334817
-1.393272565270626
-1.393272565270623
-1.393085913896021
-1.3930859138960199
-1.3928510248247334
-1.3928510248247308
-1.3925606344198578
-1.3925606344198573
-1.3922074031342113
-1.3922074031342109
-1.3917840623011704
-1.3917840623011697
-1.391283553152025
-1.3912835531520238
-1.3906991554190469
-1.3906991554190467
-1.3900246034948984
-1.3900246034948978
-1.3892541887232355
-1.389254188723235
-1.3883828469639299
-1.3883828469639292
-1.3874062310881508
-1.3874062310881485
-1.3863207685000791
-1.3863207685000776
-1.3851237041466182
-1.3851237041466173
-1.3838131297629759
-1.3838131297629739
-1.382388000313856
-1.3823880003138556
-1.3808481387337292
-1.3808481387337286
-1.3791942301537112
-1.3791942301537103
-1.3774278068364203
-1.3774278068364196
-1.3755512250332884
-1.3755512250332884
-1.3735676349404502
-1.3735676349404502
-1.3714809448676972
-1.3714809448676955
-1.3692957806574253
-1.369295780657425
-1.367017441303177
-1.3670174413031766
-1.364651851625121
-1.3646518516251207
-1.3622055127669064
-1.3622055127669064
-1.3596854511872916
-1.3596854511872907
-1.3570991667333596
-1.357099166733358
-1.3544545803012047
-1.3544545803012047
-1.351759981515619
-1.3517599815156172
-1.349023976793108
-1.3490239767931063
-1.3462554380924736
-1.3462554380924736
-1.3434634526041027
-1.3434634526041025
-1.340657273582815
-1.3406572735828128
-1.3378462724889537
-1.3378462724889535
-1.335039892568117
-1.3350398925681153
-1.3322476039707258
-1.3322476039707254
-1.329478860488204
-1.3294788604882035
-1.3267430579621056
-1.326743057962105
-1.324049494405844
-1.324049494405844
-1.321407331864964
-1.3214073318649633
-1.3188255600310272
-1.318825560031027
-1.3163129616154998
-1.3163129616154994
-1.3138780794833196
-1.3138780794833194
-1.3115291855407707
-1.3115291855407705
-1.3092742513685516
-1.3092742513685511
-1.3071209205883076
-1.3071209205883074
-1.3050764829491897
-1.3050764829491897
-1.3031478501200449
-1.3031478501200442
-1.3013415331724163
-1.3013415331724163
-1.2996636217396225
-1.2996636217396218
-1.2981197648375642
-1.2981197648375637
-1.2967151533336028
-1.2967151533336025
-1.2954545040507128
-1.2954545040507124
-1.2943420454951158
-1.2943420454951151
-1.2933815051966946
-1.2933815051966944
-1.292576098652663
-1.2925760986526624
-1.2919285198661272
-1.291928519866127
-1.291440933472412
-1.2914409334724117
-1.2911149684472016
-1.2911149684472014
-1.2909517133917718
-1.2909517133917707
0.09291612194474211
0.09363448775395196
0.09363448775395211
0.09578750075544469
0.09578750075544512
0.09936892506505225
0.09936892506505358
0.10436842497616824
0.10436842497616863
0.11077164922943443
0.11077164922943472
0.11856034534835001
0.11856034534835011
0.12771250066643747
0.1277125006664384
0.13820250606138218
0.13820250606138262
0.15000133802112248
0.15000133802112267
0.16307675450196474
0.16307675450196513
0.17739350008789254
0.17739350008789342
0.1929135161980802
0.19291351619808092
0.20959615248033076
0.20959615248033103
0.22739837603063087
0.22739837603063237
0.24627497565039227
0.24627497565039244
0.26617875895286885
0.2661787589528698
0.28706074072342835
0.2870607407234291
0.3088703214960416
0.30887032149604315
0.33155545580986145
0.3315554558098618
0.3550628100412648
0.35506281004126505
0.3793379100617848
0.37933791006178563
0.404325279249707
0.4043252792497077
0.4299685675863479
0.4299685675863491
0.4562106727035615
0.4562106727035618
0.4829938538254161
0.4829938538254165
0.5102598395736357
0.510259839573636
0.5379499305928993
0.5379499305929
0.5660050979076202
0.5660050979076209
0.5943660778546588
0.594366077854659
0.6229734643539153
0.6229734643539161
0.6517677991869859
0.6517677991869872
0.6806896608580818
0.6806896608580822
0.7096797525151858
0.7096797525151862
0.7386789893158913
0.7386789893158916
0.7676285855337156
0.767628585533716
0.796470141618364
0.7964701416183645
0.8251457313483557
0.8251457313483561
0.853597989146988
0.8535979891469888
0.881770197573041
0.8817701975730414
0.9096063749455949
0.909606374945595
0.9370513630177236
0.9370513630177253
0.9640509145759781
0.9640509145759795
0.9905517808111652
0.9905517808111661
1.0165017982802909
1.016501798280291
1.041849975259131
1.041849975259132
1.0665465772692335
1.0665465772692337
1.0905432115516045
1.0905432115516056
1.1137929102515955
1.113792910251596
1.136250212074821
1.1362502120748215
1.1578712421723225
1.1578712421723227
1.1786137900138
1.1786137900138003
1.1984373850106655
1.1984373850106662
1.2173033696553361
1.2173033696553368
1.2351749699494556
1.2351749699494563
1.2520173629014066
1.2520173629014066
1.2677977408822407
1.2677977408822416
1.282485372638984
1.282485372638985
1.2960516607748962
1.2960516607748969
1.3084701955176463
1.308470195517647
1.3197168046083159
1.3197168046083163
1.3297695991566645
1.3297695991566658
1.338609015320989
1.3386090153209893
1.3462178516842156
1.3462178516842163
1.35258130221147
1.3525813022114703
1.3576869846882011
1.357686984688202
1.361524964552026
1.3615249645520269
1.36408777404567
1.3640877740456712
1.365370426632771
1.3653704266327717
