-1.415345595210875
-1.415345595210875
-1.4152763544551095
-1.4152763544551088
-1.4151370372323306
-1.4151370372323298
-1.4149259949248338
-1.4149259949248334
-1.414640810799442
-1.4146408107994417
-1.4142783651954842
-1.414278365195484
-1.4138349188416863
-1.4138349188416854
-1.4133062114823027
-1.413306211482302
-1.4126875725934214
-1.4126875725934207
-1.4119740407355716
-1.4119740407355694
-1.411160488018892
-1.411160488018892
-1.4102417462409749
-1.4102417462409746
-1.4092127314750056
-1.4092127314750051
-1.4080685642107773
-1.4080685642107749
-1.4068046825534362
-1.4068046825534357
-1.4054169464345685
-1.4054169464345683
-1.4039017312584383
-1.4039017312584372
-1.4022560098685473
-1.402256009868547
-1.4004774221554008
-1.4004774221554
-1.3985643320207617
-1.3985643320207606
-1.3965158717568482
-1.3965158717568478
-1.3943319741855058
-1.3943319741855056
-1.3920133931313343
-1.3920133931313334
-1.3895617129760276
-1.389561712976027
-1.3869793481629424
-1.3869793481629424
-1.384269533597015
-1.3842695335970145
-1.3814363069222404
-1.3814363069222402
-1.378484483663581
-1.3784844836635801
-1.375419626199383
-1.3754196261993823
-1.3722480074899275
-1.3722480074899268
-1.3689765704334436
-1.368976570433443
-1.3656128836572627
-1.365612883657262
-1.3621650944828723
-1.3621650944828714
-1.358641879732531
-1.3586418797325295
-1.3550523949744244
-1.3550523949744242
-1.351406222734795
-1.351406222734794
-1.3477133201405591
-1.347713320140558
-1.3439839663954318
-1.3439839663954312
-1.3402287104369945
-1.3402287104369939
-1.336458319071889
-1.3364583190718888
-1.3326837258412163
-1.3326837258412163
-1.3289159808282858
-1.3289159808282853
-1.3251662015857635
-1.3251662015857633
-1.3214455253287698
-1.3214455253287687
-1.3177650625140778
-1.3177650625140769
-1.3141358519030706
-1.3141358519030706
-1.3105688171869128
-1.3105688171869128
-1.3070747252363155
-1.3070747252363146
-1.3036641460247658
-1.303664146024765
-1.3003474142629816
-1.3003474142629803
-1.2971345927731703
-1.2971345927731694
-1.2940354376242766
-1.2940354376242755
-1.2910593650433957
-1.2910593650433952
-1.2882154201138436
-1.2882154201138432
-1.285512247266613
-1.2855122472666125
-1.2829580625691523
-1.2829580625691521
-1.2805606278132222
-1.280560627813222
-1.2783272264020231
-1.2783272264020231
-1.2762646410356828
-1.2762646410356826
-1.274379133193443
-1.2743791331934426
-1.2726764244104212
-1.2726764244104212
-1.2711616793466083
-1.271161679346608
-1.269839490645673
-1.2698394906456727
-1.2687138655812287
-1.2687138655812276
-1.2677882144883545
-1.2677882144883534
-1.267065340978383
-1.2670653409783827
-1.2665474339352338
-1.2665474339352336
-1.2662360612918466
-1.2662360612918464
-1.2661321655855922
0.09647505965957923
0.09647505965957963
0.09787331720835091
0.09787331720835125
0.10066591042294182
0.10066591042294185
0.1048450248325045
0.10484502483250474
0.11039901113616327
0.11039901113616368
0.11731246980723177
0.11731246980723202
0.12556636023484602
0.12556636023484608
0.13513813152905788
0.13513813152905804
0.14600187170261794
0.1460018717026184
0.158128471694719
0.15812847169471927
0.17148580061898552
0.1714858006189862
0.18603888868903018
0.18603888868903054
0.20175011447979813
0.2017501144797984
0.21857939349543498
0.21857939349543562
0.23648436540468043
0.23648436540468082
0.2554205777426239
0.255420577742624
0.275341664334566
0.2753416643345662
0.2961995171487726
0.2961995171487735
0.3179444507100149
0.31794445071001604
0.34052535858980776
0.3405253585898081
0.36388986182248123
0.3638898618224839
0.3879844493733187
0.387984449373319
0.4127546110049545
0.41275461100495453
0.438144963052888
0.4381449630528883
0.464099367734733
0.4640993677347333
0.4905610466863848
0.49056104668638534
0.5174726894483211
0.5174726894483213
0.5447765576235404
0.5447765576235414
0.5724145854018334
0.5724145854018344
0.6003284770994113
0.6003284770994116
0.6284598023037685
0.6284598023037692
0.6567500891459388
0.6567500891459397
0.6851409161497216
0.6851409161497221
0.7135740030335247
0.7135740030335249
0.741991300767341
0.7419913007673417
0.7703350811171903
0.7703350811171908
0.7985480258433179
0.7985480258433183
0.8265733156574487
0.8265733156574488
0.8543547189890323
0.8543547189890329
0.8818366805608788
0.8818366805608789
0.9089644097309294
0.90896440973093
0.9356839685189812
0.9356839685189824
0.9619423592047487
0.9619423592047502
0.9876876113563596
0.9876876113563605
1.0128688681259346
1.0128688681259346
1.0374364716307296
1.0374364716307296
1.0613420472243034
1.0613420472243036
1.084538586451601
1.0845385864516015
1.1069805284745922
1.1069805284745935
1.1286238397506914
1.128623839750692
1.1494260917443029
1.149426091744304
1.1693465364521982
1.1693465364521982
1.188346179525788
1.1883461795257884
1.2063878507773729
1.2063878507773742
1.2234362718630447
1.2234362718630447
1.2394581209417292
1.2394581209417295
1.254422094117917
1.2544220941179174
1.2682989634845354
1.268298963484536
1.28106163159229
1.2810616315922903
1.2926851821823253
1.2926851821823258
1.3031469270302616
1.3031469270302616
1.3124264487613502
1.3124264487613502
1.3205056395086985
1.3205056395087005
1.3273687352990637
1.3273687352990644
1.333002346063607
1.3330023460636071
1.3373954811841982
1.3373954811842
1.3405395704992218
1.3405395704992225
1.3424284807064555
1.3424284807064555
1.3430585271142927
