-1.460915422908885
-1.460915422908885
-1.4607244441042075
-1.4607244441042062
-1.4603422060533984
-1.4603422060533975
-1.4597681614749787
-1.4597681614749782
-1.4590015230108306
-1.4590015230108304
-1.4580413022946934
-1.4580413022946932
-1.4568863600936959
-1.4568863600936954
-1.4555354659751665
-1.4555354659751658
-1.4539873657074753
-1.4539873657074744
-1.4522408544401755
-1.4522408544401755
-1.4502948536277618
-1.4502948536277613
-1.4481484896603931
-1.4481484896603922
-1.4458011722370783
-1.4458011722370776
-1.443252670651804
-1.443252670651803
-1.440503186348366
-1.4405031863483648
-1.4375534203214049
-1.4375534203214047
-1.4344046341855996
-1.4344046341855987
-1.4310587039890905
-1.43105870398909
-1.427518166099389
-1.4275181660993883
-1.4237862547308084
-1.4237862547308076
-1.419866930904255
-1.4198669309042546
-1.4157649028279466
-1.4157649028279449
-1.4114856378579181
-1.4114856378579164
-1.4070353663389434
-1.407035366338943
-1.4024210777395532
-1.402421077739551
-1.3976505095808045
-1.3976505095808045
-1.3927321297194533
-1.3927321297194515
-1.3876751125847133
-1.387675112584713
-1.3824893099873885
-1.382489309987388
-1.3771852171234344
-1.377185217123434
-1.3717739343843167
-1.3717739343843158
-1.366267125566669
-1.3662671255666683
-1.3606769730462172
-1.360676973046216
-1.3550161304480217
-1.3550161304480213
-1.3492976733088444
-1.3492976733088442
-1.343535048189233
-1.3435350481892328
-1.3377420206543171
-1.3377420206543171
-1.3319326225040824
-1.3319326225040822
-1.326121098597018
-1.3261210985970175
-1.3203218535759096
-1.3203218535759094
-1.314549398771656
-1.3145493987716554
-1.3088182995305007
-1.3088182995305002
-1.303143123182129
-1.3031431231821284
-1.2975383878406748
-1.297538387840674
-1.2920185122077792
-1.292018512207779
-1.286597766526363
-1.2865977665263622
-1.2812902248154896
-1.2812902248154887
-1.2761097185006094
-1.2761097185006094
-1.2710697915392086
-1.271069791539208
-1.2661836571294145
-1.2661836571294134
-1.2614641560782642
-1.2614641560782638
-1.256923716896745
-1.2569237168967449
-1.2525743176805324
-1.252574317680532
-1.2484274498281047
-1.2484274498281043
-1.244494083641701
-1.244494083641701
-1.240784635851139
-1.2407846358511387
-1.2373089390957768
-1.2373089390957765
-1.2340762133957766
-1.2340762133957766
-1.2310950396401754
-1.2310950396401747
-1.228373335116054
-1.2283733351160535
-1.225918331100248
-1.225918331100248
-1.22373655253245
-1.2237365525324495
-1.2218337997862245
-1.221833799786224
-1.220215132552343
-1.220215132552342
-1.218884855846809
-1.218884855846809
-1.2178465081541439
-1.2178465081541436
-1.2171028517146827
-1.2171028517146822
-1.2166558649630046
-1.2166558649630044
-1.2165067371229348
0.1075025090310142
0.10750250903101478
0.10882026973883517
0.10882026973883548
0.11145233781042277
0.11145233781042312
0.11539182683174463
0.11539182683174508
0.12062845741349038
0.12062845741349061
0.12714861622144435
0.1271486162214446
0.13493543266852442
0.13493543266852462
0.14396887166487768
0.1439688716648778
0.1542258405652025
0.15422584056520264
0.1656803082754144
0.16568030827541455
0.17830343438638319
0.17830343438638346
0.1920637061882852
0.19206370618828547
0.20692708147828556
0.20692708147828603
0.22285713519654318
0.22285713519654343
0.2398152080983235
0.23981520809832374
0.2577605558796675
0.257760555879668
0.2766504974066938
0.27665049740669495
0.296440560941299
0.2964405609413002
0.31708462749718436
0.3170846274971846
0.3385350706902459
0.33853507069024624
0.3607428926590041
0.3607428926590043
0.38365785581865797
0.38365785581865863
0.40722861037346203
0.40722861037346275
0.4314028176449886
0.43140281764498983
0.4561272693787102
0.4561272693787106
0.48134800326952953
0.4813480032695302
0.507010415000622
0.5070104150006234
0.5330593671219699
0.5330593671219701
0.5594392951083708
0.5594392951083714
0.5860943109345659
0.5860943109345663
0.6129683044905451
0.6129683044905458
0.6400050431359346
0.6400050431359352
0.6671482696611744
0.6671482696611746
0.6943417988872809
0.694341798887281
0.7215296130972748
0.7215296130972754
0.7486559564524622
0.7486559564524623
0.7756654285069403
0.7756654285069414
0.8025030768950717
0.8025030768950729
0.8291144892299028
0.8291144892299032
0.8554458842162063
0.8554458842162066
0.8814442019503786
0.8814442019503804
0.9070571933510437
0.9070571933510441
0.9322335086389059
0.9322335086389069
0.9569227847624768
0.9569227847624774
0.9810757316472238
0.9810757316472242
1.0046442171298862
1.0046442171298868
1.0275813504265756
1.027581350426576
1.0498415639729366
1.0498415639729368
1.0713806934667933
1.0713806934667944
1.092156055938136
1.092156055938136
1.1121265256678738
1.112126525667874
1.1312526077753353
1.1312526077753362
1.1494965092947014
1.1494965092947016
1.166822207562427
1.166822207562427
1.1831955157410197
1.1831955157410199
1.1985841453090131
1.1985841453090131
1.2129577653527432
1.2129577653527435
1.2262880585021787
1.2262880585021794
1.238548773360714
1.2385487733607143
1.2497157732871718
1.2497157732871729
1.259767081397421
1.259767081397421
1.2686829216626938
1.2686829216626943
1.2764457559919535
1.2764457559919538
1.2830403171963713
1.2830403171963722
1.2884536377451052
1.2884536377451075
1.2926750742330109
1.2926750742330115
1.2956963274926778
1.295696327492678
1.297511458295169
1.2975114582951695
1.2981168985959914
