-1.4847961262369729
-1.4846698535639113
-1.4846698535639105
-1.4842910250805075
-1.4842910250805068
-1.4836596143669714
-1.4836596143669714
-1.4827755938117617
-1.4827755938117615
-1.4816389587091388
-1.4816389587091385
-1.4802497599516273
-1.480249759951627
-1.47860814433013
-1.4786081443301295
-1.476714401249119
-1.4767144012491187
-1.474569014509518
-1.4745690145095163
-1.4721727177114028
-1.4721727177114023
-1.4695265517836569
-1.469526551783656
-1.4666319231556453
-1.466631923155645
-1.4634906611425518
-1.46349066114255
-1.460105073214079
-1.4601050732140783
-1.4564779969478832
-1.456477996947883
-1.452612847625498
-1.4526128476254971
-1.448513660600692
-1.4485136606006916
-1.4441851277498408
-1.4441851277498405
-1.4396326274933302
-1.439632627493329
-1.434862248049954
-1.4348622480499527
-1.429880803747512
-1.4298808037475108
-1.4246958443586917
-1.4246958443586908
-1.4193156575593446
-1.4193156575593442
-1.4137492647151704
-1.4137492647151702
-1.408006410292268
-1.4080064102922674
-1.402097545257665
-1.4020975452576643
-1.3960338048887888
-1.3960338048887868
-1.3898269814475817
-1.3898269814475812
-1.3834894921974838
-1.3834894921974832
-1.377034343251596
-1.3770343432515955
-1.3704750897403264
-1.370475089740326
-1.3638257927782644
-1.3638257927782642
-1.3571009736950201
-1.35710097369502
-1.3503155659747839
-1.3503155659747836
-1.343484865325839
-1.3434848653258387
-1.3366244782754644
-1.3366244782754633
-1.3297502696586092
-1.3297502696586092
-1.3228783093412038
-1.3228783093412035
-1.3160248184917036
-1.3160248184917034
-1.3092061156879533
-1.3092061156879529
-1.3024385631210078
-1.302438563121007
-1.2957385131335515
-1.2957385131335504
-1.2891222553080512
-1.289122255308051
-1.2826059642989331
-1.282605964298933
-1.2762056485839217
-1.2762056485839215
-1.2699371002921211
-1.2699371002921211
-1.2638158462505367
-1.2638158462505364
-1.2578571003763095
-1.257857100376309
-1.2520757175289605
-1.2520757175289603
-1.2464861489253114
-1.246486148925311
-1.2411023992092818
-1.2411023992092818
-1.2359379852594128
-1.2359379852594128
-1.2310058968085986
-1.2310058968085986
-1.2263185589430265
-1.2263185589430263
-1.2218877965405834
-1.221887796540583
-1.2177248007029633
-1.217724800702963
-1.2138400972302583
-1.2138400972302574
-1.2102435171818757
-1.210243517181875
-1.2069441695631347
-1.2069441695631342
-1.203950416172772
-1.2039504161727717
-1.2012698486427897
-1.2012698486427895
-1.1989092676985424
-1.1989092676985424
-1.1968746646636623
-1.1968746646636617
-1.195171205231292
-1.1951712052312917
-1.1938032155201286
-1.1938032155201277
-1.1927741704309387
-1.1927741704309378
-1.1920866843164626
-1.1920866843164624
-1.1917425039749472
-1.191742503974947
0.11489729897632316
0.1155353993161616
0.11553539931616223
0.11744808238315137
0.11744808238315242
0.12063050267315807
0.12063050267315853
0.1250746120288584
0.12507461202885958
0.1307692006046377
0.13076920060463776
0.13769995312362465
0.13769995312362512
0.1458495193900901
0.14584951939009078
0.15519759780107031
0.1551975978010706
0.16572103043245132
0.16572103043245165
0.1773939081606
0.17739390816060013
0.19018768422205867
0.19018768422205926
0.20407129460861417
0.20407129460861465
0.21901128373845943
0.21901128373845966
0.23497193392958143
0.23497193392958154
0.25191539732068235
0.2519153973206828
0.269801829029209
0.2698018290292096
0.28858952049650954
0.2885895204965104
0.3082350321383616
0.3082350321383623
0.32869332458758355
0.3286933245875836
0.34991788797782625
0.34991788797782686
0.3718608688687538
0.37186086886875497
0.39447319454909274
0.3944731945490928
0.4177046945728754
0.41770469457287657
0.44150421948445034
0.4415042194844508
0.465819756769214
0.46581975676921483
0.49059854413002735
0.4905985441300287
0.5157871802351562
0.5157871802351564
0.5413317331138888
0.5413317331138893
0.5671778463925846
0.5671778463925851
0.5932708435688431
0.5932708435688441
0.6195558305167412
0.6195558305167419
0.6459777964035436
0.6459777964035442
0.6724817131799347
0.672481713179935
0.6990126337829913
0.699012633782992
0.7255157891655751
0.7255157891655752
0.7519366842384975
0.7519366842384978
0.7782211927839873
0.7782211927839875
0.804315651371268
0.8043156513712681
0.8301669522783092
0.8301669522783092
0.8557226353984201
0.8557226353984209
0.8809309790867146
0.8809309790867154
0.905741089879894
0.905741089879894
0.9301029910033665
0.9301029910033668
0.9539677095626118
0.9539677095626118
0.9772873623008177
0.977287362300818
1.0000152397922752
1.0000152397922755
1.0221058889306411
1.0221058889306418
1.043515193562914
1.0435151935629143
1.0642004531137335
1.0642004531137337
1.0841204590402846
1.084120459040285
1.1032355689554283
1.1032355689554303
1.1215077782557563
1.1215077782557568
1.1389007890918097
1.13890078909181
1.1553800765195659
1.155380076519566
1.1709129516754797
1.1709129516754808
1.185468621821694
1.1854686218216945
1.1990182471132826
1.199018247113284
1.2115349939457398
1.21153499394574
1.2229940847479266
1.222994084747928
1.2333728440935807
1.2333728440935807
1.2426507410129213
1.2426507410129222
1.2508094273950106
1.2508094273950112
1.2578327723810705
1.2578327723810716
1.2637068926590036
1.2637068926590045
1.2684201785797988
1.2684201785798006
1.2719633160272086
1.2719633160272092
1.2743293039831523
1.2743293039831523
1.2755134677425257
1.275513467742526
