-1.5092322901835744
-1.5092322901835733
-1.508918082888726
-1.5089180828887259
-1.5082898952285069
-1.5082898952285053
-1.5073481878612536
-1.5073481878612531
-1.5060936685647426
-1.5060936685647421
-1.5045273118103384
-1.5045273118103375
-1.5026503839304282
-1.5026503839304277
-1.5004644731301802
-1.5004644731301793
-1.497971523465576
-1.497971523465575
-1.49517387181409
-1.4951738718140892
-1.4920742868043648
-1.4920742868043635
-1.4886760086469595
-1.4886760086469586
-1.4849827888181233
-1.4849827888181224
-1.4809989285895748
-1.4809989285895746
-1.4767293154652548
-1.476729315465254
-1.472179456675892
-1.472179456675891
-1.4673555089886687
-1.4673555089886678
-1.4622643042067183
-1.462264304206718
-1.4569133698563674
-1.4569133698563643
-1.4513109446842167
-1.451310944684216
-1.445465988707152
-1.4454659887071513
-1.4393881876726515
-1.4393881876726509
-1.4330879518920088
-1.4330879518920077
-1.426576409503123
-1.4265764095031215
-1.4198653943014252
-1.4198653943014243
-1.4129674283467866
-1.4129674283467863
-1.405895699610894
-1.405895699610892
-1.3986640349741526
-1.3986640349741515
-1.3912868689144566
-1.3912868689144557
-1.3837792082531377
-1.3837792082531373
-1.3761565933373927
-1.3761565933373918
-1.3684350560445533
-1.3684350560445522
-1.3606310749930475
-1.3606310749930466
-1.3527615283389385
-1.3527615283389376
-1.3448436445266778
-1.3448436445266754
-1.3368949513491017
-1.3368949513491013
-1.3289332236556965
-1.328933223655696
-1.3209764300304578
-1.3209764300304572
-1.313042678742037
-1.3130426787420362
-1.3051501632496862
-1.3051501632496854
-1.2973171075293528
-1.2973171075293521
-1.289561711465463
-1.2895617114654616
-1.2819020965356074
-1.2819020965356065
-1.274356251997907
-1.2743562519979064
-1.2669419817741996
-1.2669419817741994
-1.2596768522065793
-1.2596768522065793
-1.252578140850249
-1.2525781408502483
-1.245662786452047
-1.2456627864520464
-1.2389473402514855
-1.2389473402514855
-1.2324479187295274
-1.2324479187295267
-1.2261801579196765
-1.226180157919676
-1.220159169386184
-1.2201591693861833
-1.2143994979651394
-1.2143994979651378
-1.2089150813559708
-1.2089150813559706
-1.2037192116433015
-1.2037192116433004
-1.1988244988220387
-1.1988244988220378
-1.194242836392193
-1.1942428363921929
-1.1899853690838529
-1.189985369083852
-1.1860624627671816
-1.1860624627671812
-1.1824836765971025
-1.1824836765971023
-1.1792577374374047
-1.1792577374374045
-1.1763925166043694
-1.1763925166043687
-1.1738950089656353
-1.1738950089656348
-1.1717713144257786
-1.1717713144257782
-1.170026621826073
-1.1700266218260726
-1.1686651952819607
-1.1686651952819604
-1.1676903629779818
-1.1676903629779816
-1.1671045084362208
-1.1671045084362202
-1.1669090642706486
0.1239058197037392
0.12390581970374213
0.12513885367987526
0.12513885367987537
0.12760189468922534
0.12760189468922575
0.13128890248826774
0.13128890248826794
0.13619085059496122
0.1361908505949614
0.14229576633419344
0.14229576633419383
0.1495887832332645
0.1495887832332657
0.15805220496118658
0.15805220496118724
0.1676655798623912
0.16766557986239136
0.17840578502593837
0.1784057850259392
0.19024711875753053
0.19024711875753073
0.20316140028377744
0.20316140028377758
0.2171180755147951
0.21711807551479523
0.23208432771912396
0.232084327719125
0.2480251920202167
0.248025192020217
0.26490367270117443
0.26490367270117543
0.28268086239877876
0.2826808623987799
0.301316062373548
0.3013160623735483
0.320766903154443
0.32076690315444384
0.3409894649701312
0.34098946497013183
0.36193839748914053
0.3619383974891413
0.3835670384956873
0.3835670384956875
0.4058275312235421
0.40582753122354237
0.4286709401553821
0.42867094015538276
0.4520473651685197
0.45204736516852057
0.4759060539691964
0.4759060539691965
0.5001955128069038
0.500195512806904
0.5248636154979609
0.5248636154979618
0.549857710814594
0.5498577108145943
0.5751247283131605
0.575124728313161
0.6006112826841351
0.6006112826841357
0.626263776708094
0.6262637767080951
0.652028502897751
0.6520285028977518
0.6778517438969666
0.6778517438969676
0.7036798716949547
0.7036798716949555
0.7294594456985105
0.729459445698511
0.7551373096878841
0.7551373096878847
0.780660687663788
0.780660687663788
0.8059772785744964
0.8059772785744976
0.8310353498936798
0.8310353498936802
0.855783830001938
0.8557838300019381
0.8801723993082888
0.8801723993082894
0.904151580032383
0.9041515800323834
0.927672824554151
0.9276728245541517
0.9506886022250803
0.9506886022250813
0.9731524845243678
0.9731524845243679
0.9950192284339642
0.9950192284339653
1.0162448578988375
1.0162448578988375
1.0367867432327786
1.0367867432327793
1.0566036783255883
1.0566036783255894
1.0756559555044702
1.075655955504471
1.0939054379008981
1.0939054379008986
1.1113156291739996
1.1113156291740018
1.1278517404424406
1.1278517404424413
1.1434807542790253
1.1434807542790255
1.1581714856254284
1.158171485625429
1.1718946394886731
1.1718946394886742
1.184622865286152
1.1846228652861526
1.1963308077118655
1.1963308077118675
1.2069951540032953
1.2069951540032962
1.2165946774956526
1.2165946774956538
1.2251102773582556
1.2251102773582565
1.2325250144162272
1.2325250144162276
1.238824142969741
1.2388241429697413
1.24399513853241
1.2439951385324106
1.2480277214201632
1.2480277214201634
1.250913876132008
1.250913876132008
1.2526478664744232
1.2526478664744232
1.2532262463915955
