-1.5597489661150559
-1.5597489661150556
-1.5593121363645501
-1.5593121363645488
-1.5584391503569603
-1.5584391503569581
-1.5571313572416199
-1.557131357241618
-1.5553907860656075
-1.5553907860656075
-1.5532201519314701
-1.5532201519314683
-1.5506228638327335
-1.550622863832732
-1.5476030338624216
-1.5476030338624198
-1.5441654874332489
-1.5441654874332482
-1.5403157741033007
-1.5403157741033005
-1.5360601785688308
-1.5360601785688304
-1.5314057313668539
-1.531405731366853
-1.5263602188243903
-1.52636021882439
-1.520932191798001
-1.5209321917980003
-1.5151309727655728
-1.515130972765571
-1.5089666608609629
-1.5089666608609624
-1.5024501344792958
-1.5024501344792953
-1.4955930511248403
-1.4955930511248383
-1.4884078442225641
-1.4884078442225637
-1.480907716666849
-1.4809077166668472
-1.4731066309347949
-1.4731066309347922
-1.4650192956454886
-1.465019295645488
-1.4566611484991314
-1.4566611484991312
-1.4480483355799727
-1.448048335579972
-1.439197687053609
-1.4391976870536087
-1.4301266893317401
-1.4301266893317397
-1.4208534538154085
-1.4208534538154072
-1.4113966823609874
-1.4113966823609865
-1.4017756296414325
-1.4017756296414317
-1.3920100625988008
-1.3920100625988001
-1.3821202172029057
-1.3821202172029043
-1.3721267527455259
-1.3721267527455239
-1.3620507039100347
-1.3620507039100347
-1.351913430863293
-1.3519134308632923
-1.3417365676202946
-1.3417365676202944
-1.3315419689329748
-1.3315419689329744
-1.3213516559531173
-1.3213516559531173
-1.3111877609157714
-1.3111877609157705
-1.3010724710844783
-1.3010724710844777
-1.2910279721931308
-1.2910279721931308
-1.2810763916117955
-1.2810763916117953
-1.2712397414555792
-1.271239741455579
-1.2615398618468041
-1.261539861846804
-1.251998364531598
-1.2519983645315977
-1.2426365770426337
-1.2426365770426329
-1.2334754875903269
-1.233475487590326
-1.2245356908553975
-1.2245356908553968
-1.2158373348464222
-1.2158373348464215
-1.2074000689768731
-1.2074000689768725
-1.1992429935072992
-1.1992429935072983
-1.1913846104896042
-1.191384610489604
-1.1838427763420603
-1.1838427763420598
-1.1766346561755554
-1.176634656175555
-1.169776679983785
-1.1697766799837848
-1.1632845008025088
-1.1632845008025088
-1.157172954935731
-1.1571729549357295
-1.151456024339573
-1.1514560243395728
-1.1461468012478302
-1.1461468012478302
-1.1412574551165244
-1.1412574551165242
-1.136799201958408
-1.1367992019584077
-1.1327822761320794
-1.1327822761320794
-1.1292159046442907
-1.1292159046442902
-1.1261082840180643
-1.1261082840180636
-1.1234665597734175
-1.1234665597734168
-1.1212968085617285
-1.1212968085617274
-1.119604022989164
-1.1196040229891633
-1.1183920991590017
-1.1183920991590008
-1.1176638269571837
-1.1176638269571832
-1.1174208830999763
0.14528580454342027
0.14528580454342196
0.14643180011647366
0.1464318001164753
0.14872113604978857
0.14872113604978907
0.15214851108058602
0.15214851108058755
0.15670599612385913
0.15670599612386077
0.16238306137220132
0.16238306137220151
0.16916661198556598
0.1691666119855668
0.1770410320076067
0.1770410320076073
0.18598823607426063
0.18598823607426163
0.19598772842115061
0.19598772842115184
0.20701666865009816
0.20701666865009877
0.21904994368224046
0.21904994368224115
0.23206024530580202
0.23206024530580308
0.24601815271998548
0.24601815271998603
0.26089221948174396
0.26089221948174507
0.2766490642780987
0.27664906427810015
0.2932534649714867
0.29325346497148697
0.3106684553977763
0.31066845539777704
0.32885542443415344
0.32885542443415416
0.3477742168953073
0.3477742168953079
0.3673832358596089
0.36738323585960925
0.38763954607065393
0.38763954607065504
0.40849897810235664
0.4084989781023571
0.429916233016594
0.4299162330165943
0.4518449872803427
0.45184498728034334
0.4742379977436385
0.47423799774363956
0.49704720651009215
0.49704720651009365
0.5202238455579398
0.5202238455579408
0.543718540991487
0.5437185409914885
0.5674814168205762
0.5674814168205766
0.5914621981794116
0.5914621981794125
0.6156103139061467
0.6156103139061473
0.6398749984112628
0.6398749984112633
0.6642053927665498
0.6642053927665507
0.6885506449476321
0.6885506449476327
0.7128600091620376
0.7128600091620384
0.7370829441921806
0.7370829441921819
0.7611692106785646
0.7611692106785651
0.7850689672635972
0.7850689672635978
0.8087328655107576
0.808732865510758
0.8321121435078855
0.8321121435078862
0.8551587180573132
0.8551587180573141
0.8778252753495672
0.8778252753495684
0.9000653600117542
0.9000653600117546
0.9218334624165002
0.9218334624165011
0.9430851041327423
0.943085104132743
0.9637769213956494
0.9637769213956501
0.983866746469774
0.9838667464697742
1.0033136867770727
1.003313686777075
1.0220782016598358
1.0220782016598362
1.0401221766477196
1.0401221766477202
1.0574089950981926
1.0574089950981937
1.0739036070804702
1.0739036070804706
1.0895725953747497
1.0895725953747506
1.1043842384609364
1.104384238460937
1.1183085703742348
1.1183085703742355
1.1313174373089105
1.131317437308911
1.1433845508559837
1.1433845508559841
1.154485537765904
1.1544855377659053
1.1645979861329212
1.1645979861329214
1.1737014879042362
1.173701487904237
1.1817776776237774
1.181777677623778
1.1888102673276948
1.1888102673276957
1.1947850775163376
1.1947850775163391
1.1996900641354724
1.199690064135473
1.20351534150783
1.2035153415078301
1.2062532011646923
1.2062532011646938
1.207898126536043
1.2078981265360436
1.2084468034668248
