-1.5857244954608196
-1.5854757508780828
-1.5854757508780817
-1.5847299535025257
-1.584729953502525
-1.5834884127126099
-1.5834884127126096
-1.5817533116502573
-1.5817533116502573
-1.579527708404868
-1.5795277084048673
-1.5768155375082546
-1.5768155375082542
-1.573621611583919
-1.5736216115839183
-1.5699516229579131
-1.5699516229579116
-1.5658121450081437
-1.5658121450081426
-1.5612106330052606
-1.5612106330052598
-1.5561554241816786
-1.5561554241816782
-1.5506557367561415
-1.5506557367561409
-1.5447216676393574
-1.544721667639357
-1.5383641885515138
-1.5383641885515122
-1.5315951402942833
-1.531595140294282
-1.5244272249376527
-1.5244272249376511
-1.5168739957047064
-1.516873995704706
-1.5089498443644371
-1.5089498443644365
-1.5006699859728239
-1.500669985972823
-1.4920504408348554
-1.4920504408348552
-1.4831080135938144
-1.4831080135938144
-1.4738602693883522
-1.4738602693883518
-1.4643255070516052
-1.464325507051604
-1.454522729359338
-1.4545227293593361
-1.4444716103652189
-1.4444716103652187
-1.434192459890311
-1.4341924598903109
-1.4237061852604092
-1.423706185260408
-1.4130342504087978
-1.4130342504087974
-1.402198632483038
-1.4021986324830378
-1.3912217761125558
-1.3912217761125536
-1.3801265455092155
-1.3801265455092153
-1.368936174585614
-1.3689361745856135
-1.3576742152857573
-1.3576742152857566
-1.3463644843303353
-1.3463644843303346
-1.3350310085839836
-1.3350310085839836
-1.3236979692551307
-1.3236979692551303
-1.3123896451403607
-1.3123896451403596
-1.3011303551249385
-1.3011303551249382
-1.2899444001495068
-1.2899444001495066
-1.2788560048500055
-1.2788560048500053
-1.2678892590740534
-1.267889259074052
-1.257068059472226
-1.2570680594722248
-1.2464160513572877
-1.2464160513572875
-1.2359565710183966
-1.2359565710183955
-1.2257125886709752
-1.2257125886709745
-1.2157066522161597
-1.215706652216159
-1.2059608319767974
-1.2059608319767965
-1.1964966665698584
-1.196496666569858
-1.1873351100679104
-1.1873351100679101
-1.178496480595047
-1.1784964805950464
-1.1700004104953983
-1.1700004104953974
-1.1618657982051344
-1.1618657982051328
-1.154110761951665
-1.1541107619516644
-1.1467525953966147
-1.1467525953966144
-1.1398077253321406
-1.1398077253321404
-1.1332916715331516
-1.1332916715331507
-1.1272190088611398
-1.127219008861139
-1.1216033317085352
-1.1216033317085343
-1.116457220865786
-1.1164572208657855
-1.1117922128867272
-1.111792212886727
-1.1076187720212602
-1.1076187720212594
-1.1039462647778626
-1.1039462647778615
-1.1007829371720563
-1.1007829371720557
-1.0981358947105233
-1.0981358947105226
-1.096011085154335
-1.0960110851543334
-1.094413284098384
-1.094413284098384
-1.0933460833979485
-1.0933460833979474
-1.0928118824670374
-1.0928118824670372
0.15757862469193834
0.15812982500829695
0.15812982500829703
0.15978218003349187
0.15978218003349212
0.16253195579427535
0.16253195579427596
0.16637294163193037
0.16637294163193053
0.17129646903858364
0.17129646903858387
0.17729143781335563
0.17729143781335588
0.18434434932991245
0.18434434932991264
0.1924393466561709
0.1924393466561714
0.20155826122202936
0.20155826122202955
0.2116806656929472
0.2116806656929479
0.2227839326765303
0.2227839326765314
0.23484329886617256
0.23484329886617325
0.24783193421037136
0.24783193421037156
0.2617210156882143
0.2617210156882154
0.2764798052703443
0.27647980527034477
0.29207573164973316
0.29207573164973355
0.3084744753370728
0.3084744753370736
0.32564005673064966
0.3256400567306499
0.3435349267891937
0.34353492678919517
0.3621200599576169
0.36212005995761715
0.3813550490185967
0.38135504901859774
0.40119820156708186
0.40119820156708275
0.42160663782893903
0.4216066378289401
0.44253638956866037
0.4425363895686607
0.46394249985365527
0.46394249985365577
0.48577912346369606
0.485779123463697
0.5079996277533455
0.5079996277533457
0.5305566937923235
0.5305566937923238
0.5534024176237092
0.5534024176237095
0.576488411492592
0.5764884114925921
0.599765904908241
0.5997659049082419
0.6231858454112881
0.6231858454112883
0.6466989989237714
0.6466989989237726
0.6702560495645435
0.6702560495645439
0.693807698815523
0.6938076988155244
0.7173047639259694
0.7173047639259705
0.7406982754423803
0.7406982754423804
0.7639395737512328
0.7639395737512332
0.7869804045205867
0.7869804045205872
0.8097730129248744
0.8097730129248752
0.8322702365352026
0.8322702365352028
0.8544255967552824
0.8544255967552826
0.876193388680878
0.8761933886808798
0.8975287692586191
0.8975287692586194
0.9183878436180676
0.9183878436180685
0.9387277494494889
0.938727749449489
0.9585067392985344
0.9585067392985352
0.9776842606484294
0.9776842606484313
0.9962210336600718
0.9962210336600719
1.014079126440796
1.0140791264407965
1.031222027713591
1.0312220277135915
1.047614716759999
1.0476147167599992
1.0632237305121337
1.0632237305121341
1.0780172276719269
1.0780172276719269
1.0919650497390216
1.091965049739022
1.1050387788325886
1.1050387788325886
1.1172117921967273
1.1172117921967277
1.1284593132840521
1.1284593132840532
1.138758459317452
1.1387584593174522
1.148088285235892
1.1480882852358936
1.1564298239364301
1.1564298239364306
1.1637661227313303
1.1637661227313316
1.1700822759461924
1.170082275946193
1.1753654535924443
1.1753654535924445
1.1796049260552166
1.1796049260552175
1.1827920847455673
1.1827920847455684
1.1849204586741797
1.18492045867418
1.1859857269120337
1.185985726912035
