-1.6119241121364536
-1.6119241121364525
-1.6113669192008315
-1.6113669192008315
-1.6102535898111177
-1.6102535898111168
-1.6085862361605343
-1.6085862361605334
-1.6063680245903766
-1.6063680245903755
-1.6036031731853724
-1.6036031731853722
-1.600296948459024
-1.6002969484590228
-1.5964556610401344
-1.5964556610401344
-1.5920866602546728
-1.5920866602546724
-1.5871983274830663
-1.5871983274830652
-1.5818000681625313
-1.5818000681625306
-1.5759023022971619
-1.5759023022971614
-1.5695164533355248
-1.5695164533355241
-1.5626549352762502
-1.5626549352762495
-1.5553311378666252
-1.5553311378666248
-1.5475594097670888
-1.547559409767088
-1.5393550395656406
-1.5393550395656381
-1.5307342345400181
-1.5307342345400174
-1.5217140970817087
-1.521714097081708
-1.512312598713894
-1.512312598713893
-1.5025485516549728
-1.5025485516549715
-1.4924415778996099
-1.4924415778996096
-1.482012075810243
-1.482012075810243
-1.4712811842327955
-1.471281184232795
-1.460270744171017
-1.4602707441710148
-1.4490032580737222
-1.449003258073722
-1.437501846808191
-1.4375018468081908
-1.4257902044107134
-1.4257902044107134
-1.4138925507216527
-1.4138925507216502
-1.401833582027257
-1.4018335820272538
-1.389638419843719
-1.3896384198437186
-1.3773325579905837
-1.3773325579905833
-1.3649418081106008
-1.3649418081106004
-1.3524922438014544
-1.352492243801453
-1.3400101435315888
-1.3400101435315879
-1.3275219325176262
-1.3275219325176257
-1.3150541237447109
-1.3150541237447104
-1.3026332583137128
-1.3026332583137123
-1.2902858453005042
-1.2902858453005042
-1.2780383013127987
-1.2780383013127985
-1.2659168899292508
-1.2659168899292508
-1.25394766120388
-1.2539476612038796
-1.2421563914164335
-1.2421563914164329
-1.2305685232461716
-1.2305685232461712
-1.219209106542822
-1.2192091065428219
-1.2081027398641973
-1.208102739864197
-1.1972735129452605
-1.1972735129452592
-1.1867449502583336
-1.1867449502583334
-1.176539955818782
-1.176539955818782
-1.1666807593847612
-1.166680759384761
-1.1571888641938035
-1.1571888641938033
-1.1480849963728945
-1.1480849963728943
-1.1393890561524675
-1.1393890561524662
-1.1311200710084313
-1.1311200710084308
-1.1232961508498718
-1.1232961508498716
-1.1159344453635547
-1.1159344453635547
-1.1090511036197883
-1.1090511036197863
-1.1026612360375638
-1.1026612360375616
-1.0967788788002375
-1.0967788788002368
-1.0914169608063022
-1.091416960806302
-1.0865872732330948
-1.0865872732330943
-1.0823004417845625
-1.082300441784562
-1.0785659016874296
-1.0785659016874283
-1.075391875493387
-1.0753918754933869
-1.0727853537381433
-1.0727853537381424
-1.0707520785013904
-1.0707520785013898
-1.0692965299050115
-1.0692965299050115
-1.0684219155800259
-1.0684219155800259
-1.0681301631260205
0.17124202396294957
0.17124202396294966
0.17230015058567044
0.1723001505856721
0.17441406327054898
0.17441406327054906
0.17757908727064553
0.17757908727064567
0.18178822636207484
0.18178822636207495
0.18703218181139247
0.18703218181139344
0.1932993774870149
0.19329937748701514
0.20057599096609321
0.20057599096609338
0.20884599045649221
0.20884599045649255
0.21809117732494662
0.21809117732494732
0.2282912339975634
0.22829123399756399
0.23942377697786824
0.2394237769778688
0.2514644147106697
0.25146441471067055
0.26438681000716296
0.26438681000716324
0.27816274673786684
0.2781627467378687
0.29276220049492485
0.29276220049492546
0.308153412923764
0.3081534129237647
0.32430296942572817
0.32430296942572884
0.34117587993765536
0.3411758799376555
0.35873566250107236
0.3587356625010736
0.3769444293422265
0.37694442934222677
0.39576297519410797
0.3957629751941088
0.4151508676025912
0.4151508676025916
0.4350665389703016
0.43506653897030195
0.45546738010358306
0.4554673801035835
0.47630983503949836
0.47630983503949936
0.4975494969410932
0.4975494969410936
0.5191412048597539
0.5191412048597539
0.5410391411733684
0.5410391411733696
0.5631969295180177
0.5631969295180183
0.5855677330389085
0.585567733038909
0.6081043527933594
0.6081043527933606
0.6307593261446585
0.6307593261446595
0.653485024990739
0.6534850249907396
0.6762337536758305
0.6762337536758307
0.6989578464365925
0.6989578464365931
0.7216097642369539
0.7216097642369542
0.7441421908478582
0.7441421908478585
0.7665081280296547
0.7665081280296554
0.7886609896759598
0.7886609896759602
0.810554694778599
0.8105546947785994
0.8321437590738182
0.8321437590738194
0.8533833852304302
0.8533833852304307
0.874229551440992
0.8742295514409926
0.8946390982776612
0.894639098277662
0.9145698136749769
0.9145698136749779
0.9339805159026996
0.9339805159027008
0.9528311343929364
0.9528311343929369
0.9710827882871663
0.9710827882871664
0.9886978625705455
0.9886978625705468
1.0056400816629816
1.005640081662982
1.021874580338947
1.0218745803389475
1.0373679718509663
1.0373679718509667
1.0520884131349768
1.0520884131349773
1.0660056669795666
1.066005666979567
1.0790911610452187
1.079091161045219
1.0913180436243122
1.0913180436243126
1.1026612360375612
1.1026612360375627
1.1130974815679935
1.113097481567995
1.122605390839268
1.1226053908392681
1.1311654835512532
1.1311654835512535
1.1387602264921899
1.1387602264921903
1.1453740677534991
1.1453740677535
1.1509934670803046
1.1509934670803048
1.1556069222979966
1.1556069222979968
1.1592049917626641
1.1592049917626641
1.161780312790904
1.1617803127909045
1.163327616032368
1.163327616032369
1.1638437357564215
