-1.719212621697943
-1.7192126216979426
-1.7184260560054325
-1.7184260560054325
-1.71685457496851
-1.7168545749685087
-1.71450147584754
-1.7145014758475394
-1.7113716959503726
-1.7113716959503718
-1.707471802352335
-1.707471802352335
-1.702809978221605
-1.7028099782216044
-1.6973960057773234
-1.6973960057773223
-1.6912412459146557
-1.6912412459146555
-1.6843586145376543
-1.6843586145376543
-1.676762555647472
-1.6767625556474717
-1.6684690112400653
-1.6684690112400653
-1.659495388073992
-1.6594953880739918
-1.6498605213753268
-1.6498605213753263
-1.6395846355530133
-1.6395846355530133
-1.628689302004138
-1.6286893020041373
-1.6171973940946343
-1.617197394094634
-1.605133039406847
-1.6051330394068464
-1.5925215693510928
-1.5925215693510926
-1.57938946624395
-1.57938946624395
-1.5657643079613461
-1.5657643079613457
-1.5516747102797503
-1.55167471027975
-1.5371502670237216
-1.5371502670237214
-1.522221488142822
-1.522221488142821
-1.5069197358454396
-1.5069197358454394
-1.4912771589213467
-1.4912771589213458
-1.4753266253888189
-1.4753266253888178
-1.4591016536059074
-1.4591016536059067
-1.4426363419889507
-1.4426363419889505
-1.425965297484549
-1.425965297484549
-1.4091235629441523
-1.409123562944152
-1.392146543552979
-1.3921465435529787
-1.3750699324672313
-1.3750699324672309
-1.3579296358155268
-1.3579296358155266
-1.3407616972220648
-1.3407616972220644
-1.3236022220103183
-1.3236022220103179
-1.3064873012469735
-1.3064873012469733
-1.2894529357864242
-1.2894529357864242
-1.2725349604763536
-1.2725349604763534
-1.2557689686848474
-1.2557689686848468
-1.2391902373089758
-1.2391902373089754
-1.2228336524240038
-1.2228336524240035
-1.2067336357311946
-1.2067336357311942
-1.190924071960658
-1.1909240719606577
-1.1754382373838277
-1.1754382373838268
-1.1603087295879415
-1.16030872958794
-1.1455673986623598
-1.1455673986623578
-1.1312452799436445
-1.1312452799436437
-1.1173725284631484
-1.117372528463147
-1.1039783552372926
-1.1039783552372917
-1.0910909655369119
-1.0910909655369099
-1.0787374992678325
-1.0787374992678322
-1.0669439735904815
-1.0669439735904807
-1.0557352279015275
-1.0557352279015269
-1.045134871295576
-1.0451348712955741
-1.0351652326197074
-1.0351652326197056
-1.0258473132280352
-1.025847313228034
-1.0172007425378295
-1.0172007425378289
-1.0092437364826403
-1.0092437364826403
-1.001993058951751
-1.001993058951751
-0.9954639862988597
-0.9954639862988582
-0.9896702749962948
-0.9896702749962939
-0.9846241325043621
-0.984624132504361
-0.9803361914184655
-0.9803361914184645
-0.9768154869496519
-0.9768154869496499
-0.9740694377870367
-0.9740694377870364
-0.9721038303832843
-0.972103830383284
-0.9709228066969949
-0.9709228066969939
-0.970528855418359
0.23537077115389723
0.2353707711538982
0.23625458986641185
0.23625458986641187
0.2380203647952137
0.23802036479521396
0.240664374899591
0.24066437489959122
0.24418104848915248
0.2441810484891539
0.24856297504441466
0.24856297504441469
0.2538009209372621
0.2538009209372626
0.2598838490168681
0.25988384901686834
0.266798942018202
0.2667989420182022
0.2745316297419393
0.2745316297419394
0.28306561994638385
0.2830656199463849
0.2923829328839641
0.2923829328839646
0.30246393940697436
0.3024639394069751
0.3132874025595904
0.3132874025595914
0.3248305225656336
0.3248305225656345
0.337068985114373
0.33706898511437366
0.3499770128395888
0.34997701283958904
0.3635274198803799
0.3635274198803805
0.3776916694056919
0.37769166940569204
0.3924399339783515
0.3924399339783519
0.4077411586284447
0.40774115862844484
0.42356312650029315
0.4235631265002939
0.4398725269319671
0.43987252693196743
0.4566350258213128
0.45663502582131293
0.47381533812782445
0.473815338127825
0.49137730235539884
0.4913773023553997
0.5092839568570415
0.509283956857042
0.52749761779902
0.5274976177990203
0.5459799586186761
0.5459799586186764
0.564692090807264
0.5646920908072641
0.5835946458466175
0.5835946458466184
0.6026478581263365
0.6026478581263368
0.6218116486663496
0.62181164866635
0.6410457094683222
0.6410457094683236
0.6603095883183201
0.6603095883183207
0.6795627738624298
0.6795627738624307
0.6987647807767651
0.6987647807767652
0.7178752348532929
0.717875234853293
0.7368539578233633
0.7368539578233635
0.7556610517415796
0.7556610517415809
0.7742569827537884
0.7742569827537887
0.7926026640744575
0.7926026640744576
0.8106595380005543
0.8106595380005546
0.8283896567912168
0.828389656791217
0.8457557622450235
0.8457557622450239
0.8627213638095781
0.8627213638095788
0.8792508150612446
0.8792508150612452
0.8953093883964454
0.8953093883964459
0.9108633477797373
0.9108633477797375
0.9258800193979908
0.9258800193979912
0.9403278600744852
0.9403278600744875
0.9541765233014203
0.9541765233014209
0.9673969227543157
0.967396922754316
0.9799612931571584
0.9799612931571586
0.991843248372536
0.9918432483725367
1.0030178365969127
1.003017836596913
1.0134615925471469
1.0134615925471473
1.0231525865306268
1.0231525865306272
1.0320704702978536
1.0320704702978538
1.0401965195829714
1.0401965195829723
1.0475136732445904
1.047513673244591
1.0540065689262508
1.054006568926252
1.0596615751631244
1.0596615751631253
1.0644668198687892
1.06446681986879
1.068412215143481
1.0684122151434814
1.0714894783526996
1.0714894783526996
1.0736921494328338
1.073692149432835
1.0750156043881585
1.0750156043881585
1.0754570649514155
