-2.5110863830627292
-2.487106619389605
-2.4672483888048116
-2.452884383664338
-2.440869585693762
-2.4327817323853727
-2.427163974026017
-1.6989259593941626
-1.6851579609522207
-1.667605896342437
-1.6340279598290157
-1.5855003035475768
-1.505082175283538
-0.8500079350796775
-0.6388213955502834
-0.49700179664224936
-0.38361209709607064
-0.3124059733112381
-0.24098322687711876
-0.028290381718340158
0.02829038171834094
0.24098322687711943
0.31240597331123804
0.3836120970960712
0.49700179664224853
0.638821395550282
0.8500079350796773
1.5050821752835373
1.585500303547576
1.6340279598290155
1.667605896342438
1.685157960952222
1.6989259593941626
2.427163974026016
2.4327817323853713
2.4408695856937612
2.4528843836643395
2.467248388804812
2.487106619389604
2.5110863830627297
-2.5110882942529393
-2.48707450167622
-2.4674790843635352
-2.452070392084564
-2.4422449699311115
-2.431375766450944
-2.4278080641313102
-1.6974228722312639
-1.688613709070975
-1.6645020852010282
-1.635481291054587
-1.585164021083701
-1.5051166508093514
-0.8499974930080422
-0.6389853854269355
-0.4957207844135645
-0.38931050506007003
-0.300510060104456
-0.249997013649795
-0.018452875275726248
0.01845287527572584
0.249997013649795
0.3005100601044559
0.3893105050600706
0.49572078441356565
0.6389853854269355
0.8499974930080403
1.5051166508093523
1.5851640210837004
1.6354812910545868
1.6645020852010282
1.6886137090709752
1.697422872231264
2.42780806413131
2.431375766450945
2.442244969931113
2.4520703920845643
2.4674790843635357
2.4870745016762204
2.5110882942529384
-2.5110890856027117
-2.487061130858301
-2.4675715967776113
-2.451693779857166
-2.4428037506253584
-2.430696721952022
-2.4282250096463907
-1.6964667475294812
-1.6902301220679867
-1.6633148335578638
-1.6361312299970325
-1.5850268991824965
-1.5051309520736107
-0.8499931669561948
-0.6390530706417711
-0.4951750045907492
-0.3914424918812301
-0.29465771170364136
-0.25487911431301474
-0.012470427438805685
0.012470427438805333
0.2548791143130136
0.2946577117036399
0.3914424918812305
0.49517500459074876
0.6390530706417713
0.8499931669561923
1.5051309520736105
1.5850268991824954
1.6361312299970325
1.6633148335578645
1.6902301220679867
1.6964667475294835
2.4282250096463884
2.4306967219520192
2.4428037506253597
2.451693779857166
2.467571596777613
2.487061130858302
2.511089085602712
-2.511088294252939
-2.487074501676218
-2.4674790843635352
-2.4520703920845603
-2.442244969931113
-2.431375766450943
-2.4278080641313102
-1.697422872231263
-1.6886137090709745
-1.6645020852010277
-1.6354812910545866
-1.5851640210837015
-1.505116650809351
-0.8499974930080422
-0.6389853854269361
-0.4957207844135648
-0.3893105050600706
-0.3005100601044556
-0.2499970136497949
-0.01845287527572571
0.018452875275726286
0.24999701364979568
0.30051006010445624
0.38931050506007103
0.4957207844135652
0.6389853854269375
0.8499974930080421
1.5051166508093516
1.5851640210837006
1.6354812910545873
1.6645020852010275
1.688613709070975
1.6974228722312636
2.42780806413131
2.431375766450943
2.4422449699311115
2.4520703920845595
2.4674790843635352
2.4870745016762195
2.5110882942529367
-2.51108638306273
-2.487106619389605
-2.4672483888048125
-2.4528843836643377
-2.440869585693762
-2.4327817323853735
-2.427163974026017
-1.6989259593941626
-1.685157960952221
-1.667605896342437
-1.6340279598290162
-1.5855003035475765
-1.505082175283538
-0.8500079350796766
-0.6388213955502828
-0.49700179664224897
-0.3836120970960704
-0.31240597331123837
-0.24098322687711893
-0.028290381718341476
0.028290381718340182
0.2409832268771191
0.31240597331123693
0.383612097096071
0.49700179664224864
0.6388213955502815
0.8500079350796775
1.505082175283537
1.585500303547577
1.6340279598290166
1.6676058963424403
1.685157960952223
1.698925959394163
2.4271639740260165
2.4327817323853704
2.440869585693761
2.4528843836643377
2.4672483888048133
2.4871066193896065
2.511086383062731
-2.5110844708775506
-2.4871385110020197
-2.4670060138956216
-2.45361193398778
-2.4392119915130253
-2.4343725788906765
-2.4267155609959756
-1.6999793872913218
-1.680949628080556
-1.6717804127404414
-1.6326982864592068
-1.5858443954038168
-1.5050477712698196
-0.8500183744072265
-0.6386565718294627
-0.49823550377670445
-0.37661187938429963
-0.3237673128901779
-0.2337789920679415
-0.03578385788119816
0.035783857881198054
0.23377899206794212
0.3237673128901797
0.37661187938429835
0.49823550377670467
0.6386565718294624
0.850018374407227
1.5050477712698191
1.5858443954038164
1.6326982864592081
1.6717804127404419
1.6809496280805578
1.6999793872913218
2.426715560995975
2.4343725788906743
2.439211991513023
2.4536119339877827
2.467006013895621
2.4871385110020214
2.5110844708775524
-2.511083678532807
-2.487151655698014
-2.4669017541411535
-2.453896579954125
-2.438182625004315
-2.435365225859267
-2.426559539544022
-1.7003464877968917
-1.6766343626841156
-1.676120497412918
-1.632175501149463
-1.5859893357241934
-1.5050335415181832
-0.8500226977149861
-0.638588052730375
-0.4987338257120843
-0.3729893964086965
-0.32889199550376974
-0.23108815337434463
-0.03854663536421859
0.03854663536421903
0.23108815337434585
0.3288919955037689
0.3729893964086972
0.49873382571208574
0.6385880527303756
0.8500226977149861
1.5050335415181828
1.585989335724193
1.6321755011494619
1.6761204974129156
1.6766343626841131
1.700346487796892
2.4265595395440243
2.435365225859268
2.438182625004317
2.4538965799541312
2.4669017541411535
2.487151655698014
2.5110836785328066
-2.5110844708775506
-2.487138511002021
-2.4670060138956207
-2.453611933987777
-2.4392119915130226
-2.4343725788906747
-2.4267155609959747
-1.699979387291322
-1.680949628080556
-1.6717804127404405
-1.6326982864592063
-1.5858443954038164
-1.5050477712698196
-0.850018374407226
-0.6386565718294629
-0.4982355037767048
-0.3766118793842991
-0.3237673128901789
-0.23377899206794178
-0.035783857881197534
0.03578385788119893
0.23377899206794242
0.3237673128901782
0.3766118793842989
0.4982355037767042
0.6386565718294629
0.8500183744072264
1.5050477712698194
1.5858443954038175
1.632698286459208
1.6717804127404423
1.6809496280805574
1.6999793872913234
2.426715560995974
2.434372578890672
2.439211991513021
2.4536119339877818
2.4670060138956207
2.4871385110020188
2.51108447087755
-2.5110858230997444
-2.487115983452838
-2.467178686652236
-2.4531045211980356
-2.4404344032222323
-2.4332022338285744
-2.4270194138554495
-1.6992652116193172
-1.6840925735222958
-1.6686425515053114
-1.6336274639555068
-1.5856002539816536
-1.5050720911925934
-0.8500109929720039
-0.6387732066464861
-0.4973678097132687
-0.38173914395886366
-0.3156888949224458
-0.23874389252810563
-0.030639465374276566
0.030639465374275032
0.2387438925281054
0.31568889492244695
0.3817391439588628
0.49736780971326755
0.6387732066464863
0.8500109929720028
1.5050720911925937
1.5856002539816536
1.6336274639555064
1.6686425515053112
1.6840925735222962
1.699265211619316
2.427019413855449
2.4332022338285717
2.4404344032222323
2.4531045211980342
2.4671786866522356
2.4871159834528394
2.5110858230997466
-2.5110877345812455
-2.4870839323993637
-2.4674126269498484
-2.4523207676650736
-2.4418509027660265
-2.4317998509273653
-2.4275852558841744
-1.6979406494989646
-1.6875855840563367
-1.6653658305021941
-1.6350401731942124
-1.585261736893246
-1.5051065457342168
-0.850000551704281
-0.6389374395962435
-0.4961012001999739
-0.38773237770751345
-0.3041996838787857
-0.24706266005514133
-0.021753412963404904
0.02175341296340515
0.2470626600551414
0.3041996838787874
0.38773237770751207
0.49610120019997483
0.6389374395962436
0.8500005517042822
1.5051065457342157
1.5852617368932456
1.635040173194212
1.6653658305021932
1.687585584056335
1.6979406494989637
2.427585255884175
2.431799850927366
2.441850902766027
2.4523207676650745
2.4674126269498475
2.487083932399363
2.5110877345812463
-2.511089085602713
-2.487061130858301
-2.467571596777613
-2.451693779857167
-2.442803750625359
-2.4306967219520206
-2.42822500964639
-1.6964667475294815
-1.6902301220679867
-1.6633148335578634
-1.6361312299970316
-1.585026899182497
-1.5051309520736105
-0.8499931669561942
-0.6390530706417712
-0.4951750045907488
-0.3914424918812303
-0.2946577117036411
-0.2548791143130143
-0.012470427438806128
0.012470427438805026
0.2548791143130148
0.29465771170364213
0.3914424918812297
0.4951750045907489
0.6390530706417721
0.8499931669561926
1.5051309520736105
1.5850268991824958
1.6361312299970305
1.663314833557865
1.690230122067987
1.6964667475294817
2.4282250096463893
2.4306967219520192
2.442803750625359
2.451693779857163
2.467571596777612
2.487061130858302
2.511089085602713
-2.5110890856027126
-2.487061130858301
-2.4675715967776117
-2.451693779857167
-2.442803750625359
-2.430696721952021
-2.42822500964639
-1.6964667475294817
-1.6902301220679872
-1.6633148335578636
-1.6361312299970325
-1.585026899182497
-1.5051309520736103
-0.8499931669561933
-0.6390530706417722
-0.4951750045907502
-0.3914424918812306
-0.29465771170364063
-0.2548791143130146
-0.012470427438805793
0.012470427438805312
0.2548791143130151
0.294657711703641
0.39144249188123054
0.4951750045907501
0.6390530706417711
0.849993166956192
1.5051309520736098
1.5850268991824972
1.6361312299970328
1.6633148335578658
1.6902301220679883
1.6964667475294837
2.4282250096463898
2.4306967219520197
2.4428037506253593
2.451693779857166
2.467571596777612
2.4870611308583004
2.5110890856027135
-2.5110877345812463
-2.4870839323993637
-2.4674126269498484
-2.4523207676650745
-2.4418509027660256
-2.4317998509273657
-2.427585255884175
-1.6979406494989644
-1.6875855840563365
-1.6653658305021946
-1.6350401731942124
-1.5852617368932458
-1.5051065457342168
-0.8500005517042806
-0.6389374395962445
-0.496101200199975
-0.38773237770751257
-0.3041996838787874
-0.2470626600551405
-0.021753412963404446
0.02175341296340551
0.24706266005514055
0.3041996838787848
0.3877323777075115
0.4961012001999743
0.6389374395962436
0.850000551704282
1.5051065457342174
1.5852617368932458
1.635040173194212
1.6653658305021932
1.6875855840563367
1.6979406494989637
2.4275852558841753
2.4317998509273644
2.4418509027660282
2.452320767665073
2.4674126269498498
2.4870839323993654
2.5110877345812472
-2.5110858230997453
-2.487115983452839
-2.467178686652236
-2.453104521198035
-2.4404344032222323
-2.433202233828574
-2.4270194138554504
-1.6992652116193163
-1.6840925735222958
-1.6686425515053105
-1.6336274639555073
-1.5856002539816538
-1.5050720911925939
-0.8500109929720023
-0.6387732066464861
-0.49736780971326855
-0.38173914395886344
-0.31568889492244495
-0.2387438925281059
-0.030639465374275754
0.03063946537427558
0.23874389252810574
0.3156888949224457
0.38173914395886277
0.49736780971326744
0.6387732066464854
0.8500109929720028
1.5050720911925939
1.585600253981653
1.633627463955508
1.6686425515053103
1.6840925735222965
1.6992652116193157
2.4270194138554504
2.433202233828573
2.4404344032222336
2.453104521198034
2.467178686652237
2.4871159834528394
2.5110858230997475
-2.5110844708775524
-2.4871385110020205
-2.4670060138956225
-2.4536119339877773
-2.4392119915130226
-2.4343725788906734
-2.426715560995976
-1.699979387291322
-1.6809496280805554
-1.6717804127404416
-1.6326982864592072
-1.585844395403817
-1.5050477712698196
-0.8500183744072256
-0.6386565718294609
-0.4982355037767036
-0.37661187938429846
-0.32376731289017885
-0.2337789920679418
-0.03578385788119746
0.035783857881198436
0.2337789920679416
0.32376731289018057
0.37661187938429846
0.49823550377670395
0.6386565718294622
0.8500183744072258
1.5050477712698214
1.5858443954038164
1.6326982864592103
1.6717804127404423
1.6809496280805523
1.6999793872913236
2.4267155609959747
2.4343725788906747
2.439211991513022
2.4536119339877787
2.467006013895621
2.4871385110020197
2.511084470877549
-2.511084470877551
-2.487138511002019
-2.4670060138956207
-2.4536119339877795
-2.439211991513023
-2.4343725788906756
-2.4267155609959747
-1.699979387291322
-1.680949628080556
-1.6717804127404414
-1.632698286459207
-1.585844395403817
-1.5050477712698198
-0.8500183744072257
-0.6386565718294618
-0.498235503776705
-0.3766118793842988
-0.3237673128901791
-0.2337789920679423
-0.03578385788119808
0.035783857881197395
0.23377899206794178
0.32376731289017985
0.3766118793842996
0.49823550377670395
0.6386565718294616
0.8500183744072257
1.50504777126982
1.5858443954038166
1.6326982864592072
1.671780412740442
1.6809496280805571
1.6999793872913236
2.426715560995976
2.434372578890673
2.4392119915130213
2.4536119339877764
2.467006013895621
2.487138511002021
2.5110844708775506
-2.5110863830627297
-2.4871066193896056
-2.4672483888048107
-2.452884383664337
-2.44086958569376
-2.432781732385372
-2.4271639740260165
-1.6989259593941626
-1.6851579609522214
-1.667605896342437
-1.6340279598290164
-1.5855003035475768
-1.505082175283538
-0.8500079350796774
-0.6388213955502828
-0.4970017966422502
-0.38361209709607125
-0.3124059733112379
-0.24098322687711957
-0.028290381718340727
0.028290381718340737
0.24098322687711926
0.3124059733112361
0.38361209709607147
0.49700179664224936
0.6388213955502817
0.8500079350796789
1.5050821752835395
1.5855003035475768
1.6340279598290155
1.6676058963424374
1.685157960952222
1.6989259593941615
2.4271639740260182
2.4327817323853744
2.440869585693763
2.452884383664338
2.467248388804811
2.4871066193896074
2.51108638306273
-2.511087734581245
-2.4870839323993628
-2.467412626949847
-2.452320767665073
-2.4418509027660256
-2.431799850927364
-2.4275852558841744
-1.6979406494989642
-1.687585584056337
-1.6653658305021937
-1.6350401731942132
-1.585261736893246
-1.5051065457342165
-0.8500005517042812
-0.6389374395962435
-0.49610120019997483
-0.38773237770751273
-0.3041996838787866
-0.24706266005514146
-0.02175341296340527
0.02175341296340464
0.2470626600551406
0.3041996838787851
0.3877323777075116
0.4961012001999745
0.6389374395962423
0.8500005517042828
1.5051065457342174
1.5852617368932458
1.6350401731942117
1.6653658305021959
1.6875855840563392
1.6979406494989653
2.4275852558841735
2.4317998509273666
2.4418509027660256
2.4523207676650736
2.4674126269498475
2.487083932399362
2.5110877345812446
-2.511089085602711
-2.4870611308583004
-2.4675715967776104
-2.451693779857168
-2.4428037506253597
-2.4306967219520206
-2.42822500964639
-1.696466747529482
-1.6902301220679872
-1.663314833557864
-1.636131229997033
-1.585026899182497
-1.5051309520736096
-0.849993166956194
-0.6390530706417721
-0.49517500459074837
-0.39144249188122987
-0.2946577117036414
-0.25487911431301463
-0.012470427438805647
0.012470427438805448
0.2548791143130153
0.29465771170364174
0.39144249188123054
0.4951750045907497
0.6390530706417707
0.8499931669561931
1.50513095207361
1.5850268991824967
1.6361312299970359
1.663314833557864
1.6902301220679903
1.6964667475294832
2.42822500964639
2.430696721952023
2.4428037506253593
2.4516937798571647
2.46757159677761
2.4870611308583004
2.5110890856027126
-2.5110896450686457
-2.487051652238851
-2.4676360171212335
-2.451407346279666
-2.4432067682161365
-2.430031446086412
-2.428718202026135
-1.6953933850359784
-1.6917348105056313
-1.6624889272861383
-1.636612019372092
-1.584930679726584
-1.5051410720534029
-0.8499901076911758
-0.6391008465353217
-0.4947833469566577
-0.39288985233683976
-0.2896339528345476
-0.2592760489710628
-0.005150574770696134
0.005150574770694624
0.2592760489710629
0.2896339528345465
0.3928898523368402
0.49478334695665616
0.6391008465353224
0.8499901076911747
1.5051410720534018
1.584930679726583
1.636612019372092
1.6624889272861383
1.6917348105056305
1.6953933850359775
2.4287182020261344
2.430031446086411
2.4432067682161387
2.451407346279669
2.4676360171212357
2.48705165223885
2.511089645068646
-2.5110890856027113
-2.4870611308583004
-2.4675715967776117
-2.4516937798571674
-2.4428037506253593
-2.43069672195202
-2.42822500964639
-1.696466747529482
-1.6902301220679867
-1.663314833557864
-1.636131229997033
-1.5850268991824972
-1.5051309520736096
-0.849993166956194
-0.639053070641772
-0.49517500459074976
-0.39144249188123126
-0.2946577117036415
-0.25487911431301513
-0.0124704274388059
0.012470427438805208
0.2548791143130144
0.29465771170364236
0.3914424918812304
0.4951750045907496
0.639053070641771
0.8499931669561938
1.5051309520736105
1.5850268991824963
1.63613122999703
1.6633148335578645
1.6902301220679874
1.696466747529482
2.4282250096463907
2.430696721952022
2.4428037506253606
2.451693779857166
2.4675715967776113
2.4870611308583017
2.5110890856027135
-2.511087734581246
-2.487083932399363
-2.4674126269498475
-2.4523207676650736
-2.4418509027660256
-2.4317998509273644
-2.4275852558841753
-1.6979406494989646
-1.6875855840563372
-1.6653658305021941
-1.635040173194214
-1.5852617368932462
-1.5051065457342165
-0.8500005517042811
-0.6389374395962432
-0.4961012001999756
-0.3877323777075119
-0.30419968387878754
-0.2470626600551414
-0.021753412963404987
0.02175341296340517
0.24706266005514135
0.3041996838787855
0.38773237770751273
0.4961012001999756
0.6389374395962424
0.8500005517042821
1.5051065457342159
1.5852617368932462
1.635040173194213
1.665365830502194
1.6875855840563365
1.697940649498964
2.4275852558841753
2.4317998509273657
2.441850902766026
2.4523207676650736
2.4674126269498484
2.487083932399364
2.5110877345812463
-2.51108638306273
-2.4871066193896056
-2.4672483888048125
-2.4528843836643377
-2.4408695856937617
-2.432781732385374
-2.427163974026017
-1.6989259593941628
-1.6851579609522203
-1.6676058963424372
-1.6340279598290162
-1.585500303547577
-1.505082175283538
-0.850007935079677
-0.6388213955502814
-0.49700179664225014
-0.38361209709607075
-0.3124059733112374
-0.24098322687711984
-0.028290381718340567
0.028290381718340855
0.24098322687711912
0.31240597331123765
0.3836120970960705
0.49700179664224997
0.6388213955502822
0.8500079350796788
1.5050821752835386
1.5855003035475779
1.63402795982902
1.6676058963424396
1.6851579609522243
1.6989259593941648
2.4271639740260156
2.4327817323853735
2.440869585693761
2.4528843836643373
2.4672483888048107
2.4871066193896016
2.5110863830627275
-2.511085823099745
-2.4871159834528394
-2.4671786866522365
-2.453104521198035
-2.4404344032222323
-2.4332022338285744
-2.4270194138554495
-1.6992652116193165
-1.684092573522295
-1.6686425515053112
-1.6336274639555075
-1.5856002539816536
-1.5050720911925939
-0.8500109929720031
-0.6387732066464861
-0.4973678097132684
-0.38173914395886366
-0.3156888949224458
-0.23874389252810568
-0.030639465374275605
0.030639465374275737
0.23874389252810543
0.31568889492244684
0.3817391439588634
0.49736780971326894
0.6387732066464883
0.8500109929720023
1.5050720911925946
1.5856002539816543
1.6336274639555104
1.6686425515053107
1.684092573522298
1.699265211619317
2.4270194138554473
2.4332022338285753
2.4404344032222305
2.4531045211980347
2.467178686652235
2.4871159834528385
2.5110858230997444
-2.511087734581247
-2.4870839323993628
-2.4674126269498475
-2.452320767665073
-2.441850902766026
-2.431799850927364
-2.4275852558841744
-1.6979406494989644
-1.6875855840563372
-1.6653658305021941
-1.6350401731942124
-1.585261736893246
-1.5051065457342163
-0.850000551704281
-0.6389374395962435
-0.4961012001999755
-0.38773237770751245
-0.30419968387878693
-0.2470626600551407
-0.021753412963405213
0.0217534129634053
0.24706266005514071
0.3041996838787864
0.3877323777075124
0.4961012001999751
0.6389374395962439
0.8500005517042821
1.5051065457342165
1.5852617368932467
1.6350401731942112
1.6653658305021921
1.6875855840563356
1.6979406494989653
2.4275852558841735
2.4317998509273657
2.4418509027660265
2.452320767665075
2.4674126269498506
2.487083932399363
2.511087734581245
-2.5110882942529376
-2.48707450167622
-2.467479084363533
-2.4520703920845603
-2.4422449699311106
-2.4313757664509414
-2.427808064131309
-1.6974228722312628
-1.688613709070975
-1.6645020852010284
-1.6354812910545868
-1.585164021083701
-1.5051166508093512
-0.8499974930080415
-0.6389853854269368
-0.495720784413565
-0.38931050506007026
-0.30051006010445536
-0.24999701364979462
-0.01845287527572587
0.018452875275726265
0.24999701364979451
0.30051006010445674
0.38931050506007037
0.49572078441356443
0.6389853854269364
0.8499974930080423
1.5051166508093508
1.585164021083702
1.6354812910545893
1.6645020852010277
1.6886137090709803
1.6974228722312612
2.427808064131308
2.43137576645094
2.4422449699311084
2.4520703920845603
2.4674790843635344
2.4870745016762195
2.5110882942529367
-2.511089085602714
-2.4870611308583013
-2.4675715967776113
-2.4516937798571665
-2.4428037506253584
-2.430696721952021
-2.4282250096463898
-1.6964667475294815
-1.6902301220679865
-1.6633148335578636
-1.6361312299970325
-1.5850268991824967
-1.5051309520736105
-0.8499931669561932
-0.6390530706417725
-0.49517500459075003
-0.391442491881231
-0.2946577117036422
-0.25487911431301563
-0.012470427438805578
0.012470427438805404
0.2548791143130151
0.29465771170364247
0.3914424918812304
0.4951750045907496
0.6390530706417715
0.8499931669561931
1.5051309520736116
1.5850268991824958
1.636131229997028
1.6633148335578631
1.6902301220679892
1.6964667475294823
2.428225009646391
2.4306967219520197
2.442803750625359
2.451693779857168
2.467571596777613
2.487061130858302
2.5110890856027126
-2.5110896450686457
-2.4870516522388506
-2.4676360171212357
-2.4514073462796673
-2.443206768216138
-2.430031446086408
-2.4287182020261344
-1.6953933850359788
-1.6917348105056322
-1.662488927286138
-1.6366120193720926
-1.584930679726584
-1.5051410720534029
-0.8499901076911747
-0.6391008465353222
-0.4947833469566565
-0.3928898523368399
-0.289633952834546
-0.2592760489710628
-0.005150574770694913
0.005150574770696007
0.2592760489710628
0.28963395283454496
0.3928898523368392
0.4947833469566564
0.6391008465353215
0.8499901076911741
1.505141072053402
1.5849306797265834
1.6366120193720914
1.6624889272861365
1.6917348105056362
1.6953933850359777
2.428718202026134
2.430031446086415
2.443206768216137
2.4514073462796664
2.467636017121232
2.487051652238852
2.511089645068646
-2.5110896450686453
-2.487051652238851
-2.4676360171212353
-2.451407346279666
-2.4432067682161374
-2.4300314460864114
-2.428718202026134
-1.6953933850359784
-1.6917348105056313
-1.662488927286138
-1.6366120193720928
-1.5849306797265839
-1.505141072053403
-0.8499901076911746
-0.6391008465353218
-0.4947833469566566
-0.3928898523368393
-0.28963395283454707
-0.2592760489710622
-0.005150574770695386
0.005150574770695437
0.25927604897106143
0.28963395283454696
0.39288985233683876
0.4947833469566565
0.6391008465353236
0.8499901076911748
1.5051410720534033
1.5849306797265845
1.6366120193720939
1.6624889272861374
1.6917348105056345
1.6953933850359793
2.4287182020261353
2.4300314460864145
2.443206768216137
2.451407346279666
2.4676360171212326
2.4870516522388524
2.5110896450686475
-2.511089085602715
-2.487061130858301
-2.4675715967776126
-2.4516937798571674
-2.44280375062536
-2.4306967219520206
-2.42822500964639
-1.696466747529482
-1.6902301220679872
-1.6633148335578638
-1.6361312299970332
-1.5850268991824965
-1.5051309520736105
-0.8499931669561926
-0.639053070641771
-0.4951750045907492
-0.3914424918812301
-0.2946577117036412
-0.2548791143130148
-0.01247042743880605
0.012470427438805012
0.25487911431301497
0.29465771170364247
0.39144249188123054
0.4951750045907488
0.6390530706417732
0.8499931669561932
1.5051309520736105
1.5850268991824952
1.6361312299970316
1.6633148335578636
1.6902301220679896
1.6964667475294832
2.428225009646389
2.43069672195202
2.4428037506253584
2.4516937798571674
2.467571596777615
2.4870611308582986
2.511089085602711
-2.5110882942529376
-2.48707450167622
-2.467479084363535
-2.4520703920845617
-2.4422449699311115
-2.431375766450943
-2.4278080641313093
-1.6974228722312628
-1.6886137090709739
-1.664502085201028
-1.6354812910545868
-1.5851640210837008
-1.5051166508093514
-0.8499974930080418
-0.6389853854269367
-0.49572078441356504
-0.38931050506007026
-0.3005100601044554
-0.24999701364979468
-0.018452875275726213
0.018452875275726047
0.2499970136497955
0.3005100601044554
0.3893105050600707
0.49572078441356526
0.6389853854269375
0.849997493008041
1.50511665080935
1.5851640210837004
1.6354812910545873
1.664502085201029
1.688613709070976
1.6974228722312623
2.427808064131309
2.4313757664509414
2.44224496993111
2.452070392084562
2.467479084363535
2.4870745016762217
2.511088294252937
-2.5110877345812472
-2.4870839323993637
-2.4674126269498475
-2.452320767665074
-2.4418509027660256
-2.4317998509273657
-2.427585255884175
-1.6979406494989646
-1.6875855840563359
-1.6653658305021943
-1.6350401731942121
-1.5852617368932462
-1.5051065457342165
-0.8500005517042811
-0.6389374395962433
-0.49610120019997456
-0.3877323777075116
-0.3041996838787868
-0.24706266005514085
-0.02175341296340386
0.02175341296340593
0.24706266005514071
0.3041996838787862
0.38773237770751295
0.4961012001999748
0.6389374395962443
0.8500005517042826
1.5051065457342157
1.5852617368932487
1.6350401731942144
1.6653658305021934
1.6875855840563292
1.6979406494989648
2.4275852558841744
2.4317998509273666
2.4418509027660256
2.4523207676650745
2.467412626949852
2.4870839323993623
2.5110877345812455
-2.511089085602713
-2.4870611308583017
-2.467571596777613
-2.451693779857167
-2.4428037506253593
-2.4306967219520224
-2.428225009646391
-1.696466747529482
-1.6902301220679878
-1.663314833557864
-1.636131229997033
-1.5850268991824972
-1.5051309520736103
-0.8499931669561932
-0.6390530706417724
-0.4951750045907493
-0.3914424918812304
-0.2946577117036405
-0.2548791143130137
-0.012470427438805323
0.012470427438805776
0.25487911431301497
0.294657711703642
0.39144249188123054
0.49517500459074987
0.639053070641772
0.8499931669561938
1.5051309520736087
1.5850268991824978
1.6361312299970336
1.6633148335578636
1.6902301220679832
1.6964667475294808
2.42822500964639
2.4306967219520175
2.4428037506253597
2.4516937798571696
2.4675715967776197
2.4870611308583013
2.5110890856027135
-2.5110890856027144
-2.4870611308583026
-2.467571596777612
-2.4516937798571674
-2.4428037506253584
-2.43069672195202
-2.42822500964639
-1.6964667475294821
-1.6902301220679872
-1.6633148335578638
-1.6361312299970328
-1.5850268991824972
-1.5051309520736105
-0.8499931669561933
-0.6390530706417726
-0.49517500459074953
-0.39144249188123087
-0.2946577117036423
-0.25487911431301524
-0.01247042743880559
0.012470427438805571
0.2548791143130148
0.29465771170364224
0.39144249188122976
0.4951750045907492
0.6390530706417725
0.8499931669561924
1.5051309520736096
1.5850268991824983
1.6361312299970308
1.6633148335578625
1.6902301220679863
1.6964667475294801
2.428225009646391
2.43069672195202
2.4428037506253615
2.45169377985717
2.4675715967776166
2.4870611308583004
2.5110890856027126
-2.5110890856027126
-2.4870611308582995
-2.4675715967776086
-2.4516937798571656
-2.442803750625358
-2.4306967219520192
-2.4282250096463893
-1.6964667475294815
-1.6902301220679867
-1.6633148335578636
-1.636131229997032
-1.5850268991824967
-1.5051309520736107
-0.8499931669561929
-0.6390530706417716
-0.49517500459074937
-0.39144249188123054
-0.29465771170364213
-0.254879114313015
-0.01247042743880535
0.012470427438805574
0.2548791143130145
0.294657711703641
0.3914424918812304
0.4951750045907494
0.6390530706417709
0.8499931669561929
1.5051309520736078
1.5850268991824967
1.6361312299970303
1.6633148335578625
1.6902301220679865
1.6964667475294792
2.428225009646391
2.430696721952022
2.4428037506253606
2.4516937798571687
2.4675715967776166
2.4870611308583013
2.5110890856027144
-2.5110890856027126
-2.487061130858301
-2.467571596777613
-2.451693779857167
-2.4428037506253584
-2.4306967219520206
-2.4282250096463907
-1.696466747529482
-1.6902301220679867
-1.6633148335578636
-1.6361312299970323
-1.5850268991824972
-1.5051309520736105
-0.8499931669561932
-0.6390530706417725
-0.4951750045907493
-0.3914424918812311
-0.2946577117036416
-0.2548791143130149
-0.012470427438805397
0.012470427438805639
0.2548791143130144
0.29465771170364097
0.3914424918812296
0.4951750045907493
0.6390530706417713
0.8499931669561931
1.5051309520736118
1.5850268991824972
1.6361312299970319
1.6633148335578647
1.690230122067986
1.6964667475294806
2.4282250096463907
2.4306967219520215
2.4428037506253597
2.4516937798571683
2.4675715967776193
2.4870611308583017
2.5110890856027126
-2.511089085602713
-2.487061130858301
-2.467571596777613
-2.4516937798571665
-2.4428037506253575
-2.43069672195202
-2.4282250096463898
-1.6964667475294821
-1.690230122067986
-1.6633148335578636
-1.6361312299970323
-1.5850268991824972
-1.5051309520736105
-0.8499931669561931
-0.6390530706417725
-0.49517500459074953
-0.39144249188123076
-0.294657711703641
-0.254879114313015
-0.012470427438805116
0.012470427438806024
0.25487911431301497
0.29465771170364236
0.3914424918812305
0.4951750045907494
0.6390530706417729
0.8499931669561929
1.5051309520736096
1.585026899182496
1.6361312299970339
1.6633148335578647
1.690230122067988
1.6964667475294806
2.428225009646389
2.4306967219520197
2.4428037506253584
2.4516937798571674
2.4675715967776157
2.4870611308582995
2.5110890856027126
-2.511089085602714
-2.4870611308583026
-2.4675715967776135
-2.4516937798571674
-2.442803750625358
-2.430696721952021
-2.4282250096463915
-1.696466747529482
-1.690230122067987
-1.6633148335578638
-1.6361312299970325
-1.5850268991824974
-1.5051309520736105
-0.8499931669561928
-0.6390530706417707
-0.49517500459074926
-0.39144249188123004
-0.2946577117036418
-0.2548791143130149
-0.012470427438805274
0.012470427438806116
0.254879114313015
0.2946577117036427
0.39144249188123076
0.49517500459075064
0.6390530706417734
0.8499931669561931
1.5051309520736083
1.5850268991824965
1.636131229997033
1.6633148335578645
1.6902301220679854
1.6964667475294823
2.42822500964639
2.430696721952019
2.4428037506253606
2.4516937798571674
2.467571596777618
2.487061130858301
2.5110890856027117
-2.511089085602712
-2.4870611308583013
-2.46757159677761
-2.451693779857168
-2.44280375062536
-2.430696721952021
-2.4282250096463907
-1.6964667475294815
-1.6902301220679867
-1.6633148335578636
-1.636131229997032
-1.5850268991824974
-1.5051309520736105
-0.8499931669561936
-0.6390530706417714
-0.49517500459074953
-0.39144249188123026
-0.2946577117036422
-0.25487911431301524
-0.012470427438805947
0.01247042743880487
0.2548791143130149
0.2946577117036418
0.3914424918812304
0.49517500459074976
0.6390530706417714
0.8499931669561922
1.5051309520736096
1.5850268991824972
1.6361312299970325
1.6633148335578647
1.6902301220679896
1.6964667475294828
2.4282250096463907
2.4306967219520192
2.442803750625363
2.4516937798571687
2.467571596777615
2.4870611308583
2.5110890856027126
-2.5110890856027126
-2.487061130858301
-2.4675715967776104
-2.451693779857166
-2.4428037506253566
-2.4306967219520192
-2.4282250096463893
-1.6964667475294815
-1.6902301220679878
-1.6633148335578638
-1.636131229997032
-1.5850268991824972
-1.5051309520736105
-0.8499931669561931
-0.6390530706417717
-0.49517500459074903
-0.3914424918812306
-0.2946577117036416
-0.2548791143130148
-0.01247042743880546
0.01247042743880568
0.25487911431301447
0.2946577117036413
0.39144249188123054
0.4951750045907493
0.6390530706417727
0.8499931669561935
1.5051309520736087
1.5850268991824976
1.63613122999703
1.6633148335578645
1.6902301220679892
1.6964667475294792
2.42822500964639
2.4306967219520215
2.4428037506253584
2.451693779857167
2.467571596777611
2.487061130858301
2.511089085602712
-2.511089645068646
-2.4870516522388506
-2.467636017121234
-2.451407346279665
-2.4432067682161382
-2.430031446086412
-2.4287182020261344
-1.6953933850359786
-1.6917348105056322
-1.662488927286138
-1.6366120193720928
-1.584930679726584
-1.5051410720534026
-0.8499901076911747
-0.6391008465353225
-0.4947833469566563
-0.39288985233683926
-0.28963395283454607
-0.25927604897106193
-0.0051505747706953745
0.005150574770695476
0.25927604897106304
0.2896339528345463
0.3928898523368397
0.4947833469566565
0.6391008465353217
0.8499901076911746
1.5051410720534049
1.5849306797265845
1.636612019372092
1.662488927286139
1.6917348105056342
1.6953933850359795
2.428718202026134
2.4300314460864114
2.4432067682161365
2.451407346279667
2.4676360171212335
2.4870516522388524
2.5110896450686453
-2.5110896450686453
-2.487051652238852
-2.4676360171212344
-2.451407346279666
-2.443206768216138
-2.4300314460864114
-2.4287182020261344
-1.6953933850359781
-1.6917348105056322
-1.6624889272861378
-1.6366120193720926
-1.5849306797265839
-1.5051410720534029
-0.8499901076911747
-0.6391008465353222
-0.49478334695665654
-0.39288985233683876
-0.28963395283454624
-0.2592760489710614
-0.00515057477069585
0.005150574770695316
0.2592760489710624
0.2896339528345467
0.39288985233683876
0.4947833469566564
0.6391008465353211
0.8499901076911738
1.5051410720534013
1.5849306797265839
1.636612019372092
1.6624889272861383
1.6917348105056322
1.6953933850359786
2.4287182020261326
2.4300314460864105
2.4432067682161365
2.451407346279666
2.4676360171212366
2.487051652238852
2.511089645068646
-2.5110890856027126
-2.487061130858302
-2.4675715967776135
-2.451693779857166
-2.4428037506253584
-2.430696721952021
-2.4282250096463898
-1.6964667475294815
-1.6902301220679863
-1.663314833557863
-1.6361312299970325
-1.585026899182497
-1.5051309520736105
-0.8499931669561929
-0.6390530706417719
-0.4951750045907499
-0.39144249188123076
-0.2946577117036411
-0.2548791143130148
-0.012470427438805382
0.012470427438805855
0.25487911431301513
0.294657711703642
0.3914424918812308
0.4951750045907494
0.639053070641772
0.8499931669561928
1.5051309520736105
1.5850268991824967
1.636131229997032
1.6633148335578634
1.690230122067985
1.6964667475294803
2.4282250096463898
2.43069672195202
2.4428037506253597
2.451693779857167
2.4675715967776126
2.487061130858301
2.511089085602715
-2.51108829425294
-2.4870745016762212
-2.4674790843635317
-2.452070392084562
-2.442244969931111
-2.4313757664509437
-2.42780806413131
-1.697422872231263
-1.688613709070975
-1.6645020852010284
-1.6354812910545868
-1.5851640210837012
-1.5051166508093514
-0.8499974930080414
-0.6389853854269361
-0.4957207844135654
-0.38931050506006987
-0.3005100601044553
-0.24999701364979465
-0.018452875275726564
0.018452875275725773
0.24999701364979526
0.30051006010445586
0.38931050506007137
0.4957207844135658
0.638985385426937
0.8499974930080416
1.5051166508093514
1.5851640210837012
1.635481291054586
1.6645020852010295
1.6886137090709712
1.697422872231262
2.427808064131311
2.431375766450944
2.4422449699311124
2.4520703920845626
2.4674790843635384
2.4870745016762195
2.51108829425294
-2.5110877345812463
-2.487083932399364
-2.46741262694985
-2.4523207676650745
-2.441850902766026
-2.4317998509273666
-2.4275852558841757
-1.697940649498964
-1.6875855840563365
-1.6653658305021946
-1.6350401731942124
-1.585261736893246
-1.5051065457342163
-0.8500005517042822
-0.6389374395962428
-0.4961012001999751
-0.3877323777075125
-0.30419968387878665
-0.24706266005514063
-0.02175341296340503
0.021753412963404422
0.24706266005514158
0.3041996838787865
0.38773237770751273
0.4961012001999754
0.6389374395962447
0.850000551704281
1.5051065457342176
1.5852617368932458
1.6350401731942121
1.665365830502193
1.6875855840563363
1.6979406494989648
2.427585255884175
2.431799850927367
2.441850902766024
2.452320767665074
2.467412626949852
2.4870839323993645
2.511087734581247
-2.5110877345812472
-2.4870839323993645
-2.4674126269498498
-2.452320767665076
-2.441850902766027
-2.431799850927367
-2.4275852558841766
-1.6979406494989642
-1.6875855840563367
-1.6653658305021937
-1.6350401731942128
-1.5852617368932458
-1.5051065457342168
-0.850000551704282
-0.6389374395962434
-0.4961012001999761
-0.38773237770751207
-0.3041996838787865
-0.24706266005514113
-0.021753412963405175
0.021753412963404595
0.24706266005514105
0.304199683878787
0.387732377707513
0.49610120019997517
0.6389374395962436
0.8500005517042827
1.505106545734219
1.5852617368932458
1.6350401731942144
1.6653658305021941
1.6875855840563418
1.6979406494989657
2.427585255884173
2.431799850927365
2.4418509027660247
2.452320767665075
2.4674126269498484
2.4870839323993623
2.5110877345812455
-2.511088294252938
-2.4870745016762195
-2.467479084363534
-2.4520703920845612
-2.442244969931112
-2.431375766450944
-2.427808064131308
-1.6974228722312625
-1.688613709070974
-1.664502085201028
-1.6354812910545868
-1.585164021083701
-1.5051166508093516
-0.8499974930080417
-0.6389853854269371
-0.4957207844135653
-0.38931050506007064
-0.3005100601044557
-0.24999701364979537
-0.018452875275725675
0.01845287527572603
0.2499970136497943
0.3005100601044551
0.38931050506006826
0.49572078441356504
0.6389853854269358
0.8499974930080413
1.50511665080935
1.5851640210837012
1.6354812910545866
1.6645020852010273
1.6886137090709743
1.6974228722312634
2.427808064131311
2.4313757664509454
2.442244969931116
2.4520703920845626
2.4674790843635384
2.487074501676219
2.511088294252937
-2.5110890856027117
-2.487061130858301
-2.467571596777609
-2.451693779857166
-2.442803750625356
-2.43069672195202
-2.4282250096463893
-1.6964667475294815
-1.6902301220679865
-1.6633148335578634
-1.636131229997033
-1.5850268991824972
-1.5051309520736105
-0.8499931669561931
-0.6390530706417719
-0.4951750045907498
-0.3914424918812312
-0.29465771170364186
-0.254879114313015
-0.012470427438805413
0.012470427438805859
0.2548791143130149
0.29465771170364163
0.3914424918812302
0.495175004590749
0.6390530706417725
0.8499931669561919
1.50513095207361
1.5850268991824952
1.636131229997033
1.6633148335578625
1.690230122067986
1.6964667475294803
2.4282250096463907
2.4306967219520215
2.44280375062536
2.451693779857166
2.467571596777612
2.4870611308583
2.511089085602712
-2.511089085602711
-2.4870611308583
-2.4675715967776126
-2.4516937798571683
-2.442803750625362
-2.4306967219520206
-2.4282250096463915
-1.6964667475294823
-1.6902301220679874
-1.6633148335578636
-1.6361312299970325
-1.585026899182497
-1.5051309520736103
-0.8499931669561928
-0.6390530706417725
-0.49517500459075026
-0.3914424918812297
-0.2946577117036417
-0.25487911431301474
-0.012470427438805559
0.01247042743880527
0.2548791143130156
0.29465771170364186
0.39144249188123054
0.4951750045907496
0.6390530706417715
0.8499931669561938
1.5051309520736114
1.5850268991824967
1.6361312299970312
1.6633148335578634
1.6902301220679885
1.696466747529484
2.428225009646389
2.4306967219520197
2.4428037506253593
2.451693779857166
2.467571596777615
2.487061130858302
2.5110890856027126
-2.5110896450686457
-2.487051652238852
-2.467636017121234
-2.4514073462796673
-2.44320676821614
-2.430031446086412
-2.428718202026133
-1.6953933850359788
-1.6917348105056322
-1.6624889272861385
-1.6366120193720928
-1.5849306797265839
-1.5051410720534024
-0.8499901076911748
-0.6391008465353223
-0.49478334695665593
-0.3928898523368383
-0.28963395283454546
-0.259276048971062
-0.005150574770695091
0.005150574770695694
0.2592760489710627
0.289633952834546
0.39288985233684065
0.494783346956656
0.6391008465353224
0.8499901076911747
1.5051410720533993
1.5849306797265843
1.6366120193720932
1.6624889272861363
1.691734810505632
1.6953933850359793
2.428718202026129
2.4300314460864123
2.443206768216138
2.451407346279667
2.4676360171212393
2.487051652238851
2.511089645068648
-2.511089085602712
-2.4870611308583017
-2.467571596777612
-2.451693779857168
-2.4428037506253584
-2.43069672195202
-2.4282250096463907
-1.6964667475294815
-1.6902301220679867
-1.6633148335578634
-1.6361312299970325
-1.585026899182497
-1.5051309520736105
-0.8499931669561933
-0.6390530706417714
-0.4951750045907497
-0.39144249188123137
-0.29465771170364174
-0.25487911431301585
-0.01247042743880538
0.012470427438805845
0.2548791143130145
0.29465771170364174
0.39144249188123026
0.4951750045907497
0.6390530706417729
0.8499931669561929
1.50513095207361
1.5850268991824958
1.636131229997033
1.663314833557863
1.6902301220679885
1.6964667475294828
2.4282250096463893
2.4306967219520192
2.4428037506253557
2.451693779857167
2.4675715967776157
2.487061130858302
2.5110890856027126
-2.511087734581246
-2.487083932399364
-2.4674126269498484
-2.452320767665074
-2.441850902766027
-2.4317998509273653
-2.4275852558841753
-1.6979406494989642
-1.6875855840563367
-1.6653658305021941
-1.6350401731942121
-1.5852617368932467
-1.5051065457342163
-0.8500005517042813
-0.6389374395962434
-0.49610120019997517
-0.38773237770751195
-0.30419968387878626
-0.24706266005514071
-0.021753412963405324
0.021753412963404318
0.24706266005514088
0.3041996838787858
0.38773237770751356
0.4961012001999752
0.6389374395962442
0.850000551704281
1.5051065457342172
1.5852617368932467
1.6350401731942108
1.6653658305021972
1.6875855840563356
1.6979406494989653
2.427585255884176
2.4317998509273675
2.4418509027660233
2.4523207676650745
2.467412626949846
2.4870839323993654
2.5110877345812472
-2.51108638306273
-2.487106619389605
-2.4672483888048142
-2.4528843836643386
-2.4408695856937603
-2.4327817323853753
-2.427163974026018
-1.698925959394163
-1.6851579609522196
-1.6676058963424372
-1.6340279598290164
-1.5855003035475779
-1.505082175283538
-0.8500079350796773
-0.6388213955502814
-0.49700179664224964
-0.3836120970960705
-0.3124059733112378
-0.24098322687711926
-0.028290381718340415
0.028290381718340578
0.24098322687711976
0.3124059733112387
0.38361209709607
0.49700179664225064
0.6388213955502828
0.850007935079678
1.5050821752835386
1.5855003035475757
1.6340279598290155
1.6676058963424343
1.6851579609522187
1.698925959394162
2.4271639740260156
2.432781732385373
2.4408695856937612
2.4528843836643386
2.46724838880481
2.4871066193896048
2.511086383062731
-2.511085823099746
-2.4871159834528376
-2.4671786866522356
-2.4531045211980347
-2.4404344032222305
-2.4332022338285753
-2.427019413855449
-1.6992652116193163
-1.6840925735222954
-1.6686425515053107
-1.6336274639555075
-1.5856002539816536
-1.5050720911925939
-0.8500109929720031
-0.6387732066464864
-0.4973678097132687
-0.3817391439588636
-0.3156888949224458
-0.23874389252810557
-0.03063946537427527
0.03063946537427626
0.2387438925281068
0.31568889492244595
0.38173914395886327
0.4973678097132689
0.6387732066464865
0.8500109929720029
1.505072091192595
1.5856002539816516
1.6336274639555066
1.6686425515053105
1.684092573522296
1.6992652116193152
2.4270194138554473
2.4332022338285735
2.4404344032222287
2.4531045211980342
2.467178686652237
2.4871159834528354
2.5110858230997435
-2.5110863830627284
-2.4871066193896048
-2.467248388804812
-2.4528843836643373
-2.4408695856937648
-2.432781732385375
-2.427163974026016
-1.698925959394163
-1.6851579609522207
-1.6676058963424372
-1.6340279598290162
-1.5855003035475768
-1.5050821752835377
-0.8500079350796771
-0.6388213955502817
-0.49700179664224964
-0.3836120970960708
-0.3124059733112375
-0.24098322687711976
-0.028290381718340456
0.028290381718340203
0.24098322687711893
0.3124059733112377
0.3836120970960717
0.4970017966422493
0.6388213955502813
0.8500079350796779
1.5050821752835406
1.5855003035475776
1.6340279598290155
1.6676058963424334
1.6851579609522207
1.6989259593941621
2.427163974026017
2.4327817323853744
2.4408695856937612
2.4528843836643413
2.4672483888048116
2.487106619389606
2.511086383062731
-2.511087734581247
-2.4870839323993637
-2.467412626949849
-2.4523207676650736
-2.441850902766026
-2.431799850927366
-2.4275852558841757
-1.6979406494989642
-1.687585584056336
-1.6653658305021934
-1.6350401731942121
-1.5852617368932458
-1.5051065457342163
-0.8500005517042815
-0.6389374395962433
-0.4961012001999753
-0.3877323777075123
-0.3041996838787864
-0.247062660055141
-0.021753412963404953
0.02175341296340509
0.24706266005514058
0.304199683878786
0.38773237770751273
0.49610120019997533
0.6389374395962427
0.850000551704282
1.505106545734218
1.5852617368932451
1.6350401731942104
1.6653658305021948
1.6875855840563345
1.6979406494989635
2.427585255884176
2.4317998509273684
2.4418509027660247
2.452320767665074
2.4674126269498475
2.4870839323993637
2.5110877345812472
-2.5110877345812472
-2.487083932399361
-2.4674126269498466
-2.4523207676650736
-2.441850902766026
-2.431799850927365
-2.4275852558841744
-1.697940649498964
-1.6875855840563367
-1.6653658305021937
-1.6350401731942124
-1.585261736893246
-1.505106545734216
-0.8500005517042821
-0.6389374395962434
-0.49610120019997545
-0.3877323777075132
-0.30419968387878654
-0.24706266005514155
-0.021753412963404644
0.02175341296340518
0.24706266005514035
0.30419968387878527
0.3877323777075123
0.4961012001999747
0.638937439596243
0.8500005517042802
1.5051065457342163
1.5852617368932445
1.6350401731942106
1.6653658305021926
1.687585584056338
1.6979406494989657
2.4275852558841753
2.4317998509273653
2.441850902766027
2.4523207676650727
2.467412626949848
2.4870839323993614
2.511087734581245
-2.511089085602712
-2.4870611308583017
-2.4675715967776104
-2.451693779857167
-2.442803750625359
-2.4306967219520197
-2.4282250096463893
-1.6964667475294823
-1.6902301220679872
-1.6633148335578631
-1.6361312299970323
-1.5850268991824972
-1.50513095207361
-0.8499931669561926
-0.6390530706417723
-0.49517500459074987
-0.3914424918812309
-0.2946577117036416
-0.2548791143130137
-0.012470427438805649
0.012470427438805385
0.2548791143130165
0.2946577117036419
0.39144249188123154
0.49517500459074876
0.6390530706417714
0.8499931669561931
1.5051309520736091
1.5850268991824963
1.6361312299970323
1.6633148335578642
1.6902301220679854
1.696466747529482
2.428225009646389
2.430696721952021
2.4428037506253575
2.4516937798571674
2.4675715967776144
2.487061130858301
2.5110890856027126
-2.5110890856027117
-2.487061130858302
-2.4675715967776113
-2.451693779857168
-2.4428037506253597
-2.430696721952021
-2.428225009646391
-1.6964667475294826
-1.690230122067987
-1.663314833557864
-1.6361312299970325
-1.585026899182497
-1.50513095207361
-0.8499931669561923
-0.6390530706417721
-0.49517500459074953
-0.39144249188123037
-0.2946577117036419
-0.25487911431301535
-0.012470427438805857
0.01247042743880543
0.2548791143130163
0.2946577117036413
0.3914424918812314
0.4951750045907492
0.6390530706417716
0.8499931669561915
1.5051309520736083
1.5850268991824958
1.6361312299970328
1.6633148335578665
1.6902301220679874
1.6964667475294841
2.4282250096463884
2.4306967219520206
2.442803750625358
2.451693779857165
2.467571596777615
2.4870611308583004
2.5110890856027135
-2.511087734581247
-2.4870839323993637
-2.467412626949849
-2.4523207676650745
-2.4418509027660265
-2.4317998509273653
-2.427585255884175
-1.6979406494989644
-1.6875855840563365
-1.6653658305021937
-1.6350401731942121
-1.585261736893246
-1.505106545734216
-0.8500005517042811
-0.638937439596243
-0.49610120019997533
-0.38773237770751295
-0.3041996838787867
-0.24706266005514005
-0.02175341296340498
0.02175341296340512
0.24706266005514113
0.30419968387878643
0.3877323777075144
0.49610120019997556
0.6389374395962437
0.8500005517042815
1.5051065457342159
1.585261736893246
1.6350401731942126
1.6653658305021941
1.6875855840563374
1.6979406494989655
2.4275852558841726
2.431799850927365
2.4418509027660247
2.4523207676650722
2.467412626949849
2.4870839323993628
2.511087734581247
-2.5110858230997444
-2.4871159834528385
-2.4671786866522365
-2.4531045211980356
-2.4404344032222314
-2.433202233828575
-2.42701941385545
-1.6992652116193168
-1.684092573522296
-1.6686425515053116
-1.6336274639555077
-1.5856002539816536
-1.5050720911925939
-0.8500109929720027
-0.6387732066464868
-0.49736780971326916
-0.3817391439588636
-0.3156888949224455
-0.23874389252810624
-0.030639465374275057
0.030639465374275438
0.2387438925281068
0.3156888949224462
0.38173914395886405
0.4973678097132683
0.6387732066464866
0.8500109929720036
1.5050720911925934
1.585600253981653
1.6336274639555057
1.6686425515053123
1.6840925735222976
1.6992652116193163
2.4270194138554477
2.4332022338285735
2.440434403222233
2.453104521198033
2.4671786866522356
2.487115983452836
2.5110858230997444
-2.5110844708775506
-2.4871385110020214
-2.467006013895622
-2.4536119339877787
-2.439211991513023
-2.4343725788906743
-2.426715560995976
-1.699979387291322
-1.6809496280805563
-1.6717804127404414
-1.6326982864592068
-1.5858443954038166
-1.505047771269819
-0.8500183744072264
-0.6386565718294609
-0.49823550377670495
-0.376611879384299
-0.323767312890178
-0.2337789920679411
-0.03578385788119812
0.035783857881198096
0.23377899206794192
0.32376731289017885
0.37661187938430124
0.49823550377670456
0.6386565718294613
0.850018374407226
1.50504777126982
1.585844395403815
1.6326982864592055
1.6717804127404425
1.680949628080559
1.699979387291321
2.4267155609959756
2.4343725788906743
2.4392119915130217
2.4536119339877756
2.467006013895623
2.4871385110020197
2.5110844708775506
-2.5110844708775533
-2.487138511002022
-2.4670060138956225
-2.453611933987779
-2.439211991513022
-2.434372578890675
-2.426715560995978
-1.6999793872913225
-1.6809496280805567
-1.6717804127404412
-1.632698286459207
-1.5858443954038173
-1.5050477712698191
-0.8500183744072257
-0.6386565718294607
-0.49823550377670356
-0.37661187938429835
-0.32376731289017757
-0.23377899206794145
-0.0357838578811976
0.03578385788119826
0.2337789920679423
0.32376731289017874
0.3766118793842963
0.49823550377670395
0.6386565718294616
0.8500183744072263
1.5050477712698205
1.5858443954038193
1.6326982864592083
1.671780412740442
1.6809496280805574
1.6999793872913214
2.426715560995975
2.4343725788906765
2.4392119915130253
2.453611933987776
2.467006013895621
2.487138511002019
2.511084470877553
-2.5110858230997453
-2.48711598345284
-2.4671786866522343
-2.4531045211980347
-2.4404344032222327
-2.4332022338285744
-2.42701941385545
-1.6992652116193165
-1.6840925735222965
-1.6686425515053118
-1.6336274639555073
-1.5856002539816527
-1.5050720911925939
-0.850010992972003
-0.6387732066464863
-0.4973678097132685
-0.38173914395886294
-0.31568889492244534
-0.2387438925281059
-0.030639465374275095
0.03063946537427574
0.2387438925281063
0.31568889492244673
0.38173914395886266
0.4973678097132692
0.6387732066464855
0.8500109929720031
1.5050720911925948
1.5856002539816527
1.6336274639555066
1.6686425515053116
1.6840925735222962
1.699265211619317
2.4270194138554477
2.4332022338285744
2.440434403222234
2.453104521198033
2.4671786866522356
2.4871159834528362
2.5110858230997457
