-2.4818475296278497
-2.47920463756331
-2.4757826280089508
-2.4694178539077067
-2.4689723758907047
-2.3518069010076643
-2.348928483644006
-2.339408168520688
-2.297188722193462
-2.2891528193426716
-2.2592157306242333
-2.2514659144192404
-2.24713189116711
-1.848263238009694
-1.8457724652241558
-1.84214861035632
-1.8339481110914968
-1.8331161572159835
-0.9172468731400766
-0.9135069483688816
-0.901991839351941
-0.8693075757501575
-0.8618335988834089
-0.6388343337983995
-0.618951236759693
-0.5966291368150701
-0.5352531796369672
-0.5300505537112042
-0.44541965904869457
-0.4352777509882234
-0.4233026421947634
0.4324398673201091
0.43781596809049533
0.45835487091431615
0.49264640739306487
0.503609624218113
0.7537079035516816
0.7604217067137888
0.7877222807622046
0.9447318357087414
0.9723038932517997
1.0125909450712005
1.0427117874675063
1.056835818245373
1.61268343709827
1.6223915606973083
1.6341196132514102
1.6489036866665567
1.6559607174128663
2.4301735948668064
2.4425548263394568
2.4568624845062312
2.4863298769381377
2.5077538833467607
2.5514040012472963
2.574113292440822
2.5912727279573065
2.6641114079172414
2.6731646756265266
2.6881959827299813
2.6956205098099346
2.701789660346897
-2.481635580574182
-2.4797793769716496
-2.4750103200484617
-2.470658940802657
-2.4681396606920987
-2.3532387170700964
-2.345755276740907
-2.341384856985422
-2.2945256377557812
-2.2919743187449844
-2.256773366429134
-2.2543098737686718
-2.246337730667996
-1.847955390560759
-1.8463774452381767
-1.8417251363276115
-1.834387331169072
-1.8328032772661735
-0.9177933185726924
-0.9124811359273479
-0.9026325170052405
-0.8686927564123526
-0.8622916346924699
-0.6381192456326694
-0.6207682401412999
-0.5950327785912537
-0.5383601642112387
-0.5273136843799253
-0.44617580416578295
-0.43434596295750116
-0.42359808516166353
0.43137475808002784
0.439982045523544
0.4564301610702772
0.49596903678401544
0.5010906999011486
0.7517541337677528
0.7639949691223784
0.7858421351193974
0.9518592505565768
0.9617331694262443
1.0224202125639972
1.034452993823924
1.0589890685659833
1.6156485638450375
1.6171829148564656
1.6399128941737977
1.644180368711521
1.6571345440313296
2.4333803366810085
2.4359144295085535
2.46685927389428
2.4755460371647944
2.5148220168763644
2.5453439944770158
2.583907756632954
2.584504686271392
2.6671996037474655
2.6693069261522404
2.6910816429313487
2.693363811887958
2.7021164111619633
-2.480952150339662
-2.4807983666985045
-2.4738771919541316
-2.471850382695747
-2.4677450282586473
-2.3533820831924834
-2.3453370232617297
-2.341648970161663
-2.2953728875805193
-2.2909994218879515
-2.258197501219361
-2.2526315086983213
-2.2467311439345754
-1.847972536989026
-1.8463415297678534
-1.8417591789137988
-1.8343370200151776
-1.8328383122356775
-0.9179395033018969
-0.9121570337800734
-0.9028627677542982
-0.8684777911122802
-0.8624553794051615
-0.6379641900156297
-0.6211391380214193
-0.5946860845633993
-0.5390483646908862
-0.52670586551063
-0.446478365673815
-0.43394833463792176
-0.42374250988508155
0.4307048680305425
0.44157115082679177
0.455225365183757
0.4968740831333759
0.5004907322063675
0.7483139003483805
0.7723864287144894
0.7807135503654238
0.950858482403017
0.9641113775809903
1.0165698926260112
1.0410222740230328
1.057050332880148
1.6135377116369816
1.6205268526555372
1.6357758924362578
1.6479848343562777
1.6562341871052297
2.431506610125051
2.43906898779665
2.461122216968284
2.4824857284260284
2.5099719196553045
2.550831342079547
2.5738159901047983
2.591753965497187
2.662856786389629
2.6756802369723194
2.6857331095139307
2.697347884075375
2.701172153686084
-2.4815549257578744
-2.479932890447224
-2.474854300850651
-2.470788251477694
-2.4680938973929436
-2.352131718658522
-2.348487793373366
-2.339512872462811
-2.297516340583288
-2.2886884490508934
-2.2599270844122157
-2.2500731314148648
-2.247962002666498
-1.8482733653156673
-1.8457382032199419
-1.8421869704494385
-1.83385794282691
-1.8331920974454203
-0.9174537494648705
-0.9131478301701795
-0.9021976120993949
-0.8691177648309241
-0.861970991858469
-0.6386991837224746
-0.6193371351831328
-0.5962528803985695
-0.5364505820768221
-0.5289286242392737
-0.4457644947244024
-0.434851637969248
-0.4234328422107902
0.43146170645785603
0.43951608719302987
0.4573190007817083
0.49316917126376797
0.5034202828395535
0.7490677193772056
0.768424600145517
0.7841804199283064
0.944540162100636
0.9743965417666284
1.0084772732202147
1.05023694096178
1.0516828066882133
1.6119633315001392
1.6262041901305921
1.6297189135803485
1.6527846319336499
1.653388140554848
2.4295529001722995
2.446987261632598
2.451181518225626
2.4954262543136325
2.4987383017912532
2.5621385843217994
2.562490508326974
2.59423247488395
2.661624550420725
2.679465647813462
2.6823326084773105
2.6989858459505305
2.7001904716460863
-2.4815564228423153
-2.4799299575055724
-2.4748581750087038
-2.4707838645210036
-2.468095850045844
-2.3521279227639886
-2.3484938375540505
-2.3395103479996213
-2.29751694451212
-2.2886883984729476
-2.259925055884307
-2.2500800402916616
-2.2479568410667943
-1.8482964048876027
-1.845680402219576
-1.8422342401083458
-1.833772642603108
-1.833264889519482
-0.9177416312773858
-0.9125865702472253
-0.9025635694014198
-0.8687534479906385
-0.8622456711492973
-0.6380724568858033
-0.620958789543606
-0.5947470690208768
-0.539236590148588
-0.5265056471508359
-0.4466308514378927
-0.4337392912617454
-0.4238237441709311
0.43165418907468706
0.439136362140944
0.45760797431270345
0.49289031274507494
0.5035985041871
0.7490125155677488
0.7685517273414387
0.7841049653744941
0.9445611393984912
0.9743595892693533
1.0085051171786283
1.050132465703123
1.0517778512345315
1.6119632538255821
1.6262049565676966
1.6297181345808047
1.6527859718766174
1.6533868907834766
2.429552900934363
2.446987251351389
2.4511815291425623
2.495426234596077
2.4987383208644722
2.5621384717066182
2.5624906208037657
2.5942324742108234
2.6616245507522622
2.6794656456065504
2.6823326105864664
2.6989858451253803
2.700190472295535
-2.481846798102275
-2.4792071291673894
-2.4757794287985875
-2.4694307639963387
-2.4689609001431383
-2.351819490434158
-2.3489095427704116
-2.33941582405847
-2.2971782720480265
-2.2891645849519278
-2.259204318733622
-2.2514822309725258
-2.247124371763856
-1.8482330942575618
-1.8458441934817094
-1.842090460689138
-1.8340255608725162
-1.8330552725665439
-0.9181578434218278
-0.9116199458475485
-0.9032660329363608
-0.868094505838931
-0.8627567225216046
-0.6371749916606883
-0.622876477673092
-0.5931522947096068
-0.5412905066722725
-0.5249010952348586
-0.4472218553274544
-0.43294868958719446
-0.4241443681020339
0.4327837870650905
0.4372954888118445
0.45864344167807636
0.49236010121218804
0.5037850160154804
0.7535496008707256
0.7606215205019513
0.787677272882254
0.9447534145340134
0.972269522330367
1.0126183736307794
1.0426914225570458
1.0568439477631622
1.6126833361437647
1.6223918477422603
1.6341193033165
1.648903897463682
1.6559606303945453
2.430173595796645
2.4425548229268115
2.4568624887784396
2.486329872781471
2.507753886614371
2.55140399895798
2.574113294808439
2.5912727269219937
2.6641114084770465
2.6731646747958884
2.688195983414216
2.6956205093403147
2.701789660459801
-2.481635956373487
-2.479778517497026
-2.47501162502257
-2.4706572884241114
-2.4681404952573645
-2.353232425456992
-2.3457813354449777
-2.341362999768525
-2.2945893715385344
-2.291906952171281
-2.256856903221363
-2.2542192464294346
-2.246350540879589
-1.8478287386357586
-1.8465779436019782
-1.8416111561175263
-1.834495607121758
-1.83273513484501
-0.9182423997794305
-0.9113857051473476
-0.9034539002630446
-0.867897791769246
-0.8629165623847019
-0.6369309031468507
-0.6233324435991274
-0.5928152047425251
-0.5416954331862225
-0.5245863091959133
-0.4474116563041949
-0.43265435297812005
-0.4242826664640701
0.43159288813091873
0.4395262593243806
0.45677850285074645
0.4954501364733657
0.5015000827708678
0.7516626514771781
0.7641400815097723
0.7857849242081162
0.9519198294999307
0.9616640595125017
1.0224647203673896
1.0344144579564096
1.0589940413920498
1.6156478436454338
1.6171837421771624
1.6399123141444796
1.6441808936585394
1.6571344919269622
2.4333803417092175
2.4359144232204257
2.466859281741659
2.475546029248799
2.514822019447396
2.5453439923564076
2.583907790970795
2.58450465275713
2.6671996061581464
2.669306923546952
2.6910816444593295
2.693363810521182
2.7021164112499183
-2.4809844521962687
-2.480763554899433
-2.473891118209872
-2.47183590718248
-2.467748099733324
-2.3533699963080164
-2.34539455350849
-2.3415998985243127
-2.295429930611265
-2.290937900423171
-2.2582480818502773
-2.2525689174981847
-2.2467512490683763
-1.8479476072767516
-1.8463832435374805
-1.8417341391240873
-1.8343606932900989
-1.832822894564253
-0.917848812158625
-0.9123562633360924
-0.9027256989787442
-0.8685878422923201
-0.8623735822800911
-0.6378708761248805
-0.6214007436421404
-0.5943875313843472
-0.5397207352027277
-0.5261059029873492
-0.4468372241872411
-0.4334442119807723
-0.42394590455823344
0.43086142677665246
0.4411457495392691
0.45559576236880006
0.49624596393855414
0.50101846207999
0.7482639175570444
0.772591929268484
0.7805544177592013
0.9509050812894353
0.9640548827234782
1.016597512426914
1.0409994412675148
1.057057892154675
1.613537569016962
1.6205271379841746
1.6357756008485485
1.647985058807757
1.6562341114675307
2.431506611675661
2.4390689846439617
2.461122221052522
2.482485724102516
2.509971922444222
2.5508313397722753
2.573815992368493
2.591753964537363
2.662856786790569
2.6756802361518095
2.685733110206078
2.6973478836818754
2.701172153862856
-2.4810018034123917
-2.4807444841116695
-2.4739003645699977
-2.4718263775992284
-2.467750109181597
-2.35336549396483
-2.3454146193175096
-2.3415832283321283
-2.295444206118847
-2.2909230036039383
-2.258257359868615
-2.2525580239217393
-2.2467545859854576
-1.8479603230718027
-1.8463619586104525
-1.8417470540977046
-1.8343481579267642
-1.832831084110222
-0.9182937805505038
-0.9112213594632655
-0.903599866128016
-0.8676981414206348
-0.8630848098685614
-0.6362947013348115
-0.6245440856134798
-0.5917644761996589
-0.543276061834794
-0.5233186797015887
-0.4481990350597307
-0.4313453584161862
-0.42496497491564306
0.4311333670927778
0.4404718313152869
0.4561637827040096
0.4954442503609235
0.5016560296080531
0.748182107649637
0.7729502104114114
0.7802719353626635
0.950984889270412
0.9639582171384953
1.0166446216977443
1.0409604211021324
1.0570707769403955
1.6135373254968546
1.6205276251860259
1.635775102991631
1.6479854420147864
1.6562339823237835
2.4315066143228425
2.4390689792598947
2.4611222280356664
2.482485716699946
2.5099719272296377
2.550831335797796
2.5738159962776592
2.591753962876439
2.662856787490059
2.675680234718472
2.6857331114163108
2.6973478829931703
2.701172154172334
-2.481555896552696
-2.479931002938928
-2.4748567368357577
-2.4707855463735244
-2.4680950850872803
-2.3521316740872167
-2.3484876082471744
-2.339513267661765
-2.2975142495410097
-2.288691214103734
-2.259923539788051
-2.250082649227397
-2.247955188101917
-1.848251667024861
-1.8457915976583767
-1.8421428999279503
-1.8339284524571138
-1.833133962183191
-0.918638536852849
-0.9100008285622829
-0.9046359327555864
-0.8666162134730198
-0.8640104090233254
-0.634907636002785
-0.6267402268202001
-0.5903014971069567
-0.5449682377551318
-0.5221358238147468
-0.4487495380871758
-0.43030640936209613
-0.42559404181168264
0.43206108209885513
0.438400146159795
0.4581263617762418
0.49240050863132223
0.5039011449332088
0.7489195223646665
0.7687691451906621
0.7839745282140989
0.9445966059706123
0.9742972398715898
1.008552071544244
1.049978739542859
1.051915619074781
1.6119631208682843
1.626206269014141
1.6297168007058636
1.6527882771172804
1.6533847398164647
2.4295529022300917
2.446987233882687
2.451181547688499
2.495426201143252
2.498738353222077
2.562138280773948
2.5624908115035914
2.594232473066908
2.6616245513197745
2.679465641817366
2.682332614209739
2.698985843703088
2.7001904734152666
-2.481847474323598
-2.479204784460065
-2.4757825089894663
-2.4694178065632464
-2.4689724520121956
-2.3517947584337446
-2.3489472623306944
-2.3393998165211674
-2.2972062380734157
-2.2891314574921506
-2.259243549420773
-2.251422599715602
-2.247152947892212
-1.8481384021575478
-1.8460489512430325
-1.8419339000827089
-1.834202140462884
-1.83292518762508
-0.9187055719448592
-0.9096968262319458
-0.9049040796159705
-0.8662965458781395
-0.8642998396058849
-0.6343115935287885
-0.6275742788545944
-0.5898640538007196
-0.5454238095729961
-0.5218446430792604
-0.44887890508909656
-0.4300100969515265
-0.4257950871446592
0.433719840993424
0.43605286204093596
0.4591571976194423
0.4918552093000153
0.5040846966847673
0.7532887543586533
0.7609560844193687
0.7875974061551697
0.9447907844149678
0.9722102712415672
1.0126654470123513
1.0426565389739666
1.0568578185067508
1.6126831633040715
1.6223923392501893
1.6341187725836694
1.6489042584407008
1.655960481370063
2.430173597389188
2.4425548170852753
2.456862496085731
2.4863298656855246
2.507753892183098
2.55140399507269
2.5741132988167412
2.591272725172646
2.6641114094152805
2.67316467340495
2.6881959845584977
2.695620508555393
2.701789660648426
-2.481639245841592
-2.4797712397355998
-2.4750217511302277
-2.4706453503156407
-2.4681463104813464
-2.3532165048478433
-2.3458434331199305
-2.3413123617029994
-2.294701644527157
-2.291789262054128
-2.2569811861846607
-2.254084794148927
-2.246370573579779
-1.847757081323754
-1.846681655873905
-1.841561027355292
-1.8345411566555643
-1.8327076589282092
-0.9183732121879699
-0.9109845673990812
-0.9037891034553859
-0.8675227378928598
-0.8632292792518502
-0.6359142948892568
-0.6251848637216886
-0.5913161182160396
-0.5437598997774352
-0.5229881537079798
-0.4483358254563693
-0.43110188003700506
-0.4251053943845432
0.431984583927469
0.4387776708508409
0.45731666719850034
0.4947234440992804
0.5020474705367034
0.75150982311078
0.7643863586583018
0.785685328423648
0.9520268437339008
0.9615422905591402
1.022542357942644
1.0343471714504928
1.0590026265096402
1.6156466152460256
1.6171851535874553
1.6399113233393952
1.6441817903988318
1.6571344028690702
2.4333803503569267
2.4359144124047396
2.4668592952548676
2.4755460156137254
2.5148220238794248
2.5453439887010343
2.583907850096133
2.584504595051477
2.6671996102718025
2.669306919102796
2.691081647055124
2.6933638082003437
2.7021164113989835
-2.48163887234097
-2.479772098559137
-2.475020448622725
-2.4706470046449494
-2.468145469851124
-2.3532228504359147
-2.3458178556515277
-2.3413336849533493
-2.294643251720112
-2.2918512956489003
-2.2569055195184067
-2.254167689920788
-2.246357615568718
-1.8479014609374431
-1.846465245549437
-1.841673620121023
-1.8344357116327754
-1.8327725421358143
-0.9179606288067729
-0.9121016556275997
-0.9029111641525572
-0.8683965374187087
-0.8625239179356384
-0.637366193622313
-0.6225023901039062
-0.5934363722413551
-0.5410132911266258
-0.5250822148609448
-0.4472582044937765
-0.43285558246522876
-0.42419717641268206
0.43172971839661617
0.4392536679634378
0.4569824684291035
0.4951589482209684
0.5017238653372076
0.7515982827314764
0.7642434710654228
0.7857433368676595
0.9519647838152082
0.9616128645816924
1.0224974132793092
1.0343861527341518
1.0589976624107404
1.61564733413968
1.6171843275684914
1.639911903144366
1.644181265678564
1.6571344549752538
2.4333803453286764
2.4359144186929087
2.4668592874074666
2.475546023529745
2.514822021308394
2.545343990821642
2.583907815751655
2.5845046285723754
2.66719960786111
2.6693069217080936
2.6910816455271407
2.6933638095671246
2.7021164113110285
-2.4809756881034355
-2.480773112579799
-2.473886550191663
-2.471840744042156
-2.467747031683151
-2.3533776084454763
-2.345357543035868
-2.341631818936615
-2.2953875434469007
-2.290984146502703
-2.258206942139482
-2.252620494075098
-2.2467344366754247
-1.8479846948904808
-1.8463206899441977
-1.841772185630621
-1.8343242668885953
-1.8328467405919306
-0.9183648029225125
-0.9110103937366101
-0.9037676193470898
-0.8675561298804514
-0.8631992877954164
-0.6364296589398042
-0.6242708355537636
-0.5920455249567684
-0.5427858536989769
-0.5237252077772262
-0.4479027474320535
-0.4318825772045184
-0.42466469050060024
0.43096135971774996
0.44088944706130784
0.4558146505703697
0.4959205988937519
0.5012820394441121
0.7482315075926951
0.7727312233750847
0.7804451369553588
0.950937643337931
0.9640153368399247
1.0166169670969656
1.0409832875498446
1.0570632413911674
1.61353746810107
1.6205273398645363
1.6357753945769649
1.647985217569792
1.656234057966032
2.4315066127722305
2.4390689824125844
2.4611222239514263
2.4824857210234614
2.50997192444072
2.550831338105069
2.573815994013963
2.5917539638362634
2.6628567870891198
2.675680235538982
2.6857331107241635
2.697347883386669
2.7011721539955627
-2.481554397890062
-2.4799339368478095
-2.474852861380774
-2.4707899334269787
-2.4680931342455197
-2.352135458857567
-2.3484815731527395
-2.3395157941475624
-2.297513645420965
-2.2886912649158635
-2.2599255689008566
-2.250075750684481
-2.2479603387551927
-1.8482271213130974
-1.8458489309187636
-1.842097425970208
-1.833990067546126
-1.8330850334225626
-0.9184728373520186
-0.9106607480905868
-0.9040539854810118
-0.8673044616826958
-0.8634069476528183
-0.6361291154450358
-0.6248122431229925
-0.5916044383069483
-0.5433769949955467
-0.5232834944071921
-0.4481093151249337
-0.43155445598892084
-0.42483629303944276
0.4318332074315702
0.4388037452292765
0.45784655013252784
0.49266806086792675
0.5037365859463547
0.7489739155829424
0.7686411006507452
0.7840517103554264
0.9445755662381776
0.9743341947860233
1.0085242708950233
1.0500667919779472
1.0518370144750964
1.61196319853949
1.6262055020207893
1.6297175802618313
1.6527869275854596
1.6533859991798607
2.4295529014680284
2.4469872441638083
2.4511815367716507
2.495426220860427
2.4987383341492393
2.5621383932672313
2.5624906991486975
2.594232473740034
2.661624550988241
2.679465644024275
2.6823326121005904
2.6989858445282375
2.7001904727658195
-2.481848205083636
-2.4792022906615525
-2.4757857097440583
-2.469404196275526
-2.468984629374591
-2.3517818644656288
-2.3489664784214885
-2.339392189777679
-2.2972166128718294
-2.2891197641480745
-2.2592548537479984
-2.251406226995452
-2.2471606346376976
-1.8481729226505463
-1.8459766435122609
-1.841988696788289
-1.8341415610089336
-1.8329687576414007
-0.9180942411870319
-0.9117833992357248
-0.9031416230135683
-0.8682047952572169
-0.8626705919516561
-0.6371273554864784
-0.6230070378684085
-0.5929799329797906
-0.5416749895455988
-0.5245608710585545
-0.44748130784945445
-0.4325423727060962
-0.4243368120728716
0.4331268767842226
0.4368129156074937
0.45887519802013305
0.4921316431725793
0.5039220761376793
0.7534333926858515
0.7607695022415317
0.7876428464322272
0.9447691343463496
0.9722446753977141
1.012638023743997
1.0426769080190248
1.0568497179879912
1.6126832642520377
1.622392052194746
1.6341190825286545
1.6489040476440018
1.65596056839491
2.4301735964593485
2.4425548204979197
2.4568624918135247
2.4863298698421907
2.50775388891549
2.551403997362007
2.5741132964491236
2.59127272620796
2.6641114088554754
2.673164674235588
2.6881959838742624
2.6956205090250136
2.7017896605355225
