-2.770574750493806
-2.7620439087854884
-2.7534103464416746
-2.7448725489691954
-2.7366451515189425
-2.7289504633295305
-2.722005817717774
-2.716007282379117
-2.711111758122537
-2.7074209321124925
-2.70497106068346
-2.704477292847442
-2.703731888795763
-2.7036111310882895
-2.280719737975558
-2.279988434738082
-2.2798471857830753
-2.277835413307162
-2.2775720026987707
-2.2750191192590394
-2.2733070591788307
-2.2718487095348485
-2.2687883794025065
-2.2672339440760254
-2.2662759406245696
-2.259533929130286
-2.2505350100702364
-2.2406986879301702
-1.8726462421098085
-1.8665093683390046
-1.8601823560116686
-1.8539362110113562
-1.8482942640092317
-1.8436527813968104
-1.841308189118928
-1.8402543250522625
-1.8395013828568882
-1.838370307596363
-1.8381464093921172
-1.8375454943183662
-1.8370473686034607
-1.8365018781155913
-1.469312818890055
-1.465867451543513
-1.4625529860100286
-1.459572745630753
-1.4573563266426706
-1.4554897583776367
-1.4539741956611505
-1.4526039102244859
-1.4512996021631468
-1.4499916293022452
-1.4482028992234675
-1.4461654217346638
-1.4433319005145322
-1.4403096714162222
-1.1656734962679427
-1.1595482826822543
-1.1537408902882982
-1.148653532298068
-1.1461183614818669
-1.1443503339379342
-1.1419216548335116
-1.1389801853767967
-1.136004593704478
-1.1313515459571328
-1.1255010209036596
-1.1207363559789645
-1.1113925384313548
-1.103928231738117
-0.9028123335540076
-0.8963421571595657
-0.8899603970614977
-0.8840614020632429
-0.8789551296380989
-0.8745830070465359
-0.8730704539863989
-0.8690269553437056
-0.8673252594089734
-0.8638087092612039
-0.8615814583647898
-0.8599533744001674
-0.8560203933460195
-0.8499760359163535
-0.743418440535768
-0.7341006152250552
-0.7253521370293211
-0.7171066098936624
-0.7105133187450672
-0.7070774590424399
-0.7019923948395188
-0.698814922449652
-0.6929573133697806
-0.6880705229691138
-0.6816595731574899
-0.6760430006704435
-0.6685772778806757
-0.6539205087017586
-0.6149918690530908
-0.6085659594901577
-0.6041674452789737
-0.6012163712128489
-0.5979947493429698
-0.5955764174262501
-0.5923852076404015
-0.5896632003019728
-0.5854208986784333
-0.5815738146840373
-0.5769161172584112
-0.5713967514127821
-0.5676836312895678
1.3797494052867674
1.3888973733454444
1.3969161469792701
1.403995399088281
1.409637273875598
1.412088916404287
1.4143631161225076
1.4184131262548916
1.4202530308611225
1.4257640511011558
1.427281312000484
1.4322419939281492
1.4381871565876905
1.458190768095028
1.4734352331504472
1.4770892361985593
1.4827093269337515
1.490184243724097
1.494129585855518
1.5026751239174996
1.505815214999915
1.5137193020902744
1.5164431109395549
1.5217758324960493
1.5258928608953377
1.5274911256739476
1.5397021823227346
1.6649506310881843
1.669307073286855
1.6728271106305275
1.6751125468428865
1.6773579195003778
1.6790165285452119
1.6821275964688094
1.6838987626816992
1.686214564149818
1.6885321336393284
1.6912973706483592
1.6944781813327963
1.6984405922970256
1.701761203653186
1.914392585850124
1.9226708290155536
1.931324046731152
1.9397921267704932
1.9472086508465536
1.9522856141120726
1.9529633877498644
1.9541994643809157
1.955693189899105
1.9565775170568127
1.9569105210112965
1.9580370442080117
1.9591726351036047
1.9606189309046025
2.307948255598994
2.3082577990672077
2.30941111499184
2.309973194353052
2.312681809544114
2.3127496506459813
2.316093623245419
2.3177354228884424
2.319490896762708
2.3224396928356943
2.3243937614461196
2.3245416369022536
2.3323942170252243
2.3414415064957383
2.7428486829758496
2.750558875824068
2.758815469608537
2.7674021699172386
2.776105303735151
2.784723588464989
2.793073997772255
2.8009946262403407
2.8083454909398524
2.815008106059248
2.820884463579393
2.8258958490236648
2.829981757704456
2.8330992290902497
-2.7705747504938074
-2.762043908785489
-2.753410346441675
-2.7448725489691945
-2.736645151518942
-2.728950463329531
-2.7220058177177737
-2.716007282379116
-2.7111117581225375
-2.707420932112493
-2.70497106068346
-2.7044772928474408
-2.703731888795764
-2.703611131088289
-2.2807197379755597
-2.279988434738082
-2.279847185783074
-2.2778354133071606
-2.2775720026987707
-2.275019119259039
-2.27330705917883
-2.2718487095348485
-2.268788379402506
-2.267233944076025
-2.2662759406245687
-2.259533929130286
-2.250535010070236
-2.24069868793017
-1.8726462421098073
-1.8665093683390044
-1.860182356011669
-1.8539362110113569
-1.8482942640092335
-1.843652781396744
-1.8413081891216074
-1.8402543250338315
-1.8395013828997706
-1.8383703073221982
-1.8381464097184934
-1.8375454942071576
-1.8370473686396198
-1.8365018781113736
-1.4693128193835727
-1.465867436823109
-1.4625532440377127
-1.4595692349770424
-1.4573799179539197
-1.455378499688985
-1.4542016806937421
-1.4521878885973882
-1.451675448731552
-1.4498690688773894
-1.448232884717874
-1.4461613978126604
-1.4433321322947088
-1.440309662744912
-1.1656734947330158
-1.1595483237855948
-1.1537401945731143
-1.1486659979766973
-1.1460594676429536
-1.1444324709990032
-1.1418707467716858
-1.1389997826028861
-1.1360010486376366
-1.1313511615058625
-1.1255012780388853
-1.1207362826441463
-1.1113925425725402
-1.1039282313963514
-0.9028123318857744
-0.8963422060987368
-0.8899596616870623
-0.8840691722651027
-0.8788894271889094
-0.8750437115702805
-0.8721493162644747
-0.8701599902714868
-0.8661665520893086
-0.8646199390928242
-0.8611081346429205
-0.8601651323198337
-0.8560154138282251
-0.8499760773456502
-0.7434184363075333
-0.7341007380513027
-0.7253504224687535
-0.7171255623030605
-0.7103409597615015
-0.7074053004740827
-0.7015020512624149
-0.6991841294847246
-0.6929338966486278
-0.6880026762503468
-0.681725974730108
-0.6760100751600585
-0.6685837462613775
-0.6539200894774893
-0.6149959455838229
-0.6085122238247863
-0.6044443312863701
-0.6002616727659487
-0.5991994947753354
-0.5946598498347803
-0.5929608639639374
-0.5895060884989616
-0.5854451153080832
-0.5815701242229547
-0.5769163870400843
-0.5713967397559828
-0.5676836320771936
1.3797494052886248
1.3888973730342462
1.3969161713428888
1.4039939450129595
1.409718380006958
1.4117503206699693
1.4152141243149283
1.4170183019352074
1.42187225880966
1.424071343048311
1.4284476577562661
1.4319032137101966
1.4382391332425115
1.458178660965243
1.473736799841347
1.4764575849529227
1.483578023633932
1.48883177470382
1.4956600518818153
1.50097417657943
1.50743896773851
1.5123484359444892
1.5175322006562193
1.5212909934107544
1.5261476338758755
1.527372247315895
1.5397022694555325
1.6649506761606199
1.6693055836051995
1.6728506469109545
1.6750111769855607
1.6777390552067841
1.6785831543466578
1.6826131722768154
1.683429102613012
1.686382669398042
1.6884697231225771
1.6913084586187022
1.694476931020068
1.6984406648976873
1.701761199602252
1.9143925858501265
1.9226708290155519
1.9313240467311517
1.9397921267704898
1.947208650846555
1.9522856141120757
1.9529633877498562
1.9541994643809142
1.9556931898991157
1.956577517056784
1.9569105210113278
1.958037044208008
1.9591726351036054
1.9606189309046027
2.3079482555989963
2.3082577990672077
2.3094111149918417
2.3099731943530504
2.312681809544108
2.312749650645986
2.3160936232454183
2.3177354228884406
2.3194908967627073
2.322439692835693
2.3243937614461165
2.324541636902256
2.3323942170252274
2.3414415064957406
2.742848682975848
2.7505588758240647
2.7588154696085376
2.7674021699172395
2.776105303735149
2.7847235884649892
2.793073997772255
2.8009946262403442
2.8083454909398546
2.8150081060592433
2.8208844635793926
2.825895849023663
2.8299817577044535
2.8330992290902426
-2.7705747504938074
-2.76204390878549
-2.7534103464416733
-2.744872548969195
-2.7366451515189407
-2.728950463329531
-2.7220058177177737
-2.716007282379115
-2.711111758122538
-2.7074209321124925
-2.70497106068346
-2.704477292847439
-2.7037318887957635
-2.7036111310882918
-2.2807197379755584
-2.2799884347380823
-2.2798471857830758
-2.2778354133071623
-2.2775720026987716
-2.275019119259039
-2.273307059178831
-2.271848709534848
-2.268788379402505
-2.267233944076026
-2.2662759406245687
-2.259533929130286
-2.2505350100702355
-2.24069868793017
-1.8726462421098071
-1.8665093683390044
-1.8601823560116684
-1.853936211011357
-1.848294264009233
-1.8436527813967205
-1.8413081891224925
-1.8402543250277899
-1.8395013829137232
-1.838370307233894
-1.8381464098233982
-1.8375454941716063
-1.837047368651126
-1.8365018781100357
-1.4693128188375757
-1.465867453611328
-1.4625529408836029
-1.4595734698208707
-1.4573507119387599
-1.45551499234805
-1.4539053777673183
-1.4527033856878488
-1.4512118358089428
-1.4500369743415469
-1.4481929494470693
-1.446166926243761
-1.443331805230553
-1.440309675367343
-1.1656734984664594
-1.1595481959979475
-1.153743044811877
-1.1485931053545422
-1.1463969169938208
-1.1437464944858802
-1.1424720670100583
-1.1387158183338564
-1.1361188092680796
-1.1313322129582177
-1.1255043240133848
-1.1207357459871639
-1.1113925598569694
-1.103928230342113
-0.9028123267856575
-0.8963422929087683
-0.8899588224906503
-0.8840750321875193
-0.8788553849466991
-0.8751567717794234
-0.8719237499925829
-0.8703159144430604
-0.8662283627994253
-0.8644914833104802
-0.861243091903997
-0.8600795128339028
-0.8560182893192828
-0.8499760308489704
-0.7434184340638061
-0.7341007421709154
-0.7253510601298452
-0.717109827130234
-0.7105724909629283
-0.7067871571242256
-0.7027588580736233
-0.6977283246318176
-0.693876531567128
-0.6875008097956007
-0.6819413089052022
-0.6759466452410874
-0.6685920316272099
-0.653919831121906
-0.6149950609751536
-0.6085304192988172
-0.6043377175705186
-0.6008070336603685
-0.5985124480384711
-0.595194172334756
-0.5925664778919316
-0.5896133788271081
-0.5854258835030298
-0.5815733815776594
-0.5769161170521904
-0.5713967532286529
-0.5676836310755721
1.379749405288484
1.3888973730464145
1.3969161712009848
1.4039939099176841
1.4097226861688439
1.411732924153393
1.4153034266291045
1.4168952033469875
1.4220857065524002
1.4238368398645096
1.428566020790918
1.4318444451538956
1.4382483033098328
1.45817525182015
1.4738785365604825
1.4762001579048483
1.4840110999993439
1.4882340231393458
1.4965301330047474
1.5000226151129725
1.5084384728992393
1.5113915245313998
1.518202299874123
1.520851484452113
1.5263662097244075
1.5272448760189865
1.5397023486632442
1.6649504234866486
1.6693122504622482
1.6727654303814872
1.675428557676413
1.6767631727566499
1.6796938759441247
1.6814839573661313
1.6844213300990494
1.6859348294455294
1.688601729223698
1.691285643675139
1.694479265579616
1.6984405428137357
1.7017612058541127
1.914392585850127
1.9226708290155543
1.931324046731153
1.939792126770488
1.9472086508465514
1.9522856141120801
1.952963387749845
1.9541994643809477
1.9556931898990288
1.9565775170570037
1.956910521011155
1.9580370442080242
1.9591726351036065
1.9606189309046032
2.3079482555989865
2.3082577990672
2.3094111149918364
2.309973194353046
2.3126818095441104
2.3127496506459755
2.3160936232454197
2.3177354228884406
2.3194908967627095
2.3224396928356916
2.32439376144612
2.324541636902255
2.332394217025229
2.3414415064957375
2.7428486829758434
2.750558875824069
2.758815469608535
2.767402169917241
2.776105303735147
2.784723588464988
2.7930739977722525
2.8009946262403385
2.808345490939854
2.815008106059246
2.8208844635793864
2.8258958490236674
2.829981757704455
2.833099229090245
-2.7705747504938074
-2.762043908785489
-2.7534103464416773
-2.7448725489691967
-2.7366451515189443
-2.7289504633295283
-2.7220058177177746
-2.7160072823791164
-2.711111758122539
-2.707420932112494
-2.704971060683459
-2.70447729284744
-2.7037318887957666
-2.7036111310882904
-2.2807197379755584
-2.279988434738082
-2.2798471857830758
-2.2778354133071614
-2.2775720026987716
-2.2750191192590385
-2.273307059178831
-2.271848709534849
-2.268788379402507
-2.2672339440760245
-2.266275940624569
-2.2595339291302854
-2.250535010070236
-2.24069868793017
-1.872646242109807
-1.8665093683390046
-1.860182356011668
-1.8539362110113577
-1.8482942640092324
-1.8436527813967907
-1.8413081891198138
-1.8402543250462213
-1.8395013828708418
-1.8383703075080604
-1.8381464094970235
-1.8375454942828167
-1.8370473686149675
-1.8365018781142568
-1.4693128183440565
-1.465867468331283
-1.4625526827192772
-1.4595769520663742
-1.4573258596889087
-1.4556068102303303
-1.4535346168026164
-1.453139108307904
-1.4509188427800939
-1.4502188723021165
-1.4481650289507377
-1.4461709991684994
-1.443331573603434
-1.4403096840389225
-1.1656735000013787
-1.1595481548891615
-1.1537437384007188
-1.1485790535095763
-1.1464405328500955
-1.1436369237190678
-1.1425640096013983
-1.1386988887275888
-1.1361229539328803
-1.1313325960167806
-1.1255040665438465
-1.1207358192882524
-1.1113925557157445
-1.1039282306838774
-0.9028123284538996
-0.8963422439731593
-0.8899595583310441
-0.884067296276051
-0.8789229342844082
-0.8747568914831464
-0.8728576947239151
-0.8691272310401119
-0.867326796604861
-0.8636935472324266
-0.8617120426722009
-0.859899219919169
-0.8560232921333977
-0.8499759894225978
-0.7434184382920466
-0.7341006193442962
-0.7253527739116771
-0.7170906587178286
-0.7107156659555404
-0.7064082792935927
-0.703169665139218
-0.697484680769656
-0.693939841495521
-0.6875674310713453
-0.6818716544650953
-0.6759785974971833
-0.6685855321541535
-0.6539202503068049
-0.6149909811221869
-0.6085832580854181
-0.6040304980189253
-0.6015350535799039
-0.5972343713561917
-0.596320705267448
-0.5920911312322404
-0.5897910688994278
-0.5854020438369566
-0.5815770852385944
-0.5769158473549961
-0.5713967648856186
-0.5676836302879483
1.3797494052866266
1.3888973733576133
1.3969161468373692
1.4039953639190603
1.409640941571941
1.412066069182229
1.4144141819440128
1.4182633789827321
1.4204325097354453
1.425520364283075
1.4275010953106961
1.4321956300654322
1.438196627794541
1.4581873508545369
1.4735364603159753
1.4768448806734835
1.4830687143310919
1.4895127220250657
1.494924205496919
1.501681481634158
1.5068312253186527
1.5128172924304806
1.5172210054383646
1.5214370337573018
1.5260857354818764
1.527401991563444
1.5397022615366078
1.664950378433575
1.6693137556652702
1.6727448636912836
1.6756313479310392
1.6764666700394246
1.680169206904871
1.6809867765781945
1.6848204003824492
1.6856268598719069
1.688655566114355
1.6912741975991785
1.694480511447976
1.6984404702001825
1.7017612099049928
1.9143925858501232
1.9226708290155547
1.9313240467311519
1.9397921267704938
1.947208650846553
1.9522856141120823
1.9529633877498425
1.9541994643809517
1.9556931898990195
1.9565775170570343
1.9569105210111262
1.958037044208029
1.959172635103607
1.9606189309046027
2.307948255598993
2.308257799067205
2.309411114991845
2.30997319435304
2.3126818095441077
2.312749650645982
2.316093623245417
2.3177354228884406
2.3194908967627095
2.3224396928356947
2.324393761446117
2.324541636902254
2.3323942170252274
2.3414415064957446
2.7428486829758505
2.750558875824066
2.758815469608537
2.767402169917238
2.776105303735151
2.7847235884649857
2.7930739977722556
2.8009946262403433
2.808345490939848
2.815008106059247
2.820884463579391
2.825895849023666
2.8299817577044584
2.8330992290902457
-2.7684617654739614
-2.7598877272927216
-2.7512587600796676
-2.742777964354216
-2.7346628488504785
-2.7271358263837544
-2.7204105511803194
-2.714674972962345
-2.7100735315278315
-2.706692207438118
-2.7048288330890986
-2.7045502957695
-2.703742258343982
-2.7036005307638855
-2.2807044094209883
-2.280172961458214
-2.2795548548161477
-2.2784310887781674
-2.2766797058121284
-2.275774321280723
-2.272649188818242
-2.2719537344422713
-2.269517821867819
-2.266826164699598
-2.265451134673019
-2.2573900007680083
-2.2481342332580017
-2.2381780154557447
-1.8739036657277364
-1.8680231928578732
-1.861777993166898
-1.8554598232951007
-1.8496238453032725
-1.844703483204354
-1.8411449467052348
-1.8409795352098755
-1.8393279411827528
-1.83861034014415
-1.8381639598455493
-1.8375509879666938
-1.8370647574613455
-1.8365018590771391
-1.4693263483821313
-1.4659460309730248
-1.4626961256967468
-1.459672643477103
-1.4573382437977458
-1.4555568126782643
-1.4540092764632908
-1.4526096780140285
-1.4513501374767777
-1.4500224327893603
-1.4482160667967723
-1.4462899738743829
-1.4433218621304282
-1.4405797978396275
-1.165918761210492
-1.1599598129851085
-1.1542635905895993
-1.1491173402970247
-1.146453051788511
-1.1440725525474078
-1.1426161648667437
-1.1388384328336205
-1.1367361156452847
-1.1312006531609222
-1.1266335426596208
-1.1208213224408798
-1.1115314690529166
-1.1061722409481416
-0.9029465748675974
-0.8967214844390277
-0.8905054952154581
-0.8846827869190089
-0.8794917374678752
-0.8750460981933436
-0.8727801642952271
-0.8694441144589712
-0.8675303986908443
-0.8638219227561965
-0.8620601051803293
-0.8601489777841297
-0.8560419311617588
-0.8499778817766775
-0.743431651070706
-0.7342432357969584
-0.725813676148137
-0.7178321158670375
-0.7109586309814395
-0.7069312553051504
-0.7026005739562858
-0.698985056449291
-0.6934642805035114
-0.6885002622761315
-0.6820493680276809
-0.6761684750695113
-0.6685862389570226
-0.6539205410186701
-0.6149917263055973
-0.6085704835292064
-0.6041625773484844
-0.6013346770870734
-0.5980991561141288
-0.5955897188903174
-0.5926364564277967
-0.5896131893282082
-0.5855616189855359
-0.5818495508999586
-0.5768637009701083
-0.5717625951262758
-0.5681966881385011
1.378762882210342
1.387795477193051
1.395763161114878
1.402895276859048
1.4089115830538463
1.4122203719149526
1.4139995503259215
1.4180108597678756
1.4202303016186202
1.4253745618183262
1.427431573722541
1.432035664349127
1.4380475269279642
1.4560796088495869
1.4732581599927723
1.475840726265111
1.4824501865416533
1.4887388576758211
1.4941554225163498
1.5009113058345924
1.506126884688306
1.5121020989207037
1.5165688763935614
1.5211503563473658
1.52483583407978
1.5273042608729115
1.5378582658058575
1.6649506130265672
1.6693162524302878
1.672763688458205
1.67570316102173
1.6765049933368261
1.6802306286635338
1.680985412841324
1.6848173775444273
1.6857292687980392
1.6885795231686513
1.6914397274111173
1.6944693943614926
1.6984731611517996
1.7020213790570273
1.9126525988204668
1.9206055456345072
1.929139412068123
1.937744076446239
1.945490883210618
1.9517046660996484
1.9523761144782485
1.9543660668005738
1.9558648706807071
1.9559563884129636
1.9571074078225297
1.9580530077158627
1.959162039803277
1.9606195554971109
2.307994534706555
2.308185440056688
2.3094259671513973
2.310056267887285
2.311982527572682
2.313783158657226
2.315232475785846
2.3186645586350254
2.3192587310024706
2.3217707293011793
2.324128313800821
2.3262795185746685
2.334568792760822
2.343825803209547
2.7447133913512007
2.752580173591781
2.760939679237066
2.7695751695105857
2.7782753220529552
2.786843001425468
2.795100289427981
2.8028907469101925
2.8100798374501164
2.8165543025914235
2.8222210682792137
2.8270060661755667
2.8308532018718737
2.8337237760076674
-2.7684617654739605
-2.759887727292722
-2.7512587600796685
-2.742777964354218
-2.734662848850481
-2.7271358263837486
-2.7204105511803176
-2.714674972962343
-2.71007353152783
-2.7066922074381154
-2.704828833089095
-2.704550295769501
-2.703742258343983
-2.7036005307638824
-2.280704409420986
-2.280172961458216
-2.2795548548161473
-2.278431088778165
-2.2766797058121284
-2.275774321280723
-2.2726491888182405
-2.271953734442273
-2.269517821867818
-2.266826164699597
-2.2654511346730204
-2.2573900007680074
-2.2481342332580017
-2.2381780154557456
-1.8739036657277364
-1.8680231928578743
-1.861777993166899
-1.8554598232951016
-1.8496238453032714
-1.8447034832043423
-1.8411449467146057
-1.8409795351977307
-1.83932794120515
-1.8386103400707547
-1.8381639599309234
-1.8375509879197274
-1.8370647574787666
-1.8365018590750999
-1.4693263489153325
-1.4659460158078623
-1.4626963685044356
-1.4596694322591104
-1.45736283010354
-1.4554457918405908
-1.4542351738768167
-1.4521421072767573
-1.4517802943119358
-1.4498959044166093
-1.448247992508522
-1.4462852833226831
-1.4433221013806152
-1.440579785864877
-1.1659187553949966
-1.1599599860833356
-1.1542603100448703
-1.1491834132229937
-1.1459925932690478
-1.1449140013817627
-1.141939111020766
-1.1392253375727805
-1.1365654093680053
-1.1312218074525189
-1.1266288202271177
-1.1208218151985154
-1.1115314471559536
-1.1061722436336079
-0.9029465806374882
-0.8967213931610878
-0.8905063046586991
-0.8846776344927278
-0.8795169764521775
-0.8749224841799366
-0.8729519229778773
-0.8693416445488649
-0.8675313575934713
-0.8639377570790673
-0.8619324073814975
-0.8601955898917456
-0.8560397005415372
-0.8499779196102994
-0.7434316464332137
-0.7342433709228021
-0.7258119402112293
-0.7178484015987019
-0.7108224853238572
-0.7072516989995935
-0.7021228067371014
-0.6993230467990741
-0.6934268163231524
-0.6884443202017125
-0.682105885563039
-0.676140908229203
-0.6685918455124581
-0.6539201542000284
-0.6149958103930941
-0.6085153555420799
-0.6044573324994968
-0.6003277009623086
-0.5993400147731509
-0.5945754814535885
-0.5932988235462087
-0.5894644707964831
-0.5855885585200462
-0.5818453935957907
-0.5768639623179244
-0.5717625799042283
-0.5681966892191689
1.3787628822104343
1.387795477187839
1.3957631609142138
1.4028953124463248
1.4089088952973632
1.4122559018973742
1.4139287994330338
1.4181894324450697
1.4200162819892928
1.4256723486551979
1.4271577480317934
1.4320966821636512
1.4380346942033158
1.456083341139854
1.4731118834299155
1.4761406427218653
1.4820532395239898
1.4894930812071279
1.493281341947691
1.5019702911318926
1.505052825327869
1.5130322233504554
1.515783373105808
1.5215290735143385
1.524640779341247
1.5273518002968216
1.5378581227467611
1.664950855505275
1.6693099016711301
1.6728411446105556
1.6751862677642837
1.6773916953590915
1.6790701191128259
1.6821270710342529
1.6839430422558153
1.686289275601388
1.6884535604340563
1.69145999985696
1.6944669989836634
1.698473274913172
1.7020213741688976
1.9126525988204643
1.920605545634508
1.929139412068124
1.9377440764462397
1.9454908832106166
1.951704666099641
1.952376114478253
1.9543660668005596
1.9558648706810593
1.9559563884126037
1.9571074078225568
1.958053007715855
1.9591620398032779
1.960619555497108
2.3079945347065567
2.3081854400566892
2.3094259671513875
2.310056267887284
2.3119825275726797
2.3137831586572264
2.315232475785845
2.318664558635029
2.319258731002474
2.3217707293011753
2.324128313800819
2.32627951857467
2.3345687927608205
2.3438258032095525
2.7447133913512047
2.752580173591781
2.7609396792370666
2.7695751695105963
2.7782753220529584
2.7868430014254715
2.795100289427984
2.802890746910194
2.810079837450112
2.8165543025914213
2.8222210682792155
2.827006066175567
2.83085320187188
2.833723776007663
-2.7684617654739623
-2.759887727292726
-2.751258760079669
-2.742777964354216
-2.734662848850478
-2.727135826383751
-2.7204105511803207
-2.7146749729623494
-2.7100735315278293
-2.706692207438112
-2.704828833089097
-2.7045502957694985
-2.703742258343982
-2.7036005307638846
-2.2807044094209856
-2.280172961458216
-2.2795548548161486
-2.278431088778163
-2.276679705812128
-2.275774321280725
-2.2726491888182423
-2.2719537344422704
-2.2695178218678183
-2.266826164699597
-2.26545113467302
-2.257390000768008
-2.248134233258001
-2.2381780154557447
-1.8739036657277353
-1.8680231928578734
-1.8617779931668987
-1.8554598232951003
-1.849623845303273
-1.844703483204339
-1.8411449467173506
-1.840979535194178
-1.8393279412115953
-1.838610340049774
-1.838163959955218
-1.8375509879064418
-1.8370647574836694
-1.8365018590745292
-1.4693263482947019
-1.4659460339958599
-1.4626960686434203
-1.4596735056666899
-1.4573307113777687
-1.4555885487550937
-1.4539231437781177
-1.452736719656545
-1.4512372654162569
-1.450080166147393
-1.4482032990105869
-1.4462920699069486
-1.4433217455517926
-1.440579804188511
-1.1659187550806607
-1.1599599867407198
-1.1542604536056071
-1.1491779911046875
-1.1460643893192286
-1.1448030265299531
-1.1420257171703785
-1.1391571609601743
-1.1365952928666734
-1.1312168105883875
-1.126630113354075
-1.1208216552026085
-1.1115314561035852
-1.1061722423995313
-0.9029465787759842
-0.8967214431187956
-0.8905056213532264
-0.884684135595851
-0.8794681257116151
-0.8752620302619216
-0.8720925021246799
-0.8704753626073162
-0.8664852167955116
-0.8646909136359678
-0.8614829770328315
-0.8603709470369021
-0.856035864499792
-0.8499779546559267
-0.7434316439739512
-0.7342433762693092
-0.7258125477718337
-0.7178356494798251
-0.7110009209901103
-0.7066197532861933
-0.7033424104906468
-0.6979502612246019
-0.6943699923440158
-0.6879764268974262
-0.6822964523579876
-0.6760869243292256
-0.668599046808174
-0.6539199148223732
-0.6149949363244218
-0.6085338445085605
-0.6043456932109971
-0.6009019127550173
-0.5986309997285849
-0.5951824569770492
-0.592837137052144
-0.5895658033826077
-0.5855673999986245
-0.5818490081427641
-0.5768637023831291
-0.5717625971953855
-0.5681966878739106
1.3787628822120812
1.3877954769411476
1.3957631777673687
1.4028944680655318
1.4089495242362056
1.4119117661186518
1.4147507345888737
1.416880604331426
1.4215921250584183
1.4239692309156122
1.4284103414595974
1.431704892847595
1.438096961258941
1.4560707333103824
1.473549384032322
1.475366681002898
1.4829666297093151
1.4880472283713013
1.4948786636834086
1.5002336170962707
1.5066958826078753
1.511673967543118
1.5168395063064066
1.5210195688704908
1.524884390873114
1.5272929203102024
1.5378582761421111
1.6649509056266218
1.669308302586222
1.6728657192709473
1.6750765220816655
1.6778135933875784
1.678592306442769
1.6826391631858422
1.6834531077730057
1.6864703520540563
1.6883837778799582
1.6914704875583848
1.6944656256109705
1.6984733470336215
1.7020213707795937
1.912652598820464
1.9206055456345033
1.9291394120681216
1.9377440764462395
1.9454908832106201
1.9517046660996553
1.9523761144782517
1.954366066800558
1.955864870681094
1.955956388412568
1.9571074078225634
1.9580530077158547
1.9591620398032796
1.9606195554971118
2.3079945347065576
2.308185440056691
2.3094259671513857
2.310056267887285
2.3119825275726824
2.313783158657227
2.3152324757858453
2.318664558635026
2.319258731002469
2.3217707293011793
2.3241283138008217
2.326279518574671
2.334568792760822
2.343825803209551
2.744713391351201
2.752580173591778
2.7609396792370675
2.7695751695105915
2.7782753220529584
2.7868430014254626
2.795100289427978
2.8028907469101885
2.810079837450116
2.816554302591417
2.8222210682792115
2.8270060661755645
2.830853201871874
2.833723776007661
-2.768461765473958
-2.7598877272927242
-2.751258760079671
-2.7427779643542167
-2.734662848850478
-2.727135826383752
-2.720410551180318
-2.7146749729623423
-2.710073531527827
-2.7066922074381177
-2.704828833089095
-2.7045502957694993
-2.7037422583439823
-2.7036005307638833
-2.2807044094209865
-2.280172961458216
-2.2795548548161473
-2.2784310887781665
-2.276679705812128
-2.2757743212807235
-2.2726491888182423
-2.271953734442271
-2.2695178218678187
-2.2668261646995975
-2.2654511346730195
-2.257390000768007
-2.2481342332580017
-2.238178015455745
-1.8739036657277355
-1.8680231928578734
-1.8617779931668994
-1.8554598232951003
-1.849623845303274
-1.8447034832043507
-1.8411449467079801
-1.8409795352063236
-1.8393279411891992
-1.8386103401231704
-1.8381639598698427
-1.8375509879534093
-1.8370647574662486
-1.836501859076567
-1.4693263477615004
-1.4659460491605232
-1.4626958257122615
-1.4596766925687708
-1.457304552457339
-1.4556805074614483
-1.4535276859353548
-1.4532021799121413
-1.4509264031361342
-1.4502773253293109
-1.4481737039502616
-1.4462968343767764
-1.4433215064640341
-1.440579816163823
-1.1659187608961565
-1.1599598136423626
-1.1542637335575114
-1.149111319170982
-1.1464897379019812
-1.1439413515329908
-1.1427482408930556
-1.1387737854796585
-1.1367728766119214
-1.1311957107103123
-1.1266348404050406
-1.1208211625095925
-1.111531478000649
-1.106172239714066
-0.9029465730060805
-0.8967215343929159
-0.8905048115025804
-0.8846892642641639
-0.8794419306393805
-0.8753535386592479
-0.8718475448703138
-0.8706656845186125
-0.8665315669469456
-0.8645769648530541
-0.861600822489639
-0.8603034384632782
-0.856038081779752
-0.8499779168203211
-0.7434316486114537
-0.7342432411430947
-0.7258142829576724
-0.7178192236081927
-0.71112000496123
-0.706182296688493
-0.7038295839770841
-0.6976939690413635
-0.6944544324028652
-0.6880317532233665
-0.6822373749705573
-0.6761138247484603
-0.6685934174763954
-0.6539203016078794
-0.6149908489229776
-0.6085880277787943
-0.6040148607480842
-0.6016660503667242
-0.5973612779276262
-0.5963258023341762
-0.592338066071167
-0.5897303648055646
-0.585540923017083
-0.5818531828691567
-0.5768634411084802
-0.57176261241772
-0.5681966867932455
1.3787628822119855
1.3877954769463592
1.395763177968039
1.4028944325167096
1.4089523988244843
1.4118891867611145
1.414848341629528
1.4167453486204105
1.421836296838448
1.423700066217369
1.4285622107330334
1.4316242210632968
1.4381093212265668
1.4560670066666297
1.473847543400803
1.4749441423747143
1.4834641063383103
1.4873678350015778
1.49582727032178
1.4992089161431656
1.5077441065863584
1.5106779346350472
1.517496836608932
1.5205727562416722
1.5250593761295685
1.527240024474897
1.5378584191801938
1.6649506631273792
1.6693146376558745
1.6727853677918798
1.6754819930761213
1.6768293965887717
1.6797097482659837
1.6815267441061772
1.684418109976982
1.6860340181414295
1.688520782213525
1.6914504851905403
1.694468026183985
1.6984732332844825
1.7020213756677565
1.9126525988204706
1.9206055456345055
1.9291394120681258
1.937744076446242
1.945490883210619
1.95170466609965
1.952376114478247
1.9543660668005718
1.9558648706807418
1.955956388412931
1.9571074078225335
1.9580530077158613
1.959162039803277
1.9606195554971089
2.307994534706562
2.3081854400566924
2.3094259671513924
2.3100562678872825
2.3119825275726815
2.313783158657225
2.3152324757858445
2.318664558635026
2.319258731002472
2.321770729301178
2.324128313800821
2.3262795185746725
2.334568792760822
2.3438258032095507
2.744713391351204
2.7525801735917774
2.76093967923706
2.769575169510601
2.7782753220529557
2.7868430014254693
2.7951002894279817
2.8028907469101916
2.8100798374501084
2.81655430259142
2.8222210682792137
2.827006066175564
2.830853201871875
2.833723776007665
-2.766333793405846
-2.75772801289135
-2.749116361548005
-2.7407062080203213
-2.7327173424887596
-2.7253714234505
-2.7188773549591847
-2.7134138370071628
-2.709111894026836
-2.706041273158644
-2.7052291236913497
-2.7042043717569664
-2.7039312353187888
-2.70353887156944
-2.2806301727670975
-2.280379254652827
-2.279009000399143
-2.2789697557777657
-2.2765001326501597
-2.2756711591517274
-2.2734492874511285
-2.2704886519667262
-2.2702757839494505
-2.2674311540323577
-2.2635701988098096
-2.255170737866511
-2.2456894524491613
-2.235651798021769
-1.8750702564095267
-1.8694895258397963
-1.863368714730921
-1.8570142275980694
-1.851011412653118
-1.8458297006282913
-1.8417887559094555
-1.8409562950347187
-1.8391477344499894
-1.8390572463484816
-1.838078585227302
-1.8376030556830985
-1.8370768520716905
-1.8365011443432913
-1.4693368770046205
-1.4660180517335002
-1.462845500116839
-1.4598113024876094
-1.4573365340625835
-1.4556055951931754
-1.4540532642237256
-1.4526394364219344
-1.451393018662163
-1.4500430746876523
-1.448266552879717
-1.4463972781804197
-1.4433266826720343
-1.440873845235398
-1.1661313755046037
-1.1603405028860145
-1.154761316404719
-1.1496420777138139
-1.1465417608423742
-1.1444127173654073
-1.142626878835498
-1.1393720685324855
-1.136813840290469
-1.1313677742459998
-1.1275872390420731
-1.120749962675825
-1.1120703135949395
-1.107965583337936
-0.9030606146979059
-0.897081290060596
-0.8910521116354617
-0.8853343973380248
-0.8801075614752791
-0.8757944617902567
-0.8718614342890242
-0.8709114678807067
-0.8668728705211988
-0.8647126140473527
-0.8620705261164759
-0.8603997582534562
-0.8560479791500789
-0.8499788148358438
-0.743436555792249
-0.7343170914416377
-0.7261259485597525
-0.7184305036203743
-0.7115195946925127
-0.7068335895933521
-0.7029071949564523
-0.6993552977626867
-0.6938620454265968
-0.6889425751245417
-0.6824126334271252
-0.6762929040132678
-0.6685960732350696
-0.6539205760128298
-0.6149917726924397
-0.6085727724423137
-0.6041687602690715
-0.6014647546091816
-0.598176565937493
-0.5956829420831241
-0.5928304063087595
-0.5895154976641285
-0.5858741942494711
-0.5819484252025868
-0.5768523157678782
-0.5722889769431605
-0.5685150006761889
1.3777749771960663
1.3866969372871123
1.3946018300939271
1.401759693467471
1.4080117462519663
1.4119815905097066
1.4144125320624854
1.4165328210090682
1.4215474073420067
1.423541520733438
1.4285811289009946
1.4313906002947792
1.4379283346272838
1.453986093899678
1.4733555832169096
1.474068593321115
1.48291713862242
1.4865224179877135
1.4951409119755346
1.498409777668042
1.5070535194367745
1.5099626638603205
1.5168505268105068
1.520181851650605
1.5239599572751805
1.5272434115340707
1.5360137115035706
1.6649508034630955
1.6693159989628024
1.6727987520921523
1.675514759694153
1.6768890984614617
1.6797130563138967
1.6815839784032232
1.6843622830455947
1.6861763900394793
1.6884512683257673
1.6915256549174464
1.6945463031449628
1.6984344131195848
1.7022849891987415
1.9110496320344155
1.9186172315756318
1.9269586855927243
1.9356410996652893
1.9436760585229114
1.9503221398617825
1.952501318060914
1.9545705731272847
1.955086080256345
1.9561325458777081
1.9572708335257776
1.9579664712271958
1.9591683593659242
1.960619711284725
2.307891805744626
2.308468651141321
2.308952144809422
2.310816947358982
2.3112589333399676
2.3143826890492702
2.314994378765995
2.3178176608112055
2.3208789705842214
2.3210514607115753
2.3236414780304893
2.3282447027392954
2.3368033657191196
2.346250721985502
2.7466221264213733
2.7546323066001297
2.763081108204083
2.7717521388577455
2.7804369651847276
2.788942908886378
2.7970972965802656
2.8047491779698928
2.8117694212772384
2.818049925211188
2.8235024749105286
2.8280575830980186
2.8316635179298117
2.8342858159738684
-2.7663337934058463
-2.757728012891352
-2.7491163615480065
-2.740706208020322
-2.73271734248876
-2.7253714234505013
-2.7188773549591883
-2.713413837007164
-2.709111894026839
-2.706041273158644
-2.7052291236913493
-2.704204371756967
-2.7039312353187883
-2.7035388715694424
-2.2806301727670983
-2.2803792546528263
-2.279009000399143
-2.278969755777766
-2.276500132650158
-2.2756711591517287
-2.2734492874511276
-2.270488651966727
-2.2702757839494514
-2.2674311540323577
-2.2635701988098105
-2.255170737866512
-2.2456894524491613
-2.235651798021769
-1.8750702564095276
-1.8694895258397966
-1.8633687147309226
-1.8570142275980694
-1.8510114126531179
-1.845829700628286
-1.8417887559098682
-1.8409562950333176
-1.839147734537547
-1.839057246250162
-1.8380785852564903
-1.8376030556585448
-1.837076852079802
-1.8365011443422972
-1.4693368775958542
-1.466018035512159
-1.4628457374389512
-1.459808367392254
-1.4573621206669252
-1.455489410580106
-1.4542876638945943
-1.4520868147939263
-1.4519089014109028
-1.4499075674908029
-1.4483029761377102
-1.446391765612146
-1.4433269476933435
-1.4408738273416928
-1.1661313739398498
-1.1603405473592914
-1.154760532755812
-1.1496562226128837
-1.1464383491846535
-1.1446432180727113
-1.1424108169165492
-1.1394908449206496
-1.1367646646314773
-1.1313758505610825
-1.1275849787315282
-1.12075012525103
-1.1120703003805055
-1.1079655859541437
-0.9030606168402145
-0.8970812370167892
-0.8910527738166341
-0.8853287401410932
-0.8801457046825759
-0.875582679628382
-0.8727196087270829
-0.8697116682321393
-0.8677855304028017
-0.86399746749728
-0.8624987743057317
-0.8602913183701433
-0.8560509991059374
-0.8499787833248907
-0.7434365507914096
-0.7343172401870091
-0.7261241190327138
-0.7184456177042278
-0.7114111898963394
-0.7071460862851129
-0.702385546852555
-0.6997243941723363
-0.6938134882311799
-0.6888963798941831
-0.6824613011960148
-0.6762694246322118
-0.6686009954912683
-0.6539202161469775
-0.6149958912637051
-0.6085156014272292
-0.6044841452974223
-0.6004106771053546
-0.599461016042133
-0.5945786444957714
-0.5935591924717001
-0.5893703376853334
-0.585906086533614
-0.581944280145534
-0.5768525876643045
-0.5722889559908565
-0.5685150018677333
1.3777749771945802
1.3866969374882212
1.394601817966634
1.4017602134170337
1.4079913946842995
1.4123578217466115
1.413554913287151
1.4177079232610554
1.4200103394943693
1.4251688878963764
1.4274005970164603
1.4318755933554852
1.4378533504343598
1.4540000079253577
1.4726408268542692
1.4750967623407645
1.4818295861921171
1.4879820546731763
1.4934087324787504
1.500152452350585
1.5054296986198592
1.511378865930945
1.515956508223737
1.5207811920246512
1.5237207513790718
1.5272816496759203
1.5360134226268254
1.6649507483141677
1.6693177279752125
1.6727758932423868
1.6757500329626132
1.6765412138161628
1.6802670085396614
1.6810080585605849
1.6847431781046003
1.6858946482120807
1.6885171431881216
1.6915150766662925
1.6945476910327857
1.69843433657196
1.7022849919958272
1.9110496320344146
1.9186172315756318
1.9269586855927223
1.93564109966529
1.9436760585229047
1.9503221398617812
1.9525013180609134
1.9545705731272853
1.9550860802563546
1.95613254587771
1.9572708335257736
1.9579664712271962
1.959168359365923
1.9606197112847221
2.3078918057446254
2.30846865114132
2.3089521448094232
2.310816947358982
2.3112589333399702
2.3143826890492756
2.314994378765991
2.317817660811202
2.3208789705842254
2.321051460711575
2.3236414780304915
2.328244702739296
2.33680336571912
2.3462507219855024
2.7466221264213764
2.754632306600127
2.763081108204086
2.7717521388577455
2.7804369651847267
2.7889429088863826
2.7970972965802736
2.804749177969891
2.8117694212772357
2.818049925211187
2.82350247491053
2.8280575830980155
2.8316635179298104
2.83428581597387
-2.7663337934058445
-2.757728012891353
-2.749116361548007
-2.7407062080203195
-2.7327173424887583
-2.7253714234504978
-2.7188773549591856
-2.7134138370071623
-2.7091118940268353
-2.7060412731586427
-2.705229123691352
-2.7042043717569664
-2.7039312353187888
-2.7035388715694424
-2.2806301727671006
-2.2803792546528294
-2.279009000399143
-2.2789697557777657
-2.2765001326501597
-2.2756711591517274
-2.2734492874511276
-2.270488651966726
-2.2702757839494505
-2.267431154032358
-2.26357019880981
-2.2551707378665107
-2.245689452449161
-2.235651798021769
-1.8750702564095267
-1.8694895258397968
-1.8633687147309221
-1.857014227598069
-1.8510114126531185
-1.8458297006282862
-1.841788755909978
-1.840956295032958
-1.8391477345594773
-1.8390572462255594
-1.838078585263716
-1.8376030556524967
-1.8370768520817877
-1.8365011443420551
-1.469336876949414
-1.4660180536931373
-1.4628454650064169
-1.4598118136047424
-1.457331333297029
-1.455627872824926
-1.4539940080790548
-1.4527301905567263
-1.4513107352150045
-1.450084662607327
-1.4482565867320973
-1.446398969830769
-1.44332659341939
-1.440873851745339
-1.166131368952004
-1.1603406845961481
-1.1547581908345201
-1.1496955797902524
-1.1459624833557074
-1.1453611336010194
-1.1418761951446823
-1.1398489684021522
-1.1366467896136692
-1.131396095713616
-1.1275795670008706
-1.1207504897529776
-1.1120702734902572
-1.1079655910242914
-0.9030606235680056
-0.897081137500695
-0.8910535855172739
-0.8853240460379914
-0.8801662773497805
-0.8755002062429126
-0.8728558894309099
-0.8695995543717391
-0.8678027410385069
-0.8641020418726477
-0.8623884019049047
-0.8603232405984178
-0.8560493417324709
-0.8499788149252848
-0.7434365481407089
-0.7343172465712671
-0.7261247315889148
-0.7184343635300222
-0.7115480954726611
-0.7065083367418091
-0.7036794812900454
-0.6983320760593319
-0.6947397740718987
-0.6884497440579646
-0.6826321340888059
-0.6762226764439303
-0.6686073442515691
-0.6539199922305704
-0.6149950245351565
-0.6085345632159921
-0.6043670255077565
-0.6010071991636438
-0.5987319097880829
-0.5952470760649701
-0.5930449949717638
-0.5894690379318398
-0.5858814502303549
-0.5819478433599355
-0.576852319527935
-0.5722889792570999
-0.5685150004103747
1.377774977194638
1.3866969374875344
1.3946018176106476
1.4017602444738009
1.4079896561329561
1.4124214191202775
1.4134500123248315
1.4179071515430852
1.4197702596780732
1.4255013397073282
1.4270886809250232
1.4319545759796475
1.437835936094651
1.45400432005752
1.4724756610376137
1.475427994102418
1.4813929546688698
1.4888205822886613
1.4924538120805018
1.5012766378512703
1.5042980505915298
1.512326697597256
1.5151671387369638
1.5212264305027823
1.5234780051635635
1.5273128393478654
1.5360131462390492
1.6649509826495497
1.669311635262227
1.6728495721264351
1.6752402278287921
1.6774162767356073
1.6791150119478295
1.6821467883249483
1.68393286287244
1.6864011509511725
1.6883846803753055
1.6915337040492748
1.6945454176735022
1.698434450164004
1.7022849882216806
1.911049632034415
1.9186172315756327
1.926958685592723
1.9356410996652866
1.9436760585229123
1.950322139861779
1.9525013180609143
1.9545705731272691
1.9550860802563665
1.956132545877694
1.9572708335257858
1.957966471227191
1.959168359365925
1.960619711284725
2.307891805744635
2.3084686511413235
2.308952144809426
2.3108169473589784
2.3112589333399653
2.3143826890492742
2.314994378765994
2.317817660811201
2.32087897058422
2.3210514607115766
2.3236414780304915
2.3282447027392923
2.3368033657191223
2.346250721985498
2.7466221264213746
2.7546323066001306
2.763081108204088
2.7717521388577473
2.7804369651847307
2.7889429088863795
2.7970972965802687
2.804749177969895
2.811769421277239
2.818049925211179
2.8235024749105313
2.828057583098019
2.8316635179298117
2.834285815973875
-2.7663337934058454
-2.7577280128913513
-2.7491163615480074
-2.740706208020322
-2.732717342488761
-2.7253714234504995
-2.7188773549591856
-2.7134138370071628
-2.709111894026837
-2.7060412731586454
-2.705229123691348
-2.704204371756967
-2.7039312353187905
-2.703538871569442
-2.2806301727670992
-2.280379254652827
-2.2790090003991432
-2.278969755777765
-2.276500132650161
-2.275671159151729
-2.273449287451127
-2.2704886519667253
-2.2702757839494514
-2.2674311540323577
-2.2635701988098105
-2.2551707378665116
-2.2456894524491617
-2.235651798021769
-1.8750702564095267
-1.8694895258397966
-1.8633687147309221
-1.8570142275980688
-1.851011412653117
-1.845829700628291
-1.8417887559095598
-1.8409562950343603
-1.8391477344719205
-1.8390572463238803
-1.8380785852345276
-1.837603055677052
-1.8370768520736769
-1.8365011443430495
-1.4693368763581787
-1.466018069913943
-1.4628452275776704
-1.4598147306635723
-1.4573040798716923
-1.4557247998114708
-1.4536220658719234
-1.45318188802524
-1.4509853263246428
-1.4502862808911052
-1.4482228925596254
-1.4464045774861218
-1.4433263285659637
-1.4408738696402177
-1.1661313705167689
-1.1603406401293095
-1.1547589764014465
-1.1496821715110142
-1.1461917527305967
-1.1450556231041664
-1.1420712741509813
-1.1397053204933871
-1.1366903171357114
-1.1313879472431692
-1.1275818156084219
-1.1207503271345836
-1.1120702867045467
-1.1079655884080701
-0.9030606214257149
-0.8970811905489388
-0.8910529237231963
-0.8853297212188945
-0.8801286741170836
-0.8757249613085718
-0.8721073011228176
-0.8706984631363297
-0.866850789996349
-0.8648019506208929
-0.8619845931187804
-0.8604395360680764
-0.8560463292481871
-0.8499788464376944
-0.74343655314156
-0.7343170978255069
-0.7261265603101777
-0.7184191401277422
-0.711646817309021
-0.7060073838707149
-0.7042583330528346
-0.6980571375704043
-0.6948379268196448
-0.6884957539585854
-0.6825814352370945
-0.6762456815679959
-0.6686024048251454
-0.6539203520680205
-0.6149909026232444
-0.6085907168394695
-0.6040084249196539
-0.601809687225413
-0.5974045611165784
-0.5964603077345323
-0.5925329032943221
-0.5896265598776919
-0.585850274912611
-0.5819520051431067
-0.5768520477045409
-0.57228900020998
-0.5685149992188351
1.3777749771961258
1.386696937286428
1.3946018297379377
1.4017597245052134
1.4080099568580542
1.4120114795927714
1.4143039326160705
1.416679907455563
1.4212806652877197
1.4238370658363413
1.4283907576653945
1.4315004476346493
1.4379116752675412
1.4539904033115696
1.4729493863607177
1.47460882185071
1.4823497589951729
1.4872877670172844
1.4941131342820682
1.4995083104625249
1.5059577295756457
1.5109938329922419
1.5161901919039429
1.5206612464973115
1.5237676297005835
1.5272762734499907
1.5360134351989052
1.6649510378202153
1.6693099222618872
1.6728752950493917
1.6751225030132542
1.6778784063810281
1.6785935079267535
1.6827232839341357
1.683388739933757
1.68659349443974
1.6883039769161226
1.691544044535645
1.6945440248481134
1.698434526698073
1.702284985424575
1.9110496320344146
1.9186172315756331
1.9269586855927237
1.9356410996652917
1.9436760585229045
1.9503221398617812
1.9525013180609154
1.9545705731272687
1.9550860802563619
1.956132545877692
1.9572708335257845
1.9579664712271863
1.959168359365922
1.9606197112847212
2.3078918057446303
2.3084686511413284
2.3089521448094317
2.310816947358983
2.311258933339969
2.3143826890492702
2.314994378765997
2.3178176608112055
2.320878970584223
2.3210514607115753
2.323641478030495
2.328244702739297
2.3368033657191245
2.346250721985503
2.7466221264213755
2.754632306600134
2.7630811082040854
2.7717521388577477
2.7804369651847276
2.7889429088863817
2.7970972965802687
2.8047491779698936
2.811769421277238
2.8180499252111817
2.8235024749105335
2.828057583098018
2.83166351792981
2.8342858159738737
-2.764193567849264
-2.7555678368481376
-2.7469864933336816
-2.7386607703177988
-2.73081208057454
-2.7236604085135134
-2.7174088034359034
-2.7122256037136614
-2.7082275493552403
-2.7056754342688656
-2.705467764399476
-2.7041771747048906
-2.703931987933971
-2.703543167214551
-2.280660913841026
-2.2802942934985033
-2.2794446546656317
-2.2783482383805715
-2.277189482298096
-2.274546664879125
-2.2742416941880146
-2.2710551471788007
-2.268914349321001
-2.2680846305451383
-2.2615959895353894
-2.252883210970105
-2.243209695111381
-2.233130514540732
-1.8761346598866582
-1.870896671115749
-1.864944427317752
-1.8585912384963494
-1.852451040684503
-1.847027984166936
-1.8426804429382895
-1.8407435941468124
-1.8396149077441486
-1.8389476072197055
-1.8380561588702724
-1.8376877688249567
-1.8370746813294956
-1.8365020042176627
-1.4693449761796618
-1.4660836375577337
-1.4629988396865674
-1.4599815158200111
-1.457382912202085
-1.455610172584545
-1.454135400900999
-1.452654479572498
-1.451462936536498
-1.4500369314107138
-1.448373152337636
-1.446469275460406
-1.4433693750966825
-1.4411778148418415
-1.1663108701799414
-1.1606876081396036
-1.1552309768827613
-1.1501926248398677
-1.1463074768416353
-1.1453529433363854
-1.1419818009200255
-1.1404137112990098
-1.1365290639843295
-1.1320331841714635
-1.1280457823245775
-1.1206840067796702
-1.113281543494806
-1.108991151748941
-0.9031554863040449
-0.8974183678755993
-0.8915957120024819
-0.8859950326547421
-0.8808438705119077
-0.8763498269419877
-0.8724469089113154
-0.8707306566125174
-0.8672240964618962
-0.8649944630622273
-0.8624776366198792
-0.860459479918929
-0.8560513259399297
-0.8499792286066905
-0.7434380707053398
-0.7343502219540561
-0.7263149280028106
-0.7188880550121652
-0.7120642826242456
-0.7069704481242987
-0.7028545887851566
-0.6998619354501462
-0.6941901434085866
-0.6893827156140531
-0.6827558608315248
-0.6764191535754376
-0.6686068010639573
-0.6539206357521837
-0.6149919621278845
-0.6085726815553779
-0.604200656995385
-0.6015780066120955
-0.5982762323530136
-0.5958507102649441
-0.5928639726909892
-0.5895370421463593
-0.5862034383276676
-0.5819229229071935
-0.5769517838526194
-0.5728678272611786
-0.5686871773056386
1.3767793162264133
1.3855989740575116
1.3934314796066347
1.4005945722544937
1.4069746546544744
1.4117980651802486
1.4140642322674175
1.4163768775892525
1.4209395419856883
1.4236616215942486
1.428373392372518
1.4313068386106678
1.437675487658802
1.451965475218055
1.4718017972998405
1.4743433865520337
1.4817058693600733
1.4865644217165497
1.4933657940914677
1.4987999133241319
1.5052257169503915
1.5103173445701912
1.5155623057502852
1.5201478370038544
1.5229256674881524
1.5272698073866353
1.5341855764780885
1.6649511119847027
1.6693108572783584
1.6728809403955751
1.6751494067671722
1.677923919317843
1.6785859992592154
1.682818873645854
1.683314260698476
1.686627470483875
1.6883452622369528
1.6914937587300585
1.694697351254928
1.698362808769573
1.702512731977473
1.9095983689079223
1.9167262415574067
1.9247990981525167
1.9334963597323516
1.9417731391565014
1.9488214064484706
1.9526653179608573
1.9540927605224194
1.9548149052285841
1.9564057219393083
1.9571496445841035
1.957947086649326
1.9591783679788088
1.9606190761467928
2.307871889959025
2.3085588291638586
2.3088817916156947
2.3105866328406184
2.311692512648393
2.313552381678053
2.3163128232924795
2.316958032246193
2.320289091393155
2.322592080624432
2.323086547650054
2.3302845486853148
2.3390930163925665
2.34871149782993
2.7485716820759607
2.75671187555891
2.765236384439593
2.773929891270704
2.7825873288525886
2.7910207370069053
2.799062790009424
2.8065680287527
2.8134126742965213
2.8194937093772916
2.8247277049441792
2.829049693529799
2.8324122631055495
2.8347851669822277
-2.7641935678492655
-2.7555678368481367
-2.746986493333675
-2.738660770317797
-2.7308120805745384
-2.7236604085135125
-2.717408803435898
-2.71222560371366
-2.7082275493552386
-2.705675434268865
-2.7054677643994696
-2.704177174704892
-2.703931987933975
-2.703543167214555
-2.280660913841023
-2.2802942934984967
-2.279444654665629
-2.278348238380578
-2.277189482298095
-2.2745466648791215
-2.274241694188018
-2.2710551471788047
-2.2689143493210007
-2.268084630545139
-2.2615959895353885
-2.2528832109701065
-2.2432096951113816
-2.2331305145407288
-1.8761346598866573
-1.8708966711157473
-1.864944427317749
-1.8585912384963519
-1.8524510406845025
-1.8470279841669337
-1.8426804429383234
-1.8407435941461288
-1.839614907748471
-1.8389476072112168
-1.8380561588860482
-1.8376877688109305
-1.8370746813330407
-1.8365020042171674
-1.4693449767737763
-1.4660836217681472
-1.4629990497412528
-1.4599791624447003
-1.4574049025419644
-1.455500997425188
-1.4543507474463704
-1.4521520578985319
-1.4519331193858396
-1.4499108581233262
-1.4484104650610679
-1.4464640329457994
-1.4433696365902544
-1.4411777920416675
-1.1663108737130226
-1.1606875100950373
-1.1552325975752906
-1.150167750379412
-1.1466193013218253
-1.1448247140899264
-1.1425070504194694
-1.1400532063080984
-1.1366223834318792
-1.1320097604671484
-1.1280512176920343
-1.1206836500857464
-1.113281584181074
-1.1089911451830776
-0.903155478247557
-0.8974184800909114
-0.8915948656347196
-0.8859994998098252
-0.8808257336566694
-0.8764043709717783
-0.8722753280974291
-0.8708882392581893
-0.8672228121368454
-0.8649290536517663
-0.862540664914086
-0.8604357541999138
-0.8560526110344157
-0.8499792007200648
-0.7434380654040593
-0.7343503840884914
-0.7263129548236882
-0.718902971036367
-0.7119710765073182
-0.7072595628833426
-0.7022287006693642
-0.7003487279354029
-0.694131880655742
-0.689344869568241
-0.682798318443734
-0.6763988240001606
-0.6686111744515165
-0.6539202982760179
-0.614996144771726
-0.6085126355918385
-0.6045363418613505
-0.6004238488181887
-0.5996619487354506
-0.5947771009119172
-0.5935471130733112
-0.5893824453867804
-0.5862407937920172
-0.5819190040753623
-0.5769520928838084
-0.5728677982190035
-0.568687178440088
1.3767793162263846
1.3855989740551589
1.3934314800267469
1.4005945463493685
1.4069757998161512
1.411767760539255
1.4141846963267501
1.4162116223160097
1.4212212801678379
1.4233477772536147
1.428606659859127
1.4311597841118593
1.4376980068098215
1.4519602300268464
1.4720030673347846
1.4739957251910984
1.4823446704053487
1.4857146316361367
1.4944731403509652
1.4976270026660676
1.5063667771519236
1.5092545341858346
1.516235609756913
1.519639043594277
1.5231329677014998
1.5272447099777993
1.5341861534108394
1.6649508835898146
1.6693167535523257
1.672806963074573
1.6755307010912053
1.6769315527751727
1.6797025153264191
1.6816398207400822
1.6843265604885793
1.6862294045570567
1.688489424794837
1.6914753930102577
1.6946993549755665
1.6983626898271282
1.7025127349967348
1.9095983689079234
1.9167262415574073
1.9247990981525165
1.9334963597323538
1.941773139156501
1.9488214064484706
1.9526653179608569
1.9540927605224245
1.9548149052285777
1.9564057219393158
1.957149644584095
1.9579470866493285
1.9591783679788093
1.9606190761467928
2.307871889959025
2.3085588291638586
2.308881791615695
2.3105866328406184
2.311692512648393
2.3135523816780537
2.3163128232924795
2.316958032246193
2.320289091393156
2.3225920806244313
2.3230865476500533
2.330284548685314
2.339093016392565
2.3487114978299304
2.7485716820759585
2.7567118755589113
2.765236384439591
2.773929891270706
2.782587328852584
2.7910207370069076
2.7990627900094194
2.8065680287526993
2.8134126742965213
2.8194937093772965
2.8247277049441752
2.8290496935298
2.832412263105551
2.834785166982231
-2.7641935678492637
-2.755567836848133
-2.746986493333677
-2.7386607703177988
-2.73081208057454
-2.7236604085135134
-2.717408803435902
-2.712225603713665
-2.708227549355241
-2.7056754342688594
-2.7054677643994745
-2.7041771747048893
-2.703931987933966
-2.703543167214553
-2.2806609138410217
-2.2802942934984927
-2.2794446546656286
-2.2783482383805755
-2.2771894822980983
-2.2745466648791295
-2.2742416941880137
-2.271055147178803
-2.268914349321003
-2.268084630545138
-2.2615959895353877
-2.2528832109701065
-2.243209695111383
-2.2331305145407323
-1.8761346598866562
-1.87089667111575
-1.8649444273177491
-1.858591238496353
-1.8524510406844998
-1.8470279841669381
-1.842680442938344
-1.8407435941459829
-1.839614907749406
-1.8389476072094213
-1.838056158889349
-1.8376877688080067
-1.8370746813337733
-1.8365020042170634
-1.4693449761063533
-1.4660836399285255
-1.4629988026535075
-1.4599819914870011
-1.4573778062930538
-1.455633852266467
-1.4540756504691381
-1.4527472328780366
-1.4513785365024447
-1.450078777239477
-1.4483620231127066
-1.4464710276076758
-1.4433692799654076
-1.4411778236781168
-1.16631087365649
-1.1606875125952052
-1.1552325311271345
-1.15016926657764
-1.1466010034538938
-1.1448667871052198
-1.142457527057707
-1.140087125669148
-1.136610034136194
-1.1320134061789964
-1.1280502239212895
-1.1206837338632185
-1.1132815722538743
-1.1089911473470115
-0.9031554807922781
-0.8974184217111468
-0.891595530778074
-0.8859943593440752
-0.8808563812996464
-0.8762566028597135
-0.8728917098080715
-0.8699028995891106
-0.8680626996461929
-0.8642623758178776
-0.8629278908882317
-0.8603635749130485
-0.8560549912349702
-0.8499791737415651
-0.7434380625929656
-0.7343503913717021
-0.7263135960917545
-0.7188923059832919
-0.7120841552971469
-0.7066818391820143
-0.7036638052950087
-0.6987958356773837
-0.6950399925016357
-0.6889094134760785
-0.6829538364672817
-0.6763576349573924
-0.6686168470112205
-0.6539200868487455
-0.6149952822581912
-0.6085322971629665
-0.6044143907866556
-0.6010870324550257
-0.5988671901118321
-0.595402686607601
-0.5930774813257004
-0.589486502158486
-0.586212448185511
-0.5819223428765742
-0.5769517918731959
-0.572867829676297
-0.568687177072787
1.376779316225027
1.385598974223201
1.393431470989688
1.4005948832092416
1.406964922433254
1.4120699181144378
1.4134061524161121
1.4173261338001752
1.4197732938864531
1.4248963350628265
1.4273928491720826
1.4317289111494242
1.4376056333618459
1.451976422628625
1.4715994340373626
1.4747245089156371
1.4811855752205976
1.4872513441940323
1.4926859982513145
1.4994069352199986
1.5047407628706706
1.5106585358343485
1.5153628625762545
1.5202520438268816
1.5228845969447988
1.5272725874114645
1.5341855652725795
1.6649508231711343
1.6693186095931578
1.672782715926531
1.675780647598627
1.6765599728167193
1.6802798233694516
1.68103831726516
1.6847165668791548
1.6859485381040753
1.6885586195742506
1.691464115942984
1.694700660390014
1.69836260478429
1.7025127373842848
1.9095983689079228
1.9167262415574071
1.9247990981525163
1.9334963597323522
1.9417731391565007
1.9488214064484706
1.952665317960857
1.9540927605224263
1.9548149052285764
1.956405721939318
1.9571496445840924
1.9579470866493294
1.959178367978808
1.9606190761467925
2.3078718899590247
2.3085588291638577
2.3088817916156947
2.310586632840618
2.3116925126483934
2.3135523816780528
2.316312823292478
2.316958032246193
2.3202890913931546
2.3225920806244322
2.3230865476500546
2.330284548685314
2.3390930163925656
2.3487114978299304
2.7485716820759603
2.756711875558909
2.7652363844395955
2.7739298912707073
2.7825873288525846
2.7910207370069067
2.7990627900094207
2.806568028752699
2.8134126742965204
2.8194937093772965
2.8247277049441757
2.829049693529801
2.832412263105544
2.8347851669822277
-2.7641935678492593
-2.7555678368481367
-2.746986493333679
-2.7386607703177925
-2.7308120805745406
-2.723660408513514
-2.717408803435903
-2.7122256037136636
-2.7082275493552412
-2.7056754342688634
-2.705467764399478
-2.704177174704886
-2.7039319879339647
-2.703543167214551
-2.280660913841026
-2.2802942934985087
-2.2794446546656317
-2.2783482383805795
-2.2771894822980974
-2.2745466648791224
-2.2742416941880115
-2.2710551471788034
-2.2689143493210056
-2.2680846305451348
-2.261595989535387
-2.25288321097011
-2.2432096951113802
-2.2331305145407354
-1.8761346598866575
-1.870896671115748
-1.8649444273177507
-1.8585912384963523
-1.8524510406844967
-1.8470279841669326
-1.842680442938297
-1.8407435941466648
-1.8396149077450676
-1.8389476072179074
-1.838056158873572
-1.8376877688220343
-1.8370746813302261
-1.8365020042175548
-1.469344975512236
-1.4660836557175876
-1.4629985925154891
-1.4599843335739149
-1.457354549641059
-1.4557241415435531
-1.4537768885568705
-1.4531217973362083
-1.4510897230346136
-1.450251736412987
-1.4483278038273042
-1.4464763574071142
-1.4433690186286334
-1.4411778464803326
-1.1663108701234084
-1.1606876106394874
-1.155230910314598
-1.1501940921356892
-1.1462713586421014
-1.1454056305125901
-1.1419239436707433
-1.1404624228921743
-1.136517462214498
-1.1320368741876
-1.128044793554277
-1.1206840905751283
-1.1132815315678377
-1.1089911539128927
-0.9031554888487414
-0.8974183094902903
-0.8915963767478191
-0.8859898772458307
-0.8808741738103714
-0.8761963085522331
-0.8730035202093951
-0.8697826445616266
-0.8681014998825733
-0.8643477609051694
-0.8628387182579051
-0.8603845105522054
-0.8560537017327235
-0.8499792016271103
-0.7434380678942574
-0.7343502292368556
-0.7263155683462011
-0.718877290619066
-0.7121709391168723
-0.706238134671066
-0.7042188513744911
-0.6984929577815443
-0.6951480249717031
-0.6889475375606552
-0.6829097347763352
-0.6763776139350521
-0.6686124603299446
-0.6539204243001285
-0.6149910962089102
-0.6085912179391127
-0.6040285390521515
-0.6019384670800855
-0.5974428357728542
-0.5966774231531577
-0.5925721967047772
-0.5896536746643101
-0.5861761767037198
-0.5819262755225071
-0.5769514829306884
-0.5728678587196696
-0.5686871759383412
1.376779316225057
1.3855989742255537
1.3934314705695796
1.4005949091240057
1.4069637928472392
1.4121260924959236
1.4133019504430524
1.4175369455168614
1.4195186421161672
1.4252413006655478
1.4270617462421535
1.4318291324731147
1.4375818800015419
1.4519816653236512
1.4714662646944439
1.4750412181939456
1.4807057158094725
1.4881738807978893
1.4916491134227314
1.5005961657776343
1.503552184211827
1.5116202295761982
1.5145684664427381
1.5207500527706268
1.5226029866145692
1.5272968827178235
1.5341849879487055
1.664951051542886
1.6693126967119831
1.6728537879109346
1.675275506526735
1.6774236193439926
1.6791483820319943
1.6821632146730965
1.683931634466954
1.6864286188129127
1.6884293711425697
1.691482751006887
1.694698660520866
1.6983627237432855
1.7025127343650366
1.9095983689079226
1.9167262415574071
1.9247990981525165
1.933496359732352
1.9417731391565016
1.948821406448471
1.9526653179608575
1.954092760522421
1.9548149052285826
1.9564057219393107
1.9571496445841
1.9579470866493267
1.9591783679788093
1.9606190761467917
2.3078718899590256
2.308558829163858
2.3088817916156947
2.3105866328406166
2.311692512648394
2.313552381678055
2.316312823292479
2.3169580322461933
2.320289091393155
2.322592080624433
2.3230865476500537
2.3302845486853134
2.3390930163925656
2.34871149782993
2.748571682075959
2.756711875558911
2.7652363844395937
2.7739298912707038
2.7825873288525886
2.791020737006906
2.799062790009421
2.806568028752699
2.813412674296518
2.819493709377293
2.8247277049441752
2.829049693529802
2.832412263105551
2.8347851669822224
