-2.5369810181075936
-2.4963549400245926
-2.458335575971781
-2.4231733027378968
-2.3911656694006496
-2.362696558238047
-2.338052396591089
-2.318802637122335
-2.302028112930718
-2.2959779724178695
-2.2800116491121476
-2.2548778704811614
-2.21725340803272
-2.164315322921123
-2.086670018055613
-1.9483945565618659
-1.373725205204492
-1.2453505648270817
-1.1419033077889083
-1.0539553495399543
-0.9775009368196468
-0.9107568190367422
-0.8521722847477105
-0.804842231401214
-0.7595994707052159
-0.733967059132377
-0.6924771011470281
-0.6652874353520979
-0.6156181815352602
-0.5403486862804927
-0.43555742316154605
0.3087512847746593
0.4057348451219674
0.44352391654303697
0.49265772947190595
0.5309907785439582
0.6002247413890822
0.6256394802587621
0.7149371878122404
0.7429505958548706
0.8216457779895592
0.8934199294238896
0.9831060128845962
1.0866861355618536
1.2100499919074157
1.365325092489135
1.60463756824646
2.1690549619082766
2.2637802359436447
2.3263517162459086
2.374854175129224
2.3928770777640214
2.4532537900597204
2.462023864751261
2.534632721082142
2.5386978691700577
2.6002513337882727
2.60391666536204
2.6383969876204003
2.6638384423898858
2.698351011384781
2.7371786422562265
-2.5369810181017822
-2.4963549403724006
-2.458335569019116
-2.423173360591781
-2.391165703061152
-2.3626909062803496
-2.338116408480891
-2.31845563350586
-2.3033361682032965
-2.294628573980095
-2.2803893919513496
-2.254825500362977
-2.217258237785331
-2.1643150105741342
-2.086670030048616
-1.948394556388032
-1.3737252046055528
-1.2453505842694474
-1.141903021877984
-1.0539580143296383
-0.9774827219026736
-0.9108524090756872
-0.8517620957573762
-0.8059497806149793
-0.7564689239902468
-0.7372916845641114
-0.6907980706759864
-0.6660621864351559
-0.6155485761478006
-0.5403514427448262
-0.43555734005564806
0.30874360823219427
0.4064159152797381
0.4409254203490097
0.5008736498853692
0.5225351317395199
0.6001914277835521
0.6316654086412615
0.7020374117637084
0.7556583176609788
0.816732621383792
0.8949675452333812
0.982801686030891
1.0867216881284698
1.2100488483594571
1.365324773492683
1.6046376228573838
2.1690540713985227
2.2637807558698997
2.326526108203161
2.372493810582053
2.397168436591585
2.4426207555507697
2.4739593493882515
2.5202092521399146
2.5533913851372474
2.5883747217607533
2.613971025743396
2.6361620776273904
2.664244977136267
2.6983233101285222
2.7371794494174466
-2.5369810180886354
-2.4963549406777736
-2.45833556885928
-2.4231732806363784
-2.391167152772724
-2.362676731392426
-2.3382073298536157
-2.318067616207704
-2.304255794887862
-2.293788872084469
-2.2806406564983797
-2.2548032232908852
-2.2172592108136375
-2.1643150312702453
-2.0866700247551475
-1.9483945566253105
-1.3737252030687699
-1.2453506180815634
-1.141902608164836
-1.0539615879946047
-0.9774591108576355
-0.9109713456540023
-0.8512579429842119
-0.8071844997783639
-0.7510334393113237
-0.7428981781852267
-0.6888565581495366
-0.6670940910182929
-0.6154529862370922
-0.5403567125397458
-0.43555717607595024
0.30874088140728456
0.4061662003046254
0.44262701035243956
0.490916278460808
0.541718699080943
0.5758575879303736
0.6618086028525753
0.679823389197159
0.7635574891669566
0.8144823904789705
0.8949443665761837
0.9829432556241084
1.0866768714746546
1.210056298314024
1.365324114444574
1.6046376388104324
2.1690577523220385
2.263675457517623
2.3278121600983877
2.3662927447847903
2.413499003132064
2.424012332004215
2.49464598069963
2.501110838186518
2.5709753911115767
2.5730424021848433
2.6200411832328783
2.633248789437278
2.664562110084644
2.6983034081401103
2.7371799371452123
-2.536981018094449
-2.4963549403299665
-2.4583355758119443
-2.423173222781798
-2.3911671191527404
-2.362682398607231
-2.3381443446401167
-2.31843698766942
-2.303159361593518
-2.2949236202066237
-2.2802427316397567
-2.254855394648939
-2.2172543803593068
-2.164315343617414
-2.086670012762149
-1.948394556799146
-1.373725203667709
-1.2453505986392297
-1.1419028940818687
-1.0539589236958296
-0.9774773479767583
-0.9108763290153655
-0.8516792446514395
-0.8061213994793096
-0.7560037000004535
-0.7377698154411604
-0.6905378230617653
-0.6662256051291778
-0.615521958772983
-0.5403539549397786
-0.4355572591809764
0.30874855651613564
0.4055068074492814
0.44550318358165625
0.4852884304002089
0.5508778625319996
0.5708125492216035
0.6510784779297049
0.6952403187127841
0.754037886279873
0.8198725076713717
0.8934073892748955
0.9832463778477483
1.0866412595085067
1.2100574413567673
1.3653244334460468
1.604637584199534
2.1690586430293233
2.2636749154471874
2.32761291321635
2.3675868849333632
2.406257000311719
2.433019139260242
2.4816279504041594
2.5149665748735193
2.5563684501650608
2.5871831798065337
2.6140700715622343
2.6363475886285297
2.6641758515430567
2.69833120501411
2.7371791300670973
-2.53698101808548
-2.4963549406801815
-2.458335569936262
-2.42317327318968
-2.3911669845459453
-2.3626804572341276
-2.338171852290718
-2.3182679887913995
-2.303710340037187
-2.2943446703081123
-2.2804393179212794
-2.25482773175143
-2.217257145921604
-2.1643151384583157
-2.0866700230537436
-1.9483945564981862
-1.3737252062741618
-1.2453505346547238
-1.1419037734774222
-1.0539506295417458
-0.9775355297104138
-0.9105625478544938
-0.8530231654661082
-0.8020692326992183
-0.7657846493273495
-0.7263497809484819
-0.6979568250482948
-0.6630507441961846
-0.6159078573262338
-0.5403337497115089
-0.43555783218456284
0.30874890892159984
0.40549319041741705
0.4455588886543525
0.48519606954360944
0.5511282901693931
0.5705745387308961
0.6511576636556494
0.6951834525113865
0.7540571375746394
0.819867672439538
0.8934082461461825
0.983246281601344
1.0866412676899568
1.2100574408865055
1.3653244334626198
1.6046375841992457
2.169058643030053
2.263674915435169
2.327612913325775
2.3675868845569594
2.4062570011789415
2.433019138361404
2.4816279510743016
2.514966574303121
2.556368450559957
2.5871831795036115
2.61407007173285
2.636347588568514
2.664175851551082
2.698331205013651
2.73717913006711
-2.5369810181245094
-2.496354939069053
-2.458335601090308
-2.423172893335848
-2.3911702968157136
-2.3626583388960114
-2.3382859183969034
-2.3178049665249065
-2.3047114980601404
-2.2934384278044075
-2.2807416381424117
-2.254796196749652
-2.2172597176431426
-2.164314970961192
-2.0866700307594988
-1.948394556329443
-1.3737252056799791
-1.2453505533678095
-1.1419034854359438
-1.0539533834610662
-0.9775170536340358
-0.9106570561629156
-0.8526499771215481
-0.8032610613348569
-0.7635291159826291
-0.7291335282943683
-0.6959235733067604
-0.663740983100579
-0.6158223985775907
-0.5403368812880772
-0.43555780053907245
0.3087516379441678
0.4057206186037546
0.44357440438613693
0.4925406148285779
0.5311265059997692
0.600043085464121
0.6257874389984273
0.7148817533531339
0.7429881828632827
0.8216413180940051
0.893420796252969
0.9831059161913622
1.0866861437068238
1.2100499914383724
1.3653250925057039
1.604637568246174
2.169054961909012
2.263780235931361
2.326351716345837
2.374854174428394
2.3928770786584534
2.4532537878286735
2.4620238668884538
2.534632718410656
2.53869787175681
2.6002513327294046
2.603916666352904
2.638396987577894
2.6638384423973975
2.6983510113843834
2.7371786422562367
-2.536981018116261
-2.4963549397183615
-2.4583355828476767
-2.4231731793965707
-2.3911673423785063
-2.362680155595858
-2.3381685893738817
-2.3182799805239687
-2.3037061786873334
-2.294325372016384
-2.2804588401647905
-2.2548221703649753
-2.2172580175292222
-2.1643150590409026
-2.0866700264427274
-1.948394556514026
-1.373725204183384
-1.2453505874134212
-1.1419030625143867
-1.0539569616377402
-0.9774940753609894
-0.9107738326167901
-0.8521724405979607
-0.8046601490002094
-0.7605403719078746
-0.7325369400669249
-0.6937380989660323
-0.664584651063708
-0.6157269091618277
-0.5403411053977822
-0.4355576676815183
0.30874394022822754
0.4064012100928832
0.440970154772341
0.5006936533940991
0.5227327510562243
0.6000455317936766
0.6317904848579704
0.7019943930869378
0.7556788408056397
0.8167272280936231
0.894968361199473
0.9828015874260111
1.0867216962851276
1.2100488478905453
1.3653247735092182
1.6046376228570958
2.169054071399256
2.263780755857553
2.32652610830632
2.3724938100378195
2.397168437396928
2.442620754702309
2.473959350149062
2.520209251614184
2.5533913855577115
2.5883747214849007
2.61397102590857
2.636162077571717
2.6642449771432637
2.69832331012814
2.7371794494174537
-2.5369810180772268
-2.49635494132949
-2.458335551693541
-2.4231735592344514
-2.391164028720877
-2.3627022057817473
-2.338052533636019
-2.3187119306588575
-2.3025648040180995
-2.29538632966759
-2.280175011751821
-2.254853845801863
-2.2172554463811225
-2.164315226539492
-2.086670018736975
-1.9483945566827692
-1.373725204777565
-1.2453505687003723
-1.141903350562205
-1.0539542082232776
-0.977512573016927
-0.9106798833759635
-0.852554599927452
-0.8035456984072338
-0.763000509541398
-0.7296847929595686
-0.695603774492979
-0.6638396521539526
-0.6158115705278272
-0.5403379727108251
-0.4355576993266862
0.3087412126433958
0.4061521888688076
0.44267452616834885
0.4908203488358227
0.5418869883235597
0.5757161374066012
0.6619616816327025
0.6796947568314319
0.7635737105432758
0.814476261614838
0.8949451739391381
0.9829431574858205
1.0866768796677555
1.2100562978438927
1.3653241144611128
1.6046376388101455
2.1690577523227645
2.2636754575055433
2.327812160211825
2.36629274442839
2.4134990050855762
2.4240123300530025
2.4946459832428296
2.501110835740708
2.570975394836677
2.573042398534921
2.6200411834055695
2.6332487893369567
2.664562110092164
2.6983034081396644
2.7371799371452226
-2.5369810180682744
-2.4963549416788693
-2.4583355458397316
-2.4231736092801364
-2.3911638982384447
-2.3627002371068455
-2.338080689098275
-2.318548927685591
-2.303169138478566
-2.294750222939
-2.2803688599490517
-2.25482609470443
-2.217258219254322
-2.1643150209512227
-2.0866700290469784
-1.9483945563813263
-1.3737252073900326
-1.2453505045482658
-1.1419042324689275
-1.0539458862233324
-0.9775708365204038
-0.9103616885716388
-0.853845723792644
-0.7987977950003325
-0.771234729218464
-0.7171571576232266
-0.7058934953525869
-0.6611891481235292
-0.6162096717181148
-0.540317708015909
-0.43555827482725207
0.3087415667213371
0.4061375140904624
0.4427241091029518
0.49072145460173394
0.5420602487061279
0.575570844360508
0.6621182799870436
0.6795629890127165
0.7635899604777474
0.8144701304798542
0.8949459802972097
0.9829430593794944
1.086676887880361
1.2100562973710092
1.3653241144777772
1.6046376388098569
2.1690577523234986
2.263675457493461
2.3278121603241457
2.3662927440779917
2.413499006989495
2.4240123281547743
2.4946459856955143
2.5011108333827377
2.5709753984446153
2.573042394998314
2.6200411835754673
2.633248789237619
2.66456211009976
2.6983034081392017
2.737179937145233
-2.536981018102411
-2.496354939723805
-2.4583355950767016
-2.423172863424363
-2.3911716150482474
-2.3626421019541137
-2.3384012093486426
-2.317160770542883
-2.305995221907926
-2.2922330580684602
-2.281253127637159
-2.25474664410113
-2.2172634656484527
-2.1643147860739633
-2.0866700357760397
-1.9483945562652825
-1.373725206755661
-1.2453505230279363
-1.1419039536526534
-1.0539486372077123
-0.9775518067081117
-0.9104606102235567
-0.853484408640124
-0.8001937758971163
-0.7691786835252917
-0.721003878176063
-0.7025130713178536
-0.6617482207245645
-0.6161191970823304
-0.5403218740407348
-0.4355582120519761
0.30874926392853475
0.4054793182062665
0.4456160431748633
0.4851013814352642
0.5513911086919445
0.5703244021009509
0.6512388112371773
0.6951252117886164
0.7540767296234974
0.8198627667590541
0.8934091114580965
0.9832461848194399
1.0866412758940822
1.210057440415018
1.3653244334792813
1.6046375841989555
2.169058643030793
2.2636749154229157
2.3276129134372776
2.367586884174662
2.406257002054391
2.4330191374596333
2.4816279517360686
2.514966573747924
2.5563684509360516
2.587183179220393
2.6140700718896577
2.636347588514147
2.664175851558225
2.6983312050132517
2.7371791300671195
-2.5369810181390027
-2.4963549384141777
-2.458335614940695
-2.423172711768117
-2.3911719392128226
-2.362647504349112
-2.3383371069113155
-2.317609948348797
-2.3050477457536314
-2.2931818972022286
-2.280818672619848
-2.2547928040545226
-2.2172595043697703
-2.1643150189963967
-2.0866700271720124
-1.9483945564549565
-1.3737252052638218
-1.2453505563442941
-1.1419035286037835
-1.0539523047379975
-0.977528575703033
-0.910576517457026
-0.8530452787607984
-0.8017686465729543
-0.7665889797199281
-0.7248626972482647
-0.6993468657930282
-0.6625214490104779
-0.6160068507589257
-0.5403264711853027
-0.43555813065435284
0.30875197204119725
0.40570691779762663
0.44362352626059876
0.4924263530927705
0.53125989637693
0.5998639486779102
0.6259333253286845
0.7148260882025368
0.7430259384766086
0.8216368074534496
0.8934216736441842
0.9831058183979368
1.0866861519222375
1.2100499909669113
1.3653250925223306
1.6046375682458849
2.1690549619097497
2.2637802359189454
2.326351716447829
2.37485417370668
2.3928770795826946
2.4532537854988403
2.4620238691230987
2.5346327156043666
2.538697874473617
2.6002513316299884
2.6039166673803584
2.638396987534554
2.6638384424049164
2.6983510113839992
2.7371786422562447
-2.536981018104867
-2.4963549403692413
-2.4583355657038695
-2.4231734576381645
-2.3911642224827374
-2.362705578218904
-2.33801296084001
-2.318902929013846
-2.301811827647897
-2.2961304398197715
-2.280011106531448
-2.254872870715336
-2.217254260729331
-2.1643152538795163
-2.0866700204429596
-1.948394556571001
-1.3737252058981921
-1.2453505378646528
-1.1419038074262804
-1.0539495542760158
-0.9775476279188029
-0.9104781759877169
-0.85341388565527
-0.8005132290731121
-0.7686146305122536
-0.7220107693788623
-0.7016490254607527
-0.6619287626934584
-0.6160963490140631
-0.5403223035883342
-0.43555819342919405
0.3087442734084816
0.40638666912337396
0.4410143865964187
0.5005190081580524
0.522924753137091
0.5999025264415058
0.6319130048545768
0.7019517900304411
0.7556991998188467
0.8167218516363914
0.8949691781537992
0.9828014882846288
1.0867217045089939
1.2100488474176878
1.3653247735258465
1.6046376228568069
2.1690540713999864
2.26378075584531
2.3265261084086886
2.3724938094956136
2.3971684382022516
2.442620753845154
2.473959350925282
2.5202092510675156
2.5533913860023736
2.588374721187113
2.6139710260898577
2.636162077509679
2.664244977151218
2.698323310127691
2.737179449417464
-2.5369810180903904
-2.49635494102328
-2.458335551875269
-2.4231736388257956
-2.391162582421634
-2.3627162897517526
-2.337959552560167
-2.319064796210381
-2.3012513479196963
-2.296632212279515
-2.2799485733057785
-2.254876237611269
-2.2172544809239496
-2.1643152054118833
-2.0866700240488463
-1.9483945564450067
-1.3737252063203627
-1.245350534720674
-1.141903766792099
-1.05395060743887
-0.9775363093443822
-0.9105580585768777
-0.8530306712172184
-0.802095322684917
-0.7656743143792604
-0.7265403775945449
-0.6978171598143523
-0.6630772691849779
-0.6159119674578309
-0.5403326263354181
-0.43555786579173894
0.30874394140457617
0.40640135141215783
0.44096960442595307
0.5006963122362759
0.5227297546019067
0.6000476571525715
0.6317887894120144
0.7019948375053637
0.7556786931295679
0.8167272464291233
0.8949683622203831
0.9828015868899982
1.0867216963523385
1.2100488478866003
1.3653247735093126
1.6046376228570938
2.1690540713992537
2.2637807558576557
2.326526108305529
2.3724938100398467
2.397168437396908
2.442620754693614
2.473959350164472
2.520209251593246
2.55339138558191
2.588374721462965
2.613971025924683
2.6361620775653525
2.6642449771442207
2.6983233101280755
2.737179449417455
-2.536981018079683
-2.496354941027153
-2.458335563005484
-2.423173330683906
-2.3911670223112105
-2.362674752361883
-2.338234714214736
-2.317884812057136
-2.3047352948241033
-2.293276899134324
-2.280855565407938
-2.254775693529057
-2.217261984991944
-2.1643148256860147
-2.0866700350651564
-1.9483945563238696
-1.3737252056812363
-1.2453505539296283
-1.14190349010648
-1.0539532692649802
-0.9775175393700227
-0.91065803075341
-0.85263591285806
-0.8033033763378399
-0.7634998431802169
-0.7290654887093839
-0.6960611699592684
-0.6636561326588771
-0.615837875556105
-0.5403364188701061
-0.4355577515559689
0.3087412354769237
0.4061515040515404
0.44267651591112844
0.49081717541374575
0.5418911675309048
0.575713320390265
0.6619631643405038
0.679693725179172
0.7635737440277659
0.8144762615496628
0.894945172965989
0.9829431575182637
1.086676879687264
1.2100562978411427
1.3653241144612382
1.604637638810144
2.1690577523227716
2.2636754575055402
2.3278121602107076
2.3662927444343915
2.4134990050359817
2.4240123301059873
2.4946459831523122
2.501110835828548
2.5709753947195018
2.5730423986482482
2.620041183402775
2.633248789337939
2.6645621100922385
2.6983034081396466
2.7371799371452235
-2.5369810181113777
-2.496354939373591
-2.4583356009523616
-2.423172813013745
-2.391171749620907
-2.3626440588521445
-2.338374801188989
-2.317369881796757
-2.305548671630177
-2.2927055968376284
-2.281017650387963
-2.254773955746268
-2.2172606979219474
-2.164314991225908
-2.086670025484436
-1.9483945565662426
-1.3737252041492098
-1.2453505870124841
-1.1419030742656906
-1.0539569322659044
-0.9774936768430899
-0.9107761210427973
-0.8521745365520423
-0.8046102529672041
-0.7607502068154393
-0.732256964769954
-0.6939109470111385
-0.6645279071578496
-0.615725947173561
-0.5403420612844307
-0.4355576390337964
0.30874891151421824
0.40549291632741086
0.4455601880395854
0.4851937332808609
0.5511349855735601
0.570568198823255
0.651159571449275
0.6951822026507405
0.7540574938402137
0.819867603084532
0.8934082546249932
0.9832462810663052
1.0866412677126356
1.2100574408852784
1.3653244334627077
1.6046375841992433
2.1690586430300636
2.263674915434934
2.3276129133278545
2.3675868845510655
2.4062570011871687
2.433019138358471
2.481627951065926
2.5149665743183247
2.556368450541155
2.587183179523316
2.614070071719043
2.6363475885741625
2.6641758515502
2.6983312050137105
2.737179130067108
-2.536981018122087
-2.4963549393697195
-2.4583355898222203
-2.423173121181363
-2.3911673129049973
-2.362685783443824
-2.338105355014155
-2.3186351453094707
-2.302497825408177
-2.2955713737482006
-2.2800759896391694
-2.25487441777939
-2.2172531948553282
-2.1643153709578478
-2.086670014468135
-1.9483945566873788
-1.3737252047883362
-1.2453505678035655
-1.1419033509573069
-1.0539542709477898
-0.9775124698695492
-0.9106767434004901
-0.8525782226348889
-0.8034731461258756
-0.7630950783173709
-0.7296697367675414
-0.6955257287761507
-0.6639022500757755
-0.6157992663614704
-0.5403382671118286
-0.43555775326859664
0.3087516188632938
0.405721124356973
0.44357294929264657
0.49254301822506685
0.5311245284722563
0.6000440366903353
0.6257871065846742
0.7148814256214603
0.7429884745976489
0.8216412681887367
0.8934208068545172
0.9831059150916392
1.0866861437772704
1.2100499914359522
1.3653250925057598
1.6046375682461724
2.169054961909014
2.26378023593123
2.3263517163478995
2.37485417440751
2.392877078688264
2.453253787729885
2.4620238669859056
2.53463271827585
2.5386978718868694
2.6002513326888557
2.6039166663894933
2.6383969875770616
2.663838442397405
2.6983510113843976
2.7371786422562354
