-2.543455872715973
-2.5045367965154206
-2.4682762187157685
-2.434901681390978
-2.40467434086018
-2.3779369644865818
-2.354877953567358
-2.3371503288348614
-2.3214089915141027
-2.313443799949649
-2.299201658856684
-2.2769899374920026
-2.242772938069169
-2.194688036012856
-2.1252889823318264
-1.5563048015186973
-1.3932059871210052
-1.2762313750568712
-1.1810089254406033
-1.1001877055526288
-1.0308198514238966
-0.9708365229859313
-0.9238430330633748
-0.8783265809219177
-0.8578265168665402
-0.817614340642685
-0.7785853482976215
-0.7178320782793752
-0.6389299885740517
-0.5340690574392737
-0.38205328668806116
0.298940373999112
0.3432871554969498
0.3888284619484317
0.436403867688315
0.47451904484720214
0.5478956575864535
0.5747222922625553
0.664164025267526
0.6942019705191388
0.7733464167905728
0.846973099074866
0.9385871472287284
1.0444886807212819
1.1710572991326245
1.331572074179099
1.9327979301293912
2.1296369217891966
2.2302687900887213
2.2972904810601227
2.343071547676545
2.375180231715932
2.418446830458451
2.4535318619358106
2.503770778464697
2.532459947497146
2.5765513083008944
2.5950743366192657
2.6225173683209704
2.648035059522585
2.682214775855074
2.721111442351833
-2.5434558726693948
-2.5045367985382794
-2.468276178127611
-2.4349021789713112
-2.4046701961766743
-2.377961319232281
-2.3547718972261347
-2.3374142387997074
-2.320883885519598
-2.3138465589857136
-2.299147589383724
-2.27698666184232
-2.2427742270274007
-2.194687911260591
-2.1252889875625574
-1.556304801002178
-1.393206001373994
-1.2762311530997639
-1.1810112510655062
-1.1001699024728473
-1.0309225431475075
-0.9703499464937108
-0.9252326722925854
-0.872272349972554
-0.864102730024957
-0.8159003783612524
-0.7791489311356272
-0.7177651175704528
-0.6389355027344069
-0.5340688315627069
-0.38205328916879333
0.29882204999209006
0.34434558813507693
0.3853210613942448
0.4466131181669244
0.46487663559140674
0.5477622899094461
0.5803413380121132
0.6527288816474879
0.7051982176486734
0.7692397847728939
0.8482584760341203
0.9383310450012204
1.0445219817650053
1.171055018013579
1.33157207604885
1.932798093856345
2.1296301298248603
2.2303896059067814
2.296217140348531
2.349508943875639
2.3658526929278016
2.432916165667477
2.439932403669465
2.5137335624265393
2.523775883287742
2.5815897943206876
2.5911809705739968
2.6231755644988435
2.64792811902697
2.6822191508216333
2.7211113969792398
-2.543455872713295
-2.5045367960545346
-2.4682762423933413
-2.4349011619356937
-2.4046812313452652
-2.3778749441486196
-2.3552635916798748
-2.3354828981523927
-2.324887308934995
-2.310027628385537
-2.300631511319982
-2.276823349919384
-2.242785565805229
-2.1946873988771416
-2.125288999664107
-1.5563048009472147
-1.393206000021808
-1.2762311980325511
-1.1810106110488343
-1.1001757597161366
-1.030885093281308
-0.9705384007155583
-0.9247038505520073
-0.8751551955590882
-0.8611701555273872
-0.8164983570109604
-0.7789528429353338
-0.7177874517136316
-0.6389334473661346
-0.5340689430296419
-0.3820532946448281
0.29884336194802813
0.34382302908946705
0.3883077996213696
0.4329441279238254
0.4878082825406236
0.522031449728434
0.6107975176696097
0.6301308323685217
0.7137348297275793
0.7665733986345251
0.8484829169091875
0.9383797399047674
1.0444996043818557
1.1710589146875756
1.3315717530179751
1.9327980898946029
2.129633426078873
2.2302965278782905
2.2972936178318046
2.342148636899549
2.378389765901448
2.412596769684659
2.461563969501803
2.4941949432429364
2.5427335514210023
2.5666788654732104
2.602441272102933
2.61932871907383
2.6485729275995533
2.6821759543303223
2.7211125857072025
-2.5434558727598717
-2.5045367940316745
-2.468276282981067
-2.4349006642765234
-2.404685369179732
-2.377850276724997
-2.3553624207208466
-2.335129233367051
-2.3253260521552925
-2.3097759576396695
-2.3007181846510583
-2.2768265997791035
-2.24278427499708
-2.1946875236221657
-2.1252889944333715
-1.5563048014637353
-1.3932059857688157
-1.2762314199891147
-1.181008285342888
-1.100193557118148
-1.030782193253085
-0.9710198458749063
-0.9232836580792144
-0.8799032361860276
-0.8561801932888942
-0.8182592136488999
-0.778398099282487
-0.717854516217492
-0.6389279339105194
-0.534069168907792
-0.38205329216409484
0.29896209770287874
0.3428107125861345
0.3925164019977486
0.4261101826963556
0.49699559964853274
0.5170769151959628
0.6009136450212448
0.6440033422877282
0.705533279860265
0.7711153921803011
0.8472151380356593
0.9386356306276223
1.0444662783180394
1.1710611954567107
1.3315717511478788
1.9327979261677304
2.1296402194033233
2.2301765169032537
2.298467918324969
2.3380089181029287
2.392400910989461
2.39810069746979
2.474050030805355
2.482947645296898
2.5501766821133076
2.56042295896609
2.6046396024708556
2.618176359654441
2.6486690551294014
2.6821715435320477
2.7211126310662586
-2.5434558727104504
-2.504536796722597
-2.4682762148379256
-2.4349017316543495
-2.404673829620395
-2.3779410997118386
-2.354851461366242
-2.337249099605543
-2.3211021400270653
-2.3137532697543053
-2.2991103339898
-2.277003796813357
-2.24277176896731
-2.194688105482594
-2.1252889800464483
-1.5563048017493293
-1.393205978703967
-1.2762315362949794
-1.1810069019767684
-1.1002059479071227
-1.0306971190735783
-0.9714707541750555
-0.9216100434310502
-0.8841886841412155
-0.8510991420047086
-0.8210622330140683
-0.7775787546160413
-0.7179743422799756
-0.6389159214449575
-0.5340699798213654
-0.3820532592398395
0.2989599207648933
0.34282437802491483
0.39246204384755473
0.42618661318576684
0.49683712144126435
0.5172232328399968
0.6008682434878596
0.644035035615284
0.7055235586260925
0.7711177594462983
0.8472147632178987
0.9386356694983548
1.0444662753928373
1.1710611955983974
1.3315717511442762
1.9327979261677812
2.1296402194025013
2.2301765169128025
2.298467918248529
2.3380089183091126
2.392400908983654
2.3981006994642238
2.474050029842033
2.4829476462090585
2.5501766817152505
2.5604229593281835
2.60463960238228
2.6181763597072782
2.6486690551248415
2.6821715435323354
2.7211126310662523
-2.5434558726711556
-2.5045367985033895
-2.468276177361193
-2.434902215712922
-2.4046695584289215
-2.377967860522177
-2.3547246633332897
-2.3375857497209642
-2.320248769362241
-2.314486295253405
-2.2989912801678716
-2.2770098323813333
-2.242772438617655
-2.1946880042998873
-2.1252889849838486
-1.5563048012347107
-1.3932059930317138
-1.2762313146081863
-1.1810092134950787
-1.1001881938744271
-1.030801272465673
-0.9709956783252081
-0.9231612816926484
-0.880755453544266
-0.8548966952421584
-0.8190942598773506
-0.778076719781735
-0.7179100221991283
-0.6389215763694164
-0.5340696631263181
-0.3820532604436337
0.29893827446437227
0.3433010178945806
0.38878572180441395
0.43649293629044905
0.4744286808712712
0.5479981990112553
0.574640156315065
0.6641925179892937
0.6941835418636267
0.7733485664479045
0.8469727157210217
0.9385871862667713
1.0444886777992948
1.1710572992739832
1.3315720741755
1.9327979301294436
2.12963692178837
2.230268790098595
2.297290480987272
2.343071547958559
2.3751802312742964
2.41844683093617
2.4535318615460597
2.503770778765353
2.5324599472651625
2.576551308454518
2.5950743365111255
2.6225173683462137
2.648035059518395
2.68221477585529
2.72111144235183
-2.5434558727098326
-2.50453679633411
-2.468276233815604
-2.4349013107684185
-2.404679533133346
-2.3778887052964204
-2.355187097551707
-2.335841914528172
-2.324294023364418
-2.3105854637769534
-2.30034765147104
-2.2768497134367944
-2.242783703194093
-2.1946874844637754
-2.125288997481395
-1.55630480117699
-1.393205991673649
-1.276231360706584
-1.1810085748300072
-1.1001939116231865
-1.0307642592762212
-0.971178267450101
-0.9225607997135655
-0.8821906607405089
-0.8533393395655745
-0.819830480454131
-0.7778940853849107
-0.7179296465481062
-0.6389201959331312
-0.5340697708128788
-0.3820532550058917
0.29882003123866024
0.3443601494892614
0.3852838426809969
0.4467690483138905
0.4647170816420506
0.547845445717079
0.5802720080243343
0.6527518875357848
0.705187507501235
0.7692422885867488
0.848258113159525
0.9383310846253662
1.0445219788371982
1.1710550181551134
1.3315720760452576
1.9327980938563973
2.12963012982405
2.2303896059165687
2.2962171402811906
2.3495089443960544
2.365852692298495
2.432916167431488
2.439932401955158
2.5137335631563817
2.5237758826076986
2.5815897946133015
2.591180970324076
2.623175564529251
2.647928119021295
2.6822191508219233
2.7211113969792327
-2.5434558727491305
-2.5045367945533172
-2.468276271291984
-2.434900826640649
-2.4046837978294757
-2.3778616228158485
-2.355305430891065
-2.335405635596009
-2.3249035087796712
-2.3101511080631285
-2.300520093422958
-2.2768439277253525
-2.242783032772742
-2.1946875856407453
-2.125288992543987
-1.55630480169161
-1.3932059773459016
-1.276231582392823
-1.181006263231816
-1.1002116601341005
-1.030659894023131
-0.9716486668854085
-0.9209582114552597
-0.8854666272060324
-0.8496415894096679
-0.8219050872790544
-0.7774030987910163
-0.7179940588054806
-0.6389145414948093
-0.5340700875096003
-0.38205325380210026
0.29884126716490217
0.3438372977159389
0.38826464776887015
0.4330167660012701
0.4876990427860261
0.5221190388195655
0.610717598388811
0.6301964270688443
0.7137265824536637
0.7665762791197543
0.8484825615545529
0.9383797793585479
1.0444996014508297
1.1710589148294424
1.3315717530143798
1.9327980898946557
2.1296334260780667
2.2302965278877505
2.2972936177620853
2.342148637149901
2.3783897654368094
2.412596770143314
2.4615639690963635
2.494194943573927
2.542733551161393
2.5666788656808595
2.6024412719977494
2.619328719127613
2.6485729275936545
2.6821759543306887
2.721112585707195
-2.5434558726994982
-2.5045367972556587
-2.4682762028565635
-2.434901898660052
-2.4046722035628694
-2.377952702030527
-2.3547871314237407
-2.3374537077455337
-2.320469268095405
-2.3143590068710864
-2.298969423852617
-2.2770226790185735
-2.2427704580397276
-2.1946881711425053
-2.125288978052272
-1.5563048019880041
-1.3932059698878296
-1.2762317062947606
-1.1810047844720786
-1.1002248901842913
-1.030568426692406
-0.9721117681939594
-0.9188777297139749
-0.8893710115726288
-0.8440835121167262
-0.8259477885491817
-0.7765951713507296
-0.718121782423967
-0.6389018985496064
-0.5340709395129105
-0.3820532193044012
0.2988390236628825
0.34385261390205046
0.38821845046961057
0.43309462784700703
0.48758262074757996
0.5222120276140356
0.6106333559635748
0.6302653614409526
0.7137178959918339
0.7665793023679524
0.8484821899203666
0.9383798205265083
1.044499598392854
1.1710589149777888
1.3315717530106068
1.93279808989471
2.1296334260772056
2.230296527897826
2.2972936176887733
2.3421486374088905
2.3783897649649637
2.412596770598944
2.461563968708849
2.4941949438811513
2.542733550931162
2.566678865861074
2.602441271909012
2.619328719172501
2.648572927588795
2.682175954330991
2.7211125857071865
-2.543455872665425
-2.5045367987219835
-2.4682761731911818
-2.4349022706411754
-2.4046689949114763
-2.377972390801459
-2.3546948974044186
-2.3376879966956
-2.319797434369684
-2.3149413480425434
-2.2988973502348227
-2.277024715023144
-2.2427711986139633
-2.19468807740638
-2.1252889825936743
-1.556304801476142
-1.3932059842214595
-1.27623148344392
-1.1810070948277471
-1.1002072879024987
-1.030672631763396
-0.9716523525439641
-0.9207132657036566
-0.8862655997390414
-0.8481761267946413
-0.8230881069904828
-0.7770601718203174
-0.7180597580738134
-0.638906875973305
-0.5340706265885362
-0.3820532314219487
0.29895771545873195
0.3428383468591127
0.3924062562050915
0.42626557003050836
0.49667390291389024
0.5173740122304342
0.6008205280317699
0.6440683749864593
0.7055133008661794
0.7711202559822044
0.8472143684449309
0.9386357103220945
1.0444662723309273
1.171061195746376
1.3315717511405063
1.9327979261678354
2.1296402194016353
2.2301765169230654
2.2984679181648793
2.3380089185369726
2.3924009067456193
2.3981007016908142
2.4740500287736773
2.4829476472175513
2.5501766812955493
2.56042295970548
2.6046396022961114
2.6181763597572916
2.648669055120837
2.6821715435325646
2.7211126310662483
-2.5434558727113803
-2.504536796310633
-2.4682762327570553
-2.434901352185594
-2.4046788445837577
-2.377895746287921
-2.355140681858559
-2.336070554555535
-2.3238662745794127
-2.3110166312285676
-2.3001338519480625
-2.276873245220366
-2.2427818411631946
-2.1946875811349513
-2.1252889947978857
-1.5563048014203207
-1.3932059829381431
-1.2762315298103175
-1.1810064417247101
-1.1002130307789901
-1.0306361238215573
-0.9718224129579274
-0.9200390585941989
-0.8874815055635497
-0.8466061325674752
-0.8241457004422749
-0.7768702448650227
-0.7180829227105857
-0.6389056423279588
-0.5340706434696654
-0.3820532247072739
0.29893612852584034
0.3433151902141356
0.38874212198989544
0.4365842900447697
0.4743358336762022
0.5481042341301584
0.5745549120623058
0.6642220991879806
0.6941643546650712
0.7733508115161736
0.846972313972467
0.938587227271161
1.0444886747296893
1.1710572994221462
1.3315720741717403
1.9327979301294969
2.1296369217875206
2.2302687901087594
2.2972904809113257
2.3430715482572704
2.3751802307993093
2.418446831463683
2.453531861104211
2.5037707791219193
2.532459946981875
2.5765513086514487
2.5950743363695343
2.6225173683803087
2.648035059512576
2.6822147758555945
2.7211114423518215
-2.543455872745456
-2.5045367948443076
-2.468276262422148
-2.4349009801511343
-2.4046820484635187
-2.377875830932494
-2.3552269510805286
-2.3357789975198386
-2.3242847347952766
-2.310722570918245
-2.300234371948453
-2.2768713206792937
-2.2427810996894526
-2.1946876748659774
-2.125288990256477
-1.5563048019321832
-1.3932059686045133
-1.276231752660594
-1.1810041312875894
-1.1002306276074856
-1.0305317091087665
-0.9722778005912172
-0.918109333051157
-0.8905892514273582
-0.8421657310691208
-0.8274428469293618
-0.7764115570215497
-0.7181450546074533
-0.6389006653401006
-0.5340709563943631
-0.38205321258972924
0.2988178463144212
0.34437579728658796
0.385244193433619
0.4469366181504497
0.4645460599503884
0.5479326791952095
0.5801993627411414
0.652775808597484
0.7051763736069929
0.7692448899784219
0.8482577355183274
0.9383311259763976
1.044521975771534
1.171055018303644
1.3315720760414949
1.9327980938564515
2.1296301298232057
2.230389605926546
2.296217140213713
2.34950894491138
2.365852691677002
2.4329161691695376
2.4399324002646914
2.513733563895174
2.5237758819148186
2.581589794928217
2.5911809700517905
2.623175564564021
2.647928119014499
2.6822191508223034
2.7211113969792238
-2.5434558727050183
-2.5045367970484786
-2.4682762067344153
-2.4349018483979936
-2.4046727149322527
-2.3779485743817164
-2.3548139123166925
-2.3373575145236907
-2.3208209448995385
-2.3140044926472054
-2.2990581422393093
-2.2770087715511793
-2.2427716269224387
-2.1946881016722357
-2.1252889803376482
-1.5563048017573715
-1.39320597830487
-1.2762315450581334
-1.1810068081745835
-1.1002066674327662
-1.0306920691638137
-0.9715008801417245
-0.9214758768057209
-0.8844989727181868
-0.8507130234912142
-0.8212909338879575
-0.777530504842609
-0.7179781210774155
-0.6389159541111136
-0.5340700170858927
-0.38205324675257285
0.29881986457193876
0.3443612202977882
0.38528137956846353
0.4467779942657068
0.464708305760525
0.5478492736551791
0.5802689793614588
0.6527528108474938
0.7051870889598892
0.7692423864996177
0.8482580983998211
0.9383310863523362
1.04452197869934
1.1710550181621084
1.3315720760450847
1.9327980938564004
2.129630129824016
2.2303896059167587
2.2962171402810534
2.349508944390964
2.365852692306312
2.4329161674055246
2.4399324019789996
2.5137335631653324
2.523775882594861
2.5815897946356023
2.591180970301712
2.6231755645336134
2.647928119020174
2.682219150822011
2.7211113969792295
-2.5434558726636634
-2.504536798756875
-2.4682761739575985
-2.434902233899926
-2.4046696327209425
-2.3779658545329467
-2.3547423856244656
-2.337518737782551
-2.32051346555425
-2.314221128949603
-2.299050778221928
-2.2770014824059692
-2.242772986710581
-2.1946879843662903
-2.125288985172382
-1.5563048012436118
-1.3932059925637437
-1.276231321936974
-1.1810091326390237
-1.1001890163024974
-1.0307947935416832
-0.9710317215016268
-0.9230424696154087
-0.8810362847683324
-0.854612937476005
-0.819208365992847
-0.7780512997196779
-0.7179134187996105
-0.6389207902212747
-0.5340697949826809
-0.3820532601470734
0.2988411179173339
0.34383833107037465
0.3882615307072577
0.4330219379422993
0.48769154910843093
0.522124863535243
0.6107127807512498
0.6302002837029221
0.7137261448353739
0.7665764223946862
0.848482545281575
0.9383797810728126
1.0444996013238792
1.1710589148359232
1.3315717530142035
1.9327980898946577
2.1296334260780125
2.230296527888366
2.2972936177584917
2.3421486371585387
2.378389765429602
2.4125967701402886
2.4615639691142883
2.4941949435501582
2.542733551190772
2.566678865653426
2.6024412720141945
2.619328719118719
2.648572927594695
2.682175954330624
2.7211125857071963
-2.5434558727148437
-2.504536796031061
-2.468276241334794
-2.434901203354004
-2.4046805429968945
-2.3778820015152267
-2.355217753304531
-2.335727964937572
-2.3244616317655136
-2.31045639318644
-2.300401135880968
-2.2768467685119456
-2.2427837032644806
-2.1946874955473135
-2.125288996980597
-1.5563048011905463
-1.3932059912863066
-1.2762313671377776
-1.1810084781853654
-1.100194898494027
-1.0307578438495477
-0.9712067049035492
-0.9224754369889324
-0.8823755915478436
-0.8531267416945035
-0.8199568960025212
-0.7778494143046258
-0.7179392721461979
-0.6389188821803775
-0.5340698156486743
-0.3820532643461675
0.2989598918519835
0.3428246699466431
0.3924604406070446
0.42618924712974277
0.4968303337221982
0.5172297917029375
0.6008659096594191
0.6440367256875414
0.7055230261434136
0.7711178890029076
0.8472147432703802
0.938635671451444
1.0444662752561311
1.171061195604689
1.331571751144111
1.9327979261677835
2.129640219402458
2.2301765169135157
2.29846791824132
2.338008918330788
2.392400908751424
2.398100699696381
2.4740500297369974
2.4829476463053903
2.5501766816936056
2.560422959343388
2.6046396023846867
2.6181763597044525
2.648669055125393
2.682171543532275
2.721112631066255
-2.5434558727561987
-2.504536794322665
-2.4682762741112505
-2.43490081779105
-2.4046836202455038
-2.3778645102556317
-2.355284617100699
-2.3355236044365495
-2.32470168035511
-2.310347246114791
-2.300416613142732
-2.2768539041351623
-2.2427823415561083
-2.1946876128467294
-2.125288992145861
-1.5563048017043069
-1.3932059770274325
-1.2762315902583818
-1.1810061536382952
-1.1002125440169075
-1.030654913340826
-0.9716714799123031
-0.9208591037938512
-0.885694070237253
-0.849303507583386
-0.8221534217272726
-0.7773364064379968
-0.7180040941795677
-0.6389140466989993
-0.5340700377524077
-0.38205325095166476
0.2989382275496729
0.34330131540160197
0.38878479391876847
0.43649499497591115
0.4744264381251047
0.5480011996157949
0.5746375998698472
0.66419358518334
0.6941828127502706
0.773348662068061
0.8469726973344106
0.9385871882331999
1.0444886776516766
1.1710572992807882
1.3315720741753396
1.9327979301294456
2.1296369217883475
2.2302687900988865
2.297290480984177
2.343071547975257
2.3751802312409436
2.4184468309859644
2.453531861493962
2.503770778821264
2.5324599472138587
2.576551308497826
2.595074336477677
2.6225173683550653
2.6480350595167668
2.6822147758553823
2.721111442351825
