-2.499166144634002
-2.4988327491916444
-2.4629085140852913
-2.4601460050925845
-2.439447969112202
-2.4295727280478783
-2.4215781875482203
-2.413265008138067
-2.411373183269983
-1.688855018089595
-1.68398606486208
-1.6690148568538496
-1.6445249799747839
-1.6298590730822122
-1.5569803060289382
-1.5535071170088686
-0.8353979151801556
-0.8335998019272043
-0.5520850386889613
-0.5367211892336584
-0.3956053488098647
-0.35066213631090526
-0.3017093542524487
-0.061799333795913
-0.057794046741543176
0.05779404674154294
0.06179933379591175
0.30170935425244944
0.3506621363109056
0.3956053488098648
0.5367211892336592
0.552085038688962
0.8335998019272053
0.8353979151801555
1.5535071170088677
1.556980306028938
1.629859073082212
1.6445249799747843
1.6690148568538496
1.6839860648620801
1.6888550180895945
2.4113731832699834
2.413265008138067
2.42157818754822
2.4295727280478783
2.4394479691122
2.460146005092585
2.4629085140852904
2.498832749191645
2.4991661446340023
-2.4991580240647915
-2.498841247293075
-2.4628450155844908
-2.4602310225919193
-2.4393149728028534
-2.4298762301253896
-2.4212180336100513
-2.413661848155369
-2.411144094850009
-1.6892075955432977
-1.6833125103525421
-1.6695494698327982
-1.6440847546427406
-1.6300980177191553
-1.5568852031008098
-1.5535898697113248
-0.8353533448522056
-0.8336455047962752
-0.5517624683605927
-0.5371452054166419
-0.3945306585141839
-0.35263175226302734
-0.3005233154291496
-0.07088197640196418
-0.047034524885131136
0.047034524885132156
0.07088197640196546
0.30052331542914895
0.3526317522630269
0.39453065851418395
0.5371452054166432
0.551762468360594
0.8336455047962753
0.8353533448522062
1.5535898697113242
1.5568852031008091
1.6300980177191546
1.6440847546427433
1.6695494698327995
1.6833125103525444
1.689207595543298
2.4111440948500085
2.413661848155366
2.421218033610051
2.4298762301253882
2.4393149728028534
2.4602310225919193
2.4628450155844885
2.4988412472930754
2.499158024064791
-2.4991363500599513
-2.4988638326109447
-2.4626728670172593
-2.4604546293518594
-2.438972750177945
-2.430575940992609
-2.420328592888753
-2.414521371101937
-2.4107641547754777
-1.6898545329676045
-1.6817551964154214
-1.6709473631798897
-1.6429969899339556
-1.6307280420645904
-1.5566331061016143
-1.5538122023163137
-0.8352343913154527
-0.8337671923798511
-0.5508991008330235
-0.5382517549028606
-0.3915773460751553
-0.357519198303815
-0.29788390185293623
-0.07931902191077314
-0.03366077835708281
0.03366077835708372
0.07931902191077372
0.29788390185293595
0.3575191983038162
0.3915773460751561
0.5382517549028618
0.5508991008330235
0.8337671923798516
0.8352343913154522
1.5538122023163143
1.5566331061016134
1.6307280420645907
1.6429969899339552
1.670947363179892
1.681755196415423
1.6898545329676042
2.410764154775477
2.4145213711019364
2.420328592888753
2.430575940992606
2.4389727501779443
2.460454629351858
2.4626728670172597
2.498863832610945
2.4991363500599517
-2.499110307300303
-2.4988907864993077
-2.462459393673936
-2.460718880993124
-2.43859199527435
-2.4312586939737795
-2.419296372874347
-2.4154733074430697
-2.410490750843309
-1.6903490354680109
-1.67999896425551
-1.6726622526438943
-1.6418404189379645
-1.6314611569778938
-1.5563327733373136
-1.5540828434355207
-0.8350913704933332
-0.8339129470376643
-0.5498606931507561
-0.5395309443293533
-0.3877594619279427
-0.3630258341236513
-0.29548617833583923
-0.084747738355032
-0.020806037686142736
0.020806037686142212
0.08474773835503166
0.2954861783358394
0.3630258341236525
0.38775946192794225
0.5395309443293539
0.5498606931507564
0.8339129470376637
0.835091370493335
1.5540828434355194
1.556332773337314
1.6314611569778958
1.6418404189379656
1.6726622526438935
1.6799989642555107
1.6903490354680117
2.4104907508433095
2.4154733074430665
2.4192963728743435
2.4312586939737755
2.4385919952743498
2.460718880993123
2.4624593936739387
2.4988907864993095
2.4991103073003016
-2.499097417745492
-2.4989040534020255
-2.462349903447917
-2.4608492101389627
-2.4384193018137044
-2.4315442426869183
-2.418735695563235
-2.415996004204181
-2.410394659831168
-1.6905266646057688
-1.6790560073487795
-1.6736065515187326
-1.641326432523194
-1.6318084547650082
-1.5561846212215238
-1.5542187180754394
-0.835020470594733
-0.8339849792662586
-0.5493490803987496
-0.5401416023605007
-0.3856622120093093
-0.3657659904658621
-0.29454846562348413
-0.08662321524311052
-0.013825418611475047
0.013825418611472337
0.086623215243111
0.29454846562348397
0.36576599046586245
0.3856622120093097
0.5401416023605
0.5493490803987494
0.833984979266258
0.8350204705947302
1.5542187180754377
1.5561846212215251
1.6318084547650102
1.6413264325231947
1.6736065515187326
1.6790560073487792
1.690526664605769
2.410394659831169
2.4159960042041826
2.418735695563236
2.4315442426869214
2.438419301813706
2.460849210138962
2.462349903447912
2.4989040534020237
2.499097417745493
-2.499110307300302
-2.4988907864993064
-2.4624593936739365
-2.4607188809931237
-2.43859199527435
-2.4312586939737777
-2.4192963728743466
-2.4154733074430688
-2.4104907508433095
-1.690349035468011
-1.6799989642555104
-1.6726622526438946
-1.641840418937964
-1.6314611569778936
-1.5563327733373138
-1.55408284343552
-0.8350913704933346
-0.8339129470376646
-0.5498606931507568
-0.5395309443293547
-0.3877594619279421
-0.36302583412365114
-0.29548617833583857
-0.08474773835503259
-0.02080603768614232
0.020806037686142753
0.08474773835503205
0.29548617833583857
0.3630258341236512
0.387759461927941
0.5395309443293532
0.5498606931507551
0.8339129470376633
0.8350913704933317
1.5540828434355223
1.5563327733373138
1.6314611569778952
1.6418404189379667
1.6726622526438952
1.6799989642555122
1.690349035468011
2.4104907508433087
2.415473307443068
2.419296372874347
2.4312586939737773
2.4385919952743484
2.460718880993122
2.462459393673937
2.4988907864993064
2.4991103073003016
-2.499136350059951
-2.498863832610947
-2.462672867017261
-2.4604546293518585
-2.438972750177945
-2.430575940992608
-2.420328592888753
-2.4145213711019364
-2.410764154775477
-1.6898545329676045
-1.6817551964154211
-1.67094736317989
-1.6429969899339558
-1.6307280420645904
-1.5566331061016143
-1.5538122023163137
-0.8352343913154525
-0.8337671923798504
-0.5508991008330232
-0.5382517549028605
-0.39157734607515576
-0.3575191983038154
-0.29788390185293667
-0.07931902191077334
-0.03366077835708378
0.03366077835708301
0.07931902191077295
0.2978839018529359
0.3575191983038163
0.39157734607515543
0.5382517549028606
0.5508991008330233
0.8337671923798512
0.8352343913154526
1.5538122023163161
1.5566331061016137
1.6307280420645909
1.6429969899339563
1.670947363179891
1.6817551964154214
1.6898545329676051
2.410764154775477
2.4145213711019355
2.420328592888752
2.430575940992606
2.438972750177945
2.46045462935186
2.462672867017261
2.4988638326109442
2.499136350059951
-2.499158024064792
-2.4988412472930746
-2.4628450155844894
-2.4602310225919193
-2.4393149728028525
-2.4298762301253887
-2.4212180336100513
-2.413661848155368
-2.411144094850008
-1.6892075955432981
-1.6833125103525428
-1.6695494698327982
-1.6440847546427404
-1.6300980177191557
-1.5568852031008098
-1.5535898697113242
-0.8353533448522062
-0.8336455047962749
-0.5517624683605931
-0.5371452054166427
-0.3945306585141843
-0.35263175226302756
-0.30052331542915006
-0.07088197640196442
-0.0470345248851318
0.0470345248851307
0.07088197640196398
0.30052331542914973
0.3526317522630264
0.3945306585141838
0.5371452054166405
0.5517624683605915
0.8336455047962741
0.8353533448522051
1.5535898697113233
1.5568852031008098
1.6300980177191555
1.6440847546427408
1.6695494698327962
1.6833125103525413
1.6892075955432975
2.4111440948500107
2.41366184815537
2.421218033610052
2.4298762301253896
2.439314972802855
2.4602310225919215
2.4628450155844925
2.498841247293076
2.499158024064792
-2.4991580240647924
-2.498841247293075
-2.46284501558449
-2.460231022591918
-2.4393149728028534
-2.4298762301253896
-2.4212180336100517
-2.413661848155368
-2.411144094850009
-1.689207595543298
-1.6833125103525424
-1.669549469832798
-1.64408475464274
-1.6300980177191557
-1.55688520310081
-1.5535898697113246
-0.8353533448522059
-0.8336455047962745
-0.5517624683605926
-0.537145205416642
-0.39453065851418445
-0.35263175226302723
-0.3005233154291494
-0.07088197640196427
-0.04703452488513126
0.047034524885130095
0.07088197640196377
0.3005233154291504
0.35263175226302756
0.39453065851418373
0.5371452054166433
0.5517624683605925
0.8336455047962747
0.8353533448522064
1.5535898697113242
1.5568852031008096
1.6300980177191546
1.6440847546427382
1.6695494698327984
1.683312510352542
1.689207595543297
2.4111440948500085
2.4136618481553693
2.42121803361005
2.429876230125387
2.439314972802852
2.4602310225919193
2.4628450155844903
2.4988412472930777
2.4991580240647906
-2.499158024064792
-2.4988412472930768
-2.4628450155844908
-2.4602310225919193
-2.4393149728028534
-2.429876230125388
-2.4212180336100513
-2.4136618481553684
-2.4111440948500094
-1.6892075955432977
-1.6833125103525426
-1.6695494698327984
-1.6440847546427404
-1.6300980177191557
-1.5568852031008096
-1.5535898697113244
-0.8353533448522058
-0.8336455047962741
-0.5517624683605942
-0.5371452054166425
-0.3945306585141839
-0.35263175226302784
-0.30052331542915006
-0.07088197640196442
-0.047034524885130574
0.047034524885131365
0.07088197640196368
0.300523315429151
0.35263175226302745
0.39453065851418484
0.5371452054166429
0.551762468360595
0.8336455047962751
0.8353533448522065
1.5535898697113268
1.556885203100811
1.6300980177191549
1.6440847546427397
1.6695494698328004
1.6833125103525435
1.6892075955432977
2.41114409485001
2.4136618481553693
2.4212180336100513
2.4298762301253856
2.4393149728028534
2.4602310225919193
2.4628450155844885
2.498841247293074
2.4991580240647915
-2.4991430525872658
-2.4988568631853134
-2.4627265554848545
-2.460385940500737
-2.43907642975845
-2.4303742606561145
-2.420595996417788
-2.4142712352625577
-2.410860155153296
-1.6896857407387715
-1.6822152723143287
-1.6705171304566357
-1.6433206092660513
-1.6305346580119753
-1.556710815914838
-1.5537432027395999
-0.8352711785156705
-0.8337296044177261
-0.5511663746106918
-0.5379135058730614
-0.3925063437494294
-0.3560526419196173
-0.29862840352567804
-0.07734175310163156
-0.03724885593319295
0.03724885593319211
0.07734175310163095
0.2986284035256776
0.3560526419196186
0.3925063437494292
0.5379135058730592
0.5511663746106911
0.8337296044177255
0.8352711785156695
1.5537432027396014
1.5567108159148393
1.6305346580119746
1.6433206092660504
1.6705171304566342
1.6822152723143275
1.6896857407387713
2.410860155153297
2.414271235262558
2.420595996417789
2.4303742606561136
2.4390764297584506
2.4603859405007373
2.4627265554848567
2.4988568631853143
2.499143052587266
-2.4991185515524075
-2.4988822754028615
-2.4625279314607034
-2.4606355397323045
-2.438708331003147
-2.4310585543901073
-2.4196280790064133
-2.4151672916327387
-2.410563934724485
-1.690214956301126
-1.680561430863348
-1.6721043471697223
-1.6421895186635738
-1.63123288277481
-1.5564276302141076
-1.553996675532232
-0.8351366686433006
-0.833866848187623
-0.5501891065697697
-0.539132252793108
-0.38901363145242845
-0.361298329163333
-0.29616756384408666
-0.08331241934652907
-0.024860634084865624
0.02486063408486613
0.0833124193465286
0.29616756384408494
0.3612983291633324
0.38901363145242707
0.5391322527931096
0.5501891065697699
0.8338668481876234
0.8351366686432986
1.5539966755322339
1.5564276302141085
1.6312328827748108
1.642189518663576
1.6721043471697214
1.6805614308633476
1.6902149563011266
2.410563934724485
2.41516729163274
2.419628079006413
2.43105855439011
2.4387083310031463
2.4606355397323036
2.462527931460702
2.4988822754028637
2.499118551552408
-2.499097417745495
-2.4989040534020246
-2.4623499034479175
-2.4608492101389614
-2.438419301813704
-2.4315442426869174
-2.418735695563235
-2.4159960042041804
-2.4103946598311676
-1.6905266646057688
-1.6790560073487804
-1.6736065515187328
-1.6413264325231944
-1.6318084547650085
-1.5561846212215238
-1.5542187180754394
-0.8350204705947324
-0.8339849792662578
-0.549349080398749
-0.5401416023604999
-0.3856622120093069
-0.3657659904658615
-0.29454846562348286
-0.08662321524311076
-0.013825418611474533
0.013825418611473246
0.08662321524311063
0.29454846562348314
0.3657659904658616
0.38566221200931017
0.5401416023605019
0.5493490803987525
0.8339849792662567
0.8350204705947308
1.5542187180754397
1.5561846212215238
1.6318084547650096
1.6413264325231924
1.6736065515187317
1.679056007348779
1.6905266646057686
2.410394659831168
2.4159960042041804
2.418735695563234
2.4315442426869183
2.4384193018137044
2.4608492101389614
2.4623499034479157
2.4989040534020246
2.4990974177454928
-2.4990974177454928
-2.498904053402023
-2.462349903447918
-2.460849210138962
-2.438419301813704
-2.431544242686917
-2.418735695563235
-2.415996004204181
-2.4103946598311676
-1.6905266646057695
-1.6790560073487801
-1.6736065515187328
-1.641326432523194
-1.6318084547650087
-1.5561846212215238
-1.5542187180754399
-0.8350204705947339
-0.8339849792662589
-0.5493490803987492
-0.5401416023604991
-0.3856622120093088
-0.36576599046586267
-0.2945484656234834
-0.08662321524311067
-0.01382541861147271
0.013825418611475621
0.08662321524311013
0.29454846562348347
0.3657659904658622
0.3856622120093106
0.5401416023604994
0.549349080398747
0.8339849792662575
0.8350204705947307
1.5542187180754399
1.5561846212215238
1.6318084547650085
1.6413264325231944
1.673606551518734
1.6790560073487808
1.6905266646057688
2.4103946598311667
2.41599600420418
2.418735695563235
2.4315442426869183
2.4384193018137017
2.460849210138962
2.462349903447916
2.4989040534020255
2.4990974177454923
-2.4991185515524066
-2.498882275402861
-2.4625279314607034
-2.4606355397323045
-2.4387083310031468
-2.4310585543901087
-2.419628079006413
-2.4151672916327387
-2.410563934724484
-1.6902149563011255
-1.6805614308633476
-1.6721043471697221
-1.6421895186635735
-1.63123288277481
-1.5564276302141078
-1.5539966755322314
-0.8351366686432998
-0.8338668481876229
-0.5501891065697696
-0.5391322527931087
-0.38901363145242895
-0.3612983291633332
-0.29616756384408643
-0.08331241934652814
-0.024860634084865125
0.024860634084865725
0.08331241934652868
0.2961675638440866
0.3612983291633332
0.38901363145242857
0.5391322527931093
0.5501891065697706
0.8338668481876235
0.8351366686433007
1.553996675532231
1.556427630214107
1.63123288277481
1.6421895186635735
1.6721043471697248
1.6805614308633483
1.690214956301126
2.410563934724484
2.4151672916327382
2.4196280790064106
2.431058554390109
2.438708331003144
2.4606355397323045
2.4625279314607034
2.4988822754028646
2.4991185515524084
-2.499143052587266
-2.4988568631853147
-2.4627265554848563
-2.4603859405007373
-2.439076429758451
-2.430374260656115
-2.4205959964177888
-2.4142712352625577
-2.410860155153296
-1.689685740738772
-1.6822152723143284
-1.6705171304566357
-1.6433206092660515
-1.6305346580119757
-1.556710815914838
-1.5537432027395999
-0.8352711785156692
-0.8337296044177253
-0.5511663746106911
-0.5379135058730607
-0.3925063437494303
-0.35605264191961844
-0.29862840352567854
-0.07734175310163163
-0.0372488559331928
0.0372488559331929
0.07734175310163123
0.2986284035256792
0.3560526419196183
0.39250634374943
0.5379135058730614
0.5511663746106941
0.8337296044177247
0.8352711785156685
1.5537432027395994
1.556710815914838
1.6305346580119755
1.6433206092660513
1.6705171304566344
1.6822152723143282
1.6896857407387713
2.4108601551532978
2.414271235262558
2.420595996417791
2.430374260656119
2.439076429758452
2.4603859405007373
2.462726555484857
2.498856863185314
2.4991430525872658
-2.4991363500599504
-2.4988638326109442
-2.4626728670172606
-2.4604546293518568
-2.4389727501779435
-2.43057594099261
-2.4203285928887532
-2.414521371101936
-2.4107641547754772
-1.6898545329676047
-1.6817551964154214
-1.6709473631798897
-1.6429969899339558
-1.6307280420645902
-1.5566331061016139
-1.553812202316314
-0.8352343913154525
-0.8337671923798516
-0.5508991008330233
-0.5382517549028609
-0.3915773460751554
-0.3575191983038157
-0.2978839018529354
-0.07931902191077282
-0.03366077835708307
0.03366077835708341
0.07931902191077357
0.2978839018529368
0.3575191983038161
0.39157734607515554
0.5382517549028608
0.5508991008330234
0.8337671923798514
0.8352343913154531
1.5538122023163132
1.556633106101615
1.6307280420645904
1.6429969899339552
1.6709473631798872
1.6817551964154211
1.689854532967604
2.4107641547754763
2.414521371101938
2.4203285928887524
2.4305759409926027
2.4389727501779452
2.4604546293518594
2.4626728670172637
2.4988638326109434
2.499136350059951
-2.4991430525872658
-2.4988568631853143
-2.462726555484856
-2.460385940500737
-2.4390764297584515
-2.4303742606561136
-2.4205959964177888
-2.4142712352625577
-2.410860155153296
-1.6896857407387713
-1.6822152723143289
-1.6705171304566353
-1.6433206092660515
-1.6305346580119755
-1.5567108159148382
-1.5537432027395996
-0.835271178515669
-0.8337296044177246
-0.551166374610692
-0.5379135058730607
-0.39250634374943016
-0.3560526419196185
-0.2986284035256786
-0.07734175310163094
-0.037248855933192694
0.03724885593319197
0.07734175310163158
0.2986284035256778
0.3560526419196183
0.3925063437494293
0.537913505873062
0.5511663746106918
0.8337296044177249
0.8352711785156695
1.553743202739599
1.5567108159148373
1.630534658011977
1.6433206092660517
1.6705171304566375
1.6822152723143318
1.689685740738773
2.410860155153294
2.4142712352625564
2.420595996417787
2.4303742606561127
2.4390764297584506
2.4603859405007356
2.4627265554848563
2.498856863185311
2.4991430525872635
-2.4991363500599513
-2.498863832610945
-2.4626728670172597
-2.460454629351858
-2.438972750177944
-2.430575940992608
-2.4203285928887537
-2.414521371101937
-2.410764154775476
-1.6898545329676042
-1.6817551964154211
-1.6709473631798895
-1.6429969899339554
-1.6307280420645902
-1.556633106101614
-1.553812202316314
-0.8352343913154526
-0.8337671923798514
-0.5508991008330233
-0.5382517549028606
-0.3915773460751553
-0.3575191983038161
-0.29788390185293606
-0.0793190219107743
-0.03366077835708399
0.033660778357083136
0.0793190219107728
0.2978839018529357
0.3575191983038156
0.3915773460751555
0.5382517549028591
0.550899100833023
0.8337671923798518
0.8352343913154527
1.553812202316315
1.5566331061016156
1.6307280420645889
1.6429969899339543
1.6709473631798895
1.6817551964154211
1.6898545329676034
2.4107641547754763
2.4145213711019395
2.4203285928887537
2.4305759409926067
2.438972750177944
2.46045462935186
2.462672867017262
2.498863832610946
2.499136350059953
-2.499118551552407
-2.4988822754028632
-2.462527931460705
-2.460635539732304
-2.438708331003147
-2.431058554390111
-2.4196280790064137
-2.4151672916327396
-2.410563934724486
-1.6902149563011262
-1.6805614308633472
-1.672104347169722
-1.6421895186635738
-1.6312328827748102
-1.5564276302141078
-1.553996675532232
-0.8351366686432999
-0.8338668481876225
-0.5501891065697694
-0.5391322527931085
-0.3890136314524285
-0.3612983291633327
-0.29616756384408593
-0.08331241934652828
-0.024860634084865336
0.024860634084865798
0.08331241934652903
0.29616756384408577
0.3612983291633323
0.38901363145242723
0.5391322527931085
0.55018910656977
0.8338668481876227
0.8351366686433007
1.5539966755322343
1.5564276302141078
1.6312328827748106
1.6421895186635742
1.6721043471697232
1.680561430863349
1.6902149563011255
2.410563934724485
2.415167291632739
2.4196280790064106
2.4310585543901024
2.4387083310031463
2.460635539732305
2.4625279314607047
2.498882275402863
2.4991185515524075
-2.4990974177454928
-2.4989040534020233
-2.4623499034479166
-2.4608492101389614
-2.438419301813703
-2.4315442426869156
-2.4187356955632335
-2.415996004204181
-2.4103946598311676
-1.6905266646057688
-1.6790560073487795
-1.673606551518732
-1.6413264325231947
-1.6318084547650085
-1.5561846212215236
-1.5542187180754397
-0.8350204705947335
-0.833984979266258
-0.5493490803987502
-0.5401416023605006
-0.38566221200930884
-0.36576599046586106
-0.29454846562348463
-0.0866232152431101
-0.01382541861147439
0.013825418611473501
0.08662321524311085
0.2945484656234822
0.36576599046586233
0.3856622120093115
0.5401416023604998
0.5493490803987501
0.8339849792662588
0.8350204705947334
1.5542187180754394
1.5561846212215238
1.631808454765008
1.6413264325231975
1.6736065515187313
1.6790560073487801
1.6905266646057688
2.410394659831167
2.41599600420418
2.4187356955632335
2.431544242686917
2.438419301813702
2.4608492101389614
2.462349903447916
2.498904053402023
2.4990974177454923
-2.499087115494463
-2.4989146224592425
-2.462259682329625
-2.4609540991670213
-2.438290514912248
-2.43174919719069
-2.4181741771201586
-2.4165299271089777
-2.4103311530215263
-1.6906449442261933
-1.6781507135798666
-1.674517304403898
-1.6409445852155968
-1.6320752408872459
-1.556066058348637
-1.5543286069341993
-0.8349636932062098
-0.8340425573111414
-0.5489431548085967
-0.5406173228851978
-0.3837854640501006
-0.36808011604751645
-0.2939022101124031
-0.08786008923394968
-0.0056495902871962385
0.005649590287197113
0.0878600892339487
0.29390221011240214
0.36808011604751695
0.3837854640501005
0.5406173228851974
0.5489431548085963
0.8340425573111409
0.834963693206209
1.5543286069342002
1.556066058348637
1.6320752408872454
1.6409445852155953
1.6745173044038988
1.6781507135798674
1.690644944226194
2.4103311530215277
2.4165299271089773
2.4181741771201617
2.4317491971906877
2.438290514912248
2.4609540991670213
2.4622596823296243
2.498914622459243
2.4990871154944623
-2.4990974177454928
-2.498904053402024
-2.4623499034479166
-2.4608492101389614
-2.438419301813703
-2.4315442426869165
-2.4187356955632335
-2.4159960042041804
-2.4103946598311676
-1.6905266646057688
-1.6790560073487792
-1.6736065515187317
-1.6413264325231942
-1.6318084547650085
-1.5561846212215236
-1.5542187180754397
-0.8350204705947335
-0.8339849792662586
-0.5493490803987496
-0.5401416023605001
-0.38566221200930845
-0.3657659904658623
-0.2945484656234824
-0.08662321524311047
-0.013825418611473295
0.013825418611473999
0.08662321524311062
0.29454846562348425
0.36576599046586206
0.3856622120093097
0.5401416023604982
0.5493490803987476
0.8339849792662586
0.8350204705947329
1.554218718075441
1.5561846212215238
1.6318084547650082
1.6413264325231938
1.6736065515187302
1.6790560073487797
1.6905266646057695
2.410394659831167
2.41599600420418
2.418735695563234
2.4315442426869183
2.438419301813702
2.4608492101389614
2.462349903447917
2.4989040534020255
2.4990974177454923
-2.499118551552406
-2.498882275402864
-2.462527931460706
-2.460635539732305
-2.4387083310031468
-2.4310585543901078
-2.419628079006413
-2.4151672916327382
-2.410563934724485
-1.690214956301126
-1.6805614308633474
-1.6721043471697223
-1.6421895186635738
-1.63123288277481
-1.5564276302141076
-1.553996675532232
-0.8351366686432998
-0.8338668481876224
-0.5501891065697697
-0.5391322527931085
-0.3890136314524283
-0.3612983291633333
-0.2961675638440858
-0.0833124193465286
-0.024860634084865586
0.02486063408486541
0.08331241934652876
0.296167563844086
0.36129832916333304
0.38901363145242823
0.5391322527931091
0.5501891065697697
0.8338668481876229
0.8351366686433004
1.5539966755322336
1.5564276302141073
1.6312328827748082
1.6421895186635747
1.672104347169724
1.6805614308633494
1.6902149563011255
2.410563934724485
2.41516729163274
2.4196280790064133
2.431058554390108
2.4387083310031477
2.4606355397323036
2.462527931460703
2.49888227540286
2.4991185515524075
-2.499110307300302
-2.498890786499309
-2.4624593936739356
-2.4607188809931233
-2.4385919952743484
-2.4312586939737773
-2.4192963728743466
-2.4154733074430665
-2.41049075084331
-1.6903490354680104
-1.6799989642555102
-1.6726622526438943
-1.6418404189379636
-1.6314611569778936
-1.5563327733373136
-1.554082843435521
-0.8350913704933339
-0.8339129470376645
-0.549860693150756
-0.5395309443293537
-0.3877594619279423
-0.36302583412365164
-0.29548617833583873
-0.08474773835503208
-0.02080603768614298
0.020806037686142104
0.08474773835503338
0.2954861783358388
0.3630258341236516
0.38775946192794186
0.5395309443293539
0.549860693150756
0.8339129470376637
0.8350913704933336
1.554082843435521
1.556332773337313
1.6314611569778932
1.6418404189379632
1.672662252643891
1.6799989642555095
1.6903490354680097
2.4104907508433118
2.415473307443069
2.4192963728743484
2.43125869397378
2.438591995274352
2.4607188809931215
2.4624593936739356
2.498890786499307
2.4991103073003025
-2.4991185515524066
-2.498882275402861
-2.4625279314607043
-2.460635539732304
-2.438708331003147
-2.4310585543901104
-2.419628079006412
-2.4151672916327387
-2.410563934724484
-1.6902149563011264
-1.6805614308633474
-1.6721043471697232
-1.6421895186635733
-1.63123288277481
-1.5564276302141073
-1.553996675532232
-0.8351366686433004
-0.8338668481876226
-0.5501891065697706
-0.5391322527931092
-0.3890136314524292
-0.36129832916333365
-0.29616756384408655
-0.08331241934652854
-0.02486063408486533
0.024860634084865055
0.08331241934652847
0.2961675638440856
0.3612983291633331
0.38901363145242834
0.5391322527931088
0.5501891065697702
0.8338668481876237
0.8351366686433015
1.5539966755322334
1.5564276302141076
1.6312328827748084
1.6421895186635724
1.6721043471697203
1.6805614308633468
1.690214956301126
2.4105639347244847
2.415167291632738
2.4196280790064115
2.4310585543901104
2.438708331003145
2.4606355397323028
2.462527931460704
2.498882275402861
2.4991185515524066
-2.499118551552408
-2.4988822754028632
-2.462527931460703
-2.460635539732303
-2.4387083310031463
-2.431058554390106
-2.4196280790064133
-2.4151672916327387
-2.410563934724486
-1.690214956301126
-1.6805614308633479
-1.6721043471697221
-1.6421895186635735
-1.6312328827748097
-1.5564276302141073
-1.5539966755322319
-0.8351366686433005
-0.8338668481876225
-0.5501891065697702
-0.5391322527931092
-0.3890136314524284
-0.3612983291633331
-0.2961675638440853
-0.08331241934652824
-0.02486063408486544
0.02486063408486577
0.08331241934652907
0.29616756384408677
0.3612983291633332
0.38901363145242907
0.5391322527931097
0.5501891065697708
0.8338668481876216
0.8351366686432993
1.5539966755322336
1.556427630214109
1.6312328827748088
1.6421895186635733
1.672104347169721
1.6805614308633472
1.6902149563011264
2.4105639347244856
2.415167291632738
2.4196280790064133
2.431058554390112
2.4387083310031477
2.460635539732303
2.462527931460704
2.4988822754028606
2.4991185515524066
-2.499110307300301
-2.4988907864993077
-2.462459393673935
-2.4607188809931224
-2.4385919952743493
-2.4312586939737786
-2.419296372874346
-2.415473307443067
-2.410490750843311
-1.6903490354680104
-1.6799989642555102
-1.6726622526438943
-1.6418404189379643
-1.6314611569778938
-1.5563327733373136
-1.5540828434355205
-0.8350913704933346
-0.8339129470376647
-0.5498606931507559
-0.5395309443293537
-0.3877594619279419
-0.3630258341236513
-0.29548617833583857
-0.0847477383550321
-0.020806037686142864
0.02080603768614273
0.08474773835503269
0.2954861783358385
0.36302583412365136
0.3877594619279421
0.5395309443293531
0.5498606931507554
0.8339129470376643
0.8350913704933335
1.5540828434355238
1.5563327733373153
1.631461156977894
1.6418404189379634
1.6726622526438926
1.6799989642555109
1.6903490354680097
2.4104907508433095
2.4154733074430674
2.4192963728743475
2.431258693973779
2.4385919952743524
2.4607188809931215
2.4624593936739365
2.498890786499306
2.4991103073003016
-2.4990974177454928
-2.4989040534020233
-2.462349903447917
-2.460849210138961
-2.438419301813705
-2.431544242686917
-2.418735695563234
-2.41599600420418
-2.410394659831169
-1.6905266646057688
-1.6790560073487804
-1.673606551518732
-1.6413264325231947
-1.6318084547650085
-1.5561846212215238
-1.5542187180754397
-0.8350204705947333
-0.8339849792662579
-0.5493490803987499
-0.5401416023605001
-0.3856622120093092
-0.3657659904658623
-0.29454846562348436
-0.08662321524311119
-0.013825418611473926
0.013825418611473808
0.08662321524311027
0.2945484656234825
0.36576599046586167
0.38566221200930817
0.5401416023605005
0.5493490803987497
0.8339849792662584
0.835020470594733
1.55421871807544
1.5561846212215238
1.6318084547650091
1.6413264325231947
1.6736065515187342
1.6790560073487801
1.6905266646057684
2.4103946598311663
2.415996004204182
2.418735695563234
2.4315442426869174
2.4384193018137053
2.460849210138963
2.462349903447919
2.4989040534020255
2.499097417745494
-2.499087115494464
-2.4989146224592447
-2.4622596823296257
-2.4609540991670213
-2.4382905149122482
-2.4317491971906886
-2.4181741771201577
-2.4165299271089764
-2.4103311530215255
-1.6906449442261937
-1.6781507135798672
-1.6745173044038975
-1.6409445852155962
-1.6320752408872459
-1.5560660583486368
-1.554328606934199
-0.8349636932062099
-0.8340425573111417
-0.5489431548085956
-0.5406173228851969
-0.383785464050101
-0.3680801160475164
-0.29390221011240253
-0.08786008923394929
-0.005649590287196782
0.005649590287196833
0.08786008923394889
0.29390221011240214
0.3680801160475171
0.3837854640501012
0.5406173228851974
0.5489431548085963
0.8340425573111415
0.8349636932062101
1.5543286069341986
1.5560660583486372
1.6320752408872479
1.6409445852155953
1.6745173044038986
1.6781507135798686
1.6906449442261946
2.410331153021525
2.4165299271089777
2.418174177120158
2.431749197190688
2.4382905149122482
2.46095409916702
2.4622596823296248
2.498914622459243
2.4990871154944614
-2.4990871154944623
-2.498914622459243
-2.462259682329626
-2.460954099167021
-2.4382905149122482
-2.431749197190689
-2.4181741771201577
-2.416529927108977
-2.4103311530215255
-1.6906449442261937
-1.6781507135798666
-1.6745173044038966
-1.6409445852155964
-1.632075240887246
-1.5560660583486368
-1.5543286069341986
-0.8349636932062097
-0.8340425573111416
-0.5489431548085963
-0.5406173228851977
-0.3837854640501017
-0.3680801160475174
-0.29390221011240303
-0.08786008923394964
-0.005649590287196096
0.005649590287197267
0.08786008923394939
0.29390221011240225
0.368080116047517
0.38378546405010155
0.5406173228851975
0.5489431548085966
0.8340425573111413
0.8349636932062102
1.554328606934197
1.5560660583486368
1.6320752408872463
1.6409445852155948
1.6745173044038897
1.6781507135798672
1.6906449442261953
2.410331153021531
2.4165299271089773
2.418174177120158
2.4317491971906904
2.438290514912251
2.4609540991670213
2.4622596823296257
2.4989146224592433
2.4990871154944636
-2.4990974177454923
-2.498904053402023
-2.4623499034479184
-2.4608492101389623
-2.4384193018137026
-2.4315442426869156
-2.418735695563234
-2.4159960042041795
-2.410394659831168
-1.6905266646057688
-1.6790560073487797
-1.6736065515187315
-1.6413264325231944
-1.6318084547650085
-1.5561846212215236
-1.55421871807544
-0.8350204705947334
-0.833984979266258
-0.5493490803987494
-0.5401416023604999
-0.38566221200930845
-0.36576599046586167
-0.29454846562348347
-0.0866232152431109
-0.013825418611474101
0.013825418611473529
0.08662321524311041
0.29454846562348197
0.3657659904658609
0.3856622120093073
0.5401416023605001
0.5493490803987499
0.8339849792662571
0.8350204705947326
1.554218718075442
1.5561846212215267
1.6318084547650082
1.641326432523191
1.673606551518734
1.6790560073487801
1.6905266646057688
2.4103946598311663
2.4159960042041804
2.4187356955632326
2.43154424268692
2.4384193018137053
2.4608492101389623
2.4623499034479175
2.4989040534020246
2.499097417745494
-2.4990974177454937
-2.498904053402025
-2.4623499034479175
-2.4608492101389627
-2.438419301813706
-2.431544242686916
-2.418735695563234
-2.4159960042041813
-2.4103946598311676
-1.6905266646057686
-1.6790560073487797
-1.673606551518733
-1.6413264325231947
-1.6318084547650087
-1.5561846212215236
-1.5542187180754399
-0.8350204705947336
-0.8339849792662584
-0.5493490803987492
-0.5401416023605001
-0.3856622120093085
-0.36576599046586217
-0.29454846562348336
-0.08662321524311054
-0.013825418611473706
0.01382541861147386
0.08662321524311113
0.29454846562348375
0.3657659904658619
0.38566221200930867
0.5401416023605001
0.5493490803987499
0.8339849792662587
0.8350204705947339
1.5542187180754379
1.5561846212215213
1.6318084547650107
1.6413264325231955
1.673606551518732
1.6790560073487808
1.6905266646057697
2.4103946598311685
2.415996004204181
2.4187356955632344
2.431544242686919
2.4384193018136995
2.4608492101389614
2.462349903447917
2.498904053402025
2.499097417745493
-2.4990974177454928
-2.4989040534020237
-2.4623499034479166
-2.460849210138962
-2.438419301813705
-2.4315442426869156
-2.4187356955632344
-2.415996004204181
-2.4103946598311676
-1.6905266646057684
-1.6790560073487806
-1.673606551518733
-1.641326432523194
-1.6318084547650087
-1.556184621221524
-1.5542187180754399
-0.8350204705947336
-0.8339849792662584
-0.5493490803987494
-0.5401416023605
-0.38566221200930867
-0.3657659904658618
-0.2945484656234833
-0.08662321524311083
-0.01382541861147374
0.013825418611473971
0.08662321524311044
0.2945484656234843
0.36576599046586267
0.3856622120093091
0.5401416023604992
0.5493490803987487
0.8339849792662588
0.8350204705947343
1.5542187180754383
1.5561846212215225
1.6318084547650102
1.641326432523196
1.6736065515187346
1.6790560073487821
1.6905266646057704
2.410394659831169
2.415996004204181
2.4187356955632358
2.431544242686917
2.4384193018137035
2.4608492101389605
2.4623499034479166
2.498904053402024
2.4990974177454923
-2.4990974177454937
-2.498904053402024
-2.4623499034479166
-2.4608492101389614
-2.4384193018137097
-2.431544242686918
-2.418735695563234
-2.415996004204181
-2.4103946598311685
-1.6905266646057688
-1.6790560073487797
-1.6736065515187326
-1.641326432523195
-1.6318084547650087
-1.5561846212215238
-1.5542187180754399
-0.8350204705947335
-0.8339849792662581
-0.5493490803987492
-0.5401416023604997
-0.3856622120093086
-0.36576599046586167
-0.2945484656234834
-0.08662321524311101
-0.01382541861147426
0.013825418611473258
0.08662321524311065
0.294548465623484
0.36576599046586256
0.38566221200930906
0.5401416023605005
0.5493490803987499
0.8339849792662575
0.8350204705947327
1.5542187180754368
1.5561846212215207
1.63180845476501
1.6413264325231975
1.6736065515187322
1.6790560073487806
1.6905266646057695
2.4103946598311707
2.41599600420418
2.4187356955632353
2.431544242686919
2.4384193018137004
2.460849210138962
2.4623499034479184
2.4989040534020255
2.499097417745494
-2.499097417745491
-2.498904053402022
-2.462349903447919
-2.4608492101389623
-2.4384193018137044
-2.4315442426869174
-2.4187356955632344
-2.4159960042041795
-2.410394659831169
-1.690526664605769
-1.67905600734878
-1.6736065515187326
-1.6413264325231947
-1.631808454765009
-1.5561846212215238
-1.55421871807544
-0.8350204705947336
-0.8339849792662581
-0.5493490803987496
-0.5401416023604999
-0.3856622120093088
-0.36576599046586233
-0.2945484656234835
-0.08662321524311103
-0.013825418611474294
0.013825418611473397
0.08662321524311067
0.29454846562348247
0.36576599046586183
0.38566221200930856
0.5401416023605002
0.54934908039875
0.8339849792662593
0.8350204705947345
1.5542187180754368
1.5561846212215207
1.63180845476501
1.6413264325231942
1.6736065515187353
1.679056007348783
1.6905266646057695
2.410394659831168
2.41599600420418
2.4187356955632335
2.4315442426869174
2.438419301813703
2.460849210138961
2.4623499034479166
2.498904053402024
2.4990974177454937
-2.499097417745493
-2.498904053402024
-2.4623499034479157
-2.4608492101389605
-2.438419301813703
-2.4315442426869174
-2.418735695563234
-2.41599600420418
-2.410394659831169
-1.6905266646057688
-1.67905600734878
-1.6736065515187326
-1.6413264325231944
-1.6318084547650087
-1.5561846212215238
-1.55421871807544
-0.8350204705947334
-0.8339849792662581
-0.5493490803987492
-0.5401416023604996
-0.38566221200930834
-0.3657659904658614
-0.2945484656234834
-0.08662321524311035
-0.013825418611474096
0.013825418611473699
0.08662321524311106
0.29454846562348297
0.36576599046586183
0.38566221200930856
0.5401416023605
0.5493490803987495
0.8339849792662574
0.8350204705947328
1.554218718075439
1.556184621221523
1.6318084547650096
1.6413264325231935
1.6736065515187322
1.6790560073487806
1.69052666460577
2.410394659831169
2.415996004204181
2.418735695563235
2.43154424268692
2.4384193018137017
2.4608492101389614
2.462349903447917
2.4989040534020246
2.4990974177454945
-2.4990974177454928
-2.4989040534020237
-2.4623499034479166
-2.460849210138962
-2.4384193018137013
-2.431544242686917
-2.4187356955632326
-2.415996004204179
-2.4103946598311676
-1.6905266646057688
-1.6790560073487801
-1.6736065515187326
-1.6413264325231947
-1.631808454765009
-1.5561846212215238
-1.5542187180754399
-0.8350204705947335
-0.8339849792662584
-0.5493490803987492
-0.5401416023604999
-0.3856622120093086
-0.3657659904658621
-0.2945484656234831
-0.08662321524311017
-0.01382541861147349
0.013825418611474492
0.08662321524311092
0.294548465623484
0.3657659904658623
0.38566221200930895
0.5401416023604996
0.5493490803987492
0.833984979266259
0.8350204705947345
1.554218718075438
1.556184621221522
1.6318084547650098
1.6413264325231955
1.6736065515187317
1.67905600734878
1.6905266646057688
2.410394659831167
2.4159960042041817
2.4187356955632358
2.4315442426869183
2.438419301813699
2.4608492101389596
2.4623499034479153
2.4989040534020237
2.4990974177454923
-2.499097417745493
-2.4989040534020237
-2.462349903447918
-2.4608492101389623
-2.4384193018137057
-2.4315442426869147
-2.4187356955632335
-2.4159960042041813
-2.4103946598311667
-1.6905266646057684
-1.67905600734878
-1.673606551518733
-1.6413264325231949
-1.6318084547650087
-1.5561846212215238
-1.5542187180754399
-0.8350204705947335
-0.8339849792662581
-0.5493490803987492
-0.5401416023604995
-0.3856622120093088
-0.365765990465862
-0.29454846562348364
-0.08662321524311092
-0.013825418611473345
0.013825418611474367
0.08662321524311124
0.29454846562348314
0.36576599046586267
0.38566221200930956
0.5401416023605006
0.5493490803987499
0.8339849792662584
0.8350204705947337
1.5542187180754357
1.5561846212215196
1.6318084547650096
1.6413264325231947
1.6736065515187326
1.6790560073487801
1.690526664605769
2.410394659831169
2.4159960042041813
2.4187356955632353
2.431544242686918
2.4384193018137026
2.4608492101389614
2.4623499034479175
2.4989040534020255
2.499097417745495
-2.4990974177454928
-2.498904053402024
-2.462349903447917
-2.460849210138962
-2.438419301813707
-2.4315442426869165
-2.4187356955632335
-2.4159960042041813
-2.4103946598311663
-1.690526664605769
-1.6790560073487797
-1.6736065515187324
-1.6413264325231942
-1.6318084547650087
-1.5561846212215238
-1.5542187180754399
-0.8350204705947334
-0.8339849792662584
-0.5493490803987491
-0.5401416023604995
-0.3856622120093087
-0.3657659904658615
-0.29454846562348336
-0.08662321524311019
-0.01382541861147424
0.013825418611473617
0.08662321524311095
0.29454846562348375
0.3657659904658616
0.38566221200930834
0.5401416023604997
0.5493490803987491
0.8339849792662577
0.835020470594733
1.5542187180754359
1.5561846212215193
1.6318084547650111
1.641326432523197
1.673606551518732
1.6790560073487804
1.6905266646057713
2.4103946598311703
2.415996004204182
2.418735695563237
2.431544242686921
2.4384193018136955
2.4608492101389614
2.4623499034479175
2.498904053402024
2.4990974177454928
-2.4991103073003016
-2.4988907864993086
-2.4624593936739365
-2.460718880993123
-2.438591995274349
-2.4312586939737777
-2.419296372874346
-2.4154733074430688
-2.4104907508433087
-1.6903490354680109
-1.6799989642555109
-1.6726622526438941
-1.641840418937964
-1.6314611569778936
-1.5563327733373136
-1.554082843435521
-0.8350913704933346
-0.8339129470376648
-0.5498606931507553
-0.5395309443293533
-0.3877594619279421
-0.3630258341236514
-0.29548617833583846
-0.08474773835503308
-0.020806037686143045
0.0208060376861428
0.08474773835503166
0.29548617833583807
0.3630258341236511
0.3877594619279417
0.5395309443293523
0.5498606931507548
0.833912947037665
0.8350913704933345
1.5540828434355203
1.5563327733373127
1.6314611569778927
1.6418404189379647
1.6726622526438952
1.6799989642555122
1.6903490354680097
2.4104907508433095
2.415473307443067
2.419296372874346
2.431258693973781
2.4385919952743498
2.4607188809931224
2.462459393673935
2.4988907864993086
2.4991103073003034
-2.4990974177454923
-2.498904053402023
-2.462349903447918
-2.460849210138962
-2.438419301813705
-2.431544242686918
-2.418735695563234
-2.4159960042041804
-2.410394659831167
-1.690526664605768
-1.6790560073487804
-1.6736065515187324
-1.6413264325231949
-1.6318084547650082
-1.556184621221524
-1.5542187180754403
-0.835020470594734
-0.8339849792662587
-0.5493490803987493
-0.5401416023604998
-0.3856622120093094
-0.36576599046586233
-0.29454846562348397
-0.08662321524311083
-0.013825418611474464
0.013825418611473773
0.08662321524311017
0.2945484656234832
0.3657659904658612
0.3856622120093086
0.5401416023604991
0.5493490803987484
0.8339849792662577
0.8350204705947326
1.5542187180754399
1.5561846212215247
1.6318084547650087
1.6413264325231938
1.6736065515187337
1.6790560073487808
1.6905266646057686
2.410394659831168
2.4159960042041817
2.4187356955632344
2.431544242686918
2.4384193018137017
2.460849210138964
2.4623499034479193
2.498904053402025
2.4990974177454937
-2.4990871154944623
-2.4989146224592433
-2.4622596823296266
-2.460954099167022
-2.438290514912247
-2.43174919719069
-2.418174177120158
-2.416529927108976
-2.4103311530215277
-1.6906449442261935
-1.6781507135798672
-1.674517304403898
-1.6409445852155968
-1.6320752408872459
-1.556066058348637
-1.554328606934199
-0.8349636932062096
-0.8340425573111412
-0.5489431548085965
-0.5406173228851978
-0.3837854640501014
-0.3680801160475172
-0.2939022101124018
-0.08786008923394882
-0.005649590287197085
0.005649590287195987
0.08786008923394932
0.293902210112402
0.36808011604751634
0.38378546405010044
0.5406173228851971
0.5489431548085965
0.8340425573111414
0.8349636932062101
1.5543286069341993
1.5560660583486359
1.6320752408872479
1.6409445852155977
1.674517304403899
1.6781507135798681
1.6906449442261948
2.410331153021524
2.4165299271089786
2.4181741771201573
2.431749197190687
2.4382905149122487
2.460954099167022
2.4622596823296257
2.4989146224592433
2.4990871154944645
-2.499087115494465
-2.4989146224592447
-2.462259682329626
-2.460954099167022
-2.4382905149122456
-2.431749197190688
-2.4181741771201586
-2.4165299271089777
-2.4103311530215263
-1.6906449442261937
-1.6781507135798672
-1.6745173044038975
-1.6409445852155968
-1.6320752408872459
-1.5560660583486372
-1.5543286069341993
-0.8349636932062098
-0.8340425573111412
-0.5489431548085963
-0.5406173228851978
-0.3837854640501011
-0.36808011604751695
-0.293902210112403
-0.08786008923394899
-0.005649590287196579
0.0056495902871965915
0.08786008923394921
0.2939022101124023
0.36808011604751706
0.38378546405010106
0.5406173228851968
0.5489431548085951
0.834042557311141
0.8349636932062097
1.5543286069341975
1.5560660583486332
1.632075240887248
1.6409445852155982
1.6745173044038986
1.6781507135798661
1.690644944226196
2.4103311530215277
2.4165299271089817
2.418174177120161
2.43174919719069
2.4382905149122447
2.4609540991670205
2.462259682329624
2.4989146224592447
2.4990871154944636
-2.499097417745494
-2.4989040534020255
-2.462349903447919
-2.4608492101389627
-2.4384193018137035
-2.431544242686918
-2.4187356955632358
-2.4159960042041804
-2.4103946598311685
-1.6905266646057684
-1.6790560073487797
-1.6736065515187324
-1.6413264325231942
-1.6318084547650082
-1.5561846212215238
-1.55421871807544
-0.8350204705947338
-0.8339849792662578
-0.5493490803987497
-0.5401416023604996
-0.3856622120093088
-0.3657659904658622
-0.2945484656234833
-0.08662321524311083
-0.013825418611474282
0.01382541861147355
0.08662321524311103
0.2945484656234843
0.36576599046586195
0.38566221200930934
0.5401416023605002
0.5493490803987494
0.8339849792662584
0.8350204705947336
1.5542187180754385
1.5561846212215242
1.631808454765011
1.641326432523197
1.6736065515187348
1.679056007348783
1.6905266646057704
2.4103946598311663
2.415996004204181
2.418735695563234
2.431544242686915
2.4384193018137026
2.46084921013896
2.462349903447915
2.4989040534020246
2.4990974177454923
-2.4991103073003007
-2.4988907864993077
-2.462459393673938
-2.4607188809931237
-2.4385919952743507
-2.431258693973778
-2.419296372874346
-2.4154733074430674
-2.4104907508433095
-1.6903490354680106
-1.6799989642555104
-1.6726622526438943
-1.6418404189379636
-1.6314611569778936
-1.5563327733373133
-1.554082843435521
-0.8350913704933344
-0.8339129470376644
-0.5498606931507563
-0.5395309443293541
-0.38775946192794225
-0.3630258341236514
-0.2954861783358389
-0.08474773835503173
-0.020806037686141907
0.020806037686143343
0.08474773835503263
0.2954861783358387
0.3630258341236513
0.3877594619279418
0.539530944329354
0.5498606931507558
0.8339129470376645
0.8350913704933349
1.5540828434355185
1.556332773337311
1.6314611569778947
1.6418404189379674
1.6726622526438928
1.6799989642555098
1.690349035468009
2.4104907508433118
2.415473307443067
2.4192963728743457
2.4312586939737817
2.4385919952743484
2.4607188809931237
2.462459393673936
2.498890786499308
2.499110307300304
-2.4991185515524075
-2.4988822754028623
-2.4625279314607043
-2.460635539732304
-2.438708331003147
-2.4310585543901073
-2.4196280790064124
-2.4151672916327396
-2.4105639347244834
-1.6902149563011264
-1.6805614308633472
-1.6721043471697228
-1.6421895186635742
-1.6312328827748102
-1.5564276302141071
-1.553996675532232
-0.8351366686433002
-0.8338668481876224
-0.55018910656977
-0.539132252793109
-0.3890136314524292
-0.36129832916333326
-0.29616756384408643
-0.08331241934652908
-0.02486063408486582
0.024860634084864774
0.08331241934652857
0.29616756384408605
0.3612983291633329
0.38901363145242795
0.5391322527931081
0.55018910656977
0.8338668481876228
0.8351366686433007
1.5539966755322308
1.5564276302141067
1.6312328827748106
1.6421895186635747
1.6721043471697252
1.6805614308633505
1.6902149563011273
2.4105639347244843
2.4151672916327382
2.4196280790064115
2.431058554390105
2.4387083310031445
2.460635539732304
2.462527931460704
2.4988822754028597
2.499118551552405
-2.4991185515524075
-2.498882275402862
-2.4625279314607043
-2.4606355397323045
-2.438708331003148
-2.431058554390107
-2.419628079006411
-2.415167291632738
-2.410563934724484
-1.6902149563011264
-1.6805614308633479
-1.6721043471697228
-1.6421895186635733
-1.6312328827748102
-1.5564276302141076
-1.5539966755322323
-0.8351366686433003
-0.8338668481876224
-0.5501891065697702
-0.5391322527931091
-0.3890136314524289
-0.36129832916333326
-0.29616756384408666
-0.08331241934652873
-0.02486063408486579
0.024860634084864993
0.08331241934652758
0.2961675638440859
0.36129832916333304
0.3890136314524281
0.5391322527931083
0.5501891065697703
0.8338668481876232
0.8351366686433007
1.5539966755322308
1.556427630214106
1.63123288277481
1.642189518663572
1.6721043471697217
1.680561430863347
1.690214956301125
2.4105639347244865
2.415167291632742
2.4196280790064137
2.4310585543901073
2.438708331003144
2.460635539732306
2.4625279314607065
2.498882275402862
2.499118551552407
-2.4991363500599526
-2.4988638326109447
-2.4626728670172615
-2.4604546293518594
-2.438972750177945
-2.4305759409926084
-2.420328592888754
-2.4145213711019364
-2.410764154775478
-1.689854532967604
-1.6817551964154216
-1.670947363179889
-1.6429969899339554
-1.6307280420645907
-1.556633106101614
-1.553812202316314
-0.8352343913154522
-0.833767192379852
-0.5508991008330236
-0.5382517549028604
-0.391577346075155
-0.35751919830381484
-0.29788390185293623
-0.07931902191077267
-0.03366077835708317
0.03366077835708341
0.07931902191077282
0.2978839018529361
0.3575191983038161
0.3915773460751553
0.5382517549028604
0.5508991008330235
0.8337671923798516
0.8352343913154517
1.5538122023163121
1.5566331061016125
1.6307280420645902
1.6429969899339552
1.6709473631798937
1.6817551964154227
1.6898545329676053
2.4107641547754772
2.4145213711019364
2.4203285928887515
2.4305759409926084
2.438972750177946
2.46045462935186
2.462672867017261
2.4988638326109434
2.499136350059952
-2.499118551552407
-2.4988822754028623
-2.462527931460703
-2.4606355397323054
-2.4387083310031463
-2.431058554390108
-2.419628079006413
-2.41516729163274
-2.4105639347244847
-1.6902149563011262
-1.6805614308633479
-1.6721043471697221
-1.6421895186635735
-1.6312328827748095
-1.5564276302141073
-1.5539966755322323
-0.8351366686433002
-0.8338668481876219
-0.550189106569769
-0.5391322527931086
-0.38901363145242823
-0.3612983291633324
-0.2961675638440863
-0.08331241934652872
-0.02486063408486517
0.024860634084866037
0.08331241934652868
0.29616756384408605
0.3612983291633332
0.3890136314524286
0.539132252793109
0.5501891065697694
0.8338668481876212
0.8351366686432994
1.5539966755322316
1.5564276302141067
1.6312328827748113
1.6421895186635733
1.6721043471697223
1.6805614308633492
1.6902149563011282
2.410563934724482
2.415167291632737
2.4196280790064084
2.4310585543901073
2.438708331003147
2.4606355397323054
2.462527931460703
2.498882275402863
2.4991185515524106
-2.4990974177454905
-2.498904053402023
-2.462349903447916
-2.46084921013896
-2.4384193018137053
-2.4315442426869174
-2.418735695563233
-2.4159960042041795
-2.410394659831167
-1.690526664605769
-1.6790560073487795
-1.6736065515187324
-1.6413264325231947
-1.6318084547650087
-1.5561846212215236
-1.5542187180754399
-0.8350204705947335
-0.833984979266259
-0.5493490803987496
-0.5401416023605002
-0.3856622120093089
-0.3657659904658614
-0.29454846562348375
-0.0866232152431114
-0.013825418611474198
0.013825418611473893
0.08662321524311041
0.2945484656234829
0.3657659904658621
0.38566221200930856
0.5401416023604994
0.5493490803987493
0.8339849792662571
0.8350204705947337
1.554218718075441
1.556184621221522
1.6318084547650085
1.6413264325231938
1.6736065515187317
1.6790560073487764
1.6905266646057693
2.410394659831166
2.415996004204179
2.418735695563232
2.431544242686917
2.4384193018137044
2.460849210138962
2.462349903447918
2.4989040534020246
2.499097417745496
-2.4990871154944654
-2.498914622459242
-2.4622596823296257
-2.4609540991670222
-2.4382905149122474
-2.431749197190689
-2.4181741771201577
-2.416529927108974
-2.410331153021527
-1.6906449442261935
-1.6781507135798672
-1.6745173044038977
-1.6409445852155968
-1.632075240887246
-1.5560660583486374
-1.554328606934199
-0.8349636932062096
-0.8340425573111414
-0.5489431548085966
-0.540617322885197
-0.3837854640501008
-0.36808011604751756
-0.293902210112402
-0.08786008923394936
-0.00564959028719655
0.005649590287196738
0.08786008923394915
0.29390221011240325
0.368080116047517
0.38378546405010167
0.5406173228851983
0.5489431548085962
0.8340425573111429
0.8349636932062102
1.5543286069341995
1.556066058348641
1.632075240887245
1.6409445852155986
1.6745173044038981
1.6781507135798652
1.6906449442261926
2.410331153021524
2.416529927108976
2.4181741771201555
2.4317491971906895
2.4382905149122496
2.4609540991670213
2.4622596823296288
2.498914622459242
2.4990871154944645
-2.499097417745493
-2.498904053402023
-2.4623499034479157
-2.460849210138961
-2.4384193018137035
-2.4315442426869165
-2.4187356955632335
-2.415996004204179
-2.410394659831167
-1.690526664605769
-1.6790560073487806
-1.6736065515187324
-1.641326432523195
-1.6318084547650087
-1.556184621221524
-1.5542187180754397
-0.8350204705947335
-0.833984979266258
-0.5493490803987503
-0.5401416023605001
-0.38566221200930906
-0.3657659904658622
-0.29454846562348364
-0.08662321524311091
-0.013825418611473638
0.013825418611474186
0.08662321524311042
0.294548465623484
0.3657659904658624
0.38566221200930895
0.5401416023604996
0.5493490803987494
0.8339849792662581
0.8350204705947334
1.5542187180754399
1.5561846212215216
1.6318084547650087
1.6413264325231942
1.6736065515187337
1.6790560073487795
1.6905266646057693
2.4103946598311663
2.4159960042041795
2.4187356955632326
2.4315442426869174
2.438419301813703
2.4608492101389605
2.462349903447918
2.498904053402024
2.499097417745495
-2.499118551552407
-2.4988822754028615
-2.4625279314607047
-2.460635539732304
-2.4387083310031468
-2.4310585543901073
-2.419628079006413
-2.4151672916327396
-2.4105639347244856
-1.6902149563011255
-1.6805614308633476
-1.6721043471697221
-1.6421895186635738
-1.6312328827748097
-1.5564276302141073
-1.553996675532232
-0.8351366686433005
-0.8338668481876222
-0.5501891065697698
-0.5391322527931088
-0.3890136314524287
-0.3612983291633332
-0.2961675638440863
-0.08331241934652825
-0.024860634084864483
0.024860634084866176
0.08331241934652901
0.29616756384408627
0.36129832916333277
0.3890136314524286
0.5391322527931093
0.5501891065697709
0.8338668481876221
0.8351366686433002
1.5539966755322283
1.5564276302141054
1.6312328827748097
1.6421895186635724
1.6721043471697232
1.6805614308633472
1.6902149563011262
2.410563934724484
2.4151672916327396
2.4196280790064124
2.4310585543901073
2.4387083310031485
2.4606355397323045
2.4625279314607047
2.4988822754028637
2.499118551552408
-2.499136350059951
-2.4988638326109442
-2.462672867017261
-2.46045462935186
-2.4389727501779443
-2.430575940992607
-2.420328592888752
-2.4145213711019364
-2.410764154775477
-1.6898545329676053
-1.6817551964154214
-1.6709473631798897
-1.6429969899339554
-1.6307280420645904
-1.556633106101614
-1.553812202316314
-0.8352343913154523
-0.8337671923798511
-0.5508991008330227
-0.5382517549028601
-0.3915773460751554
-0.35751919830381573
-0.2978839018529353
-0.07931902191077347
-0.03366077835708356
0.03366077835708327
0.07931902191077288
0.2978839018529366
0.3575191983038164
0.3915773460751563
0.538251754902861
0.5508991008330234
0.8337671923798519
0.8352343913154522
1.5538122023163126
1.5566331061016132
1.6307280420645904
1.642996989933957
1.6709473631798926
1.6817551964154247
1.689854532967607
2.410764154775475
2.414521371101936
2.420328592888752
2.430575940992606
2.438972750177944
2.4604546293518594
2.462672867017262
2.498863832610942
2.4991363500599473
-2.499143052587268
-2.4988568631853147
-2.4627265554848545
-2.460385940500737
-2.43907642975845
-2.430374260656114
-2.420595996417788
-2.4142712352625573
-2.4108601551532973
-1.689685740738771
-1.6822152723143284
-1.670517130456635
-1.6433206092660513
-1.6305346580119755
-1.5567108159148382
-1.5537432027395999
-0.8352711785156691
-0.8337296044177247
-0.5511663746106925
-0.5379135058730613
-0.3925063437494299
-0.3560526419196185
-0.2986284035256779
-0.07734175310163188
-0.0372488559331928
0.03724885593319217
0.07734175310163104
0.2986284035256794
0.35605264191961833
0.39250634374942983
0.5379135058730613
0.5511663746106937
0.8337296044177237
0.8352711785156685
1.5537432027395994
1.5567108159148384
1.6305346580119742
1.643320609266052
1.6705171304566335
1.68221527231433
1.689685740738772
2.410860155153294
2.4142712352625577
2.420595996417789
2.4303742606561123
2.4390764297584493
2.4603859405007382
2.4627265554848563
2.498856863185314
2.4991430525872658
-2.4991580240647946
-2.4988412472930763
-2.462845015584489
-2.460231022591921
-2.4393149728028543
-2.4298762301253882
-2.421218033610051
-2.4136618481553676
-2.4111440948500102
-1.689207595543298
-1.683312510352543
-1.6695494698327984
-1.6440847546427415
-1.6300980177191555
-1.5568852031008098
-1.5535898697113244
-0.8353533448522062
-0.8336455047962745
-0.5517624683605925
-0.5371452054166425
-0.3945306585141838
-0.35263175226302695
-0.30052331542915023
-0.07088197640196421
-0.04703452488513086
0.04703452488513106
0.07088197640196563
0.30052331542915
0.3526317522630276
0.3945306585141838
0.5371452054166437
0.5517624683605942
0.8336455047962747
0.8353533448522059
1.553589869711325
1.5568852031008118
1.630098017719157
1.644084754642743
1.6695494698327975
1.683312510352543
1.689207595543298
2.411144094850007
2.4136618481553676
2.4212180336100495
2.429876230125389
2.4393149728028507
2.46023102259192
2.4628450155844903
2.4988412472930746
2.499158024064793
-2.4991430525872653
-2.4988568631853165
-2.4627265554848563
-2.4603859405007373
-2.4390764297584493
-2.430374260656115
-2.4205959964177883
-2.4142712352625577
-2.410860155153296
-1.689685740738771
-1.6822152723143287
-1.6705171304566353
-1.6433206092660513
-1.6305346580119755
-1.5567108159148377
-1.5537432027395999
-0.8352711785156691
-0.833729604417725
-0.5511663746106922
-0.5379135058730615
-0.3925063437494298
-0.3560526419196184
-0.29862840352567877
-0.07734175310163148
-0.03724885593319274
0.037248855933192423
0.07734175310162986
0.29862840352567777
0.35605264191961805
0.3925063437494301
0.5379135058730612
0.5511663746106907
0.8337296044177248
0.8352711785156692
1.553743202739599
1.5567108159148366
1.630534658011974
1.6433206092660524
1.6705171304566349
1.6822152723143282
1.6896857407387706
2.4108601551532964
2.414271235262559
2.4205959964177906
2.4303742606561145
2.43907642975845
2.4603859405007396
2.4627265554848563
2.498856863185315
2.4991430525872653
-2.4991185515524053
-2.4988822754028632
-2.4625279314607034
-2.4606355397323036
-2.438708331003146
-2.431058554390109
-2.4196280790064133
-2.4151672916327387
-2.410563934724485
-1.6902149563011264
-1.6805614308633474
-1.6721043471697223
-1.6421895186635733
-1.6312328827748095
-1.5564276302141076
-1.5539966755322323
-0.8351366686433006
-0.8338668481876229
-0.5501891065697699
-0.5391322527931082
-0.3890136314524286
-0.3612983291633326
-0.2961675638440863
-0.08331241934652801
-0.02486063408486537
0.024860634084865402
0.0833124193465283
0.296167563844087
0.3612983291633335
0.3890136314524292
0.5391322527931093
0.550189106569771
0.8338668481876216
0.8351366686433
1.5539966755322328
1.556427630214108
1.6312328827748088
1.6421895186635733
1.6721043471697206
1.680561430863348
1.690214956301125
2.4105639347244865
2.415167291632737
2.4196280790064137
2.4310585543901073
2.438708331003148
2.4606355397323014
2.4625279314607034
2.498882275402863
2.499118551552407
-2.4990974177454928
-2.4989040534020233
-2.462349903447917
-2.460849210138959
-2.438419301813702
-2.4315442426869174
-2.418735695563234
-2.4159960042041795
-2.4103946598311676
-1.6905266646057684
-1.6790560073487806
-1.6736065515187326
-1.6413264325231942
-1.6318084547650082
-1.5561846212215236
-1.5542187180754399
-0.8350204705947342
-0.8339849792662594
-0.54934908039875
-0.5401416023605004
-0.3856622120093094
-0.36576599046586233
-0.29454846562348325
-0.08662321524311056
-0.013825418611473872
0.013825418611474051
0.08662321524311126
0.2945484656234827
0.36576599046586217
0.38566221200930884
0.5401416023605001
0.5493490803987487
0.8339849792662584
0.8350204705947324
1.5542187180754385
1.5561846212215262
1.6318084547650045
1.6413264325231949
1.6736065515187344
1.6790560073487815
1.6905266646057688
2.4103946598311676
2.4159960042041804
2.418735695563233
2.431544242686917
2.4384193018136995
2.4608492101389614
2.462349903447916
2.4989040534020237
2.4990974177454954
-2.499097417745493
-2.4989040534020237
-2.462349903447918
-2.460849210138961
-2.438419301813704
-2.4315442426869174
-2.418735695563233
-2.41599600420418
-2.4103946598311667
-1.6905266646057686
-1.6790560073487808
-1.6736065515187326
-1.6413264325231949
-1.6318084547650082
-1.556184621221524
-1.5542187180754399
-0.8350204705947334
-0.8339849792662578
-0.5493490803987493
-0.5401416023604996
-0.38566221200930884
-0.3657659904658626
-0.2945484656234838
-0.08662321524310991
-0.013825418611473256
0.013825418611474244
0.08662321524311042
0.294548465623484
0.36576599046586145
0.3856622120093093
0.5401416023604998
0.5493490803987477
0.8339849792662569
0.8350204705947339
1.5542187180754397
1.5561846212215256
1.6318084547650054
1.641326432523193
1.6736065515187346
1.6790560073487746
1.6905266646057688
2.4103946598311676
2.4159960042041817
2.4187356955632326
2.43154424268692
2.4384193018137044
2.4608492101389645
2.4623499034479184
2.4989040534020233
2.499097417745493
-2.499118551552408
-2.498882275402863
-2.4625279314607025
-2.4606355397323014
-2.438708331003147
-2.4310585543901073
-2.4196280790064124
-2.415167291632739
-2.4105639347244847
-1.6902149563011266
-1.6805614308633476
-1.6721043471697226
-1.6421895186635747
-1.63123288277481
-1.5564276302141073
-1.553996675532232
-0.8351366686433008
-0.8338668481876231
-0.5501891065697692
-0.539132252793109
-0.3890136314524289
-0.3612983291633332
-0.29616756384408544
-0.08331241934652894
-0.024860634084865534
0.02486063408486563
0.08331241934652876
0.2961675638440866
0.3612983291633338
0.3890136314524291
0.5391322527931094
0.5501891065697699
0.8338668481876226
0.8351366686433002
1.5539966755322308
1.5564276302141087
1.631232882774808
1.6421895186635729
1.6721043471697201
1.6805614308633459
1.6902149563011237
2.4105639347244843
2.415167291632737
2.419628079006414
2.431058554390107
2.4387083310031477
2.460635539732302
2.4625279314607034
2.498882275402865
2.4991185515524097
-2.4991430525872653
-2.498856863185316
-2.4627265554848545
-2.460385940500736
-2.439076429758449
-2.4303742606561136
-2.420595996417788
-2.414271235262557
-2.4108601551532947
-1.689685740738771
-1.6822152723143284
-1.670517130456635
-1.6433206092660508
-1.6305346580119755
-1.5567108159148382
-1.5537432027395999
-0.8352711785156692
-0.8337296044177253
-0.5511663746106927
-0.5379135058730615
-0.3925063437494299
-0.35605264191961794
-0.29862840352567804
-0.07734175310163148
-0.037248855933192514
0.03724885593319256
0.07734175310163127
0.29862840352567893
0.35605264191961933
0.39250634374943
0.5379135058730604
0.5511663746106924
0.8337296044177257
0.8352711785156692
1.5537432027395968
1.5567108159148362
1.6305346580119755
1.643320609266052
1.6705171304566329
1.682215272314328
1.689685740738771
2.410860155153295
2.414271235262558
2.4205959964177897
2.430374260656115
2.43907642975845
2.4603859405007356
2.4627265554848567
2.498856863185314
2.4991430525872675
-2.4991580240647924
-2.498841247293076
-2.4628450155844903
-2.4602310225919206
-2.4393149728028543
-2.42987623012539
-2.4212180336100513
-2.4136618481553684
-2.4111440948500085
-1.6892075955432975
-1.6833125103525421
-1.6695494698327982
-1.6440847546427402
-1.630098017719155
-1.5568852031008098
-1.5535898697113244
-0.8353533448522062
-0.8336455047962744
-0.5517624683605933
-0.5371452054166425
-0.39453065851418434
-0.35263175226302773
-0.30052331542915023
-0.07088197640196463
-0.047034524885131775
0.04703452488513085
0.07088197640196407
0.30052331542914934
0.35263175226302707
0.3945306585141842
0.5371452054166426
0.5517624683605936
0.8336455047962756
0.8353533448522069
1.5535898697113255
1.5568852031008096
1.6300980177191566
1.6440847546427415
1.6695494698327984
1.6833125103525426
1.6892075955432977
2.411144094850008
2.413661848155369
2.421218033610053
2.4298762301253904
2.439314972802854
2.46023102259192
2.46284501558449
2.4988412472930768
2.4991580240647915
