-2.7409248816191405
-2.732037671297133
-2.7230076828163923
-2.7140116232077465
-2.705241760989423
-2.6969003211460736
-2.689191054176822
-2.6823077055360334
-2.676420135802931
-2.6716598956786646
-2.6681079355186923
-2.6673995355193925
-2.665787329404167
-2.665608924756054
-2.664679208816012
-2.664626536431577
-2.1889915921260985
-2.1875653884560546
-2.1866490165142753
-2.1852176537387447
-2.184504085290496
-2.1824237550340744
-2.180203289609664
-2.1790335885046788
-2.17549070449564
-2.1740526102248676
-2.172199917867433
-2.169388404272187
-2.166238770368016
-2.1570453118576776
-2.146875344995799
-2.1362088336681526
-1.7388677573173856
-1.7321799083777067
-1.72623785595681
-1.720301944743939
-1.7149586998410886
-1.7107997236018515
-1.7083514256683865
-1.706482581285064
-1.7042989418432226
-1.7019420107955385
-1.6994408840497996
-1.696804737224294
-1.6940698984948077
-1.6913438751113257
-1.6888555042365312
-1.6868350273836148
-1.2995263794821466
-1.2956315202210984
-1.2944320271799192
-1.292001800323823
-1.2889960565173177
-1.2877669835627887
-1.2852058292938944
-1.2838599449135553
-1.281227294665641
-1.2775489879578492
-1.2729283239850748
-1.267695191508463
-1.2618980281371786
-1.2554550377105838
-1.2481212880791173
-1.2396086323360398
-0.9762848406531536
-0.9686114052357442
-0.9681087345535715
-0.962417852082954
-0.9608048318048902
-0.956949691730148
-0.9548769968733549
-0.9502599455854456
-0.9485358619822533
-0.9442868087282088
-0.9428205070109347
-0.9375945483545426
-0.9311324154130349
-0.9237635025987265
-0.9156140383713465
-0.9063109770905622
-0.7430696214642286
-0.7333213366233516
-0.7246679327097342
-0.717231790458383
-0.7113165304271581
-0.7057621551320199
-0.6999272697883111
-0.695135783282881
-0.6897860947754647
-0.6864181858604063
-0.6795567011999567
-0.6768750493386304
-0.6699592787645404
-0.6642267484963489
-0.6558379051694424
-0.6439679280022736
-0.580471089162276
-0.5718531757355708
-0.5654761521916593
-0.5594267303753201
-0.5538698858358558
-0.54914526205972
-0.5461945231665627
-0.541999620457911
-0.5386058593851808
-0.5333967650431352
-0.5276852221501342
-0.5216032051246131
-0.5154439117238546
-0.5092406408046483
-0.5028663923597709
-0.49617703595668305
-0.4891271680116211
1.431763359763786
1.4426628859901622
1.443568580147506
1.4470278994279757
1.4503190794952505
1.4541015474768502
1.458130674608661
1.462526082874819
1.4669068054139214
1.4717967809828763
1.4765521543835274
1.4819472641719185
1.4872685215690626
1.4929612948583053
1.4973823895594915
1.5045042192771816
1.5071075123916278
1.5742592126501636
1.5841264869897165
1.5916311720554581
1.5973400530928568
1.6032013697543968
1.6055320128527086
1.613488896665361
1.6165030577578214
1.6243507904227996
1.6272722721721784
1.6333348417392621
1.6358929992658149
1.6404523398886481
1.6460864737781136
1.6527653606847414
1.6602732065625567
1.8122780037030317
1.824224118740557
1.83401667283324
1.8433393960962499
1.8517114851056362
1.858207732209204
1.861543193746271
1.8635600845857911
1.8659034236283603
1.8683325408289442
1.8708270377461493
1.8733197185711266
1.875665246761611
1.8779208494229298
1.879046131058504
1.881101389776504
2.2309148453474017
2.2323086642613568
2.23340933869688
2.234305747245753
2.2365394718949805
2.2373834898137623
2.2412506244644446
2.2416756982155253
2.245370137403319
2.2485202739363013
2.249253930118716
2.2524492302922914
2.2546708682374828
2.2567877556884803
2.266162420761255
2.276340825519518
2.7112563484740004
2.719167796562189
2.72767820975251
2.736587489521166
2.7456939238636653
2.754803704086172
2.763737226578627
2.7723326503399988
2.7804473940799768
2.7879582684394046
2.794760823153659
2.800768337275789
2.8059107405630397
2.8101336398315673
2.8133975141370664
2.8156784685565377
-2.740924881619139
-2.7320376712971366
-2.723007682816393
-2.7140116232077447
-2.7052417609894235
-2.6969003211460705
-2.6891910541768214
-2.6823077055360347
-2.676420135802932
-2.6716598956786646
-2.66810793551869
-2.6673995355193933
-2.6657873294041687
-2.6656089247560573
-2.6646792088160125
-2.664626536431577
-2.1889915921260994
-2.1875653884560564
-2.186649016514277
-2.185217653738745
-2.184504085290495
-2.182423755034074
-2.180203289609665
-2.179033588504679
-2.17549070449564
-2.1740526102248694
-2.172199917867433
-2.169388404272187
-2.1662387703680155
-2.157045311857679
-2.146875344995799
-2.1362088336681526
-1.738867757317385
-1.7321799083777059
-1.7262378559568006
-1.7203019447441177
-1.7149586998376103
-1.7107997236582535
-1.7083514253700391
-1.7064825818931657
-1.704298941121801
-1.701942011408754
-1.6994408836619739
-1.6968047374099275
-1.6940698984264249
-1.691343875130986
-1.6888555042322535
-1.6868350273841595
-1.2995263767416136
-1.2956317260286583
-1.2944315175611087
-1.2920024903554659
-1.2889970798078088
-1.2877620593487442
-1.2852196266496436
-1.2838457105713024
-1.2812323049505008
-1.2775476895869597
-1.272928619380204
-1.2676951288935177
-1.2618980392027304
-1.2554550362679866
-1.248121288196648
-1.2396086323315767
-0.9762848324666118
-0.9686266925825732
-0.9680870730277049
-0.9625443913924558
-0.9605189049078865
-0.9574739733020817
-0.9541957891655615
-0.9510747701740209
-0.9478000669355939
-0.9447443407048213
-0.9425947815085267
-0.9376071442764707
-0.9311316379641866
-0.9237635458560257
-0.9156140366865576
-0.9063109771177842
-0.7430696212730723
-0.7333213506891831
-0.7246675525055866
-0.7172370348691925
-0.711284318465579
-0.7058728212927138
-0.6995744675544402
-0.6957105244207329
-0.6888116464214408
-0.6871806983438211
-0.6795129597801831
-0.6767724741278668
-0.6700421768271171
-0.6641919146514186
-0.6558431733268265
-0.6439675733203966
-0.5804717373650714
-0.5718455932225671
-0.5655113897608359
-0.5593096616784985
-0.5541615584153178
-0.5480917308223119
-0.5473043564820612
-0.5415469269143423
-0.538829558824865
-0.5333615673817936
-0.5276908769139941
-0.5216024622330053
-0.5154439917972068
-0.5092406348144883
-0.5028663925702964
-0.4961770359601823
-0.4891271680112418
1.4317633597877713
1.442662511590347
1.4435693925268827
1.4470257257494996
1.4503253376924787
1.454087043490403
1.4581589167904574
1.4624784776453894
1.4669729133851712
1.471718641092035
1.4766288229086453
1.481884264108588
1.48731408361997
1.4929317891956042
1.4973964851228643
1.504500164916499
1.5071091233712126
1.574259103229029
1.584127967704083
1.5916221038604028
1.597364294466931
1.6031644209347358
1.6055369785531592
1.613628211656375
1.616311523003205
1.6246647164764951
1.6269353750642217
1.6335713482682517
1.6357220063309206
1.640480343292991
1.6460834008276994
1.6527655512822286
1.6602732007809806
1.8122780037030701
1.8242241187399697
1.8340166728380058
1.8433393960572293
1.8517114855652923
1.858207723610133
1.861543255291848
1.8635599497310582
1.8659035874104974
1.8683323991619758
1.8708271304081425
1.873319669669574
1.8756652682696942
1.8779208402181655
1.8790461345130385
1.8811013896263944
2.230914845347403
2.2323086642613545
2.2334093386968776
2.2343057472457564
2.236539471894978
2.237383489813762
2.2412506244644455
2.241675698215527
2.245370137403323
2.248520273936303
2.24925393011871
2.252449230292294
2.254670868237479
2.2567877556884812
2.266162420761254
2.2763408255195134
2.7112563484740018
2.719167796562193
2.727678209752515
2.736587489521174
2.7456939238636684
2.7548037040861697
2.7637372265786206
2.772332650339994
2.780447394079976
2.787958268439405
2.7947608231536543
2.800768337275791
2.805910740563044
2.8101336398315704
2.8133975141370677
2.8156784685565346
-2.7409248816191383
-2.7320376712971353
-2.7230076828163945
-2.714011623207747
-2.7052417609894213
-2.696900321146072
-2.689191054176819
-2.6823077055360383
-2.676420135802929
-2.671659895678665
-2.668107935518693
-2.6673995355193933
-2.6657873294041683
-2.6656089247560546
-2.6646792088160107
-2.6646265364315767
-2.1889915921260994
-2.187565388456055
-2.1866490165142753
-2.1852176537387455
-2.184504085290496
-2.182423755034074
-2.180203289609664
-2.1790335885046797
-2.17549070449564
-2.1740526102248676
-2.1721999178674336
-2.169388404272188
-2.1662387703680155
-2.1570453118576793
-2.146875344995799
-2.1362088336681526
-1.7388677573173832
-1.732179908377706
-1.726237855956799
-1.7203019447441485
-1.7149586998370527
-1.7107997236665424
-1.7083514253285168
-1.7064825819741865
-1.7042989410306955
-1.7019420114815944
-1.6994408836189974
-1.696804737428938
-1.6940698984200193
-1.6913438751326555
-1.6888555042319244
-1.686835027384197
-1.2995264404742197
-1.2956237675627373
-1.294455633979551
-1.2919348290497004
-1.2893056938710952
-1.2871251033245703
-1.2859181997071727
-1.2833976594630436
-1.2813823488471843
-1.2775234548332983
-1.2729326301933022
-1.2676944887266899
-1.2618981276807193
-1.255455027044668
-1.2481212888035929
-1.2396086323129376
-0.976284803188952
-0.9686549533418248
-0.9680469827002894
-0.9626929687690009
-0.9601097885540429
-0.9580024298792574
-0.9534943423263096
-0.9517460931124782
-0.9473892599941531
-0.945007073137027
-0.9425133000745796
-0.9376108361883481
-0.9311315732118604
-0.9237635390230963
-0.9156140374770025
-0.9063109770906416
-0.7430696210385497
-0.7333213571315831
-0.7246675325562204
-0.7172356898375881
-0.7113012244114483
-0.7057824915587869
-0.7000044756553425
-0.6946174724089248
-0.6910229688004809
-0.6845873948389308
-0.6815377037954052
-0.6755930850338234
-0.6703865059106933
-0.6641150682552149
-0.6558504145235002
-0.6439673022003011
-0.5804713357782733
-0.5718517865176798
-0.5654767686973275
-0.5594452914123538
-0.5537567523253328
-0.5495033070595737
-0.5456606195243336
-0.5424387410962515
-0.5383931040193762
-0.5334511804697709
-0.5276734967921882
-0.5216054315305833
-0.5154435480221617
-0.5092406874015578
-0.502866388258093
-0.4961770361692914
-0.48912716800669775
1.431763359812832
1.4426620877334935
1.4435703197063288
1.447023182093774
1.4503328900750039
1.454069185189887
1.4581953778450583
1.462416074838919
1.467064564691089
1.4716071895614293
1.4767427344510482
1.4817850344739811
1.4873882845877768
1.4928804503104178
1.4974217027632248
1.5044922868795108
1.5071123297996474
1.5742584192357392
1.5841414208796252
1.5915022803366927
1.5980293240412797
1.6014167369111576
1.608052479735976
1.6108800076883258
1.6190194213864293
1.6220562181915126
1.6291940968699639
1.6319721900698674
1.6365297195471307
1.6403229661363437
1.6460972211301166
1.6527648222231788
1.6602732195287808
1.8122780037030635
1.824224118740035
1.8340166728378966
1.8433393960548712
1.8517114856288373
1.8582077218818547
1.8615432697080558
1.863559915383127
1.8659036330928562
1.868332356022236
1.8708271611121452
1.8733196521220945
1.8756652765566133
1.8779208364315434
1.8790461359799264
1.8811013895589535
2.2309148453474057
2.232308664261358
2.23340933869688
2.2343057472457595
2.2365394718949783
2.237383489813762
2.2412506244644366
2.2416756982155226
2.2453701374033295
2.248520273936297
2.249253930118715
2.252449230292294
2.2546708682374867
2.256787755688482
2.2661624207612623
2.276340825519519
2.711256348474006
2.71916779656219
2.727678209752511
2.73658748952117
2.7456939238636684
2.754803704086169
2.763737226578622
2.772332650339996
2.780447394079981
2.7879582684394024
2.7947608231536534
2.8007683372757834
2.80591074056304
2.8101336398315655
2.8133975141370686
2.815678468556536
-2.7409248816191405
-2.7320376712971344
-2.7230076828163923
-2.714011623207744
-2.70524176098942
-2.6969003211460754
-2.6891910541768245
-2.6823077055360356
-2.676420135802934
-2.671659895678669
-2.6681079355186923
-2.6673995355193925
-2.665787329404166
-2.665608924756055
-2.6646792088160125
-2.6646265364315775
-2.1889915921260994
-2.1875653884560555
-2.1866490165142753
-2.1852176537387433
-2.184504085290497
-2.182423755034073
-2.1802032896096644
-2.1790335885046788
-2.1754907044956417
-2.1740526102248685
-2.1721999178674327
-2.1693884042721874
-2.1662387703680155
-2.157045311857679
-2.1468753449957982
-2.1362088336681526
-1.7388677573173839
-1.732179908377706
-1.726237855956807
-1.72030194474397
-1.714958699840531
-1.7107997236101415
-1.7083514256268635
-1.7064825813660838
-1.7042989417521164
-1.7019420108683783
-1.6994408840068236
-1.696804737243303
-1.6940698984884015
-1.6913438751129954
-1.688855504236202
-1.6868350273836525
-1.299526443214357
-1.29562355656621
-1.294456140174398
-1.2919341178755055
-1.289305386312813
-1.2871334575102258
-1.2859049904048172
-1.283408132584465
-1.2813764220582982
-1.277524727776355
-1.2729323339764074
-1.2676945513154008
-1.2618981166145147
-1.2554550284872543
-1.2481212886860593
-1.2396086323174
-0.9762848113758452
-0.968641682030056
-0.9680667144609435
-0.962594484300959
-0.9604302858312936
-0.9575282438583146
-0.9542374976683873
-0.9509109997035396
-0.9480236638911188
-0.944530039436089
-0.9427054834811481
-0.9375981894399895
-0.9311323506000032
-0.9237634957659658
-0.9156140391617934
-0.9063109770634186
-0.7430696212297079
-0.7333213430658175
-0.7246679127599454
-0.717230439235089
-0.7113330951497148
-0.7056671033065327
-0.7003007647252376
-0.6937186380730984
-0.6919439137210495
-0.6840974246060418
-0.68177095483462
-0.6756832241074161
-0.6702945997721304
-0.6641484948073076
-0.6558451253548527
-0.6439676568318042
-0.5804706874017308
-0.5718593404044877
-0.5654409643240281
-0.5595562936758489
-0.5534023340204709
-0.5501014204129492
-0.5448137276846304
-0.5430960053378207
-0.5382245640581041
-0.5334884699761783
-0.527667902735017
-0.521606175839615
-0.5154434679739914
-0.5092406933919793
-0.5028663880475696
-0.4961770361657926
-0.48912716800707856
1.431763359788845
1.4426624615266874
1.4435695076111692
1.4470253514904272
1.450326608640597
1.454083593327077
1.4581668486624528
1.4624631142763875
1.4669978029079576
1.471685088375516
1.4766664554483953
1.481848655333833
1.4873431883422226
1.4929101540045278
1.4974077965581025
1.5044963419493973
1.507110725968919
1.5742585286113067
1.5841399284056688
1.5915107869010376
1.5979962284557745
1.6014506495408491
1.6080904678768344
1.6107916117213341
1.6192587588579397
1.621773341511179
1.6295128453029093
1.631665952763377
1.636632581532778
1.6402907483990308
1.646100257822541
1.6527646315002105
1.6602732253102424
1.8122780037030233
1.8242241187406203
1.8340166728331277
1.8433393960938862
1.8517114851691787
1.858207730480907
1.8615432081612675
1.863560050236277
1.8659034693104486
1.8683324976905231
1.87082706845129
1.8733197010241083
1.8756652550486623
1.877920845636318
1.879046132525405
1.8811013897090643
2.2309148453474035
2.232308664261358
2.2334093386968816
2.2343057472457613
2.2365394718949827
2.23738348981376
2.241250624464438
2.2416756982155253
2.2453701374033233
2.248520273936301
2.2492539301187144
2.252449230292297
2.254670868237485
2.2567877556884786
2.2661624207612583
2.276340825519514
2.711256348474007
2.719167796562195
2.7276782097525167
2.736587489521174
2.745693923863666
2.754803704086174
2.7637372265786277
2.7723326503399983
2.780447394079981
2.7879582684394038
2.794760823153656
2.8007683372757857
2.8059107405630437
2.8101336398315686
2.8133975141370655
2.8156784685565337
-2.7387255457977715
-2.7297869652775066
-2.7207482074340454
-2.7117901688170893
-2.703108225283681
-2.694905898450557
-2.687385630912193
-2.680736558495964
-2.675120283682741
-2.670656710514079
-2.667957242416106
-2.667412748726294
-2.6659853375874767
-2.6653967114966846
-2.6648016695709416
-2.664554933005914
-2.188990329165244
-2.1876016750835547
-2.186439693970147
-2.185735761067322
-2.1836124290512173
-2.183197266801391
-2.1799118471427654
-2.1788327785735837
-2.1763680440910735
-2.1729762223672267
-2.172246004329686
-2.1699735795003634
-2.1640560483067293
-2.1545760162341465
-2.1442386400469413
-2.1335457146903205
-1.7402528509285355
-1.7335804717018968
-1.7277394792673042
-1.7217539745092623
-1.7162069493156604
-1.7116931150910264
-1.7088214230787748
-1.706988250712329
-1.7048580171200054
-1.702523762236872
-1.7000112517278687
-1.6973264074507404
-1.6945087796161582
-1.691671620171885
-1.689043185692276
-1.686871511001168
-1.2995271951866436
-1.2959000072983273
-1.2951108831796854
-1.2919588873906576
-1.289274443525394
-1.287586258256273
-1.285893338406932
-1.2834362272992486
-1.2815875792691416
-1.2779802820904544
-1.2733577885119836
-1.2680048653081188
-1.2620583527786464
-1.2555047648239148
-1.248129035069636
-1.2396090915933813
-0.9762866373545943
-0.9693520969674284
-0.9682653695037526
-0.9626937129637625
-0.960935314737779
-0.957815422223996
-0.9546359240763265
-0.9511992175347724
-0.9484874157208589
-0.9448315108172718
-0.9427279566497686
-0.9384932860456738
-0.9321576618777868
-0.9247757109151897
-0.9165334262492526
-0.9071494750962641
-0.7430707790499201
-0.7333359186752333
-0.7247693417489038
-0.7176790706023286
-0.7120084312632367
-0.7060005891192976
-0.6999077361856938
-0.6952385286726224
-0.6900171346432904
-0.6865608391388415
-0.6798664596800672
-0.676844379634253
-0.6701324462780877
-0.6647375400452694
-0.6557930990533968
-0.6450876580843092
-0.58084547639872
-0.5720152315355997
-0.5654794706596608
-0.5594981307914492
-0.5540834493078345
-0.5492827965611332
-0.5462749726388141
-0.5419463825979512
-0.5387155624158655
-0.533749894573413
-0.5281008541621053
-0.5219464608360195
-0.5156512251256062
-0.5093224376917891
-0.5028846985468217
-0.49617911877240894
-0.48912726437184545
1.4293796356164792
1.4414281158790547
1.4432971927310578
1.4465310995774754
1.4495331493514139
1.453195145530955
1.4571836252249806
1.4613993298818493
1.4658837614365359
1.4705489903882085
1.4755528331646905
1.4808043188094233
1.4864006893024277
1.4921624651753902
1.4967524602787912
1.5044553707741213
1.5059081787384434
1.5742549332532347
1.584088770293305
1.591309960687384
1.5977386102953344
1.601412474253782
1.608069455278277
1.6106599727936806
1.6192376925633527
1.621674341939696
1.629495954382636
1.6316255298245215
1.6367341319201105
1.6402751633247843
1.6460718297036758
1.652756097773277
1.6602723899464957
1.8103410635119586
1.8220377608098397
1.8316724386703738
1.8410660539361723
1.8497558373102572
1.8568209916060214
1.8610285065864955
1.8629810401502178
1.8653353993146333
1.8677822846391938
1.8703267363292324
1.8728911749186277
1.875341652995684
1.8776466877925504
1.8787775268797087
1.8811009235743232
2.230918730866548
2.232260178911948
2.233682624031981
2.234013245721844
2.236516487608188
2.2376490737811547
2.2402404297554206
2.243237139084229
2.2443438499756465
2.2483304738575502
2.25046574482167
2.251738581489503
2.2542377560760563
2.2590402550237902
2.2686412292026104
2.2789633643656937
2.7131674729054955
2.7212469259753953
2.729876072831691
2.738853379847281
2.747978349772941
2.7570602519262803
2.7659236827673093
2.7744115404452425
2.7823861186837355
2.78972899419751
2.7963402503618875
2.802137428114085
2.8070544612686152
2.8110407443225762
2.814060357439655
2.8160935105435763
-2.738725545797775
-2.7297869652775044
-2.7207482074340463
-2.711790168817089
-2.7031082252836787
-2.694905898450558
-2.6873856309121913
-2.6807365584959677
-2.6751202836827455
-2.6706567105140766
-2.6679572424161027
-2.6674127487262917
-2.6659853375874802
-2.6653967114966863
-2.6648016695709438
-2.664554933005916
-2.1889903291652457
-2.1876016750835547
-2.1864396939701476
-2.1857357610673236
-2.183612429051217
-2.1831972668013924
-2.1799118471427645
-2.178832778573584
-2.1763680440910744
-2.1729762223672267
-2.172246004329686
-2.1699735795003634
-2.1640560483067275
-2.1545760162341456
-2.144238640046942
-2.1335457146903205
-1.7402528509285364
-1.733580471701896
-1.7277394792672973
-1.721753974509356
-1.7162069493140217
-1.7116931151174135
-1.7088214228904208
-1.7069882511402257
-1.7048580165921687
-1.702523762683046
-1.7000112514533763
-1.6973264075769794
-1.6945087795717502
-1.6916716201840163
-1.6890431856897834
-1.6868715110014671
-1.299527154926863
-1.2959051997634106
-1.2951006709652577
-1.291988572492392
-1.289092122067974
-1.2879192002416417
-1.285571605120534
-1.2836702730070768
-1.2814856475410457
-1.2779967899858078
-1.2733553276916931
-1.26800523807999
-1.2620583013973328
-1.2555047704294187
-1.2481290346713243
-1.239609091606678
-0.9762866775698449
-0.969338610514873
-0.9682906877945658
-0.9624133037524191
-0.96142286112836
-0.9571525335808929
-0.9553698031033844
-0.9504102906205314
-0.9491237167369939
-0.944588979421415
-0.9428396462814412
-0.9384866330740871
-0.9321577758825628
-0.9247757187906367
-0.916533425356716
-0.90714947512576
-0.7430707788441173
-0.7333359341929401
-0.724768914220754
-0.7176843463687971
-0.7119813557918881
-0.7060961630386882
-0.6995622044492553
-0.6958241993064087
-0.6890545647761468
-0.6873070572038175
-0.6798121227720241
-0.6767462063774095
-0.6702210757144109
-0.6646995696747502
-0.6557982396640869
-0.6450872159837506
-0.5808460637637702
-0.5720081568755686
-0.5655145585578526
-0.5593775061658675
-0.5543738500467595
-0.548312407782318
-0.5473025648676484
-0.5414676130575515
-0.538974866025349
-0.5337081170335629
-0.5281072237125233
-0.5219456843593517
-0.5156513045453253
-0.5093224317629619
-0.5028846987813365
-0.4961791187732628
-0.4891272643715489
1.4293796356073258
1.4414282473778992
1.443296528962963
1.4465342627908566
1.4495240468503863
1.4532158013571583
1.4571436530454174
1.4614658102481684
1.465792181295085
1.470655610944855
1.4754488702201227
1.4808900992706908
1.4863381811610483
1.4922046039614216
1.4967313818772425
1.5044654442822822
1.5059020009437694
1.57425562646945
1.5840748616868894
1.591429484828797
1.5971224400075508
1.6030813082054032
1.6055286970011655
1.613357944543233
1.6164835984808883
1.6242580114826197
1.6272671411978075
1.6332737991059418
1.6360117768255982
1.6404460963407719
1.646057293124761
1.6527568603469132
1.6602723702504005
1.8103410635119654
1.8220377608097897
1.8316724386704077
1.8410660539379888
1.8497558372760567
1.8568209923414052
1.8610284972112943
1.8629810640074111
1.865335366996651
1.8677823150611872
1.8703267151601355
1.872891186644185
1.8753416475763176
1.877646690285178
1.8787775259275052
1.8811009236078011
2.2309187308665432
2.232260178911947
2.2336826240319825
2.234013245721842
2.2365164876081884
2.2376490737811543
2.2402404297554206
2.2432371390842274
2.2443438499756416
2.248330473857551
2.250465744821669
2.251738581489499
2.2542377560760563
2.259040255023785
2.2686412292026095
2.278963364365695
2.713167472905496
2.72124692597539
2.729876072831687
2.7388533798472885
2.7479783497729375
2.7570602519262777
2.7659236827673106
2.7744115404452443
2.782386118683738
2.789728994197507
2.7963402503618817
2.8021374281140865
2.807054461268612
2.8110407443225727
2.814060357439652
2.816093510543582
-2.738725545797773
-2.7297869652775035
-2.720748207434044
-2.71179016881709
-2.7031082252836787
-2.694905898450554
-2.6873856309121957
-2.6807365584959646
-2.6751202836827415
-2.6706567105140824
-2.6679572424161058
-2.667412748726292
-2.6659853375874785
-2.6653967114966868
-2.664801669570942
-2.6645549330059146
-2.188990329165245
-2.1876016750835547
-2.1864396939701476
-2.185735761067323
-2.1836124290512178
-2.1831972668013897
-2.179911847142766
-2.178832778573584
-2.1763680440910744
-2.172976222367227
-2.172246004329686
-2.169973579500363
-2.1640560483067284
-2.1545760162341456
-2.1442386400469413
-2.1335457146903205
-1.7402528509285353
-1.7335804717018952
-1.7277394792672969
-1.721753974509371
-1.71620694931379
-1.7116931151207855
-1.7088214228680207
-1.706988251188711
-1.7048580165358134
-1.7025237627274838
-1.7000112514281585
-1.6973264075875338
-1.6945087795684226
-1.6916716201848194
-1.6890431856896386
-1.6868715110014827
-1.299527164983595
-1.2959040599710199
-1.29510286635279
-1.2919828699059352
-1.2891293452383707
-1.2878611642758335
-1.285622494077213
-1.2836328753315116
-1.2814995659523596
-1.277994562866868
-1.2733556338612024
-1.2680051935411605
-1.2620583075902583
-1.2555047697062423
-1.2481290347297498
-1.2396090916043305
-0.9762866656941912
-0.9693451956851432
-0.968277589148888
-0.9626266313365223
-0.9610407691449224
-0.9577640587954568
-0.9545820351057813
-0.9513966158002309
-0.9482301273455437
-0.9450579368672978
-0.9426083340034591
-0.9385088793325086
-0.9321566269910189
-0.924775774960555
-0.9165334233665384
-0.9071494751564387
-0.7430707785957046
-0.7333359411773712
-0.7247688927429476
-0.7176830599680685
-0.7119948345870452
-0.7060187223624602
-0.699986620887033
-0.6947036219304904
-0.6912555181021149
-0.684719804618057
-0.6818070796292399
-0.6756037765028697
-0.6705957197992377
-0.6646134376133322
-0.6558052809469217
-0.6450868589700767
-0.5808457093580774
-0.5720138296344998
-0.5654805816220316
-0.559514895450852
-0.553981220616112
-0.5496109576347925
-0.5457825588529037
-0.5423751615167166
-0.5384861569848571
-0.5338107063861763
-0.5280885889201176
-0.5219486114627497
-0.5156508949921181
-0.5093224787432611
-0.5028846949226481
-0.4961791189635591
-0.48912726436735077
1.4293796356158714
1.4414281353114515
1.4432970864904473
1.446531671182687
1.4495313254449944
1.4531997397370282
1.4571736869117855
1.4614174263680026
1.465856216948921
1.4705839058476933
1.4755158769206578
1.4808375565294567
1.4863746674037743
1.4921814214187965
1.4967424981501714
1.50446055139805
1.5059049590245128
1.57425553443656
1.584076019340551
1.5914237419446755
1.597131586821517
1.6031161639142788
1.6054501633109803
1.6135920766217704
1.6161965800329487
1.6246636077402525
1.6268438717880636
1.6335459724052381
1.6358187258413817
1.6404802177160018
1.6460536001084496
1.6527570838394683
1.6602723635284142
1.8103410635120054
1.8220377608092446
1.8316724386741225
1.841066053913751
1.849755837495772
1.8568209890615477
1.8610285323743174
1.8629809808186617
1.8653354707384069
1.8677822249983218
1.8703267730384332
1.8728911569332682
1.8753416603872668
1.8776466847513122
1.8787775279789984
1.8811009235398921
2.2309187308665432
2.2322601789119445
2.2336826240319803
2.2340132457218402
2.2365164876081782
2.2376490737811543
2.2402404297554215
2.24323713908423
2.2443438499756403
2.2483304738575516
2.250465744821671
2.251738581489502
2.254237756076058
2.2590402550237876
2.268641229202611
2.278963364365695
2.713167472905496
2.721246925975393
2.729876072831691
2.7388533798472823
2.747978349772933
2.7570602519262772
2.765923682767307
2.7744115404452394
2.7823861186837364
2.78972899419751
2.79634025036188
2.8021374281140856
2.807054461268611
2.8110407443225753
2.814060357439652
2.8160935105435745
-2.7387255457977706
-2.7297869652775053
-2.720748207434045
-2.7117901688170893
-2.7031082252836804
-2.6949058984505547
-2.6873856309121944
-2.680736558495967
-2.6751202836827446
-2.6706567105140775
-2.667957242416106
-2.667412748726293
-2.665985337587478
-2.665396711496686
-2.6648016695709402
-2.664554933005914
-2.188990329165245
-2.187601675083554
-2.1864396939701467
-2.185735761067323
-2.183612429051215
-2.1831972668013906
-2.1799118471427636
-2.1788327785735833
-2.176368044091075
-2.1729762223672275
-2.1722460043296854
-2.1699735795003634
-2.1640560483067275
-2.154576016234145
-2.1442386400469418
-2.1335457146903205
-1.7402528509285373
-1.733580471701896
-1.7277394792673024
-1.7217539745092767
-1.7162069493154275
-1.7116931150943973
-1.7088214230563736
-1.7069882507608125
-1.704858017063649
-1.7025237622813092
-1.7000112517026498
-1.6973264074612944
-1.6945087796128302
-1.6916716201726874
-1.6890431856921295
-1.6868715110011827
-1.2995272052423843
-1.295898843467959
-1.295113093759038
-1.291952992114504
-1.2893020388667726
-1.2875275737541887
-1.285949092487342
-1.2834023140873887
-1.2816035890164292
-1.2779780913436936
-1.2733580952762427
-1.2680048207808754
-1.262058358971787
-1.2555047641007417
-1.2481290351280605
-1.239609091591035
-0.9762866254782169
-0.9693584226655599
-0.9682524422227311
-0.9628286584579163
-0.9605639164090276
-0.9583364203648297
-0.9537919440323964
-0.952156246233536
-0.947780043848969
-0.9453293640203279
-0.9425251582624407
-0.9385157171251788
-0.9321565131425
-0.924775767084853
-0.9165334242590724
-0.9071494751269423
-0.743070778801508
-0.7333359256597397
-0.7247693202704386
-0.7176777782747603
-0.7120217057599576
-0.7059195775777413
-0.7002721598442203
-0.6937272423845432
-0.692254090417121
-0.6842032908374797
-0.682068277393415
-0.6756958569377454
-0.6704969680832035
-0.6646495568727137
-0.6558001218312819
-0.6450873009826317
-0.5808451218566093
-0.5720208799118143
-0.5654449124037987
-0.559629011054868
-0.5536352904479416
-0.550194982011473
-0.5449793992983312
-0.5430056885519416
-0.5382965504281323
-0.5338555272939284
-0.5280822959585838
-0.5219493894297458
-0.5156508155953474
-0.5093224846723166
-0.5028846946881353
-0.49617911896270456
-0.4891272643676473
1.4293796356250248
1.4414280038510918
1.4432977505846767
1.4465285154451302
1.449540458316412
1.4531792023764158
1.457213976899715
1.4613514885273962
1.4659482978655916
1.4704773196521967
1.4756193908796875
1.4807512587177736
1.4864368366898284
1.4921391619098447
1.4967634553209428
1.5044505095527982
1.5059111001543986
1.5742548412592234
1.5840899373690445
1.5913045401881685
1.597749155865344
1.6014192163745824
1.6079410099615947
1.610842599978585
1.6189032768305682
1.6220507355214717
1.629108776175817
1.6319890193517028
1.636612516999741
1.6403147942601382
1.6460681829456105
1.6527563214196852
1.6602723832246509
1.810341063511999
1.8220377608092946
1.8316724386740881
1.8410660539119312
1.8497558375299732
1.8568209883261646
1.8610285417500252
1.8629809569621796
1.865335503056541
1.8677821945757003
1.8703267942070225
1.8728911452075152
1.8753416658065802
1.8776466822586795
1.8787775289311945
1.8811009235064147
2.230918730866545
2.2322601789119463
2.233682624031983
2.2340132457218425
2.2365164876081916
2.237649073781153
2.24024042975542
2.2432371390842336
2.24434384997564
2.248330473857552
2.25046574482167
2.2517385814894997
2.2542377560760607
2.2590402550237862
2.268641229202612
2.278963364365694
2.7131674729055018
2.7212469259753913
2.729876072831692
2.7388533798472823
2.747978349772939
2.7570602519262772
2.7659236827673057
2.77441154044524
2.782386118683737
2.7897289941975107
2.7963402503618826
2.8021374281140887
2.8070544612686126
2.8110407443225753
2.814060357439655
2.8160935105435763
-2.7365096327439167
-2.7275298972641084
-2.718493705603376
-2.7095859285534267
-2.7010046688693743
-2.6929541680374407
-2.685634791735139
-2.679230166752869
-2.673892737890037
-2.6697300424135033
-2.668553757487667
-2.6667945867802167
-2.6664109855464266
-2.665080167622986
-2.665014199527646
-2.664519777149126
-2.188988741032741
-2.1876238533307353
-2.186321466188949
-2.1858396113150556
-2.1839266293698762
-2.1825955794194662
-2.1807740952415466
-2.177349079470766
-2.177255213805313
-2.173786829890341
-2.170613667817592
-2.1703386324273892
-2.1617921040133297
-2.1520525869987517
-2.141581916989755
-2.130901896607532
-1.741566476922093
-1.7349252285529588
-1.7292247988563767
-1.723234006837022
-1.717519455974627
-1.7126916838899573
-1.7093673429016532
-1.7074643736387018
-1.7054066642545596
-1.7030986978240439
-1.7005776446307632
-1.6978470828968426
-1.6949498012238313
-1.6920031329388043
-1.689234267209052
-1.6869119763494134
-1.2995290720525696
-1.2966690179175375
-1.2953218076497603
-1.291959954188204
-1.289365941022995
-1.2879115309850446
-1.2859659682029017
-1.2835748016769428
-1.2816160036999484
-1.2784326001071098
-1.2738358159628755
-1.2683883909889748
-1.2622854558370735
-1.2555889616831408
-1.2481448200824263
-1.2396101963741435
-0.9762905405977977
-0.9702180344822061
-0.9682772453508397
-0.963061246804714
-0.9609557411373888
-0.958637300507116
-0.9540726200648091
-0.9525412503342853
-0.9479730810149474
-0.9459229870816842
-0.9423124282686157
-0.9392308934659644
-0.9331210271070037
-0.9257600904388038
-0.9174400021076731
-0.907968236963626
-0.7430731136821903
-0.7333645567257883
-0.7249649939366072
-0.7183763960910561
-0.7126106102090062
-0.706092786055639
-0.6998808646485528
-0.6954324873522605
-0.6902752336809694
-0.6867059507102862
-0.6801338435542565
-0.6767943864325912
-0.6705058707775752
-0.6650686462643026
-0.6557591750464372
-0.6463325566686878
-0.5811182158045225
-0.572144436168258
-0.5654914764290457
-0.559550955377303
-0.5541580453452155
-0.5495914671263289
-0.5461553469103285
-0.542158840544962
-0.5385706042859504
-0.5339885710233041
-0.5284743778371869
-0.5223034898752404
-0.5158931581941691
-0.5094326147837553
-0.5029137547268429
-0.4961829812470173
-0.4891274687493876
1.4268928171916957
1.4397722987066
1.443218951321502
1.4459739388752688
1.4487461558389685
1.4523096603646162
1.4562455387921807
1.4603000130561994
1.46484379157225
1.4693582333526243
1.4745060458859656
1.4797205279785612
1.4854934059573233
1.4913594277658435
1.4961914334066786
1.504236823665682
1.5049285774111667
1.5742523300610383
1.584046091641761
1.591103201016512
1.5974307829145225
1.6013517594315574
1.607808460234208
1.6107896426504265
1.6187670323302001
1.6220281053532837
1.6290132011568002
1.6319697911389408
1.636687525657754
1.6402981073337344
1.6460171495645775
1.6527397461495141
1.6602705618368614
1.8085300302539251
1.8199451023311985
1.8293574193536501
1.8387504047632346
1.8476994025023787
1.8552611912866548
1.8603324116137026
1.8624518181162095
1.8647694243967525
1.867227238751989
1.869821708806383
1.8724597109954875
1.875009386537036
1.877334335942285
1.878620577200782
1.8811005061584165
2.2309155748814313
2.2323209259639216
2.233284975801426
2.2346990022040156
2.235706790014194
2.2388776791637954
2.2392537899616443
2.2433100942461386
2.244901331935041
2.247370671109914
2.2509646814242763
2.252495460197548
2.2537261662861963
2.2613568947217275
2.271164200023322
2.2816121765742414
2.715125008385399
2.723360465994795
2.732095688454203
2.741128449375978
2.750260007432655
2.75930305474589
2.7680865701700283
2.7764582560210807
2.784285271341635
2.791453908505063
2.79786871772088
2.8034514345489603
2.808139938377426
2.811887364112638
2.8146613365107553
2.8164464083901266
-2.736509632743921
-2.7275298972641093
-2.718493705603384
-2.7095859285534307
-2.7010046688693685
-2.692954168037425
-2.6856347917351395
-2.6792301667528684
-2.673892737890029
-2.6697300424135015
-2.6685537574876665
-2.6667945867802203
-2.6664109855464213
-2.6650801676229836
-2.665014199527641
-2.664519777149127
-2.1889887410327433
-2.187623853330735
-2.186321466188953
-2.185839611315055
-2.1839266293698776
-2.1825955794194707
-2.1807740952415493
-2.1773490794707664
-2.177255213805316
-2.1737868298903393
-2.17061366781759
-2.1703386324273866
-2.1617921040133297
-2.1520525869987512
-2.141581916989755
-2.1309018966075306
-1.7415664769220902
-1.7349252285529577
-1.7292247988563743
-1.7232340068370742
-1.7175194559738185
-1.7126916839022124
-1.7093673427898448
-1.7074643739307949
-1.705406663868446
-1.7030986981508005
-1.70057764443414
-1.697847082984152
-1.694949801194374
-1.6920031329464802
-1.6892342672075562
-1.6869119763495832
-1.2995291259069868
-1.2966672084357647
-1.2953267135692093
-1.2919354172166584
-1.2894932558431933
-1.2876511180768802
-1.286207890578489
-1.2834184593677282
-1.2816968158684383
-1.2784193056869266
-1.2738373660849314
-1.2683882100511692
-1.2622854751311565
-1.2555889600784833
-1.248144820162916
-1.239610196372726
-0.976290557842111
-0.9702151026206286
-0.9682872677923352
-0.9628947087501215
-0.9613693497414786
-0.9580743488466763
-0.9550094686020736
-0.9514841189840884
-0.948792917300753
-0.9453827181995437
-0.9424992805419291
-0.9391918431403935
-0.933122786494845
-0.9257600154315068
-0.9174400045103269
-0.9079682369286676
-0.7430731134571765
-0.7333645741894605
-0.7249645156355727
-0.7183811404144063
-0.7125885374147999
-0.7061783574259203
-0.6995236568778317
-0.6960410189205485
-0.6893403878878178
-0.6874218135405016
-0.6800716374252768
-0.6766964504976335
-0.6705999358525225
-0.665029980205159
-0.6557643718380676
-0.6463319769095748
-0.5811187599083191
-0.5721377486711369
-0.5655262634817593
-0.5594284186990414
-0.5544586576612913
-0.5488177707792967
-0.546994839607538
-0.541684196927081
-0.5388155574081349
-0.5339391136717156
-0.528481782318808
-0.5223026454418392
-0.5158932393684498
-0.5094326088548427
-0.5029137549785366
-0.4961829812458047
-0.48912746874915924
1.4268928171885629
1.4397723273051775
1.443218395238759
1.4459770581021765
1.4487378353137554
1.4523270231686871
1.4562135685562283
1.460348307182079
1.4647817367177733
1.4694239438324477
1.4744480534835933
1.4797647421736866
1.4854644010891171
1.4913775214886906
1.4961829240585052
1.50424433700394
1.504922648810661
1.5742524051842424
1.5840452561559566
1.591105659297103
1.5974387275540578
1.6013094355862147
1.6080247606791163
1.6105146103288615
1.6191940454240288
1.6215604651989108
1.6294702266772765
1.6315487410627392
1.6368272223379106
1.640250403297436
1.6460214722830968
1.6527394883002193
1.6602705695337994
1.80853003025388
1.8199451023317363
1.8293574193505453
1.8387504047795349
1.8476994023882476
1.855261192598639
1.8603323940429648
1.862451866004997
1.8647693595468415
1.867227295442444
1.8698216729881474
1.87245972890016
1.8750093789885587
1.8773343390062625
1.8786205761959813
1.8811005061911446
2.2309155748814304
2.2323209259639216
2.2332849758014257
2.2346990022040143
2.235706790014194
2.238877679163795
2.239253789961643
2.2433100942461386
2.2449013319350413
2.2473706711099135
2.250964681424276
2.2524954601975473
2.253726166286197
2.261356894721729
2.271164200023322
2.281612176574241
2.7151250083853964
2.7233604659947956
2.7320956884542023
2.741128449375977
2.7502600074326544
2.759303054745891
2.768086570170034
2.7764582560210784
2.7842852713416355
2.7914539085050656
2.797868717720875
2.803451434548959
2.8081399383774257
2.8118873641126383
2.814661336510754
2.8164464083901284
-2.736509632743917
-2.7275298972641044
-2.718493705603383
-2.7095859285534276
-2.701004668869373
-2.6929541680374314
-2.6856347917351373
-2.679230166752867
-2.673892737890033
-2.669730042413502
-2.6685537574876657
-2.6667945867802185
-2.6664109855464253
-2.6650801676229805
-2.6650141995276417
-2.664519777149127
-2.1889887410327447
-2.1876238533307353
-2.1863214661889487
-2.1858396113150547
-2.183926629369876
-2.182595579419473
-2.1807740952415466
-2.177349079470769
-2.177255213805314
-2.1737868298903393
-2.1706136678175922
-2.1703386324273857
-2.161792104013328
-2.152052586998754
-2.1415819169897565
-2.130901896607533
-1.7415664769220907
-1.734925228552958
-1.7292247988563707
-1.723234006837078
-1.7175194559737306
-1.7126916839033821
-1.7093673427803098
-1.7074643739539712
-1.7054066638402834
-1.7030986981722718
-1.7005776444227707
-1.6978470829884504
-1.69494980119319
-1.692003132946714
-1.689234267207522
-1.686911976349585
-1.2995290852499093
-1.2966687303032216
-1.295322384590823
-1.2919597434843306
-1.289354475231687
-1.2879447357568103
-1.2859193310674892
-1.2836224097876041
-1.281587126211279
-1.2784396888773388
-1.273834629380156
-1.2683885921985443
-1.2622854245491557
-1.2555889655987607
-1.2481448197577738
-1.2396101963867678
-0.9762906132912578
-0.9702088838512102
-0.9683059392767149
-0.9624452391363346
-0.9620312304281949
-0.9573200487594251
-0.9558434486720979
-0.9505830082255203
-0.94954620678629
-0.9451493254700377
-0.9425872968198362
-0.9391802323536239
-0.9331229876153624
-0.9257600245971992
-0.917440003483203
-0.9079682369611811
-0.7430731131898909
-0.7333645819266097
-0.7249644907448872
-0.7183800929409229
-0.7125990337321947
-0.706108805320113
-0.6999651831376973
-0.6948874809841007
-0.6914955833848341
-0.6848838644788738
-0.6820299891773157
-0.6755549896074915
-0.6710208297901497
-0.664940477126183
-0.6557714734930968
-0.6463314794803414
-0.5811184391984359
-0.5721430168480782
-0.5654930759141756
-0.5595657166701704
-0.5540597415800249
-0.5498777627360274
-0.545694597514084
-0.5425768874784004
-0.5383531913394208
-0.5340569435282297
-0.5284610740653368
-0.5223056596548209
-0.515892847814544
-0.5094326517532064
-0.5029137514901412
-0.4961829814199964
-0.4891274687452559
1.4268928171851232
1.4397723619398957
1.4432177040781398
1.4459810384765859
1.4487270609198466
1.4523504310438324
1.4561698026620513
1.4604180130249738
1.4646899981018515
1.4695254758631624
1.4743535920292286
1.4798393728057724
1.4854119656183309
1.4914118900020452
1.49616576733609
1.5042612513416533
1.5049090967530847
1.5742531144450014
1.5840306264447337
1.5912269390997658
1.5968531123451413
1.6028859064512389
1.605523975600504
1.6132086813264706
1.6164437863610157
1.6241481067977501
1.6272463638855914
1.6331803118007717
1.636124752408755
1.6404308744058576
1.646006108653141
1.6527402814304624
1.6602705489769498
1.808530030253887
1.8199451023316942
1.8293574193505304
1.8387504047809806
1.8476994023686333
1.8552611929207892
1.860332388820007
1.8624518813066269
1.8647693372160585
1.867227316490179
1.8698216586451273
1.8724597366155777
1.875009375506734
1.8773343405068317
1.8786205756876861
1.8811005062087438
2.2309155748814318
2.2323209259639207
2.2332849758014275
2.2346990022040156
2.235706790014195
2.2388776791637945
2.2392537899616447
2.243310094246138
2.2449013319350417
2.247370671109914
2.2509646814242745
2.2524954601975486
2.253726166286197
2.261356894721728
2.2711642000233216
2.2816121765742414
2.7151250083853964
2.7233604659947965
2.732095688454202
2.741128449375978
2.7502600074326544
2.7593030547458928
2.768086570170029
2.7764582560210793
2.7842852713416386
2.791453908505066
2.797868717720878
2.803451434548963
2.8081399383774253
2.8118873641126405
2.814661336510753
2.8164464083901293
-2.7365096327439162
-2.72752989726411
-2.7184937056033824
-2.709585928553427
-2.7010046688693787
-2.6929541680374367
-2.6856347917351355
-2.6792301667528684
-2.6738927378900326
-2.669730042413501
-2.6685537574876643
-2.6667945867802247
-2.666410985546421
-2.665080167622989
-2.665014199527638
-2.6645197771491285
-2.1889887410327455
-2.1876238533307353
-2.186321466188952
-2.1858396113150538
-2.183926629369878
-2.18259557941947
-2.180774095241546
-2.1773490794707633
-2.1772552138053136
-2.1737868298903393
-2.1706136678175905
-2.170338632427379
-2.16179210401333
-2.1520525869987512
-2.1415819169897543
-2.130901896607531
-1.7415664769220893
-1.7349252285529573
-1.729224798856378
-1.7232340068370258
-1.7175194559745393
-1.7126916838911286
-1.709367342892118
-1.7074643736618778
-1.7054066642263996
-1.703098697845519
-1.7005776446193934
-1.6978470829011405
-1.6949498012226485
-1.6920031329390384
-1.6892342672090168
-1.6869119763494156
-1.2995290313896128
-1.296670532335833
-1.2953174717617446
-1.291983486982799
-1.289185990824512
-1.2882074908993275
-1.2856972559348325
-1.2837885002842808
-1.2815160419896667
-1.2784532914794098
-1.2738330828378153
-1.2683887731871515
-1.262285405255762
-1.2555889672034248
-1.2481448196772853
-1.239610196388184
-0.9762905960484461
-0.9702118539698888
-0.9682959801309658
-0.9628130675145289
-0.9614876361882383
-0.9580290607207447
-0.9549411339182398
-0.9517115910408945
-0.9484899794953568
-0.9456170989386531
-0.9423865153137039
-0.9392186469673053
-0.9331212277989454
-0.925760099604887
-0.9174400010805508
-0.9079682369961369
-0.7430731134149035
-0.7333645644630333
-0.7249649690456558
-0.7183753444609334
-0.7126209860074423
-0.7060201579324524
-0.7002525650648979
-0.6938526518793047
-0.6925440155936645
-0.6843528292642841
-0.6823080631535051
-0.6756537536698364
-0.6709129766030628
-0.6649771628651804
-0.6557662593746547
-0.6463320590658195
-0.5811178949815932
-0.5721496829953913
-0.5654577075302992
-0.559681531643185
-0.5536973633857681
-0.5504530964327834
-0.5448319748466153
-0.5432838241355177
-0.538162030809414
-0.5341107931360196
-0.5284537729554178
-0.5223065058041715
-0.5158927666627663
-0.5094326576823223
-0.5029137512384475
-0.4961829814212078
-0.48912746874548646
1.4268928171882562
1.4397723333393253
1.4432182595512324
1.4459779070523187
1.4487353444716575
1.45233292364611
1.4562014286198002
1.460369211915023
1.464751697773283
1.4694598849106508
1.4744120451478906
1.479795580865814
1.4854412126112562
1.4913938778412856
1.4961743478533804
1.5042534445881406
1.5049153222355212
1.5742530392894296
1.5840314550461498
1.5912243771837409
1.5968487924608685
1.6029819854742708
1.6053714750832386
1.6135353925902005
1.6160634297103753
1.6246447863399434
1.6267369596713028
1.63348330968421
1.6359141189228557
1.6404715607130023
1.6460017274589243
1.6527405390955086
1.6602705412798446
1.8085300302539329
1.8199451023311568
1.8293574193536348
1.8387504047646803
1.8476994024827653
1.8552611916088044
1.8603324063906017
1.8624518334174618
1.8647694020658823
1.8672272598000101
1.8698216944635815
1.872459718710982
1.8750093830552297
1.8773343374428573
1.878620576692488
1.8811005061760162
2.2309155748814313
2.232320925963921
2.2332849758014253
2.234699002204013
2.2357067900141954
2.2388776791637954
2.2392537899616456
2.243310094246138
2.2449013319350413
2.247370671109912
2.2509646814242763
2.252495460197548
2.253726166286197
2.2613568947217275
2.271164200023322
2.2816121765742414
2.7151250083853946
2.7233604659947934
2.732095688454205
2.7411284493759784
2.750260007432656
2.759303054745892
2.768086570170024
2.7764582560210784
2.7842852713416333
2.791453908505062
2.797868717720876
2.80345143454896
2.808139938377425
2.811887364112639
2.8146613365107553
2.816446408390127
-2.7342795847860506
-2.7252692021225484
-2.716247164338075
-2.7074020635713003
-2.698934301877926
-2.691048213512413
-2.683941277161579
-2.677790696380228
-2.6727388857425853
-2.6691864902325135
-2.6688803696877983
-2.6668832671279095
-2.6662530015563806
-2.6652843422812307
-2.6648368429338354
-2.6645487538348034
-2.1889900143101095
-2.1875907440136295
-2.186579159878273
-2.185266100626983
-2.1846023868850963
-2.1816136686444394
-2.1814583125594282
-2.178145860137516
-2.1757547297343796
-2.1746257582295425
-2.171303696149307
-2.1683346722232373
-2.1594530105400294
-2.1494829306806187
-2.1389146676852917
-2.1282879131099586
-1.7427999444651212
-1.7362027102765731
-1.730680247799825
-1.7247320165630242
-1.7188874061488861
-1.7137837417812647
-1.7100227994717068
-1.7079113834784516
-1.7059445033113099
-1.7036662771056121
-1.7011406059276946
-1.6983682299498384
-1.695394989818229
-1.6923408568739295
-1.689431649943171
-1.686957560915163
-1.2995343212704045
-1.2976432478302375
-1.295357931260922
-1.291997711323504
-1.289396359113656
-1.2884640728476062
-1.2856608998667716
-1.2841575318095015
-1.2813864255061447
-1.2788724214700542
-1.2743515458625276
-1.2688428921770347
-1.2625873157562837
-1.255720740895673
-1.2481745720231912
-1.239612670502325
-0.9762987476127252
-0.9710694444746497
-0.9682915449123016
-0.9631770860497569
-0.9617643168379785
-0.9582848069863238
-0.9552610868341181
-0.9520279334975877
-0.9486229245336142
-0.9461633244349406
-0.9423304356638827
-0.9395926047880011
-0.9340037489638718
-0.9267107406760529
-0.9183321742490079
-0.9087681414728116
-0.743077770472059
-0.7334208228555196
-0.7253363302742668
-0.7192668629178613
-0.7130027375017076
-0.7060861483760825
-0.6999023652664419
-0.6957491969303917
-0.6904788301116667
-0.6868891722084284
-0.6802879301015005
-0.6768430497685385
-0.6710019926317181
-0.6652094282782041
-0.6558092798639605
-0.6476329249072252
-0.5813065315834465
-0.5722397682951225
-0.565512799646961
-0.5595660500700321
-0.5542384466824698
-0.5497296549596822
-0.5461876799929324
-0.5423333704625993
-0.5384821956911415
-0.5340389720033458
-0.5287696201221987
-0.5226537594331377
-0.5161636302282478
-0.5095738856250359
-0.5029574942195488
-0.49618979555162424
-0.4891278828987282
1.4243206196150597
1.437900476534589
1.4431602576520612
1.4452541261443037
1.447988361967813
1.4514881689280843
1.4552425562149016
1.4593356136203173
1.4636612974405878
1.4683487768193741
1.4733195037510234
1.4787609509014692
1.484513212990585
1.4905862610763656
1.4956666265529983
1.5033995403525353
1.5046284935151057
1.574251285880025
1.583992796791368
1.5910229958633346
1.5965217223740404
1.6027660129935988
1.6052828449289482
1.6134541160626952
1.6159110841845772
1.6246034614475389
1.6266171633128221
1.633385697551305
1.6359956157420101
1.6404583896146454
1.6459178787084994
1.6527100533489423
1.6602667437080783
1.8068571532444861
1.8179657148619859
1.8270937995638046
1.8364089726551922
1.845556282750334
1.8535518834943079
1.8593899706582877
1.8619911594265075
1.8641967701304396
1.866668068418562
1.8693117166695228
1.8720241174740377
1.8746678669752483
1.8770266781889293
1.8785221099928109
1.8811000803902547
2.2309117477789684
2.232383288309303
2.233137429354594
2.2349642163398067
2.2355538143741636
2.2382987445662503
2.2402212023247947
2.242276451179124
2.246381510797666
2.246663896821157
2.2501342557592396
2.25313985496579
2.254604470309282
2.263732611228959
2.273726497696768
2.2842826938679166
2.717126062114465
2.7255052814550202
2.7343338806752144
2.743409635927527
2.752536052087274
2.7615295443164785
2.770223622559465
2.7784708359262495
2.786143186101895
2.793131624683098
2.7993451005874674
2.8047094782996154
2.809166527216706
2.8126730770391943
2.815200221119363
2.8167372405529747
-2.734279584786049
-2.725269202122547
-2.71624716433808
-2.7074020635712905
-2.698934301877924
-2.691048213512418
-2.6839412771615763
-2.6777906963802236
-2.6727388857425787
-2.669186490232513
-2.6688803696877974
-2.6668832671279055
-2.66625300155638
-2.6652843422812253
-2.664836842933825
-2.6645487538348056
-2.188990014310109
-2.187590744013626
-2.186579159878272
-2.18526610062698
-2.1846023868850932
-2.181613668644436
-2.1814583125594336
-2.1781458601375143
-2.175754729734379
-2.1746257582295447
-2.171303696149305
-2.1683346722232386
-2.159453010540028
-2.1494829306806236
-2.138914667685292
-2.128287913109959
-1.7427999444651259
-1.736202710276574
-1.730680247799827
-1.7247320165630589
-1.7188874061484691
-1.7137837417870674
-1.7100227994104602
-1.7079113836729636
-1.7059445030282934
-1.7036662773472955
-1.701140605784515
-1.6983682300115563
-1.69539498979817
-1.6923408568789344
-1.6894316499422455
-1.6869575609152656
-1.2995345105514233
-1.29764163371051
-1.2953650711340239
-1.2919396372215077
-1.2897384685859652
-1.287896340383812
-1.2862235633667927
-1.2837356563551843
-1.2815689501891678
-1.2788222042981052
-1.274356991018716
-1.2688422694470738
-1.2625873862959538
-1.2557207339676217
-1.2481745725038043
-1.2396126704861892
-0.9762986709622874
-0.9710730792761796
-0.9682741875414759
-0.9634208388975767
-0.9612262846008435
-0.9589259454805563
-0.9543184025676369
-0.9529172775896128
-0.9479967072998831
-0.946566194678924
-0.9422571747207286
-0.9396098561739419
-0.9340033955044984
-0.9267107297962894
-0.9183321754607314
-0.9087681414364692
-0.7430777702217201
-0.7334208428924909
-0.7253358209409625
-0.7192707037686056
-0.7129846371830239
-0.7061671902307827
-0.6995165354577803
-0.696382311583825
-0.6895609594425229
-0.6875947839153644
-0.6802217925434126
-0.6767422900680299
-0.6710999520840816
-0.6651723034562975
-0.655814809062434
-0.6476321364357601
-0.5813070443235187
-0.572233367166023
-0.5655471303093128
-0.5594412666184522
-0.5545457761974746
-0.5489733145919127
-0.5470151373825288
-0.5418642907950076
-0.5387155797686588
-0.5339847077513846
-0.5287783507011631
-0.5226528063597632
-0.5161637161709952
-0.5095738795748292
-0.5029574944864258
-0.49618979554871295
-0.48912788289855513
1.424320619616392
1.437900466369636
1.4431612940731195
1.4452493336650172
1.4480006046599445
1.4514621628970277
1.4552903856054518
1.4592635409122332
1.463752939503303
1.4682521291593371
1.4734047955459273
1.4786956533229536
1.4845571054462652
1.4905583014973756
1.495680455347021
1.5033906716047516
1.504634386270788
1.5742505526830244
1.5840084546104065
1.590897091079176
1.5970803712454453
1.601209885054361
1.607642931531162
1.6107204904688681
1.618608506936061
1.6219856182565413
1.628908800176142
1.631911782437122
1.6367455885550581
1.6402774920469791
1.6459342982473404
1.6527092327787543
1.660266764986614
1.8068571532444784
1.8179657148620203
1.827093799563857
1.8364089726539847
1.8455562827624017
1.8535518833446603
1.8593899730779744
1.8619911501175852
1.8641967853300498
1.8666680541114726
1.8693117262476229
1.8720241124618513
1.8746678691725505
1.8770266773144129
1.8785221102491572
1.8811000803806381
2.2309117477789684
2.2323832883093027
2.2331374293545942
2.2349642163398067
2.235553814374164
2.2382987445662508
2.2402212023247943
2.2422764511791238
2.2463815107976663
2.2466638968211576
2.2501342557592396
2.253139854965791
2.2546044703092813
2.26373261122896
2.273726497696768
2.284282693867917
2.717126062114463
2.7255052814550176
2.7343338806752153
2.7434096359275233
2.7525360520872733
2.7615295443164807
2.7702236225594667
2.7784708359262424
2.7861431861018935
2.7931316246831
2.799345100587469
2.8047094782996176
2.809166527216706
2.812673077039196
2.8152002211193663
2.81673724055297
-2.734279584786052
-2.72526920212255
-2.716247164338079
-2.707402063571292
-2.698934301877925
-2.6910482135124223
-2.683941277161575
-2.677790696380226
-2.6727388857425898
-2.669186490232514
-2.6688803696877965
-2.666883267127908
-2.666253001556383
-2.6652843422812276
-2.6648368429338363
-2.6645487538348065
-2.1889900143101144
-2.187590744013633
-2.186579159878278
-2.1852661006269853
-2.184602386885097
-2.18161366864444
-2.1814583125594282
-2.1781458601375143
-2.175754729734384
-2.1746257582295456
-2.1713036961493044
-2.1683346722232373
-2.1594530105400307
-2.1494829306806214
-2.138914667685293
-2.128287913109959
-1.7427999444651194
-1.7362027102765734
-1.7306802477998242
-1.7247320165630622
-1.7188874061484285
-1.7137837417874902
-1.7100227994067274
-1.7079113836835522
-1.705944503014596
-1.7036662773572908
-1.701140605779709
-1.698368230013093
-1.6953949897978549
-1.692340856878963
-1.689431649942248
-1.6869575609152632
-1.299534633651559
-1.2976406273129077
-1.2953692550515825
-1.291905828017546
-1.289865737788068
-1.2875792868334308
-1.286536945442764
-1.2835746813986983
-1.2816532635671845
-1.2788041588686865
-1.2743587594723331
-1.26884210583696
-1.2625874001694974
-1.2557207330889042
-1.2481745725290303
-1.2396126704866723
-0.9762986960183395
-0.9710713773238401
-0.968283821169619
-0.9632541422321129
-0.9616528166447815
-0.958322721741777
-0.9553448453673343
-0.9517779060020356
-0.9489786621763321
-0.945894132727032
-0.9424481601127708
-0.9395546586307718
-0.9340061753742447
-0.9267106266463856
-0.9183321784239108
-0.908768141396335
-0.7430777699289758
-0.7334208516601444
-0.7253357897118673
-0.7192699746250258
-0.7129930244733388
-0.7061006587233253
-0.6999940955476721
-0.6952208445561099
-0.6916595724789579
-0.6851141077804594
-0.6821491502264463
-0.6755413670123224
-0.6715784535618599
-0.6650853775763501
-0.6558223855643764
-0.647631415853838
-0.5813067484126648
-0.5722383238653596
-0.5655148847206188
-0.5595788932931753
-0.5541461284433682
-0.5499969063503659
-0.5457450172537363
-0.5427323797263165
-0.5382783017765165
-0.5341105843570664
-0.5287549190775073
-0.5226560363037192
-0.5161633273939953
-0.5095739197818693
-0.5029574912902425
-0.49618979570931726
-0.4891278828949054
1.4243206196152072
1.4379004745138217
1.4431604974929542
1.445252952769088
1.4479915525853486
1.4514808083317388
1.455257058887891
1.4593118893256682
1.4636936212516365
1.4683121410569553
1.4733543488398793
1.478732474252403
1.4845338170491273
1.4905722741654681
1.4956739320760575
1.5033944978798433
1.504631885040221
1.5742506109975125
1.5840079750656437
1.5908965261672428
1.5971043280375308
1.60113604949819
1.6079411968455473
1.6103578695700693
1.6191247619835527
1.6214298827236635
1.6294401181386367
1.6314296455098607
1.6369025336314995
1.6402212571837513
1.6459393926492274
1.6527089397909147
1.6602667736634447
1.806857153244426
1.8179657148625792
1.8270937995610717
1.8364089726658586
1.8455562826978038
1.8535518839092608
1.8593899656384554
1.8619911764835662
1.8641967450345143
1.8666680894470886
1.8693117042454914
1.8720241231826908
1.8746678647772326
1.8770266789651802
1.8785221097823745
1.8811000803971143
2.2309117477789693
2.2323832883093027
2.233137429354593
2.234964216339807
2.2355538143741644
2.2382987445662494
2.2402212023247943
2.2422764511791238
2.246381510797666
2.246663896821157
2.250134255759239
2.2531398549657906
2.254604470309282
2.2637326112289586
2.2737264976967677
2.284282693867916
2.717126062114463
2.725505281455026
2.7343338806752158
2.7434096359275255
2.7525360520872724
2.7615295443164793
2.7702236225594667
2.778470835926244
2.786143186101896
2.7931316246830984
2.799345100587468
2.804709478299614
2.809166527216706
2.8126730770391943
2.8152002211193636
2.8167372405529743
-2.7342795847860524
-2.725269202122548
-2.7162471643380792
-2.7074020635712968
-2.6989343018779253
-2.691048213512421
-2.683941277161576
-2.677790696380228
-2.6727388857425876
-2.669186490232514
-2.668880369687799
-2.6668832671279086
-2.6662530015563837
-2.665284342281223
-2.6648368429338327
-2.664548753834802
-2.1889900143101126
-2.1875907440136295
-2.1865791598782747
-2.1852661006269787
-2.1846023868850977
-2.1816136686444394
-2.181458312559421
-2.1781458601375157
-2.175754729734378
-2.174625758229543
-2.171303696149305
-2.1683346722232395
-2.159453010540028
-2.1494829306806236
-2.138914667685293
-2.1282879131099595
-1.7427999444651197
-1.7362027102765714
-1.7306802477998258
-1.7247320165630273
-1.718887406148851
-1.7137837417816815
-1.7100227994679755
-1.707911383489042
-1.7059445032976126
-1.7036662771156088
-1.7011406059228913
-1.6983682299513776
-1.6953949898179153
-1.6923408568739593
-1.6894316499431732
-1.6869575609151628
-1.2995344444409505
-1.2976422439649078
-1.2953621424891573
-1.2919669225158492
-1.2895948627684253
-1.2881772502143003
-1.285922464422469
-1.2839583585333605
-1.2814574377974566
-1.2788531864168327
-1.2743533052684806
-1.2688427284863624
-1.2625873296291004
-1.2557207400169517
-1.2481745720484179
-1.239612670502809
-0.9762987726656432
-0.971067732191082
-0.968301059796365
-0.9628432469712259
-0.9622810367636186
-0.9574716470895734
-0.9562817700337201
-0.9508372079531661
-0.9497875747421637
-0.9456418877834792
-0.9425309385553947
-0.9395387011990514
-0.9340065300727488
-0.9267106375255209
-0.9183321772121861
-0.9087681414326801
-0.7430777701793139
-0.7334208316233012
-0.7253362990469229
-0.7192661315952806
-0.7130110453734648
-0.7060165817647972
-0.7002935256839411
-0.6942560558749873
-0.692624815711561
-0.6845942125811778
-0.6824171308915469
-0.675650477155019
-0.6714601847977931
-0.6651207378185032
-0.6558168384098286
-0.6476322039521106
-0.581306235574918
-0.5722447057820124
-0.5654799867430135
-0.5596966173370901
-0.5537752729559525
-0.5505775510848716
-0.544836835545878
-0.5434803096322903
-0.538088446263311
-0.5341699162256771
-0.5287463318672742
-0.5226569915218682
-0.5161632414751605
-0.5095739258322677
-0.5029574910233664
-0.49618979571222877
-0.489127882895079
1.4243206196138742
1.4379004846789154
1.4431594628339708
1.4452577597787228
1.4479793562112642
1.4515069883338123
1.4552095926402613
1.45938442231571
1.4636021997163662
1.4684085605184127
1.4732686145914613
1.4787974330452838
1.4844897530290009
1.4906001765175108
1.4956600635400248
1.5034033976714718
1.504625958677868
1.5742513442201491
1.5839923209990026
1.591022303387915
1.5965384723779208
1.6026215790645768
1.605496827604824
1.6130380571820688
1.6163818074649972
1.6240177262976465
1.627211420951573
1.633054993745133
1.6362206286775993
1.6404108205850059
1.6459230473548319
1.6527097605773056
1.660266752385104
1.8068571532444333
1.817965714862545
1.8270937995610197
1.8364089726670683
1.845556282685738
1.8535518840589098
1.8593899632187971
1.8619911857926856
1.8641967298349407
1.866668103754053
1.8693116946672994
1.8720241281948469
1.874667862579925
1.8770266798396957
1.8785221095260283
1.881100080406731
2.2309117477789684
2.232383288309302
2.233137429354592
2.2349642163398085
2.2355538143741636
2.23829874456625
2.2402212023247947
2.2422764511791238
2.2463815107976663
2.2466638968211576
2.25013425575924
2.2531398549657906
2.254604470309282
2.263732611228958
2.2737264976967686
2.284282693867916
2.7171260621144624
2.7255052814550225
2.734333880675215
2.743409635927522
2.752536052087269
2.761529544316482
2.770223622559462
2.778470835926243
2.7861431861018957
2.7931316246830957
2.7993451005874666
2.8047094782996123
2.809166527216706
2.812673077039191
2.8152002211193636
2.8167372405529707
