-2.7263074247070644
-2.717279148831653
-2.7080906176106705
-2.698908110468533
-2.689912619276233
-2.681295342063725
-2.6732522432368584
-2.665972891025119
-2.659629720025536
-2.654364722718119
-2.6502775125108182
-2.6495141868793035
-2.64741120218891
-2.6472927999940152
-2.645827741274304
-2.64576512909131
-2.6452722053529145
-2.1423849954977165
-2.14236771698655
-2.1411206476600904
-2.1408867015634536
-2.1393887786388155
-2.1361233556811845
-2.134743775536627
-2.1316320025093707
-2.1313490479098616
-2.127808536145263
-2.12487264521199
-2.1245697650372772
-2.1217955162475843
-2.1162279047453834
-2.106485698645865
-2.0958720342852772
-2.084935163985056
-1.6737340305235404
-1.6682524227321978
-1.6622222882576916
-1.656378066280703
-1.651356701372551
-1.6474763052804755
-1.6445228023160325
-1.6410147794789043
-1.6387166295957007
-1.6362178504799758
-1.6333460960267685
-1.6301603820808332
-1.62280461511194
-1.6211538595440553
-1.6196040536151652
-1.6180816370135536
-1.6164431801515022
-1.2167320535545603
-1.2158289140378504
-1.2141180169592922
-1.212495571177162
-1.2111005233549974
-1.2083536641649
-1.2075005777319878
-1.1985486727000076
-1.196016371013359
-1.1931414558446138
-1.190949830933639
-1.1902432705321997
-1.1619187870636656
-1.1607501103339581
-1.1599637759452397
-1.1593090851081196
-1.1590878625798053
-0.8870883468111921
-0.8866589063271049
-0.8854477278054459
-0.8832360108275101
-0.8801702618366866
-0.8734334465828725
-0.8722048446003563
-0.8645118329176142
-0.8627383160123158
-0.8607427053293257
-0.8575691090632754
-0.8537241607648952
-0.829880734274189
-0.8283823299223889
-0.8263765625327238
-0.8241220958006064
-0.8218796500657461
-0.6542040458399878
-0.6538149110830018
-0.6511204602942339
-0.6498773415255915
-0.6481437251711222
-0.6255450513553509
-0.6236927056112301
-0.6139283971055077
-0.6092399504301863
-0.606144400554717
-0.5970920379504325
-0.5949499719844745
-0.5720787995115626
-0.5680643537663248
-0.5633739445326975
-0.5603853401107076
-0.5590600818899549
-0.4990021157703044
-0.4986978363881968
-0.4927641347028143
-0.4918187592387531
-0.48921227658447347
-0.48604316292036026
-0.4841173440810782
-0.4681244805256457
-0.4674978424631431
-0.4671880919949214
-0.46634181806514513
-0.46613756182886323
1.4461915571178
1.4537483563468205
1.4607147145914585
1.4665933949438714
1.4712187106915247
1.476068456227007
1.4793709357370677
1.484734855369307
1.4881545159415535
1.492122306089889
1.497023665375075
1.5017467220854803
1.5535883976465712
1.5556814496451776
1.5571204713133635
1.561529050935995
1.5628500110741805
1.5848262700584024
1.5873939590124264
1.5950510307440615
1.598652719337578
1.605076078211905
1.6112486717827583
1.6150426908920252
1.6279303947940202
1.6308331725996934
1.6327383889332703
1.6355871486774392
1.6363823406240117
1.773808704263967
1.7826278840509218
1.792072271534719
1.800934975526189
1.8083647862950227
1.8166764049419841
1.8201734345069902
1.824767356632572
1.8271899086070402
1.8301131371060502
1.8345338434095204
1.838425310158771
1.8441564416913465
1.845705199424245
1.8471981067317627
1.849214171379344
1.8517122735444962
2.196615742511175
2.1968321957623633
2.198016060179798
2.19879165012347
2.2002725847343334
2.204189188357781
2.205359260208366
2.209479158067409
2.209497135051256
2.213764168087499
2.216881490952912
2.217639592839231
2.221116235137149
2.2230094278752204
2.2261453146974794
2.2360697467664865
2.2467452073392864
2.696222026318567
2.704204974049749
2.7128088988078685
2.721841984854569
2.7311087952164197
2.7404201412991958
2.749597704975243
2.7584802764709777
2.766924313622912
2.774804707246523
2.7820143798687385
2.788463428970315
2.794078220091458
2.7987999464749267
2.802584632138081
2.805401927803331
2.80723496768967
-2.726307424707065
-2.717279148831653
-2.7080906176106705
-2.6989081104685373
-2.6899126192762335
-2.68129534206373
-2.6732522432368584
-2.665972891025122
-2.659629720025536
-2.6543647227181193
-2.6502775125108204
-2.649514186879302
-2.6474112021889096
-2.647292799994014
-2.645827741274303
-2.6457651290913136
-2.6452722053529145
-2.142384995497715
-2.1423677169865503
-2.141120647660092
-2.140886701563454
-2.139388778638815
-2.1361233556811845
-2.134743775536627
-2.1316320025093702
-2.1313490479098616
-2.1278085361452614
-2.124872645211988
-2.1245697650372755
-2.1217955162475843
-2.1162279047453834
-2.106485698645866
-2.0958720342852777
-2.084935163985056
-1.673734030523541
-1.6682524227321986
-1.6622222882576598
-1.6563780662812015
-1.651356701366767
-1.6474763053187738
-1.6445228022029974
-1.6410147798050074
-1.6387166290837476
-1.6362178509009324
-1.6333460958149586
-1.6301603821459185
-1.6228046150669446
-1.621153859614418
-1.6196040535690823
-1.6180816370274143
-1.6164431801500387
-1.2167256398028166
-1.2158534208226914
-1.2140278894305703
-1.2126853254360697
-1.210897602918913
-1.2085717010705364
-1.207362053856292
-1.1985813442485702
-1.1959566582114691
-1.193207520124039
-1.1908690890188067
-1.1902906821235057
-1.1619171598597808
-1.1607592494805907
-1.1599444464451998
-1.1593345435261178
-1.1590742166593861
-0.8870906433485871
-0.8866545032895702
-0.8854512424300596
-0.883233700789658
-0.8801715728736225
-0.8734306633393052
-0.8722075122001508
-0.8645111337464596
-0.8627382039931089
-0.8607435650340081
-0.8575687033743513
-0.8537242243721893
-0.8298807685249758
-0.8283822520431643
-0.8263766278230839
-0.8241220700660359
-0.8218796542259171
-0.6543123006389094
-0.6536262985406601
-0.6514189616629231
-0.6494956255725998
-0.6483108593464671
-0.6251968511695627
-0.624159965866306
-0.6128801975810085
-0.6109775456684634
-0.6050334471252445
-0.5978078840129932
-0.5945209305410795
-0.5721909339454214
-0.5678275098967315
-0.5636591198989778
-0.5600630893591994
-0.5592339999797978
-0.4990117439454169
-0.4986860404093019
-0.4928159371093607
-0.4917428134375274
-0.4892507863789552
-0.48602419887205756
-0.4841241698873447
-0.46810254164333687
-0.467584247020136
-0.4670981675412018
-0.4663926009248637
-0.4661121753049579
1.4461915571179222
1.4537483563392206
1.460714714823338
1.4665933913574023
1.471218733355693
1.4760683377631407
1.479371168236788
1.4847343836609177
1.4881551425377977
1.4921218915655747
1.4970238288223099
1.5017466844796181
1.5535793065562065
1.555746811603558
1.5570340565896157
1.5616442058380824
1.562762260811707
1.5849650251830012
1.5871572881424785
1.5955758753145322
1.59803075347196
1.605465355562332
1.6108889493488763
1.615236548157176
1.6277518731724625
1.6314408561506553
1.6321810780575818
1.6358454808466432
1.6362265219331384
1.773808704310054
1.7826278836425837
1.792072274137586
1.8009349603682483
1.8083648536337105
1.8166756688133845
1.820175576151819
1.824760916058502
1.827198902330382
1.8301076951623385
1.8345360183571477
1.8384242977278231
1.8441575832024513
1.8457037377591903
1.8471987894839668
1.8492140701906463
1.8517122784751652
2.1966157425111685
2.196832195762361
2.1980160601797945
2.198791650123468
2.200272584734334
2.204189188357782
2.205359260208362
2.2094791580674085
2.2094971350512544
2.213764168087494
2.216881490952913
2.217639592839231
2.2211162351371443
2.2230094278752133
2.2261453146974786
2.2360697467664887
2.24674520733929
2.696222026318566
2.7042049740497482
2.712808898807872
2.721841984854573
2.7311087952164206
2.740420141299194
2.7495977049752427
2.7584802764709724
2.766924313622911
2.774804707246523
2.7820143798687336
2.7884634289703163
2.7940782200914573
2.79879994647493
2.8025846321380796
2.805401927803334
2.8072349676896686
-2.7263074247070618
-2.7172791488316506
-2.7080906176106687
-2.698908110468533
-2.6899126192762335
-2.681295342063729
-2.6732522432368575
-2.665972891025118
-2.6596297200255354
-2.654364722718118
-2.6502775125108173
-2.649514186879301
-2.64741120218891
-2.6472927999940143
-2.6458277412743034
-2.645765129091314
-2.645272205352912
-2.142384995497716
-2.1423677169865507
-2.1411206476600917
-2.140886701563454
-2.139388778638814
-2.1361233556811845
-2.1347437755366276
-2.1316320025093702
-2.131349047909861
-2.1278085361452614
-2.124872645211989
-2.124569765037277
-2.121795516247584
-2.116227904745384
-2.1064856986458653
-2.0958720342852777
-2.0849351639850564
-1.6737340305235404
-1.6682524227321887
-1.6622222882578062
-1.6563780662787178
-1.6513567013984503
-1.6474763050917303
-1.6445228029178962
-1.641014777564786
-1.638716632811226
-1.6362178476225588
-1.6333460976081116
-1.630160381535975
-1.6228046156271418
-1.621153858668617
-1.619604054238664
-1.6180816368086473
-1.6164431801755348
-1.2167169349634392
-1.2158840776476367
-1.2138908807872386
-1.2129115127900663
-1.2106691787579638
-1.2087973766032303
-1.207247892121017
-1.1986112624791736
-1.1959027614648887
-1.19326343600131
-1.1907946385098658
-1.1903389776508604
-1.1619165052833196
-1.1607627134000047
-1.159937037923269
-1.159343581126974
-1.159069775525096
-0.8870908142782165
-0.8866542776288726
-0.8854511917613745
-0.8832340224818008
-0.8801711432966599
-0.8734332228959121
-0.8722046084096566
-0.864515875216212
-0.862730590475541
-0.8607476022559073
-0.8575680611664461
-0.8537242583448124
-0.8298807805708653
-0.8283822365632162
-0.8263766285702875
-0.8241220750195797
-0.8218796525388944
-0.654404558074246
-0.6534069065126298
-0.6517195366085211
-0.648978416025219
-0.6486569142859918
-0.6250283737409774
-0.6243462269451953
-0.6128439829871016
-0.6109405452864269
-0.6051547231125405
-0.5976247618743793
-0.5946431881872406
-0.572098069003175
-0.5680515739312489
-0.5633477150237662
-0.5604416447395558
-0.5590283750801691
-0.49910520532095476
-0.49856998186303364
-0.4930808121757993
-0.4913169401979918
-0.48949190617238814
-0.4859363692712644
-0.48415466958870323
-0.4680232801947107
-0.4677571821250699
-0.46691992260340476
-0.4665170754184388
-0.466072086930635
1.4461915571182733
1.4537483563156546
1.4607147156019191
1.4665933784082563
1.4712188203419019
1.4760678510830685
1.479372172036915
1.4847321661184565
1.4881582687089165
1.4921196652552253
1.4970247970484287
1.501746436813633
1.5539132724169311
1.55476436806829
1.5583781671102295
1.5602868218110604
1.5634477378363498
1.5843228772988758
1.5884036133289614
1.5936383229190874
1.6004429982998445
1.603744400725876
1.612243289582753
1.6144245632367968
1.6283493535662406
1.63010095660595
1.633302693791022
1.6352600397557764
1.6365087755950367
1.7738087042858526
1.782627883830597
1.792072273113878
1.8009349653984565
1.8083648346979526
1.816675834518579
1.82017514406955
1.8247620150769128
1.8271975119554542
1.8301084320294976
1.8345357888869294
1.8384243781282763
1.8441575367824727
1.845703781810962
1.847198775875777
1.8492140708144162
1.851712278529394
2.1966157425111756
2.1968321957623633
2.198016060179797
2.198791650123466
2.200272584734333
2.204189188357782
2.205359260208359
2.2094791580674076
2.2094971350512544
2.213764168087496
2.216881490952915
2.2176395928392334
2.2211162351371487
2.2230094278752173
2.226145314697481
2.236069746766485
2.2467452073392837
2.696222026318569
2.7042049740497505
2.7128088988078662
2.7218419848545676
2.731108795216416
2.740420141299199
2.7495977049752436
2.7584802764709733
2.7669243136229165
2.7748047072465236
2.7820143798687407
2.7884634289703194
2.7940782200914573
2.7987999464749276
2.8025846321380765
2.805401927803334
2.8072349676896686
-2.726307424707063
-2.7172791488316514
-2.708090617610667
-2.698908110468537
-2.6899126192762344
-2.6812953420637293
-2.673252243236858
-2.6659728910251212
-2.659629720025535
-2.6543647227181193
-2.6502775125108187
-2.649514186879304
-2.6474112021889096
-2.647292799994013
-2.645827741274304
-2.645765129091313
-2.6452722053529136
-2.142384995497716
-2.1423677169865503
-2.1411206476600912
-2.140886701563454
-2.1393887786388146
-2.136123355681185
-2.1347437755366276
-2.1316320025093702
-2.131349047909861
-2.1278085361452646
-2.1248726452119895
-2.1245697650372777
-2.121795516247583
-2.1162279047453834
-2.1064856986458653
-2.0958720342852777
-2.0849351639850564
-1.6737340305235417
-1.668252422732189
-1.6622222882578406
-1.656378066278219
-1.6513567014042352
-1.6474763050534342
-1.644522803030931
-1.6410147772386823
-1.6387166333231789
-1.6362178472016045
-1.6333460978199232
-1.6301603814708887
-1.622804615672138
-1.6211538585982543
-1.6196040542847487
-1.6180816367947894
-1.6164431801769998
-1.2167236300168682
-1.2158603342566239
-1.214003612446487
-1.2127249934886346
-1.210863032655618
-1.20859809081496
-1.2073498714317759
-1.198579433004514
-1.195962940889273
-1.193197548507595
-1.1908850620031368
-1.1902803752014972
-1.161918136388456
-1.160753664275234
-1.1599565781492163
-1.159318637218725
-1.1590826022867415
-0.8870885203737447
-0.8866586782957211
-0.8854476765991955
-0.8832363325507014
-0.8801698324336692
-0.8734359947727558
-0.8722019521270784
-0.864516571944411
-0.8627307077802682
-0.8607467401059635
-0.8575684665814021
-0.8537241947340319
-0.8298807463208504
-0.8283823144419862
-0.8263765632795123
-0.8241221007542335
-0.8218796483787427
-0.6543422046375856
-0.6535703216789371
-0.6514706614562241
-0.6494634871221701
-0.648316097590365
-0.6254647640884826
-0.623792031046717
-0.6138972325133578
-0.6091457977566892
-0.6063063033860374
-0.5968410918440729
-0.5951502444762838
-0.5719781245677699
-0.5682821702788209
-0.5630370019984978
-0.5607413769725724
-0.5589165979145578
-0.49909976852325194
-0.49857763776669567
-0.49305072221197643
-0.4913800134322683
-0.4894453836199493
-0.4859548757220006
-0.4841474229664451
-0.4680618164088515
-0.46768583159655946
-0.4669940467284068
-0.46646089015889747
-0.4660870248163453
1.4461915571181483
1.453748356323254
1.4607147153700422
1.4665933819946821
1.4712187976763549
1.4760679695032592
1.4793719395171472
1.4847326373355616
1.488157642271491
1.4921200801028456
1.4970246336676527
1.5017464744273608
1.5539376075167743
1.554719829838402
1.5584731559566627
1.560179817714509
1.5634827181090536
1.5842461021962322
1.5886334039238932
1.5933110223790183
1.6011688004790414
1.603057256700001
1.6128215103445298
1.6139544774956212
1.6287855767127533
1.629530315223618
1.6336514278244811
1.635008001051067
1.6365712280263238
1.7738087042397679
1.7826278842389325
1.7920722705110115
1.8009349805564276
1.8083647673597385
1.8166765707577386
1.82017300270152
1.8247684608162045
1.8271885155376557
1.8301138713484886
1.8345336137566328
1.8384253905117778
1.8441563953240954
1.8457052434391388
1.8471980931041323
1.8492141720029058
1.851712273598729
2.196615742511172
2.1968321957623633
2.198016060179793
2.1987916501234714
2.2002725847343325
2.2041891883577818
2.2053592602083603
2.2094791580674094
2.2094971350512553
2.213764168087497
2.216881490952916
2.217639592839232
2.2211162351371487
2.2230094278752217
2.2261453146974794
2.236069746766487
2.2467452073392837
2.6962220263185683
2.7042049740497482
2.712808898807869
2.721841984854571
2.7311087952164175
2.740420141299197
2.749597704975242
2.7584802764709737
2.766924313622914
2.774804707246522
2.782014379868735
2.788463428970316
2.7940782200914547
2.798799946474931
2.8025846321380787
2.805401927803332
2.8072349676896744
-2.724073848865991
-2.7149908225607464
-2.7057875833786764
-2.696634361490854
-2.6877152655310033
-2.6792231684742127
-2.6713536721583826
-2.6642931636064513
-2.65820769820568
-2.65322966903837
-2.650166699006223
-2.649447126248988
-2.647782335387061
-2.6468874447808908
-2.646114715890759
-2.645537123315977
-2.6453177587818066
-2.1425130056231536
-2.142133885152505
-2.141535434318542
-2.140326890343368
-2.139712623828401
-2.1354656894678823
-2.1353615494957814
-2.132234916434099
-2.130095105797131
-2.128677972967499
-2.1253227996582473
-2.1232459904915144
-2.1220197402959022
-2.1139026417648856
-2.103893725788096
-2.0931450393597624
-2.082221984177071
-1.6749296647969216
-1.6697034822723105
-1.6637398350887196
-1.6577842477244933
-1.6525076713809201
-1.6483300637225817
-1.6452041762834488
-1.641604059768401
-1.6392959286003206
-1.6368746614917609
-1.6340946996237518
-1.6309795891802963
-1.6232386371285072
-1.6215542623277526
-1.6199846448656243
-1.6184649680344714
-1.6168754381433579
-1.217071316374809
-1.2160215895245101
-1.2143906605998684
-1.2128908183297562
-1.2111200396113333
-1.2086839606587352
-1.207609371068169
-1.1992860051628458
-1.1965001648889195
-1.1937207927340123
-1.1909729412565457
-1.190378711767179
-1.1623597146371907
-1.1609594801805279
-1.1601095773151266
-1.15937159841319
-1.1591278311155309
-0.887206074066574
-0.8867930669462671
-0.8857135599892413
-0.8838420095358785
-0.8810078645109248
-0.873657251679334
-0.8725422826100876
-0.8649945860500352
-0.8631569811834144
-0.8611901344379641
-0.858366059176001
-0.8547787857772245
-0.8301597304720523
-0.8288123988947321
-0.8268903535492014
-0.8246794732811122
-0.82244463988963
-0.6542575623891986
-0.6538803033300229
-0.6510939496869766
-0.6499552051114007
-0.6481329870176484
-0.6256511687794105
-0.6237637916059747
-0.6143496323070425
-0.6092659201446363
-0.606264603813925
-0.5975970753693399
-0.5951732048603356
-0.5727236957131695
-0.5689617415677704
-0.5639316565405201
-0.560482458502148
-0.5593286436158735
-0.498961036411227
-0.4987667015776995
-0.4927068877598749
-0.49201413931598664
-0.4891520467509457
-0.486343367891388
-0.4845324701444148
-0.46819122423933335
-0.46757495974398605
-0.4672536859964497
-0.4663676374056413
-0.4661919257949847
1.4442524094269766
1.4519016779497746
1.4590648912899569
1.4652409191182842
1.4701757234565132
1.4751981050989653
1.4785590040988494
1.4839492485300916
1.4872606231070091
1.491109141348372
1.4958910899409392
1.5005431339902566
1.553821204548719
1.5546401788457556
1.558406376400643
1.5600723825613736
1.563435112169693
1.5837603607146742
1.588150623214513
1.5931594406017278
1.6009716457036156
1.6028820567035562
1.6127063724935464
1.613845983935977
1.6287899704999103
1.6295096133963753
1.6336654896060145
1.635073345997414
1.6366397360641662
1.7718366029334094
1.7803229817707007
1.789734270254057
1.7988255026672189
1.8066766070570113
1.8155712239539086
1.8194133085943147
1.8241758109302086
1.8265660465762223
1.829359422526315
1.83355334422774
1.8374857592609997
1.8437375456818816
1.8453395820579157
1.8468195178410356
1.8487087236389632
1.8510106734414924
2.1965064700220327
2.197164799390664
2.19753587973814
2.1994800489258988
2.1997641763348033
2.2045019776950348
2.2052043857427477
2.208406682802558
2.2112113609888455
2.212711502937263
2.2167431518113747
2.2186560789123044
2.2207631979163334
2.22263038151332
2.2285293381896722
2.2386838470268624
2.2494883725580443
2.6981495135840365
2.7063050661930337
2.7150345901302977
2.724144345106257
2.7334395504471267
2.7427336508913047
2.7518519250720113
2.760637599657692
2.7689517389271456
2.7766738031887037
2.7837010994574367
2.7899478613695012
2.795344325216803
2.7998353834301386
2.8033805368186795
2.805952826053743
2.8075387389179522
-2.724073848865993
-2.714990822560749
-2.705787583378678
-2.6966343614908497
-2.687715265531005
-2.6792231684742087
-2.671353672158382
-2.6642931636064486
-2.6582076982056773
-2.6532296690383705
-2.650166699006225
-2.649447126248988
-2.6477823353870633
-2.6468874447808868
-2.646114715890755
-2.6455371233159743
-2.6453177587818058
-2.142513005623151
-2.142133885152504
-2.1415354343185427
-2.140326890343368
-2.1397126238284025
-2.1354656894678823
-2.135361549495782
-2.132234916434098
-2.130095105797131
-2.1286779729674987
-2.125322799658246
-2.123245990491514
-2.122019740295903
-2.113902641764885
-2.103893725788097
-2.093145039359761
-2.082221984177071
-1.674929664796922
-1.6697034822723127
-1.6637398350887038
-1.6577842477246947
-1.6525076713787568
-1.6483300637371199
-1.645204176239023
-1.6416040599001687
-1.63929592839246
-1.6368746616565695
-1.6340946995505725
-1.630979589197739
-1.6232386371268157
-1.6215542623259198
-1.6199846448701998
-1.6184649680318386
-1.6168754381438288
-1.2170780763519415
-1.215987323148498
-1.214498600173533
-1.2126597503655627
-1.2113707184315872
-1.208366746750982
-1.2078335060163818
-1.1992557790428706
-1.1965482911723666
-1.1936776875942614
-1.1910203526802616
-1.190349537625728
-1.1623600884772685
-1.1609572719112873
-1.1601139072373905
-1.1593657931142838
-1.1591311435440492
-0.8872058915432395
-0.8867932581251081
-0.8857137639773939
-0.8838415169715481
-0.8810083339161305
-0.8736546300760647
-0.8725452327993989
-0.8649906699651829
-0.8631632204774425
-0.8611867086917375
-0.8583666817534702
-0.8547787474753853
-0.8301597715481153
-0.8288123097530494
-0.8268904245887553
-0.8246794462455727
-0.8224446441420927
-0.6543678408540504
-0.6536913608624612
-0.6514093608068988
-0.6495587759213706
-0.6482964469120888
-0.625274043079161
-0.6242725597180192
-0.6133819882116547
-0.6109633949131201
-0.6050508341392773
-0.5983532908213759
-0.594752190207159
-0.5728430963856599
-0.568741090367461
-0.5641588291039658
-0.5601945508277297
-0.559503949292749
-0.49897459275331546
-0.498751116338774
-0.4927741255505794
-0.49192410537183906
-0.4891918085972554
-0.4863203329018385
-0.48454062292403016
-0.4681712016739921
-0.4676519174050905
-0.4671757294301163
-0.46641458496474825
-0.4661659430515636
1.4442524094267428
1.4519016779645857
1.459064890808867
1.4652409275108327
1.4701756603769665
1.4751984984854865
1.478558140393372
1.4839513625669725
1.4872575424464445
1.4911113491675534
1.4958901434299727
1.5005433691623347
1.5534858993636067
1.5555735310648353
1.5570571148869163
1.5614255078806163
1.5628078001748473
1.5843180876694225
1.5869905424345538
1.59480218265839
1.59851897235673
1.6048640798853342
1.611158020221701
1.6149239481556845
1.6279291534654146
1.6308051172827203
1.6327788903544913
1.6356340412578307
1.6364569999603864
1.7718366029587909
1.7803229815991644
1.7897342710488204
1.7988254993116566
1.806676618569533
1.8155711271138189
1.8194135803333324
1.8241750164181607
1.8265671124568519
1.8293588386133932
1.833553513706501
1.8374857124373305
1.843737558991343
1.8453395761822606
1.8468195149629185
1.8487087254657866
1.851010673243796
2.1965064700220305
2.1971647993906664
2.1975358797381377
2.1994800489258926
2.1997641763348046
2.204501977695024
2.20520438574275
2.208406682802558
2.2112113609888473
2.212711502937262
2.216743151811373
2.218656078912302
2.2207631979163382
2.2226303815133255
2.228529338189678
2.23868384702686
2.249488372558037
2.6981495135840365
2.706305066193032
2.7150345901303026
2.7241443451062533
2.733439550447126
2.742733650891307
2.7518519250720153
2.760637599657686
2.7689517389271487
2.7766738031887046
2.7837010994574354
2.789947861369505
2.795344325216803
2.7998353834301426
2.8033805368186795
2.805952826053743
2.807538738917949
-2.724073848865995
-2.7149908225607446
-2.705787583378675
-2.696634361490851
-2.687715265531007
-2.6792231684742087
-2.6713536721583817
-2.6642931636064526
-2.658207698205681
-2.6532296690383714
-2.6501666990062223
-2.6494471262489894
-2.6477823353870633
-2.646887444780886
-2.6461147158907568
-2.6455371233159743
-2.645317758781805
-2.1425130056231527
-2.1421338851525036
-2.1415354343185418
-2.1403268903433688
-2.1397126238284008
-2.1354656894678827
-2.1353615494957805
-2.132234916434099
-2.1300951057971313
-2.1286779729674987
-2.1253227996582487
-2.1232459904915144
-2.122019740295903
-2.1139026417648847
-2.1038937257880956
-2.093145039359761
-2.0822219841770715
-1.6749296647969216
-1.6697034822723067
-1.6637398350887964
-1.6577842477232834
-1.6525076713963618
-1.6483300636004958
-1.645204176711605
-1.6416040582454885
-1.6392959313467883
-1.6368746589358871
-1.6340947010356526
-1.6309795887201572
-1.6232386375152084
-1.621554261656767
-1.6199846453577065
-1.6184649678656162
-1.616875438164603
-1.217073283049036
-1.2160124608284195
-1.2144186750878572
-1.2128420565441314
-1.2111667166625735
-1.2086426111153232
-1.2076322873899803
-1.1992867234216686
-1.1964960946359264
-1.1937272262512122
-1.1909621299257274
-1.1903861093622208
-1.1623591460987235
-1.1609630717576278
-1.1601020913525772
-1.1593817450048238
-1.1591221451504254
-0.8872096587139924
-0.8867857675293395
-0.8857198922182901
-0.8838379411614876
-0.8810098716848116
-0.8736516751213201
-0.8725481406971902
-0.8649893538427145
-0.8631646233886163
-0.8611862951433391
-0.8583666916456234
-0.8547787442138097
-0.8301597812528797
-0.828812298764409
-0.8268904221934361
-0.8246794521069754
-0.8224446423714498
-0.6544609979261126
-0.6534746599903514
-0.6517149096112459
-0.6490750258367339
-0.6486006289341876
-0.625072182838419
-0.6244947234723485
-0.6133348719257598
-0.6109357491471783
-0.605180039392151
-0.5981655934147019
-0.594870477345755
-0.5727473375273796
-0.5689420158166478
-0.5639178966555881
-0.5605260880996947
-0.5593003955912685
-0.4990927466988915
-0.4986096961220544
-0.4930893890558851
-0.49145021239818415
-0.48944714477393886
-0.48620783424278213
-0.48457986386887414
-0.468099438875514
-0.4678122768051784
-0.4670209482609606
-0.46652136951962525
-0.4661251692399203
1.4442524094268214
1.451901677960103
1.459064890942279
1.4652409253651688
1.470175675411782
1.47519841164863
1.4785583208157973
1.4839509608956043
1.4872580916009077
1.4911109858219305
1.4958902832344518
1.5005433383280091
1.5534716188236684
1.5556705225350724
1.5569321417555884
1.5615801439436525
1.5626918785934436
1.5844675780440585
1.586737797165606
1.5953566453945704
1.5978552309405603
1.6052841042600297
1.6107723368230449
1.6151330588556998
1.6277375125868405
1.6314378237405163
1.6322025801362599
1.6359002895706387
1.6362986261928363
1.7718366030089547
1.7803229812134664
1.7897342731471146
1.7988254887097983
1.8066766622478543
1.8155706530061884
1.8194151018076683
1.8241696266601
1.8265752363113603
1.8293536413688993
1.8335555167213482
1.837484908244068
1.843738388211716
1.8453384402832378
1.8468201002949796
1.8487086230618606
1.8510106791148813
2.1965064700220305
2.1971647993906673
2.1975358797381386
2.199480048925899
2.1997641763348033
2.2045019776950308
2.205204385742747
2.208406682802556
2.211211360988844
2.212711502937261
2.216743151811373
2.218656078912306
2.220763197916339
2.2226303815133175
2.2285293381896794
2.2386838470268615
2.2494883725580417
2.698149513584041
2.7063050661930332
2.7150345901303004
2.724144345106261
2.733439550447125
2.7427336508913016
2.7518519250720113
2.760637599657692
2.76895173892715
2.776673803188703
2.783701099457439
2.789947861369501
2.7953443252168046
2.7998353834301413
2.803380536818677
2.8059528260537494
2.8075387389179483
-2.7240738488659924
-2.714990822560747
-2.705787583378678
-2.696634361490852
-2.687715265531005
-2.67922316847421
-2.6713536721583817
-2.6642931636064495
-2.6582076982056795
-2.6532296690383705
-2.6501666990062267
-2.6494471262489863
-2.6477823353870606
-2.646887444780888
-2.6461147158907554
-2.6455371233159752
-2.6453177587818075
-2.1425130056231523
-2.142133885152505
-2.141535434318542
-2.140326890343369
-2.139712623828401
-2.1354656894678823
-2.135361549495781
-2.1322349164340992
-2.130095105797131
-2.1286779729674996
-2.125322799658247
-2.1232459904915144
-2.122019740295902
-2.113902641764885
-2.1038937257880974
-2.093145039359762
-2.082221984177071
-1.6749296647969227
-1.669703482272306
-1.6637398350888142
-1.657784247723081
-1.6525076713985254
-1.648330063585959
-1.6452041767560308
-1.6416040581137221
-1.639295931554649
-1.6368746587710794
-1.6340947011088323
-1.6309795887027163
-1.6232386375168997
-1.6215542616585994
-1.6199846453531332
-1.618464967868252
-1.6168754381641328
-1.2170663706154254
-1.2160454103544243
-1.2142976330943631
-1.2130569761241556
-1.2109304692641791
-1.2088976886053795
-1.2074865429036548
-1.1993162933019446
-1.1964476990608082
-1.193770705489189
-1.190909107381547
-1.1904214807017168
-1.162358771179514
-1.1609652454449493
-1.1600977078104753
-1.159387301030284
-1.1591191712762436
-0.887209836727523
-0.8867855810030749
-0.8857196891337824
-0.8838384331182298
-0.8810094018943827
-0.8736543107554944
-0.8725451765469407
-0.8649932755015419
-0.863158380614937
-0.8611897186896218
-0.8583660690503083
-0.8547787825155516
-0.830159740177618
-0.8288123879054472
-0.8268903511535793
-0.8246794791426456
-0.8224446381190044
-0.6543981922247913
-0.653635436559127
-0.6514621192868353
-0.6495254483731365
-0.648301251242704
-0.6255645382735684
-0.6238723264598033
-0.614311191719786
-0.6091730739952192
-0.6064350770624057
-0.5973582321739697
-0.595356258148098
-0.5726191724078324
-0.5691621747678544
-0.5636815457474301
-0.5607672298115056
-0.5591903232026307
-0.4990872237516205
-0.49861729793009973
-0.49305786244631383
-0.49151241663995315
-0.4894009037305647
-0.48623012366121754
-0.48457100442020107
-0.46813277429801864
-0.46774866870077103
-0.4670814601477964
-0.4664765905732829
-0.46613976563079146
1.4442524094270528
1.4519016779452927
1.4590648914233735
1.465240916972637
1.4701757384920102
1.4751980182888236
1.4785591845402135
1.4839488472992888
1.4872611721319016
1.4911087777104173
1.495891229686726
1.500543103149611
1.5537858070481572
1.5547057703350993
1.558271254273164
1.5602202497730246
1.5633885937092646
1.5838465489793592
1.5879104327594449
1.5935048968661645
1.6001971338596448
1.6036118545642675
1.612093736758549
1.6143418826956677
1.6283244294929686
1.6301184275050284
1.6333022952893193
1.6353329185211845
1.6365736613159487
1.7718366029835726
1.7803229813850066
1.7897342723523522
1.7988254920653486
1.8066766507351644
1.815570749807462
1.8194148299239308
1.8241704177457794
1.8265741718012725
1.8293542273371761
1.8335553473997435
1.837484955093762
1.8437383748938594
1.8453384461690387
1.8468201031727105
1.848708621234691
1.8510106793125736
2.1965064700220327
2.1971647993906642
2.1975358797381395
2.1994800489258997
2.199764176334802
2.204501977695032
2.2052043857427477
2.208406682802556
2.211211360988849
2.2127115029372644
2.2167431518113725
2.2186560789123035
2.2207631979163343
2.222630381513323
2.228529338189675
2.238683847026864
2.2494883725580364
2.69814951358404
2.7063050661930337
2.715034590130296
2.72414434510626
2.7334395504471285
2.742733650891308
2.7518519250720113
2.760637599657688
2.7689517389271514
2.7766738031887006
2.7837010994574416
2.7899478613695057
2.795344325216805
2.7998353834301413
2.803380536818679
2.805952826053751
2.8075387389179483
-2.7218230655996667
-2.712694901392393
-2.703487606095474
-2.6943751991091616
-2.6855446115431563
-2.6771899293460835
-2.669505762839011
-2.662674541707954
-2.6568551142732066
-2.652169550633034
-2.6508537925674984
-2.648699765528813
-2.6483103607544574
-2.646456229023176
-2.6464389621408495
-2.6454269760315996
-2.6453800612513847
-2.1425550829353552
-2.1418901238244104
-2.1418060525246725
-2.140173622225124
-2.139767940688883
-2.1360451719622735
-2.1342976305903454
-2.133104474245536
-2.1295631008581153
-2.1284418937629512
-2.1261128570629846
-2.1232607791578695
-2.12055778791551
-2.1114980541348958
-2.1012551934643695
-2.0904067529954995
-2.079537679860394
-1.6760311446727747
-1.6711088067624467
-1.6652581228922827
-1.6592337754325583
-1.6537320746237056
-1.6492399935209359
-1.6459191740841181
-1.6422135371785365
-1.6398676893589719
-1.6375078349255605
-1.634819341962701
-1.6317857270736051
-1.6236808947327042
-1.6219625144023877
-1.6203685540044437
-1.6188436643246824
-1.6172900736465545
-1.21751877974287
-1.2162185938620398
-1.2147099080228752
-1.2131970041400038
-1.2112522692473973
-1.2089581048161144
-1.2076354959693059
-1.2000217202121222
-1.1970329062898297
-1.1943343370746606
-1.191098753628262
-1.1904963540474218
-1.1628687635737864
-1.1612193893035538
-1.1602687538821206
-1.1594543896939484
-1.159168007340389
-0.8873500173297382
-0.8868854662365924
-0.8859030125534124
-0.8843578827043778
-0.8818055945565274
-0.8738283766617472
-0.8728677077695832
-0.8654679375930191
-0.8635871150318813
-0.86158059749063
-0.8590954346334442
-0.8557722218067902
-0.8304024466840405
-0.8292068184827618
-0.8273863549430287
-0.825234924625025
-0.8230053302809046
-0.6543108323880542
-0.653994379202319
-0.6510855486447682
-0.6500177114422735
-0.6481264320190657
-0.625779645896604
-0.6237873232201154
-0.6148816866668659
-0.6092954964436404
-0.6064033189522577
-0.5981327212716195
-0.5955319590019478
-0.573117191385367
-0.5698904216507674
-0.5645924427458562
-0.5606054064975653
-0.5595639799899114
-0.4989768538045878
-0.4987585749882293
-0.4928392649104784
-0.49193252199637433
-0.48918223240049025
-0.4864322130222206
-0.4849549264802805
-0.46825111980342526
-0.4676487919027863
-0.4673085938311747
-0.46639144892903345
-0.46623254373429573
1.442304092902908
1.4500221579906518
1.4573537507022096
1.4638087808627476
1.4690596370593654
1.4742968390278193
1.4777423124660574
1.483182138057843
1.486395825324538
1.4901235879935413
1.494779527434985
1.4993532534128375
1.5536151082495444
1.5546253829798826
1.5581447365382997
1.5601355317368026
1.563316977260143
1.583344600673396
1.5874023702686955
1.5932916848565943
1.5998992967457781
1.603448374468189
1.6119065910997792
1.6142223782468583
1.6283198057380788
1.6301501485448908
1.6333140313194765
1.6354123303786523
1.6366406139301737
1.769996961935157
1.7780717306898914
1.7873777691102295
1.7966373114174166
1.8048707642918074
1.8143540207305673
1.818587290736722
1.8235536335391007
1.8259729247283412
1.8286347494549384
1.8325979152004996
1.8365153465068005
1.843308156539659
1.8449615044314105
1.846454387204211
1.8482420708185694
1.8503617401648993
2.19650418856933
2.1971366839449473
2.1976079671981976
2.1991618557912185
2.200117761594457
2.203855817376381
2.2064941510926346
2.2073542723179087
2.211640686239214
2.2130271143541287
2.2157921698382768
2.2190723411532947
2.22178594066754
2.2221760272212583
2.230985315946301
2.2413379762434458
2.252251600934134
2.7001243395896104
2.708441090237322
2.717284049204769
2.7264582572864717
2.7357701277152215
2.7450361104559393
2.7540852680819032
2.762765361591138
2.770942072176211
2.778499393424555
2.7853389580499335
2.7913790709958466
2.796553783016522
2.800811634631796
2.804115572008627
2.806442010160678
2.8077807922175
-2.721823065599665
-2.712694901392395
-2.7034876060954747
-2.694375199109166
-2.685544611543159
-2.6771899293460835
-2.669505762839013
-2.6626745417079514
-2.6568551142732004
-2.652169550633037
-2.6508537925675
-2.648699765528814
-2.648310360754456
-2.6464562290231757
-2.6464389621408513
-2.645426976031599
-2.6453800612513856
-2.142555082935354
-2.141890123824411
-2.141806052524669
-2.140173622225131
-2.1397679406888828
-2.1360451719622757
-2.1342976305903454
-2.1331044742455356
-2.129563100858118
-2.1284418937629543
-2.1261128570629855
-2.123260779157872
-2.1205577879155095
-2.111498054134895
-2.1012551934643717
-2.0904067529954986
-2.0795376798603957
-1.6760311446727738
-1.671108806762449
-1.6652581228922765
-1.6592337754326423
-1.6537320746229873
-1.6492399935252549
-1.64591917407246
-1.6422135372030668
-1.6398676893372897
-1.6375078349213417
-1.634819341981222
-1.6317857270621516
-1.6236808947522936
-1.621962514363771
-1.6203685540362547
-1.6188436643124096
-1.6172900736483249
-1.2175222063736122
-1.2161930327676271
-1.2147942301517818
-1.2130316336573854
-1.2114466562953916
-1.208727438910569
-1.207783398819635
-1.1999898287404618
-1.197082517189084
-1.1942932032034528
-1.19114131861762
-1.1904687575577697
-1.1628693167401325
-1.1612158990292922
-1.1602757912529973
-1.159445114928222
-1.1591731866116377
-0.8873450388203884
-0.88689657520384
-0.8858924537902794
-0.8843640115783257
-0.8818035185165216
-0.8738325433267681
-0.8728633804785493
-0.8654711917282306
-0.8635821429205749
-0.8615834488197391
-0.8590947925206052
-0.8557722663715324
-0.8304025036452656
-0.8292067006710836
-0.8273864431729145
-0.8252348927813232
-0.8230053350375695
-0.6544332077095882
-0.6537966009971419
-0.6514111029175745
-0.6496100856962387
-0.6482879321447443
-0.6253897479900197
-0.6243270190959438
-0.6139851194581439
-0.6109636212297088
-0.6050629262268514
-0.5989646038749111
-0.5951008457785123
-0.5732579289337822
-0.569661126551476
-0.5647805662830894
-0.5603571491435774
-0.5597269154267508
-0.4989875897477465
-0.4987459752862102
-0.49288945049690963
-0.49185904263089086
-0.4892236940878521
-0.48640454806496347
-0.48496633745991496
-0.46823256830644344
-0.46771701236477353
-0.4672412264931666
-0.46643458425222317
-0.4662070545732121
1.442304092902858
1.450022157993332
1.4573537506254168
1.4638087821217258
1.4690596274398184
1.4742969002284187
1.4777421772113022
1.4831824707001287
1.486395354384879
1.4901239019714851
1.494779409464873
1.4993532783563832
1.553657668565798
1.5545431272927404
1.558318934201691
1.5599474301376586
1.563375089458047
1.5832488428196196
1.587654348018224
1.5929287402179553
1.6007014869887568
1.602696663106779
1.6125396568822412
1.613713551475039
1.6288076377853224
1.6295107456323554
1.6336896875950728
1.6351459596731654
1.6367103930197116
1.769996961877684
1.7780717310743912
1.7873777673285856
1.7966373191478018
1.8048707354415439
1.8143543198921281
1.8185862424803356
1.8235579500929942
1.825965845526147
1.8286396188016047
1.8325960506617331
1.8365160006941106
1.843307560687147
1.8449623645077355
1.8464539069370356
1.848242168833713
1.850361733515435
2.196504188569331
2.1971366839449473
2.1976079671981994
2.1991618557912176
2.200117761594458
2.2038558173763794
2.2064941510926332
2.2073542723179087
2.211640686239213
2.213027114354129
2.215792169838277
2.219072341153294
2.2217859406675413
2.2221760272212516
2.230985315946302
2.241337976243442
2.252251600934133
2.700124339589611
2.7084410902373213
2.7172840492047716
2.7264582572864695
2.735770127715222
2.7450361104559415
2.754085268081904
2.7627653615911383
2.770942072176211
2.778499393424554
2.785338958049932
2.791379070995847
2.7965537830165212
2.800811634631795
2.8041155720086275
2.806442010160678
2.8077807922175
-2.7218230655996627
-2.7126949013923913
-2.7034876060954747
-2.6943751991091642
-2.685544611543158
-2.6771899293460875
-2.6695057628390084
-2.662674541707954
-2.656855114273204
-2.6521695506330327
-2.6508537925675006
-2.648699765528822
-2.648310360754455
-2.646456229023178
-2.6464389621408517
-2.6454269760315996
-2.6453800612513803
-2.1425550829353543
-2.1418901238244086
-2.1418060525246716
-2.1401736222251238
-2.139767940688884
-2.1360451719622766
-2.134297630590342
-2.1331044742455387
-2.129563100858117
-2.1284418937629552
-2.126112857062981
-2.123260779157865
-2.120557787915512
-2.1114980541348936
-2.1012551934643717
-2.0904067529954973
-2.079537679860398
-1.676031144672773
-1.6711088067624418
-1.6652581228923429
-1.6592337754317557
-1.6537320746335213
-1.6492399934378676
-1.6459191744040793
-1.6422135359144292
-1.6398676918221218
-1.6375078324964893
-1.6348193433256293
-1.6317857266460114
-1.6236808950531927
-1.6219625138366611
-1.620368554429537
-1.6188436641732846
-1.6172900736668128
-1.2175265343242965
-1.2161588991368748
-1.2148888334190124
-1.2128061018468808
-1.2116953626065405
-1.2083335619125544
-1.2080974790313492
-1.19996010530962
-1.1971252840981852
-1.1942600133490935
-1.1911721732488498
-1.1904498716054726
-1.162869525261852
-1.1612146458422785
-1.1602782122130924
-1.1594419540719323
-1.1591749735688022
-0.8873446934253598
-0.8868970811151251
-0.8858925083711053
-0.884363504068583
-0.881803964417856
-0.8738296476376896
-0.8728666944640062
-0.8654663176190865
-0.8635909234894383
-0.8615774080230904
-0.8590965400148827
-0.8557720809074705
-0.8304025170856963
-0.8292066846602051
-0.827386442065859
-0.8252348988128572
-0.8230053332052082
-0.6545305575947502
-0.6535820575266985
-0.6517162451258328
-0.6491400634357691
-0.6485726192355978
-0.6251786288883578
-0.6245620378305802
-0.6139279503238209
-0.6109440916868211
-0.6052022583097623
-0.5987665522112178
-0.5952178456479505
-0.5731480778560197
-0.5698614594957405
-0.5645873427178179
-0.5606383904692801
-0.5595403127027404
-0.4991017434338096
-0.49860804762964545
-0.49317540276508287
-0.4913976753613418
-0.4895068614407271
-0.4862597222874347
-0.4850273589863183
-0.4681657465432277
-0.46786701185859153
-0.46710360992349337
-0.4665293397306099
-0.46616657220333513
1.442304092902702
1.45002215800279
1.4573537503272347
1.4638087874755095
1.469059583096231
1.4742972082588912
1.477741452850586
1.4831844554947902
1.4863923441291413
1.490126090974808
1.4947784801490986
1.499353503461044
1.553343718224636
1.5554371264170739
1.5569774252396202
1.5613036379922143
1.5627530179861968
1.5837912246927512
1.586552883986401
1.594484606620917
1.5983400403206804
1.6046139005501692
1.611035138345382
1.6147641632655008
1.6279508841343984
1.6307882864985335
1.6328320479315326
1.6356892014723918
1.6365326554695319
1.7699969619056783
1.7780717309091605
1.7873777679794811
1.7966373168082261
1.8048707425881672
1.8143542645454158
1.8185864070993614
1.8235574127879162
1.8259666125112441
1.8286391780574784
1.83259617068534
1.8365159757288125
1.8433075561580428
1.84496238072496
1.8464538929863998
1.8482421728808
1.8503617331437139
2.1965041885693286
2.1971366839449464
2.1976079671981994
2.1991618557912194
2.2001177615944583
2.2038558173763794
2.206494151092633
2.2073542723179083
2.211640686239213
2.2130271143541274
2.2157921698382768
2.219072341153295
2.221785940667542
2.2221760272212534
2.230985315946301
2.2413379762434484
2.2522516009341333
2.7001243395896126
2.7084410902373235
2.7172840492047703
2.7264582572864704
2.7357701277152215
2.7450361104559393
2.7540852680819037
2.7627653615911387
2.7709420721762097
2.778499393424555
2.785338958049934
2.7913790709958466
2.796553783016522
2.800811634631795
2.804115572008628
2.8064420101606786
2.8077807922175
-2.7218230655996702
-2.712694901392395
-2.703487606095474
-2.6943751991091647
-2.6855446115431576
-2.677189929346085
-2.6695057628390075
-2.6626745417079527
-2.656855114273208
-2.652169550633031
-2.6508537925674966
-2.6486997655288205
-2.648310360754452
-2.646456229023168
-2.646438962140851
-2.6454269760315925
-2.645380061251378
-2.142555082935354
-2.1418901238244104
-2.141806052524669
-2.140173622225125
-2.139767940688886
-2.136045171962275
-2.1342976305903507
-2.1331044742455316
-2.129563100858118
-2.128441893762955
-2.126112857062984
-2.123260779157868
-2.1205577879155095
-2.111498054134894
-2.1012551934643695
-2.0904067529954973
-2.0795376798603913
-1.676031144672772
-1.6711088067624429
-1.6652581228923506
-1.6592337754316744
-1.653732074634243
-1.6492399934335495
-1.6459191744157355
-1.6422135358898935
-1.6398676918438042
-1.637507832500708
-1.634819343307109
-1.6317857266574651
-1.6236808950335995
-1.6219625138752785
-1.6203685543977289
-1.6188436641855597
-1.6172900736650426
-1.2175231685348138
-1.2161863998351607
-1.214811665382761
-1.2130007983874362
-1.2114752705369298
-1.2087060778294296
-1.2077950041300518
-1.1999925558125142
-1.1970757918811836
-1.1943006638126867
-1.1911316421010576
-1.1904751864132106
-1.1628689723900616
-1.1612181469677827
-1.1602711890292678
-1.15945130398029
-1.1591696938220595
-0.8873496834513047
-0.8868859635575733
-0.8859030619561858
-0.8843573767161309
-0.8818060411447263
-0.8738254544384007
-0.8728710480956635
-0.8654630435502841
-0.8635958983085648
-0.8615745725630561
-0.8590971837070795
-0.8557720363571151
-0.8304024601262059
-0.8292068024705334
-0.8273863538354118
-0.8252349306567184
-0.8230053284485598
-0.6544654400516944
-0.6537396591368482
-0.6514642963992276
-0.6495755408627873
-0.648292584383582
-0.6256883872973709
-0.6239046636875105
-0.6148344379722723
-0.6092046501802642
-0.606582850959104
-0.5978919143931921
-0.5957106883887839
-0.5729936826527509
-0.5700973499888005
-0.564397415315362
-0.5608365109793759
-0.5594364163707515
-0.4990970426287491
-0.4986146597085779
-0.49314786121149684
-0.49145762367490636
-0.48945807917530454
-0.4862874285467446
-0.48501406679150816
-0.46819561713717184
-0.4678093372293475
-0.4671550474525095
-0.46649175951317506
-0.46618057113319544
1.4423040929027486
1.45002215800011
1.4573537504040284
1.4638087862165228
1.4690595927154628
1.4742971470432016
1.4777415880896638
1.483184122475439
1.4863928151611367
1.4901257772563212
1.4947785981704937
1.499353478522553
1.5533249132461058
1.5555619189098715
1.5568172421751418
1.5614961922201487
1.5626101897337383
1.5839523094909806
1.5862834646690636
1.595057613412665
1.5976479060224207
1.6050588936634382
1.6106287780767514
1.6149858968479263
1.627747953923261
1.6314355006765555
1.6322465542111122
1.6359649283219388
1.6363697037118439
1.7699969619631517
1.778071730524662
1.7873777697611244
1.7966373090778447
1.8048707714384884
1.8143539653967549
1.8185874554219976
1.8235530982101111
1.825973691271581
1.8286343072368776
1.8325980350983773
1.836515321527879
1.843308152004932
1.84496152064501
1.8464543732618277
1.8482420748664727
1.8503617397931824
2.19650418856933
2.1971366839449478
2.1976079671982
2.1991618557912207
2.2001177615944556
2.203855817376379
2.206494151092634
2.2073542723179096
2.2116406862392135
2.2130271143541287
2.215792169838278
2.2190723411532947
2.2217859406675426
2.2221760272212543
2.230985315946301
2.241337976243444
2.252251600934133
2.7001243395896104
2.7084410902373226
2.7172840492047703
2.7264582572864704
2.7357701277152224
2.7450361104559398
2.754085268081904
2.762765361591137
2.7709420721762092
2.778499393424555
2.7853389580499313
2.791379070995846
2.796553783016522
2.800811634631796
2.804115572008627
2.8064420101606755
2.8077807922175
-2.7195573757155262
-2.7103939552391614
-2.7011934948277596
-2.6921336118172876
-2.6834037270356936
-2.6751986325150283
-2.6677112789169413
-2.6611193379847595
-2.6555736309221927
-2.6515727475670396
-2.651185254811253
-2.6489001321722254
-2.6480095760338154
-2.646849789722545
-2.646065079066158
-2.6455977174212837
-2.645292340561097
-2.1425075734817027
-2.1421755020552573
-2.1413874088381655
-2.14065901200066
-2.1393601168628797
-2.1363252088149944
-2.1339466884772453
-2.1330394114508833
-2.1304558680225516
-2.1270078138419795
-2.1266038984171125
-2.1238685488010236
-2.1184603477290067
-2.1090230889804182
-2.0985784147577955
-2.087666816797024
-2.07689281438216
-1.6770264623541198
-1.67245636142964
-1.6667657675349343
-1.660716619313225
-1.6550245522686071
-1.6502088287576393
-1.64667447752694
-1.642850432387275
-1.6404383042876938
-1.638119532277384
-1.6355187463146652
-1.6325755518351492
-1.6241307263273452
-1.6223792041528928
-1.6207570787488728
-1.6192201190903512
-1.6176910003730938
-1.2180878451287114
-1.216390554017448
-1.2151802562377054
-1.2131786034136587
-1.21180461201776
-1.2087548055076307
-1.2078747655220055
-1.200677437307494
-1.1976917251754486
-1.1949129158660075
-1.1913822367543423
-1.1905713558297717
-1.163447435541667
-1.1615320153447068
-1.160455363675792
-1.1595423551465796
-1.1592212886385869
-0.8874974080380041
-0.886970957161195
-0.8860290425726414
-0.8847830553193071
-0.8825492521278873
-0.8739506393993169
-0.8731681513820967
-0.8659144107014807
-0.8640372455877651
-0.861927934686311
-0.8597598421377808
-0.8567023588802455
-0.8306119683294771
-0.8295630609064764
-0.8278591108410408
-0.8257856916137589
-0.8235640204207195
-0.6544223604656452
-0.6541118107521334
-0.6511374389827855
-0.6500006942773022
-0.6481446875837248
-0.6259135553779017
-0.623797919017841
-0.6154569337306799
-0.6094615450611099
-0.6065284477504101
-0.5986869648916422
-0.595987254776836
-0.5732722021491788
-0.5707506145654708
-0.5653722861562851
-0.560787809492369
-0.5597679953761712
-0.49901535175919437
-0.4987168739789776
-0.4929876916333528
-0.4917806245395885
-0.48926218882965505
-0.48639744230683335
-0.4853347484132265
-0.46828945062133587
-0.4677131375656724
-0.46735681550899394
-0.46640848365879356
-0.4662678460975584
1.4403506448578216
1.4481166808087953
1.4555884145276172
1.4622994526516613
1.4678666462772842
1.4733581236271143
1.4769140203402222
1.4824264291580571
1.4855579610727743
1.4891684307328106
1.493690124014699
1.4981803765734865
1.5531297536557924
1.5554110632144442
1.5566939713937453
1.5613910899283368
1.5625161271171408
1.5834243560615109
1.58580130411062
1.5946731143093629
1.5974013652028138
1.6047848183078417
1.610452262998625
1.6147925785031298
1.6277831012612667
1.6314407021602562
1.6323053183059566
1.6360385986591002
1.636432865472171
1.768308677716764
1.7758936993135832
1.785020026524087
1.7943840424229391
1.8029540377706685
1.8130217294616406
1.817679009334488
1.8228957762604578
1.8253853352214033
1.8279489531654616
1.831674551311743
1.8355283541738088
1.8428718426969743
1.8445701888792507
1.846094336986696
1.847808337017904
1.8497639602331475
2.1966121110287817
2.1968276586779782
2.198155468425059
2.1985656695387457
2.200454579288579
2.2036771107450663
2.2063360215447796
2.207962501017209
2.210560340848418
2.2147556202229604
2.2149707236764717
2.218454205995881
2.221659175273293
2.2238593858598352
2.233501422354404
2.2440267877281586
2.2550303722882763
2.702143767136211
2.710610046079688
2.719554202814454
2.7287807263734094
2.7380977162773426
2.7473249592723357
2.756295454335452
2.7648615722737624
2.772893607287078
2.7802800424380387
2.7869267745589053
2.792756115327296
2.79770587725745
2.8017281999235415
2.80478944810878
2.8068693998938046
2.8079612599050336
-2.719557375715527
-2.710393955239164
-2.701193494827754
-2.6921336118172916
-2.683403727035695
-2.6751986325150297
-2.6677112789169395
-2.6611193379847586
-2.6555736309221962
-2.651572747567042
-2.651185254811249
-2.6489001321722223
-2.64800957603381
-2.6468497897225514
-2.6460650790661555
-2.645597717421285
-2.6452923405611
-2.142507573481702
-2.1421755020552578
-2.141387408838165
-2.140659012000667
-2.13936011686288
-2.1363252088149944
-2.1339466884772467
-2.133039411450884
-2.1304558680225516
-2.1270078138419803
-2.126603898417114
-2.1238685488010303
-2.118460347729007
-2.109023088980419
-2.098578414757799
-2.0876668167970225
-2.07689281438216
-1.6770264623541193
-1.6724563614296357
-1.6667657675349277
-1.660716619313289
-1.655024552268052
-1.650208828761476
-1.646674477514074
-1.6428504324281237
-1.6404383042207753
-1.6381195323285949
-1.6355187462973468
-1.6325755518362688
-1.6241307263343454
-1.6223792041375937
-1.620757078762526
-1.619220119084668
-1.6176910003739882
-1.2180856124963222
-1.2164184412667973
-1.2150997227127691
-1.2133496171171554
-1.2116099231616484
-1.2089800811173315
-1.207718478242056
-1.200706953301445
-1.1976527831305719
-1.194939989627825
-1.1913622257351875
-1.1905832871020081
-1.163447310972537
-1.161532731690897
-1.1604539735774932
-1.1595440806223174
-1.1592203592509567
-0.8874978976067962
-0.8869700826094534
-0.8860291727802108
-0.8847837079505138
-0.8825486932173359
-0.8739552828425214
-0.8731628112634415
-0.8659219927829185
-0.8640233962308616
-0.8619382413551424
-0.8597563109024234
-0.8567027083208212
-0.8306120404393688
-0.8295629143319561
-0.8278592175402102
-0.8257856541440327
-0.8235640257874849
-0.6545429898011704
-0.6539203109567172
-0.6514475821278009
-0.6495968548302856
-0.6483135629409642
-0.6255066454564865
-0.6243792025140189
-0.6145789429071901
-0.6111188681039084
-0.6050724651665483
-0.5996210318763717
-0.5955363465671385
-0.5734559686336799
-0.5704795289088457
-0.565540562184711
-0.5605888323076685
-0.5599008271279198
-0.49902192150360486
-0.4987086483423185
-0.49302309854469983
-0.49172080891844056
-0.4893045762433224
-0.4863632108792965
-0.48535270350706294
-0.46827123216714617
-0.4677758862773289
-0.4672970004126542
-0.46644949110763656
-0.46624207500572945
1.4403506448579317
1.448116680802642
1.4555884147139397
1.4622994492701777
1.4678666766109167
1.4733578894469477
1.4769146130869
1.482424599052791
1.4855608686750945
1.4891662660102176
1.4936910392576974
1.4981801596685076
1.553391059838786
1.5545191413502428
1.5579963767624385
1.5600336473023981
1.5632312546848992
1.58282233157879
1.5868858454855312
1.5929906068146327
1.599547063720268
1.6032463849487213
1.6116758002499987
1.6140639997997532
1.6283356718359292
1.630196904028723
1.6333367185537933
1.6354947570571734
1.636704829838693
1.76830867768422
1.7758936994819783
1.785020025960083
1.7943840441370376
1.8029540332007
1.813021760761211
1.8176789129826032
1.8228961134420447
1.8253848240003256
1.8279492620230395
1.8316744735403259
1.835528364564579
1.8428718556891217
1.8445701620240709
1.8460943569020118
1.847808331310294
1.8497639607872918
2.1966121110287813
2.196827658677979
2.1981554684250586
2.198565669538745
2.2004545792885795
2.2036771107450672
2.20633602154478
2.2079625010172106
2.210560340848417
2.2147556202229595
2.2149707236764704
2.2184542059958816
2.2216591752732926
2.2238593858598374
2.233501422354402
2.24402678772816
2.2550303722882767
2.70214376713621
2.7106100460796902
2.719554202814454
2.7287807263734085
2.7380977162773434
2.7473249592723343
2.756295454335452
2.7648615722737633
2.7728936072870796
2.7802800424380387
2.7869267745589044
2.7927561153272955
2.797705877257448
2.801728199923543
2.804789448108779
2.8068693998938046
2.8079612599050328
-2.7195573757155325
-2.7103939552391623
-2.701193494827758
-2.6921336118172894
-2.6834037270356945
-2.6751986325150314
-2.667711278916944
-2.661119337984761
-2.6555736309221945
-2.651572747567041
-2.651185254811251
-2.648900132172223
-2.648009576033814
-2.6468497897225514
-2.6460650790661537
-2.64559771742128
-2.6452923405610957
-2.142507573481706
-2.1421755020552586
-2.1413874088381677
-2.1406590120006626
-2.1393601168628797
-2.136325208814995
-2.133946688477243
-2.1330394114508877
-2.130455868022546
-2.1270078138419817
-2.126603898417114
-2.123868548801031
-2.1184603477290085
-2.1090230889804196
-2.098578414757801
-2.0876668167970216
-2.0768928143821612
-1.6770264623541213
-1.672456361429638
-1.6667657675349745
-1.6607166193127127
-1.6550245522743494
-1.6502088287067678
-1.6466744777401494
-1.6428504314664691
-1.640438306229015
-1.6381195302355318
-1.6355187474932837
-1.6325755514743605
-1.6241307265673304
-1.6223792037245754
-1.6207570790762367
-1.6192201189703093
-1.617691000390001
-1.2180875027543827
-1.2163942975104443
-1.2151714349811882
-1.213193710354736
-1.2117920946918672
-1.208757759915691
-1.2078753997202754
-1.2006733621207635
-1.1976994908305283
-1.1949058702395297
-1.1913891282728355
-1.1905670591226782
-1.1634476392698934
-1.1615307188478312
-1.1604580156337108
-1.1595388751826634
-1.1592232116763017
-0.887491760525821
-0.8869860118991642
-0.8860105624638903
-0.8847953176152716
-0.8825454904272073
-0.8739614124596297
-0.8731563877780313
-0.8659255043193984
-0.864018996891794
-0.8619399087416412
-0.8597563247617526
-0.8567026193530911
-0.8306120664607711
-0.829562877102551
-0.82785922745349
-0.825785657656699
-0.8235640241952993
-0.6546396468727785
-0.6537147089443825
-0.6517409042526515
-0.6490966555822038
-0.6486322034881891
-0.6252811812859613
-0.6246334668068906
-0.6145091991492277
-0.6111107615268282
-0.6052223631472594
-0.5994090244725258
-0.5956528814964696
-0.5733160928414374
-0.570706404530002
-0.5653737555936442
-0.560811295700755
-0.5597499688164707
-0.4991196672404918
-0.4985868715621997
-0.49327019619178475
-0.49126886023958843
-0.48962259083125736
-0.4861565688058564
-0.4854703808363719
-0.4682023715864653
-0.46792425294935935
-0.46717052258387326
-0.46653727611960233
-0.4662011018661327
1.4403506448578989
1.4481166808042683
1.45558841466951
1.4622994499986701
1.4678666706564487
1.473357930980239
1.4769145152309762
1.4824248660762827
1.4855604759403769
1.4891665312755136
1.493690941658235
1.498180179379782
1.553436458873297
1.5544253556113783
1.5582072824191027
1.5598069741368352
1.563300991647119
1.582716532150019
1.5871522855954179
1.5926099481821614
1.6003587951825826
1.6024906962399879
1.6123130019706038
1.6135573254668754
1.6288373671228324
1.6295356665797587
1.6337238188521943
1.6352212308392613
1.6367786629070142
1.76830867761472
1.7758936998875425
1.7850200243616365
1.7943840500449637
1.8029540136299904
1.8130219476706528
1.8176782096133826
1.8228994014558402
1.8253789046051703
1.827953704570072
1.8316727347037787
1.8355289093379192
1.8428714285808947
1.8445708017366516
1.8460939767997624
1.847808420221892
1.8497639536559578
2.1966121110287804
2.196827658677979
2.1981554684250586
2.1985656695387457
2.2004545792885803
2.203677110745065
2.2063360215447796
2.2079625010172093
2.2105603408484185
2.2147556202229604
2.214970723676472
2.218454205995882
2.22165917527329
2.2238593858598366
2.233501422354404
2.244026787728155
2.255030372288277
2.7021437671362105
2.710610046079689
2.7195542028144546
2.7287807263734107
2.738097716277343
2.747324959272334
2.7562954543354525
2.764861572273763
2.77289360728708
2.7802800424380387
2.7869267745589057
2.7927561153272964
2.7977058772574486
2.8017281999235415
2.8047894481087785
2.806869399893805
2.8079612599050328
-2.719557375715527
-2.710393955239158
-2.701193494827766
-2.692133611817291
-2.6834037270356923
-2.675198632515027
-2.667711278916943
-2.661119337984763
-2.6555736309222
-2.651572747567044
-2.65118525481125
-2.6489001321722214
-2.6480095760338056
-2.6468497897225505
-2.6460650790661564
-2.6455977174212855
-2.6452923405610953
-2.1425075734817054
-2.1421755020552564
-2.141387408838169
-2.140659012000669
-2.1393601168628784
-2.1363252088149935
-2.1339466884772493
-2.1330394114508877
-2.130455868022551
-2.1270078138419795
-2.126603898417112
-2.123868548801026
-2.1184603477290094
-2.109023088980419
-2.0985784147578017
-2.087666816797028
-2.0768928143821612
-1.677026462354119
-1.6724563614296362
-1.6667657675349823
-1.6607166193126561
-1.6550245522749019
-1.6502088287029328
-1.6466744777530096
-1.6428504314256196
-1.6404383062959276
-1.638119530184316
-1.6355187475106003
-1.632575551473238
-1.6241307265603286
-1.6223792037398692
-1.6207570790625854
-1.619220118975994
-1.6176910003891076
-1.2180897200236829
-1.2163644285847848
-1.2152486578824482
-1.2129871092596263
-1.2120196302514656
-1.2083564016236672
-1.2082157385008618
-1.2006433566463097
-1.1977384376246925
-1.1948792489902544
-1.1914085800082783
-1.1905557988857225
-1.1634477637514855
-1.161529999377451
-1.1604594014677168
-1.1595371308774425
-1.1592241673694303
-0.8874912509426354
-0.8869868942718054
-0.8860104507917805
-0.8847946604743377
-0.8825460475547771
-0.8739568455219328
-0.8731616518186094
-0.8659179535541276
-0.8640328340538734
-0.8619295833233359
-0.8597598551034623
-0.8567022699576032
-0.8306119943559496
-0.8295630236738281
-0.8278591207524248
-0.8257856951264764
-0.8235640188285483
-0.6545754129653443
-0.6538643126202659
-0.6514993673322076
-0.6495617995721078
-0.6483189223274244
-0.625816564610735
-0.6239268446634704
-0.6153984918656635
-0.6093827191140044
-0.6067077989173889
-0.5984386718014064
-0.5961668625982051
-0.5731019838914355
-0.5710010649441516
-0.565207660969329
-0.5609737789740046
-0.5596582553365872
-0.4991161029303789
-0.49859213503549404
-0.49324746807992803
-0.4913279076146455
-0.4895701931700061
-0.4861974791392186
-0.48544380326421427
-0.46823260534431155
-0.46786818407079117
-0.4672158414515313
-0.4665042565715372
-0.466214686144881
1.4403506448577874
1.4481166808104218
1.4555884144831897
1.462299453380157
1.4678666403229457
1.4733581651683036
1.4769139224958563
1.482426696485579
1.4855575682860704
1.4891686957744843
1.4936900263712207
1.4981803962807667
1.553152112873777
1.555265169788534
1.5568833149586474
1.5611626987386615
1.5626842332413284
1.5832501724084134
1.5860893704990062
1.5940905291504035
1.5981096303094313
1.6043210113537036
1.6108733099317418
1.61456149733851
1.6279951959697812
1.6307850891611855
1.6328950269726485
1.6357497965469012
1.6366042313451272
1.7683086776472638
1.7758936997191503
1.7850200249256425
1.7943840483308635
1.8029540181999375
1.8130219163669343
1.8176783059381687
1.8228990633008
1.8253794157968128
1.8279533966496087
1.8316728125660973
1.8355288989533478
1.8428714155966066
1.844570828593944
1.8460939568754888
1.8478084259284506
1.8497639531018022
2.19661211102878
2.1968276586779787
2.1981554684250586
2.198565669538745
2.2004545792885817
2.2036771107450677
2.2063360215447814
2.2079625010172106
2.210560340848417
2.2147556202229604
2.2149707236764713
2.2184542059958834
2.221659175273291
2.2238593858598357
2.233501422354402
2.24402678772816
2.2550303722882776
2.7021437671362105
2.7106100460796894
2.719554202814455
2.72878072637341
2.738097716277343
2.747324959272334
2.756295454335453
2.7648615722737624
2.7728936072870805
2.7802800424380396
2.786926774558904
2.7927561153272955
2.797705877257448
2.8017281999235424
2.8047894481087776
2.8068693998938055
2.8079612599050328
