-2.5590216525255873
-2.5564341441767895
-2.553927054456478
-2.553048791227113
-2.5382645568895716
-2.537502172279338
-2.53540468832001
-1.8258493563898452
-1.8131885247218322
-1.8080558533422164
-1.7396384494555737
-1.7322406168639903
-1.7101950373436299
-1.6878224938175683
-1.3540183208743017
-1.3312458959260742
-1.3169290610219262
-1.3127647337901847
-0.4898819729611053
-0.4822116834173195
-0.4538177138652023
-0.30149536951914746
-0.1674219775220441
-0.11701153237356006
-0.013973633165882687
0.013973633165881962
0.11701153237355999
0.16742197752204424
0.3014953695191467
0.4538177138652017
0.4822116834173184
0.4898819729611077
1.3127647337901829
1.316929061021926
1.3312458959260736
1.3540183208743006
1.6878224938175692
1.71019503734363
1.7322406168639892
1.7396384494555714
1.8080558533422162
1.8131885247218327
1.825849356389845
2.5354046883200128
2.5375021722793405
2.5382645568895743
2.5530487912271145
2.5539270544564796
2.5564341441767913
2.5590216525255896
-2.559032885080029
-2.55636933563903
-2.5541034624614283
-2.5529225062270546
-2.5383351466663857
-2.537418549434461
-2.53542117436958
-1.8257691140162207
-1.8136786985946012
-1.8075924009800879
-1.740812619259526
-1.7306084684027712
-1.710847604975298
-1.6876810117808208
-1.3540828415663
-1.3309110599284766
-1.317686091822513
-1.3122784174740783
-0.4906589168936115
-0.48102981875151724
-0.45428773575030046
-0.30125580806540314
-0.1690139418478458
-0.11404836065590566
-0.020941088219090617
0.020941088219090298
0.11404836065590576
0.1690139418478457
0.30125580806540264
0.45428773575030057
0.48102981875151746
0.4906589168936102
1.312278417474078
1.3176860918225124
1.3309110599284764
1.3540828415662993
1.6876810117808199
1.7108476049752972
1.7306084684027714
1.7408126192595255
1.8075924009800872
1.8136786985946016
1.8257691140162207
2.5354211743695787
2.5374185494344608
2.538335146666383
2.5529225062270546
2.5541034624614283
2.556369335639031
2.5590328850800304
-2.5590591050876474
-2.556190008618442
-2.5544610971754786
-2.552709620675378
-2.53846893257889
-2.5372508433198546
-2.5354634524297186
-1.8255647605495102
-1.8146577541411528
-1.806687372012756
-1.7427592317268892
-1.727302992759171
-1.712662975354415
-1.687353832142863
-1.3542356702894538
-1.330014919621911
-1.3192621480109306
-1.3114466365905417
-0.49203229152119465
-0.47858611269426976
-0.4555146243728697
-0.30067326023091084
-0.17242713633711046
-0.10676961621573948
-0.03332135449934276
0.03332135449934221
0.10676961621573797
0.17242713633710943
0.30067326023090996
0.4555146243728701
0.4785861126942695
0.49203229152119426
1.3114466365905408
1.3192621480109301
1.3300149196219115
1.354235670289454
1.6873538321428645
1.7126629753544156
1.727302992759172
1.7427592317268907
1.8066873720127574
1.814657754141154
1.825564760549512
2.535463452429718
2.537250843319854
2.538468932578889
2.5527096206753765
2.554461097175476
2.556190008618441
2.559059105087646
-2.5590841654915284
-2.5559473569530873
-2.554827661504653
-2.5525522589576832
-2.5385753712853734
-2.5371062919372838
-2.5355099537632233
-1.8253427613059299
-1.815488853485515
-1.8059463286803838
-1.7441926134052226
-1.723740133358556
-1.715232489215435
-1.6870447398871065
-1.3543845642730499
-1.3289170347516934
-1.3208243657423289
-1.3108343734932573
-0.49306267442719337
-0.47630681060119645
-0.45691924596483885
-0.3000845496469492
-0.1754124623499567
-0.09864762318674963
-0.04442832781723968
0.04442832781723894
0.09864762318674888
0.1754124623499562
0.30008454964694836
0.45691924596483807
0.476306810601194
0.49306267442719187
1.3108343734932575
1.3208243657423289
1.3289170347516934
1.3543845642730508
1.6870447398871078
1.7152324892154343
1.723740133358556
1.7441926134052226
1.8059463286803838
1.8154888534855143
1.8253427613059303
2.5355099537632224
2.5371062919372838
2.5385753712853796
2.5525522589576832
2.5548276615046546
2.5559473569530877
2.5590841654915275
-2.5590942346202867
-2.555797793845398
-2.555019953493907
-2.552495977168892
-2.5386145530216084
-2.5370498166318907
-2.5355307311139326
-1.8252446688554615
-1.8158089827775885
-1.8056691542504721
-1.7447059158523224
-1.7215211605772622
-1.717116177866178
-1.686921445207491
-1.3544451454542146
-1.328353074174817
-1.3215455686902877
-1.3106169491459163
-0.4934310474013388
-0.4753462701006121
-0.45757565981518566
-0.29983882246798615
-0.1765568791149265
-0.0946885331833834
-0.049339378558980136
0.049339378558980684
0.09468853318338213
0.17655687911492698
0.2998388224679864
0.4575756598151851
0.4753462701006137
0.4934310474013377
1.3106169491459163
1.3215455686902906
1.328353074174818
1.3544451454542141
1.6869214452074905
1.7171161778661779
1.7215211605772618
1.7447059158523235
1.8056691542504713
1.8158089827775872
1.8252446688554602
2.5355307311139317
2.5370498166318916
2.538614553021608
2.5524959771688924
2.555019953493906
2.5557977938453975
2.559094234620287
-2.559084165491527
-2.5559473569530877
-2.554827661504656
-2.552552258957683
-2.538575371285378
-2.5371062919372838
-2.5355099537632224
-1.8253427613059303
-1.8154888534855151
-1.8059463286803847
-1.7441926134052226
-1.7237401333585567
-1.7152324892154351
-1.6870447398871058
-1.3543845642730503
-1.3289170347516939
-1.3208243657423295
-1.310834373493258
-0.49306267442719315
-0.4763068106011965
-0.45691924596483857
-0.3000845496469491
-0.17541246234995694
-0.09864762318674934
-0.04442832781723936
0.0444283278172386
0.09864762318674944
0.1754124623499557
0.30008454964695
0.45691924596483924
0.47630681060119645
0.4930626744271937
1.3108343734932555
1.3208243657423264
1.3289170347516912
1.3543845642730485
1.6870447398871067
1.7152324892154347
1.7237401333585565
1.744192613405222
1.8059463286803843
1.8154888534855147
1.8253427613059292
2.5355099537632255
2.5371062919372873
2.5385753712853787
2.5525522589576863
2.5548276615046595
2.5559473569530904
2.559084165491531
-2.559059105087647
-2.556190008618441
-2.554461097175479
-2.552709620675378
-2.5384689325788905
-2.537250843319854
-2.5354634524297186
-1.8255647605495104
-1.814657754141153
-1.8066873720127572
-1.7427592317268896
-1.7273029927591708
-1.712662975354415
-1.6873538321428632
-1.3542356702894542
-1.3300149196219109
-1.31926214801093
-1.311446636590541
-0.492032291521194
-0.47858611269427026
-0.4555146243728697
-0.30067326023091034
-0.1724271363371104
-0.10676961621573813
-0.03332135449934228
0.03332135449934301
0.10676961621573922
0.17242713633710982
0.30067326023091095
0.45551462437286994
0.47858611269426876
0.49203229152119354
1.3114466365905406
1.31926214801093
1.3300149196219104
1.3542356702894534
1.687353832142864
1.7126629753544145
1.7273029927591719
1.7427592317268907
1.8066873720127568
1.814657754141152
1.8255647605495098
2.5354634524297195
2.537250843319855
2.5384689325788887
2.5527096206753788
2.554461097175478
2.5561900086184415
2.559059105087648
-2.5590328850800304
-2.5563693356390313
-2.5541034624614283
-2.552922506227056
-2.5383351466663844
-2.537418549434462
-2.535421174369581
-1.8257691140162213
-1.8136786985946016
-1.8075924009800863
-1.740812619259526
-1.730608468402771
-1.710847604975298
-1.6876810117808203
-1.3540828415663
-1.3309110599284768
-1.317686091822513
-1.3122784174740778
-0.49065891689361163
-0.48102981875151796
-0.45428773575030057
-0.30125580806540314
-0.1690139418478465
-0.11404836065590583
-0.020941088219091197
0.02094108821909026
0.1140483606559064
0.16901394184784707
0.30125580806540425
0.4542877357503
0.4810298187515178
0.4906589168936137
1.3122784174740765
1.3176860918225122
1.330911059928477
1.3540828415662993
1.6876810117808199
1.710847604975299
1.7306084684027725
1.7408126192595264
1.8075924009800886
1.813678698594602
1.8257691140162213
2.535421174369578
2.5374185494344608
2.5383351466663857
2.5529225062270533
2.554103462461428
2.5563693356390296
2.5590328850800277
-2.559021652525588
-2.5564341441767895
-2.553927054456477
-2.553048791227112
-2.538264556889574
-2.5375021722793383
-2.5354046883200105
-1.8258493563898448
-1.8131885247218325
-1.8080558533422162
-1.739638449455575
-1.7322406168639901
-1.71019503734363
-1.6878224938175679
-1.3540183208743015
-1.3312458959260745
-1.3169290610219266
-1.3127647337901853
-0.4898819729611058
-0.4822116834173187
-0.4538177138652027
-0.30149536951914746
-0.1674219775220439
-0.11701153237355943
-0.013973633165881561
0.01397363316588246
0.11701153237356032
0.16742197752204455
0.3014953695191486
0.45381771386520303
0.4822116834173191
0.4898819729611046
1.3127647337901829
1.316929061021926
1.3312458959260733
1.3540183208743006
1.6878224938175685
1.710195037343631
1.7322406168639906
1.7396384494555752
1.8080558533422133
1.8131885247218311
1.8258493563898437
2.5354046883200088
2.5375021722793365
2.5382645568895703
2.553048791227116
2.553927054456478
2.556434144176789
2.5590216525255878
-2.5590216525255873
-2.55643414417679
-2.553927054456478
-2.553048791227114
-2.5382645568895748
-2.537502172279339
-2.535404688320011
-1.8258493563898446
-1.813188524721832
-1.808055853342217
-1.7396384494555739
-1.73224061686399
-1.71019503734363
-1.6878224938175677
-1.3540183208743013
-1.3312458959260742
-1.3169290610219266
-1.3127647337901855
-0.48988197296110453
-0.4822116834173186
-0.4538177138652035
-0.3014953695191479
-0.1674219775220439
-0.11701153237355942
-0.013973633165881991
0.013973633165882238
0.11701153237355898
0.16742197752204344
0.3014953695191472
0.45381771386520214
0.4822116834173189
0.48988197296110675
1.3127647337901847
1.316929061021926
1.3312458959260731
1.3540183208743006
1.6878224938175688
1.7101950373436308
1.7322406168639906
1.7396384494555752
1.8080558533422177
1.8131885247218318
1.8258493563898441
2.535404688320012
2.537502172279339
2.5382645568895694
2.5530487912271136
2.553927054456477
2.556434144176791
2.5590216525255878
-2.559040692616414
-2.5563206669372933
-2.554213503414061
-2.552850881655282
-2.538378484164885
-2.537365655038552
-2.5354331760536626
-1.825710885941221
-1.8139885933224507
-1.8073027270416924
-1.7414700258619338
-1.7295961127555795
-1.7113381287110805
-1.6875831516832636
-1.3541280273267584
-1.3306629576151432
-1.3181686742525964
-1.3119990338616567
-0.4911155148046744
-0.4802743975545177
-0.45463250275946704
-0.30108580493287534
-0.17006939220350556
-0.11195148130208107
-0.02493001454599596
0.024930014545995655
0.11195148130208227
0.17006939220350586
0.3010858049328762
0.45463250275946726
0.48027439755451834
0.49111551480467536
1.3119990338616565
1.3181686742525953
1.330662957615143
1.3541280273267589
1.687583151683263
1.7113381287110812
1.7295961127555797
1.7414700258619338
1.8073027270416926
1.8139885933224498
1.8257108859412203
2.5354331760536644
2.537365655038551
2.5383784841648853
2.552850881655283
2.5542135034140623
2.556320666937294
2.5590406926164135
-2.5590665595487363
-2.5561283484393194
-2.5545628431591285
-2.5526596266326895
-2.538502193678242
-2.5372069001257387
-2.5354765883037262
-1.825501731405987
-1.8149119798670499
-1.8064576996779012
-1.7432145637211969
-1.7263447344309553
-1.7132963756392088
-1.6872615412447258
-1.3542796761335953
-1.3297205480402439
-1.3197078844475267
-1.311251548163881
-0.4923593041011803
-0.47791519167630464
-0.45590422500320193
-0.3005014821361244
-0.1733384954485896
-0.10452492252816628
-0.03657205500889652
0.03657205500889576
0.10452492252816648
0.17333849544858937
0.30050148213612377
0.45590422500320266
0.47791519167630653
0.492359304101181
1.3112515481638813
1.3197078844475265
1.3297205480402445
1.3542796761335953
1.6872615412447263
1.7132963756392094
1.7263447344309557
1.7432145637211987
1.8064576996779012
1.8149119798670494
1.8255017314059865
2.5354765883037245
2.5372069001257382
2.5385021936782395
2.5526596266326895
2.554562843159129
2.5561283484393185
2.559066559548737
-2.559084165491529
-2.5559473569530873
-2.554827661504654
-2.5525522589576832
-2.538575371285378
-2.537106291937284
-2.5355099537632237
-1.82534276130593
-1.8154888534855156
-1.8059463286803847
-1.7441926134052221
-1.723740133358557
-1.7152324892154351
-1.6870447398871056
-1.35438456427305
-1.3289170347516936
-1.3208243657423289
-1.3108343734932573
-0.4930626744271923
-0.476306810601196
-0.45691924596483835
-0.30008454964694947
-0.17541246234995653
-0.09864762318674965
-0.04442832781723931
0.04442832781723846
0.09864762318675047
0.17541246234995655
0.30008454964694914
0.4569192459648378
0.4763068106011949
0.49306267442719226
1.3108343734932566
1.3208243657423275
1.328917034751692
1.354384564273049
1.6870447398871051
1.7152324892154338
1.7237401333585565
1.744192613405223
1.8059463286803852
1.8154888534855163
1.82534276130593
2.5355099537632224
2.537106291937284
2.53857537128538
2.5525522589576832
2.5548276615046577
2.555947356953089
2.5590841654915284
-2.559084165491529
-2.5559473569530877
-2.5548276615046546
-2.5525522589576837
-2.538575371285378
-2.5371062919372833
-2.535509953763224
-1.8253427613059299
-1.8154888534855154
-1.8059463286803854
-1.7441926134052221
-1.723740133358557
-1.7152324892154351
-1.6870447398871053
-1.3543845642730499
-1.3289170347516934
-1.3208243657423293
-1.3108343734932573
-0.49306267442719215
-0.47630681060119556
-0.4569192459648377
-0.30008454964694986
-0.17541246234995705
-0.09864762318675023
-0.04442832781723984
0.044428327817238066
0.09864762318674929
0.17541246234995544
0.30008454964694925
0.45691924596483796
0.47630681060119495
0.49306267442719204
1.310834373493258
1.3208243657423298
1.328917034751694
1.35438456427305
1.6870447398871058
1.715232489215433
1.7237401333585565
1.744192613405222
1.8059463286803845
1.815488853485515
1.8253427613059294
2.535509953763224
2.537106291937285
2.53857537128538
2.552552258957684
2.554827661504657
2.555947356953089
2.5590841654915284
-2.5590665595487376
-2.556128348439319
-2.5545628431591294
-2.552659626632691
-2.5385021936782444
-2.5372069001257396
-2.5354765883037267
-1.8255017314059865
-1.8149119798670497
-1.806457699677901
-1.7432145637211973
-1.7263447344309555
-1.7132963756392092
-1.6872615412447258
-1.3542796761335956
-1.3297205480402439
-1.319707884447526
-1.311251548163881
-0.4923593041011798
-0.4779151916763041
-0.45590422500320155
-0.3005014821361247
-0.173338495448589
-0.10452492252816503
-0.036572055008896286
0.03657205500889609
0.10452492252816624
0.17333849544859004
0.3005014821361249
0.4559042250032035
0.4779151916763077
0.4923593041011822
1.3112515481638802
1.319707884447525
1.3297205480402425
1.3542796761335953
1.6872615412447272
1.71329637563921
1.7263447344309566
1.743214563721199
1.8064576996779003
1.814911979867049
1.825501731405986
2.5354765883037267
2.5372069001257382
2.538502193678241
2.5526596266326895
2.554562843159128
2.5561283484393185
2.5590665595487354
-2.559040692616413
-2.5563206669372924
-2.5542135034140614
-2.552850881655282
-2.5383784841648827
-2.5373656550385513
-2.5354331760536626
-1.8257108859412206
-1.81398859332245
-1.8073027270416915
-1.7414700258619336
-1.7295961127555797
-1.71133812871108
-1.6875831516832625
-1.3541280273267584
-1.3306629576151434
-1.3181686742525967
-1.311999033861657
-0.4911155148046751
-0.48027439755451795
-0.4546325027594669
-0.3010858049328757
-0.17006939220350553
-0.11195148130208138
-0.02493001454599671
0.02493001454599512
0.11195148130208099
0.17006939220350598
0.3010858049328746
0.45463250275946776
0.48027439755451906
0.4911155148046757
1.3119990338616576
1.3181686742525967
1.3306629576151439
1.3541280273267589
1.6875831516832616
1.7113381287110805
1.7295961127555803
1.7414700258619351
1.807302727041693
1.8139885933224504
1.8257108859412206
2.5354331760536626
2.537365655038551
2.538378484164883
2.5528508816552806
2.55421350341406
2.556320666937293
2.5590406926164126
-2.559021652525588
-2.5564341441767904
-2.553927054456479
-2.553048791227114
-2.5382645568895748
-2.5375021722793396
-2.535404688320011
-1.825849356389845
-1.8131885247218313
-1.808055853342217
-1.7396384494555739
-1.7322406168639897
-1.71019503734363
-1.6878224938175679
-1.354018320874301
-1.3312458959260745
-1.3169290610219266
-1.3127647337901847
-0.4898819729611053
-0.4822116834173182
-0.453817713865203
-0.3014953695191463
-0.16742197752204452
-0.11701153237356027
-0.013973633165882097
0.013973633165881726
0.11701153237355881
0.16742197752204277
0.3014953695191468
0.45381771386520287
0.48221168341731846
0.489881972961105
1.3127647337901853
1.316929061021927
1.3312458959260758
1.3540183208743026
1.6878224938175685
1.7101950373436299
1.7322406168639906
1.7396384494555746
1.8080558533422184
1.8131885247218327
1.8258493563898455
2.5354046883200088
2.537502172279338
2.538264556889572
2.5530487912271136
2.55392705445648
2.556434144176791
2.559021652525588
-2.559013569306442
-2.5564776065318457
-2.553766745167308
-2.5531761598540963
-2.5382042721050992
-2.537571354271764
-2.535393352636159
-1.8259046937810919
-1.8127852136477383
-1.808441511233169
-1.7384031557282673
-1.7337740118413218
-1.709757199693934
-1.6879248386958452
-1.3539722502131277
-1.3314728766828758
-1.3162795931383986
-1.3132330093186853
-0.48916943591731993
-0.4831992592622582
-0.45349655145615136
-0.3016641668006737
-0.1662114225822491
-0.11912949039906755
-0.005724039481290669
0.005724039481289768
0.11912949039906728
0.16621142258224833
0.3016641668006736
0.45349655145615175
0.48319925926225893
0.4891694359173177
1.313233009318681
1.316279593138399
1.331472876682875
1.3539722502131273
1.6879248386958445
1.709757199693934
1.7337740118413216
1.7384031557282695
1.808441511233172
1.8127852136477394
1.8259046937810925
2.53539335263616
2.5375713542717664
2.538204272105101
2.5531761598540923
2.553766745167309
2.556477606531846
2.5590135693064426
-2.5590216525255873
-2.5564341441767904
-2.553927054456478
-2.5530487912271123
-2.538264556889572
-2.5375021722793383
-2.5354046883200105
-1.8258493563898444
-1.813188524721832
-1.808055853342217
-1.739638449455574
-1.7322406168639901
-1.71019503734363
-1.6878224938175683
-1.3540183208743013
-1.3312458959260745
-1.3169290610219269
-1.3127647337901844
-0.4898819729611052
-0.48221168341731774
-0.4538177138652021
-0.30149536951914724
-0.16742197752204493
-0.11701153237356038
-0.013973633165881754
0.01397363316588224
0.11701153237355973
0.1674219775220437
0.30149536951914757
0.4538177138652025
0.4822116834173181
0.48988197296110525
1.3127647337901849
1.3169290610219266
1.3312458959260742
1.3540183208743013
1.6878224938175679
1.7101950373436299
1.7322406168639897
1.7396384494555726
1.808055853342215
1.8131885247218327
1.8258493563898457
2.535404688320008
2.5375021722793383
2.5382645568895743
2.5530487912271154
2.5539270544564787
2.55643414417679
2.5590216525255873
-2.5590406926164135
-2.556320666937293
-2.554213503414062
-2.552850881655283
-2.538378484164885
-2.5373656550385517
-2.5354331760536644
-1.8257108859412206
-1.8139885933224495
-1.807302727041691
-1.7414700258619336
-1.7295961127555792
-1.7113381287110803
-1.6875831516832622
-1.3541280273267586
-1.3306629576151434
-1.3181686742525964
-1.3119990338616572
-0.49111551480467447
-0.48027439755451795
-0.4546325027594672
-0.30108580493287496
-0.1700693922035045
-0.1119514813020805
-0.024930014545995752
0.02493001454599573
0.1119514813020808
0.17006939220350412
0.30108580493287546
0.45463250275946715
0.480274397554518
0.4911155148046746
1.311999033861658
1.3181686742525973
1.3306629576151439
1.3541280273267589
1.6875831516832625
1.711338128711079
1.7295961127555786
1.7414700258619327
1.8073027270416904
1.81398859332245
1.8257108859412206
2.5354331760536626
2.5373656550385495
2.5383784841648844
2.552850881655284
2.5542135034140645
2.556320666937293
2.5590406926164144
-2.5590591050876452
-2.5561900086184415
-2.5544610971754786
-2.552709620675378
-2.5384689325788887
-2.5372508433198537
-2.5354634524297173
-1.8255647605495102
-1.8146577541411528
-1.8066873720127576
-1.742759231726889
-1.7273029927591708
-1.712662975354414
-1.6873538321428627
-1.3542356702894538
-1.330014919621911
-1.3192621480109306
-1.3114466365905415
-0.4920322915211944
-0.47858611269427054
-0.45551462437286916
-0.30067326023091057
-0.17242713633711024
-0.1067696162157384
-0.03332135449934341
0.033321354499341975
0.10676961621573845
0.17242713633710952
0.30067326023091145
0.4555146243728704
0.4785861126942689
0.4920322915211935
1.311446636590542
1.3192621480109306
1.3300149196219115
1.3542356702894551
1.6873538321428627
1.7126629753544147
1.727302992759171
1.7427592317268896
1.8066873720127563
1.8146577541411526
1.8255647605495093
2.535463452429721
2.5372508433198546
2.538468932578889
2.552709620675379
2.5544610971754786
2.556190008618442
2.559059105087648
-2.559066559548738
-2.5561283484393176
-2.554562843159129
-2.552659626632691
-2.538502193678242
-2.537206900125739
-2.5354765883037262
-1.8255017314059865
-1.8149119798670494
-1.8064576996779003
-1.7432145637211973
-1.7263447344309555
-1.7132963756392083
-1.687261541244725
-1.3542796761335951
-1.3297205480402445
-1.3197078844475263
-1.3112515481638811
-0.4923593041011801
-0.4779151916763045
-0.4559042250032019
-0.3005014821361244
-0.17333849544858823
-0.10452492252816678
-0.03657205500889681
0.03657205500889595
0.10452492252816581
0.1733384954485894
0.30050148213612404
0.45590422500320266
0.47791519167630486
0.4923593041011807
1.3112515481638816
1.3197078844475265
1.3297205480402445
1.3542796761335947
1.687261541244725
1.7132963756392066
1.7263447344309535
1.7432145637211962
1.8064576996779003
1.8149119798670486
1.8255017314059865
2.5354765883037294
2.5372069001257396
2.5385021936782426
2.5526596266326917
2.554562843159128
2.5561283484393194
2.5590665595487363
-2.559059105087646
-2.556190008618441
-2.5544610971754786
-2.552709620675378
-2.5384689325788887
-2.537250843319854
-2.535463452429719
-1.8255647605495102
-1.8146577541411526
-1.806687372012757
-1.74275923172689
-1.7273029927591712
-1.7126629753544147
-1.6873538321428625
-1.3542356702894536
-1.3300149196219113
-1.3192621480109303
-1.311446636590541
-0.49203229152119454
-0.4785861126942705
-0.4555146243728697
-0.30067326023091
-0.17242713633710985
-0.10676961621573847
-0.03332135449934313
0.03332135449934183
0.10676961621573862
0.17242713633711043
0.30067326023091023
0.4555146243728701
0.4785861126942688
0.4920322915211944
1.3114466365905415
1.319262148010931
1.3300149196219118
1.3542356702894545
1.6873538321428623
1.7126629753544158
1.727302992759172
1.742759231726891
1.8066873720127565
1.8146577541411533
1.8255647605495098
2.5354634524297195
2.537250843319854
2.5384689325788883
2.552709620675377
2.5544610971754778
2.5561900086184393
2.559059105087646
-2.5590406926164135
-2.5563206669372933
-2.5542135034140627
-2.5528508816552824
-2.5383784841648853
-2.5373656550385513
-2.5354331760536635
-1.8257108859412206
-1.8139885933224504
-1.8073027270416913
-1.7414700258619331
-1.7295961127555795
-1.71133812871108
-1.6875831516832625
-1.3541280273267586
-1.330662957615143
-1.3181686742525964
-1.3119990338616572
-0.4911155148046753
-0.48027439755451784
-0.45463250275946765
-0.30108580493287546
-0.17006939220350523
-0.11195148130208087
-0.02493001454599511
0.02493001454599568
0.11195148130207959
0.17006939220350367
0.3010858049328742
0.4546325027594667
0.4802743975545178
0.4911155148046739
1.31199903386166
1.3181686742525986
1.3306629576151452
1.3541280273267606
1.6875831516832622
1.7113381287110812
1.7295961127555801
1.7414700258619351
1.8073027270416921
1.8139885933224502
1.8257108859412206
2.5354331760536613
2.5373656550385504
2.5383784841648813
2.5528508816552815
2.5542135034140623
2.556320666937291
2.559040692616414
-2.559021652525588
-2.5564341441767917
-2.5539270544564787
-2.553048791227115
-2.5382645568895748
-2.537502172279341
-2.5354046883200105
-1.8258493563898448
-1.8131885247218325
-1.8080558533422169
-1.7396384494555739
-1.73224061686399
-1.7101950373436297
-1.6878224938175683
-1.354018320874301
-1.3312458959260738
-1.3169290610219266
-1.3127647337901847
-0.48988197296110475
-0.482211683417319
-0.4538177138652006
-0.3014953695191478
-0.16742197752204316
-0.11701153237355907
-0.013973633165881696
0.013973633165882684
0.11701153237355993
0.1674219775220447
0.30149536951914785
0.45381771386520303
0.4822116834173198
0.4898819729611058
1.3127647337901844
1.3169290610219275
1.331245895926074
1.3540183208743004
1.6878224938175677
1.7101950373436288
1.7322406168639886
1.7396384494555728
1.808055853342218
1.8131885247218327
1.8258493563898441
2.5354046883200105
2.537502172279341
2.5382645568895748
2.5530487912271145
2.5539270544564787
2.5564341441767895
2.5590216525255873
-2.5590135693064417
-2.5564776065318457
-2.5537667451673074
-2.5531761598540954
-2.538204272105099
-2.5375713542717633
-2.535393352636159
-1.825904693781093
-1.812785213647739
-1.808441511233169
-1.7384031557282682
-1.7337740118413223
-1.7097571996939351
-1.6879248386958456
-1.3539722502131277
-1.331472876682876
-1.3162795931383988
-1.3132330093186855
-0.4891694359173212
-0.4831992592622592
-0.45349655145615214
-0.3016641668006738
-0.16621142258224994
-0.1191294903990676
-0.005724039481289842
0.0057240394812903455
0.11912949039906671
0.16621142258224764
0.3016641668006741
0.45349655145615264
0.4831992592622592
0.4891694359173196
1.3132330093186875
1.3162795931383993
1.3314728766828765
1.3539722502131293
1.6879248386958476
1.7097571996939354
1.733774011841322
1.7384031557282682
1.8084415112331702
1.8127852136477391
1.8259046937810948
2.5353933526361545
2.5375713542717646
2.5382042721051
2.5531761598540963
2.5537667451673087
2.556477606531843
2.5590135693064378
-2.5590135693064426
-2.5564776065318444
-2.5537667451673074
-2.5531761598540954
-2.538204272105098
-2.5375713542717637
-2.5353933526361576
-1.8259046937810919
-1.8127852136477385
-1.8084415112331689
-1.7384031557282675
-1.7337740118413218
-1.7097571996939338
-1.687924838695844
-1.3539722502131282
-1.331472876682876
-1.3162795931383988
-1.3132330093186857
-0.489169435917321
-0.4831992592622596
-0.45349655145615214
-0.30166416680067476
-0.1662114225822488
-0.11912949039906624
-0.005724039481290741
0.005724039481289575
0.11912949039906695
0.16621142258224875
0.30166416680067265
0.45349655145615325
0.48319925926225904
0.4891694359173199
1.3132330093186861
1.3162795931383984
1.3314728766828758
1.3539722502131282
1.6879248386958459
1.7097571996939327
1.733774011841322
1.7384031557282706
1.8084415112331673
1.812785213647737
1.8259046937810912
2.53539335263616
2.5375713542717633
2.538204272105099
2.5531761598540954
2.553766745167309
2.5564776065318466
2.559013569306442
-2.5590216525255864
-2.5564341441767904
-2.5539270544564783
-2.5530487912271127
-2.538264556889574
-2.5375021722793387
-2.535404688320009
-1.825849356389845
-1.8131885247218325
-1.8080558533422173
-1.739638449455574
-1.7322406168639906
-1.71019503734363
-1.6878224938175679
-1.3540183208743015
-1.3312458959260742
-1.3169290610219264
-1.3127647337901844
-0.48988197296110564
-0.4822116834173201
-0.4538177138652019
-0.3014953695191477
-0.1674219775220439
-0.11701153237355987
-0.013973633165881636
0.013973633165882453
0.11701153237356059
0.16742197752204505
0.30149536951914896
0.45381771386520275
0.4822116834173189
0.48988197296110564
1.312764733790184
1.3169290610219264
1.3312458959260742
1.354018320874301
1.6878224938175685
1.7101950373436283
1.7322406168639886
1.739638449455572
1.8080558533422177
1.8131885247218331
1.8258493563898435
2.535404688320011
2.5375021722793396
2.5382645568895734
2.5530487912271145
2.5539270544564783
2.55643414417679
2.5590216525255873
-2.5590328850800295
-2.5563693356390305
-2.5541034624614283
-2.5529225062270555
-2.5383351466663857
-2.537418549434462
-2.5354211743695787
-1.825769114016221
-1.8136786985946005
-1.8075924009800866
-1.7408126192595255
-1.7306084684027712
-1.710847604975298
-1.6876810117808212
-1.3540828415662998
-1.3309110599284768
-1.3176860918225126
-1.3122784174740774
-0.4906589168936116
-0.48102981875151823
-0.45428773575030046
-0.3012558080654037
-0.16901394184784677
-0.11404836065590576
-0.020941088219090694
0.02094108821909081
0.11404836065590593
0.16901394184784588
0.30125580806540314
0.45428773575029996
0.4810298187515166
0.4906589168936103
1.3122784174740783
1.317686091822514
1.330911059928478
1.3540828415662993
1.6876810117808199
1.7108476049752983
1.7306084684027707
1.7408126192595257
1.8075924009800877
1.8136786985946003
1.8257691140162213
2.535421174369578
2.537418549434461
2.5383351466663857
2.5529225062270546
2.554103462461429
2.556369335639029
2.559032885080029
-2.559040692616413
-2.5563206669372924
-2.554213503414061
-2.552850881655282
-2.538378484164884
-2.537365655038551
-2.5354331760536635
-1.8257108859412203
-1.81398859332245
-1.8073027270416921
-1.7414700258619336
-1.7295961127555795
-1.7113381287110803
-1.687583151683262
-1.3541280273267586
-1.3306629576151434
-1.3181686742525964
-1.311999033861657
-0.49111551480467525
-0.4802743975545189
-0.4546325027594675
-0.3010858049328756
-0.17006939220350498
-0.11195148130208037
-0.024930014545995575
0.024930014545995884
0.11195148130208073
0.170069392203505
0.30108580493287673
0.4546325027594673
0.48027439755451834
0.49111551480467486
1.311999033861658
1.3181686742525969
1.3306629576151436
1.354128027326759
1.687583151683262
1.7113381287110765
1.7295961127555777
1.7414700258619322
1.8073027270416906
1.8139885933224504
1.8257108859412194
2.5354331760536652
2.5373656550385495
2.538378484164885
2.5528508816552837
2.554213503414063
2.5563206669372947
2.559040692616414
-2.5590406926164135
-2.556320666937293
-2.554213503414062
-2.5528508816552824
-2.538378484164884
-2.5373656550385513
-2.535433176053663
-1.8257108859412203
-1.81398859332245
-1.8073027270416915
-1.7414700258619338
-1.729596112755579
-1.7113381287110807
-1.687583151683262
-1.3541280273267584
-1.3306629576151432
-1.3181686742525962
-1.3119990338616574
-0.49111551480467525
-0.4802743975545182
-0.4546325027594677
-0.3010858049328754
-0.17006939220350484
-0.11195148130208077
-0.024930014545995756
0.024930014545995405
0.1119514813020803
0.17006939220350478
0.30108580493287607
0.4546325027594679
0.48027439755451906
0.4911155148046758
1.3119990338616578
1.3181686742525975
1.330662957615144
1.354128027326758
1.687583151683263
1.71133812871108
1.7295961127555786
1.7414700258619333
1.8073027270416935
1.813988593322452
1.8257108859412203
2.5354331760536617
2.53736565503855
2.5383784841648818
2.5528508816552815
2.5542135034140605
2.5563206669372915
2.5590406926164135
-2.559032885080031
-2.556369335639032
-2.5541034624614296
-2.5529225062270564
-2.5383351466663866
-2.537418549434462
-2.535421174369581
-1.8257691140162207
-1.8136786985946014
-1.807592400980087
-1.7408126192595257
-1.7306084684027712
-1.7108476049752979
-1.6876810117808203
-1.3540828415662998
-1.330911059928477
-1.3176860918225128
-1.3122784174740783
-0.4906589168936109
-0.48102981875151773
-0.45428773575029957
-0.30125580806540314
-0.1690139418478461
-0.11404836065590573
-0.020941088219090638
0.020941088219090062
0.11404836065590647
0.1690139418478464
0.3012558080654036
0.45428773575030074
0.4810298187515187
0.49065891689361235
1.3122784174740776
1.317686091822512
1.3309110599284766
1.3540828415663
1.687681011780822
1.7108476049752992
1.7306084684027723
1.7408126192595275
1.8075924009800886
1.813678698594602
1.8257691140162218
2.5354211743695796
2.537418549434461
2.538335146666386
2.552922506227055
2.5541034624614274
2.5563693356390287
2.5590328850800304
-2.559021652525588
-2.5564341441767904
-2.5539270544564783
-2.5530487912271136
-2.538264556889573
-2.537502172279339
-2.535404688320011
-1.825849356389845
-1.813188524721832
-1.8080558533422166
-1.739638449455574
-1.7322406168639901
-1.7101950373436303
-1.6878224938175683
-1.3540183208743013
-1.3312458959260742
-1.316929061021927
-1.3127647337901847
-0.48988197296110464
-0.4822116834173187
-0.45381771386520153
-0.30149536951914724
-0.16742197752204382
-0.11701153237355953
-0.013973633165881544
0.013973633165882396
0.11701153237355981
0.16742197752204427
0.3014953695191472
0.45381771386520325
0.48221168341731946
0.4898819729611055
1.3127647337901844
1.3169290610219262
1.3312458959260742
1.3540183208743017
1.6878224938175677
1.7101950373436303
1.7322406168639888
1.7396384494555734
1.8080558533422175
1.8131885247218325
1.8258493563898464
2.535404688320011
2.5375021722793405
2.538264556889574
2.553048791227113
2.5539270544564774
2.55643414417679
2.5590216525255887
-2.5590216525255873
-2.55643414417679
-2.553927054456478
-2.5530487912271127
-2.5382645568895725
-2.537502172279338
-2.535404688320009
-1.8258493563898444
-1.8131885247218325
-1.808055853342217
-1.7396384494555743
-1.7322406168639901
-1.7101950373436305
-1.6878224938175679
-1.3540183208743017
-1.3312458959260742
-1.3169290610219266
-1.3127647337901844
-0.48988197296110564
-0.4822116834173196
-0.4538177138652024
-0.30149536951914846
-0.16742197752204455
-0.11701153237355987
-0.013973633165882043
0.01397363316588251
0.11701153237355869
0.1674219775220446
0.30149536951914746
0.45381771386520237
0.48221168341731824
0.4898819729611046
1.312764733790184
1.3169290610219258
1.3312458959260736
1.3540183208743013
1.6878224938175677
1.710195037343631
1.7322406168639906
1.7396384494555748
1.8080558533422169
1.8131885247218318
1.8258493563898448
2.53540468832001
2.5375021722793396
2.538264556889573
2.553048791227114
2.5539270544564783
2.55643414417679
2.559021652525588
-2.5590216525255887
-2.5564341441767904
-2.553927054456478
-2.5530487912271136
-2.5382645568895734
-2.5375021722793387
-2.535404688320011
-1.825849356389845
-1.8131885247218322
-1.8080558533422166
-1.739638449455574
-1.7322406168639901
-1.7101950373436303
-1.6878224938175683
-1.3540183208743013
-1.3312458959260742
-1.3169290610219269
-1.3127647337901844
-0.48988197296110503
-0.48221168341731896
-0.4538177138652024
-0.301495369519147
-0.16742197752204369
-0.11701153237355938
-0.013973633165881922
0.01397363316588202
0.11701153237356127
0.16742197752204627
0.3014953695191466
0.45381771386520275
0.4822116834173175
0.4898819729611043
1.3127647337901833
1.316929061021925
1.331245895926074
1.3540183208743009
1.6878224938175685
1.710195037343632
1.7322406168639906
1.7396384494555743
1.808055853342218
1.8131885247218325
1.825849356389846
2.5354046883200088
2.537502172279339
2.538264556889573
2.5530487912271123
2.5539270544564765
2.5564341441767886
2.559021652525588
-2.5590216525255887
-2.5564341441767895
-2.553927054456478
-2.553048791227113
-2.5382645568895734
-2.5375021722793396
-2.5354046883200088
-1.8258493563898444
-1.8131885247218322
-1.808055853342217
-1.7396384494555739
-1.7322406168639903
-1.7101950373436303
-1.6878224938175672
-1.354018320874301
-1.3312458959260738
-1.3169290610219266
-1.3127647337901847
-0.48988197296110575
-0.48221168341731974
-0.4538177138652024
-0.30149536951914746
-0.1674219775220439
-0.11701153237355948
-0.013973633165882019
0.013973633165882229
0.1170115323735596
0.1674219775220446
0.30149536951914824
0.45381771386520214
0.4822116834173185
0.48988197296110464
1.3127647337901847
1.316929061021927
1.331245895926074
1.3540183208743004
1.687822493817567
1.7101950373436299
1.7322406168639897
1.7396384494555732
1.808055853342217
1.8131885247218322
1.8258493563898448
2.5354046883200088
2.53750217227934
2.5382645568895743
2.5530487912271127
2.5539270544564765
2.556434144176789
2.559021652525588
-2.5590216525255878
-2.5564341441767904
-2.5539270544564783
-2.553048791227113
-2.5382645568895743
-2.5375021722793396
-2.535404688320011
-1.8258493563898446
-1.813188524721832
-1.808055853342217
-1.7396384494555739
-1.73224061686399
-1.7101950373436299
-1.6878224938175672
-1.3540183208743013
-1.3312458959260742
-1.3169290610219269
-1.3127647337901847
-0.48988197296110503
-0.48221168341731896
-0.4538177138652022
-0.30149536951914746
-0.16742197752204432
-0.11701153237355953
-0.01397363316588187
0.013973633165882337
0.11701153237355959
0.1674219775220432
0.30149536951914696
0.4538177138652022
0.48221168341731974
0.4898819729611055
1.3127647337901842
1.3169290610219253
1.331245895926075
1.3540183208743026
1.6878224938175688
1.71019503734363
1.732240616863993
1.739638449455576
1.8080558533422175
1.813188524721833
1.825849356389845
2.5354046883200096
2.53750217227934
2.5382645568895743
2.5530487912271123
2.553927054456477
2.5564341441767895
2.559021652525587
-2.559021652525586
-2.5564341441767895
-2.553927054456478
-2.5530487912271127
-2.538264556889572
-2.537502172279338
-2.5354046883200083
-1.8258493563898444
-1.8131885247218327
-1.808055853342217
-1.7396384494555739
-1.7322406168639901
-1.7101950373436299
-1.687822493817567
-1.354018320874301
-1.3312458959260738
-1.3169290610219264
-1.3127647337901844
-0.48988197296110564
-0.48221168341731946
-0.4538177138652031
-0.30149536951914757
-0.16742197752204477
-0.11701153237355956
-0.013973633165882427
0.013973633165882047
0.11701153237355898
0.16742197752204416
0.3014953695191473
0.45381771386520253
0.48221168341731907
0.48988197296110514
1.3127647337901842
1.316929061021926
1.3312458959260742
1.3540183208743017
1.6878224938175657
1.7101950373436299
1.73224061686399
1.7396384494555739
1.8080558533422166
1.8131885247218325
1.8258493563898441
2.5354046883200105
2.53750217227934
2.538264556889573
2.5530487912271136
2.553927054456478
2.55643414417679
2.559021652525588
-2.5590216525255873
-2.5564341441767904
-2.5539270544564783
-2.5530487912271136
-2.538264556889574
-2.5375021722793396
-2.53540468832001
-1.8258493563898446
-1.8131885247218327
-1.8080558533422169
-1.739638449455574
-1.7322406168639903
-1.71019503734363
-1.6878224938175683
-1.3540183208743013
-1.331245895926074
-1.3169290610219269
-1.3127647337901849
-0.48988197296110547
-0.4822116834173196
-0.4538177138652022
-0.3014953695191478
-0.16742197752204444
-0.11701153237356053
-0.013973633165881585
0.013973633165882472
0.11701153237356035
0.16742197752204566
0.30149536951914857
0.4538177138652016
0.48221168341731946
0.48988197296110525
1.312764733790185
1.3169290610219277
1.3312458959260742
1.3540183208743004
1.6878224938175674
1.7101950373436328
1.7322406168639917
1.7396384494555752
1.8080558533422166
1.813188524721831
1.8258493563898464
2.535404688320008
2.5375021722793383
2.5382645568895716
2.5530487912271123
2.5539270544564765
2.556434144176789
2.559021652525587
-2.559021652525588
-2.556434144176791
-2.5539270544564787
-2.553048791227114
-2.538264556889573
-2.5375021722793396
-2.53540468832001
-1.8258493563898448
-1.8131885247218322
-1.808055853342217
-1.7396384494555743
-1.7322406168639906
-1.71019503734363
-1.687822493817568
-1.3540183208743017
-1.331245895926074
-1.316929061021927
-1.3127647337901847
-0.48988197296110486
-0.48221168341731885
-0.4538177138652021
-0.30149536951914757
-0.16742197752204444
-0.11701153237355971
-0.013973633165882621
0.013973633165882089
0.1170115323735599
0.1674219775220437
0.3014953695191475
0.4538177138652028
0.48221168341731785
0.48988197296110425
1.3127647337901844
1.316929061021926
1.3312458959260742
1.3540183208743022
1.6878224938175674
1.7101950373436325
1.732240616863991
1.7396384494555746
1.8080558533422169
1.8131885247218311
1.825849356389846
2.5354046883200105
2.537502172279339
2.538264556889573
2.5530487912271127
2.553927054456477
2.55643414417679
2.559021652525588
-2.5590216525255896
-2.5564341441767904
-2.553927054456479
-2.5530487912271136
-2.538264556889573
-2.537502172279339
-2.535404688320011
-1.8258493563898452
-1.8131885247218325
-1.808055853342217
-1.7396384494555737
-1.7322406168639897
-1.7101950373436299
-1.6878224938175674
-1.3540183208743013
-1.3312458959260738
-1.3169290610219262
-1.3127647337901844
-0.48988197296110486
-0.4822116834173192
-0.4538177138652037
-0.30149536951914674
-0.16742197752204402
-0.11701153237355931
-0.013973633165881908
0.013973633165882151
0.11701153237356018
0.16742197752204352
0.3014953695191484
0.45381771386520375
0.48221168341731885
0.48988197296110564
1.3127647337901844
1.3169290610219255
1.3312458959260736
1.3540183208743
1.6878224938175679
1.7101950373436308
1.732240616863989
1.739638449455573
1.8080558533422162
1.8131885247218311
1.825849356389846
2.535404688320012
2.5375021722793387
2.5382645568895743
2.553048791227115
2.553927054456479
2.556434144176791
2.55902165252559
-2.5590328850800295
-2.556369335639031
-2.554103462461429
-2.552922506227056
-2.5383351466663857
-2.5374185494344625
-2.53542117436958
-1.8257691140162207
-1.8136786985946016
-1.8075924009800877
-1.7408126192595261
-1.7306084684027714
-1.7108476049752985
-1.6876810117808203
-1.3540828415663
-1.3309110599284768
-1.3176860918225126
-1.3122784174740778
-0.49065891689361035
-0.4810298187515172
-0.45428773575029974
-0.30125580806540364
-0.1690139418478457
-0.11404836065590669
-0.02094108821909016
0.020941088219090458
0.1140483606559067
0.16901394184784702
0.30125580806540364
0.4542877357503006
0.48102981875151707
0.49065891689361096
1.312278417474079
1.3176860918225148
1.330911059928477
1.3540828415663015
1.6876810117808212
1.7108476049752988
1.730608468402771
1.7408126192595248
1.8075924009800868
1.8136786985946003
1.8257691140162196
2.5354211743695765
2.5374185494344585
2.5383351466663826
2.5529225062270546
2.554103462461428
2.5563693356390296
2.55903288508003
-2.559040692616413
-2.5563206669372924
-2.554213503414061
-2.552850881655282
-2.5383784841648844
-2.5373656550385517
-2.5354331760536644
-1.8257108859412203
-1.8139885933224507
-1.807302727041692
-1.7414700258619333
-1.7295961127555792
-1.7113381287110805
-1.6875831516832627
-1.3541280273267586
-1.3306629576151434
-1.3181686742525967
-1.3119990338616574
-0.49111551480467447
-0.48027439755451806
-0.4546325027594672
-0.30108580493287596
-0.17006939220350478
-0.11195148130208
-0.02493001454599491
0.024930014545996464
0.1119514813020803
0.1700693922035048
0.30108580493287446
0.45463250275946654
0.4802743975545162
0.49111551480467414
1.3119990338616565
1.3181686742525942
1.3306629576151419
1.3541280273267569
1.6875831516832618
1.7113381287110796
1.7295961127555795
1.7414700258619336
1.807302727041692
1.8139885933224509
1.8257108859412197
2.5354331760536652
2.537365655038553
2.5383784841648858
2.5528508816552815
2.554213503414061
2.5563206669372947
2.559040692616416
-2.559040692616414
-2.5563206669372933
-2.5542135034140614
-2.552850881655283
-2.5383784841648858
-2.5373656550385517
-2.5354331760536644
-1.82571088594122
-1.8139885933224509
-1.8073027270416921
-1.7414700258619333
-1.7295961127555795
-1.71133812871108
-1.6875831516832625
-1.3541280273267589
-1.3306629576151434
-1.3181686742525967
-1.3119990338616574
-0.49111551480467497
-0.480274397554518
-0.454632502759467
-0.3010858049328751
-0.17006939220350542
-0.11195148130208088
-0.02493001454599559
0.024930014545995777
0.11195148130208
0.17006939220350448
0.30108580493287346
0.4546325027594672
0.4802743975545183
0.49111551480467486
1.311999033861658
1.3181686742525964
1.330662957615144
1.3541280273267595
1.687583151683261
1.7113381287110774
1.729596112755579
1.7414700258619327
1.8073027270416921
1.8139885933224513
1.8257108859412194
2.5354331760536644
2.537365655038553
2.538378484164885
2.5528508816552815
2.5542135034140627
2.5563206669372933
2.5590406926164135
-2.559032885080029
-2.556369335639031
-2.5541034624614283
-2.5529225062270555
-2.538335146666384
-2.53741854943446
-2.5354211743695787
-1.8257691140162204
-1.8136786985946016
-1.807592400980087
-1.7408126192595261
-1.7306084684027712
-1.7108476049752988
-1.68768101178082
-1.3540828415662998
-1.3309110599284766
-1.3176860918225126
-1.3122784174740776
-0.4906589168936112
-0.4810298187515178
-0.4542877357503003
-0.3012558080654034
-0.1690139418478468
-0.11404836065590622
-0.020941088219089795
0.020941088219090378
0.11404836065590557
0.16901394184784654
0.30125580806540214
0.45428773575029985
0.48102981875151724
0.49065891689361085
1.3122784174740776
1.3176860918225128
1.3309110599284761
1.3540828415662987
1.6876810117808192
1.710847604975298
1.7306084684027716
1.740812619259526
1.807592400980087
1.8136786985945998
1.8257691140162202
2.5354211743695814
2.537418549434462
2.5383351466663866
2.5529225062270564
2.554103462461429
2.5563693356390322
2.5590328850800326
-2.5590216525255887
-2.5564341441767904
-2.5539270544564783
-2.5530487912271145
-2.5382645568895725
-2.537502172279339
-2.5354046883200096
-1.8258493563898452
-1.8131885247218327
-1.8080558533422169
-1.7396384494555739
-1.7322406168639901
-1.7101950373436299
-1.6878224938175685
-1.3540183208743015
-1.3312458959260742
-1.3169290610219269
-1.312764733790185
-0.4898819729611044
-0.4822116834173188
-0.4538177138652034
-0.3014953695191472
-0.16742197752204335
-0.11701153237355953
-0.013973633165881572
0.013973633165882494
0.11701153237356088
0.16742197752204507
0.30149536951914924
0.4538177138652031
0.4822116834173192
0.48988197296110514
1.312764733790185
1.3169290610219282
1.331245895926073
1.3540183208743009
1.6878224938175674
1.7101950373436288
1.732240616863989
1.7396384494555728
1.8080558533422166
1.8131885247218318
1.8258493563898448
2.5354046883200136
2.5375021722793405
2.538264556889574
2.5530487912271145
2.55392705445648
2.5564341441767913
2.5590216525255904
-2.559013569306443
-2.5564776065318466
-2.5537667451673083
-2.5531761598540963
-2.5382042721050997
-2.5375713542717637
-2.535393352636159
-1.8259046937810925
-1.8127852136477387
-1.8084415112331693
-1.7384031557282673
-1.7337740118413218
-1.7097571996939342
-1.687924838695846
-1.3539722502131277
-1.3314728766828758
-1.3162795931383995
-1.3132330093186861
-0.48916943591732104
-0.48319925926225943
-0.4534965514561515
-0.30166416680067426
-0.16621142258224852
-0.11912949039906656
-0.005724039481289781
0.0057240394812904894
0.11912949039906777
0.1662114225822495
0.3016641668006722
0.45349655145615114
0.4831992592622586
0.48916943591732076
1.313233009318686
1.316279593138401
1.3314728766828765
1.353972250213127
1.6879248386958443
1.7097571996939354
1.7337740118413218
1.7384031557282678
1.8084415112331702
1.8127852136477396
1.825904693781093
2.535393352636157
2.537571354271762
2.538204272105099
2.5531761598540954
2.553766745167307
2.556477606531846
2.559013569306442
-2.5590135693064426
-2.5564776065318466
-2.5537667451673074
-2.553176159854096
-2.5382042721050992
-2.537571354271763
-2.5353933526361585
-1.8259046937810925
-1.8127852136477391
-1.8084415112331695
-1.7384031557282673
-1.7337740118413218
-1.709757199693935
-1.6879248386958459
-1.3539722502131284
-1.3314728766828758
-1.3162795931383988
-1.3132330093186857
-0.48916943591732076
-0.4831992592622598
-0.4534965514561528
-0.30166416680067426
-0.16621142258224855
-0.1191294903990667
-0.005724039481289756
0.005724039481290589
0.11912949039906633
0.166211422582249
0.30166416680067415
0.4534965514561515
0.4831992592622572
0.48916943591731954
1.313233009318686
1.316279593138399
1.331472876682876
1.3539722502131273
1.6879248386958459
1.7097571996939342
1.7337740118413223
1.7384031557282678
1.8084415112331682
1.8127852136477365
1.82590469378109
2.5353933526361607
2.537571354271761
2.538204272105099
2.553176159854097
2.5537667451673056
2.5564776065318484
2.559013569306444
-2.559021652525588
-2.556434144176791
-2.5539270544564783
-2.553048791227114
-2.538264556889574
-2.5375021722793387
-2.5354046883200083
-1.8258493563898455
-1.813188524721833
-1.8080558533422169
-1.7396384494555746
-1.7322406168639908
-1.7101950373436303
-1.6878224938175683
-1.354018320874301
-1.331245895926074
-1.3169290610219269
-1.3127647337901849
-0.4898819729611056
-0.4822116834173182
-0.4538177138652003
-0.3014953695191475
-0.16742197752204424
-0.11701153237356092
-0.013973633165881972
0.013973633165882272
0.11701153237356039
0.16742197752204596
0.3014953695191485
0.4538177138652024
0.4822116834173203
0.4898819729611052
1.3127647337901847
1.3169290610219273
1.331245895926075
1.3540183208743028
1.6878224938175679
1.7101950373436294
1.7322406168639932
1.7396384494555737
1.8080558533422164
1.813188524721832
1.8258493563898446
2.5354046883200114
2.5375021722793383
2.538264556889572
2.5530487912271127
2.5539270544564774
2.5564341441767895
2.5590216525255878
-2.5590406926164126
-2.556320666937291
-2.5542135034140614
-2.5528508816552815
-2.538378484164883
-2.5373656550385504
-2.5354331760536635
-1.8257108859412197
-1.8139885933224502
-1.8073027270416921
-1.7414700258619336
-1.7295961127555792
-1.7113381287110807
-1.687583151683262
-1.3541280273267582
-1.3306629576151427
-1.3181686742525967
-1.3119990338616574
-0.49111551480467563
-0.4802743975545184
-0.4546325027594677
-0.301085804932876
-0.17006939220350575
-0.11195148130208131
-0.02493001454599572
0.024930014545995277
0.1119514813020802
0.17006939220350462
0.30108580493287307
0.4546325027594671
0.48027439755451756
0.491115514804674
1.3119990338616592
1.318168674252596
1.330662957615144
1.354128027326758
1.6875831516832631
1.7113381287110845
1.7295961127555806
1.7414700258619347
1.807302727041693
1.813988593322451
1.825710885941223
2.535433176053662
2.537365655038552
2.538378484164884
2.552850881655282
2.554213503414061
2.556320666937292
2.559040692616412
-2.559059105087648
-2.55619000861844
-2.554461097175478
-2.552709620675378
-2.538468932578889
-2.5372508433198546
-2.535463452429718
-1.8255647605495107
-1.814657754141153
-1.806687372012757
-1.7427592317268892
-1.727302992759171
-1.7126629753544154
-1.6873538321428632
-1.3542356702894542
-1.3300149196219107
-1.31926214801093
-1.3114466365905415
-0.49203229152119465
-0.47858611269426937
-0.4555146243728695
-0.30067326023090934
-0.17242713633711057
-0.10676961621573856
-0.033321354499341656
0.033321354499342676
0.10676961621573956
0.17242713633711174
0.30067326023091134
0.45551462437286977
0.478586112694269
0.4920322915211942
1.3114466365905422
1.3192621480109294
1.3300149196219102
1.3542356702894547
1.6873538321428625
1.7126629753544174
1.7273029927591708
1.7427592317268887
1.806687372012757
1.8146577541411524
1.8255647605495093
2.535463452429719
2.537250843319854
2.5384689325788896
2.5527096206753783
2.5544610971754778
2.556190008618441
2.5590591050876474
-2.5590665595487367
-2.5561283484393194
-2.554562843159129
-2.55265962663269
-2.538502193678242
-2.5372069001257382
-2.535476588303728
-1.825501731405986
-1.8149119798670497
-1.8064576996779005
-1.7432145637211978
-1.726344734430956
-1.7132963756392072
-1.687261541244726
-1.3542796761335951
-1.3297205480402443
-1.3197078844475258
-1.3112515481638816
-0.49235930410118045
-0.4779151916763052
-0.45590422500320227
-0.3005014821361249
-0.17333849544858973
-0.10452492252816663
-0.03657205500889631
0.03657205500889586
0.10452492252816681
0.17333849544858898
0.3005014821361262
0.45590422500320443
0.4779151916763069
0.4923593041011807
1.3112515481638805
1.3197078844475238
1.3297205480402425
1.3542796761335927
1.6872615412447256
1.713296375639213
1.726344734430957
1.7432145637211993
1.8064576996779007
1.8149119798670497
1.825501731405986
2.5354765883037262
2.5372069001257387
2.538502193678242
2.5526596266326886
2.554562843159127
2.5561283484393162
2.5590665595487363
-2.5590591050876466
-2.556190008618441
-2.554461097175479
-2.552709620675378
-2.53846893257889
-2.5372508433198546
-2.5354634524297186
-1.8255647605495102
-1.8146577541411526
-1.8066873720127565
-1.7427592317268894
-1.727302992759171
-1.7126629753544143
-1.687353832142863
-1.354235670289454
-1.3300149196219109
-1.31926214801093
-1.3114466365905408
-0.4920322915211943
-0.47858611269427
-0.4555146243728708
-0.30067326023091007
-0.17242713633711082
-0.10676961621573919
-0.033321354499342426
0.033321354499341656
0.10676961621573838
0.17242713633710902
0.30067326023091034
0.45551462437286994
0.4785861126942696
0.49203229152119454
1.3114466365905417
1.319262148010931
1.3300149196219124
1.3542356702894547
1.687353832142863
1.7126629753544182
1.7273029927591719
1.7427592317268898
1.8066873720127574
1.8146577541411535
1.8255647605495113
2.5354634524297204
2.5372508433198546
2.53846893257889
2.552709620675375
2.5544610971754773
2.5561900086184384
2.559059105087643
-2.559040692616413
-2.556320666937293
-2.554213503414063
-2.552850881655282
-2.5383784841648844
-2.5373656550385526
-2.5354331760536644
-1.82571088594122
-1.8139885933224507
-1.8073027270416917
-1.7414700258619336
-1.7295961127555792
-1.71133812871108
-1.6875831516832625
-1.3541280273267584
-1.3306629576151432
-1.3181686742525964
-1.3119990338616574
-0.49111551480467486
-0.4802743975545183
-0.4546325027594676
-0.30108580493287523
-0.1700693922035038
-0.11195148130208073
-0.024930014545995825
0.02493001454599616
0.11195148130208106
0.17006939220350484
0.3010858049328763
0.4546325027594689
0.4802743975545195
0.4911155148046754
1.3119990338616572
1.3181686742525962
1.3306629576151423
1.3541280273267573
1.687583151683263
1.7113381287110832
1.7295961127555812
1.741470025861934
1.8073027270416913
1.8139885933224504
1.8257108859412208
2.535433176053661
2.537365655038553
2.538378484164883
2.552850881655283
2.5542135034140614
2.5563206669372933
2.559040692616413
-2.5590216525255887
-2.556434144176791
-2.5539270544564774
-2.553048791227114
-2.538264556889572
-2.5375021722793374
-2.535404688320009
-1.8258493563898444
-1.8131885247218322
-1.8080558533422169
-1.7396384494555739
-1.73224061686399
-1.71019503734363
-1.6878224938175677
-1.354018320874301
-1.3312458959260742
-1.3169290610219264
-1.312764733790185
-0.489881972961106
-0.482211683417319
-0.45381771386520064
-0.3014953695191477
-0.16742197752204496
-0.11701153237356039
-0.013973633165882408
0.013973633165882465
0.11701153237355957
0.167421977522044
0.3014953695191467
0.4538177138652005
0.4822116834173174
0.48988197296110386
1.312764733790184
1.3169290610219258
1.3312458959260745
1.3540183208743002
1.6878224938175679
1.7101950373436299
1.732240616863989
1.7396384494555743
1.8080558533422173
1.813188524721834
1.825849356389845
2.5354046883200114
2.5375021722793383
2.5382645568895743
2.5530487912271154
2.5539270544564783
2.5564341441767926
2.559021652525591
-2.5590135693064435
-2.5564776065318466
-2.553766745167307
-2.553176159854097
-2.538204272105098
-2.537571354271763
-2.53539335263616
-1.8259046937810925
-1.8127852136477385
-1.808441511233169
-1.7384031557282664
-1.7337740118413223
-1.709757199693934
-1.6879248386958448
-1.3539722502131277
-1.3314728766828758
-1.316279593138399
-1.3132330093186857
-0.4891694359173191
-0.48319925926226004
-0.4534965514561516
-0.30166416680067426
-0.16621142258224825
-0.11912949039906674
-0.005724039481290448
0.0057240394812896386
0.11912949039906741
0.16621142258225033
0.3016641668006728
0.4534965514561524
0.48319925926225904
0.4891694359173206
1.3132330093186866
1.3162795931384002
1.331472876682877
1.3539722502131297
1.6879248386958472
1.7097571996939354
1.733774011841326
1.7384031557282678
1.8084415112331678
1.8127852136477407
1.8259046937810928
2.5353933526361585
2.5375713542717633
2.538204272105099
2.553176159854096
2.553766745167307
2.556477606531845
2.5590135693064378
-2.5590216525255887
-2.556434144176791
-2.5539270544564796
-2.553048791227113
-2.5382645568895725
-2.537502172279341
-2.535404688320012
-1.8258493563898452
-1.8131885247218325
-1.8080558533422164
-1.7396384494555734
-1.732240616863991
-1.7101950373436303
-1.6878224938175674
-1.354018320874301
-1.3312458959260742
-1.3169290610219262
-1.3127647337901849
-0.4898819729611047
-0.4822116834173177
-0.45381771386520225
-0.3014953695191468
-0.16742197752204374
-0.11701153237355977
-0.013973633165881513
0.013973633165882415
0.11701153237356045
0.1674219775220436
0.30149536951914824
0.453817713865204
0.4822116834173161
0.4898819729611049
1.3127647337901844
1.3169290610219246
1.3312458959260725
1.3540183208743017
1.6878224938175694
1.7101950373436305
1.732240616863987
1.7396384494555739
1.8080558533422166
1.8131885247218313
1.8258493563898452
2.5354046883200123
2.537502172279342
2.5382645568895743
2.5530487912271145
2.5539270544564814
2.5564341441767904
2.5590216525255918
-2.5590406926164144
-2.5563206669372933
-2.5542135034140596
-2.5528508816552815
-2.5383784841648844
-2.5373656550385513
-2.5354331760536644
-1.8257108859412203
-1.8139885933224509
-1.8073027270416921
-1.7414700258619336
-1.7295961127555792
-1.7113381287110807
-1.6875831516832622
-1.3541280273267586
-1.3306629576151432
-1.3181686742525964
-1.3119990338616574
-0.4911155148046762
-0.48027439755451795
-0.454632502759467
-0.3010858049328757
-0.17006939220350564
-0.11195148130207991
-0.02493001454599432
0.02493001454599654
0.11195148130208205
0.1700693922035065
0.3010858049328773
0.45463250275946654
0.48027439755451784
0.49111551480467497
1.3119990338616574
1.318168674252596
1.3306629576151425
1.3541280273267577
1.6875831516832631
1.7113381287110796
1.7295961127555786
1.7414700258619338
1.8073027270416904
1.8139885933224495
1.8257108859412194
2.535433176053663
2.5373656550385513
2.5383784841648835
2.5528508816552833
2.554213503414062
2.556320666937294
2.559040692616415
-2.5590665595487367
-2.556128348439319
-2.5545628431591285
-2.55265962663269
-2.5385021936782417
-2.5372069001257382
-2.535476588303725
-1.825501731405987
-1.8149119798670499
-1.8064576996779003
-1.7432145637211969
-1.7263447344309553
-1.7132963756392081
-1.6872615412447252
-1.3542796761335951
-1.3297205480402439
-1.3197078844475263
-1.3112515481638816
-0.49235930410118095
-0.4779151916763056
-0.45590422500320293
-0.30050148213612493
-0.17333849544858954
-0.10452492252816664
-0.03657205500889642
0.036572055008896334
0.10452492252816654
0.1733384954485908
0.30050148213612493
0.455904225003202
0.4779151916763053
0.4923593041011802
1.3112515481638802
1.3197078844475258
1.3297205480402432
1.3542796761335942
1.6872615412447258
1.7132963756392101
1.7263447344309564
1.7432145637211969
1.8064576996779007
1.8149119798670497
1.8255017314059856
2.5354765883037262
2.5372069001257382
2.5385021936782417
2.552659626632692
2.554562843159129
2.5561283484393194
2.559066559548738
-2.559084165491529
-2.5559473569530873
-2.554827661504655
-2.552552258957685
-2.538575371285377
-2.537106291937285
-2.535509953763223
-1.8253427613059303
-1.815488853485515
-1.8059463286803845
-1.7441926134052221
-1.7237401333585565
-1.7152324892154351
-1.687044739887106
-1.3543845642730499
-1.3289170347516936
-1.320824365742329
-1.3108343734932575
-0.4930626744271932
-0.47630681060119556
-0.45691924596483874
-0.3000845496469504
-0.1754124623499565
-0.09864762318674841
-0.044428327817239
0.04442832781723871
0.09864762318674958
0.17541246234995644
0.3000845496469504
0.45691924596483735
0.4763068106011953
0.4930626744271924
1.3108343734932575
1.3208243657423289
1.3289170347516932
1.3543845642730503
1.6870447398871062
1.7152324892154311
1.7237401333585554
1.7441926134052215
1.805946328680384
1.815488853485514
1.825342761305928
2.535509953763223
2.537106291937286
2.53857537128538
2.5525522589576863
2.554827661504657
2.555947356953089
2.559084165491531
-2.559084165491528
-2.5559473569530864
-2.5548276615046537
-2.552552258957683
-2.5385753712853774
-2.537106291937285
-2.535509953763223
-1.8253427613059305
-1.8154888534855156
-1.805946328680385
-1.7441926134052226
-1.7237401333585567
-1.7152324892154365
-1.6870447398871058
-1.3543845642730499
-1.328917034751694
-1.320824365742329
-1.3108343734932575
-0.4930626744271932
-0.4763068106011954
-0.45691924596483835
-0.3000845496469505
-0.17541246234995628
-0.09864762318674856
-0.04442832781723844
0.044428327817238926
0.0986476231867492
0.17541246234995722
0.300084549646949
0.4569192459648387
0.4763068106011958
0.49306267442719287
1.3108343734932562
1.3208243657423278
1.3289170347516943
1.3543845642730483
1.6870447398871042
1.7152324892154396
1.723740133358557
1.744192613405222
1.8059463286803856
1.8154888534855151
1.825342761305929
2.535509953763222
2.5371062919372847
2.538575371285378
2.5525522589576837
2.5548276615046537
2.555947356953086
2.55908416549153
-2.559066559548736
-2.5561283484393185
-2.5545628431591294
-2.55265962663269
-2.538502193678242
-2.537206900125739
-2.535476588303725
-1.8255017314059865
-1.8149119798670492
-1.8064576996779
-1.7432145637211978
-1.7263447344309555
-1.7132963756392083
-1.6872615412447256
-1.354279676133595
-1.329720548040244
-1.3197078844475263
-1.3112515481638816
-0.4923593041011818
-0.477915191676306
-0.4559042250032029
-0.3005014821361242
-0.17333849544858995
-0.1045249225281666
-0.03657205500889624
0.0365720550088958
0.10452492252816648
0.1733384954485892
0.30050148213612576
0.45590422500319955
0.4779151916763037
0.49235930410118
1.3112515481638811
1.3197078844475256
1.3297205480402432
1.3542796761335942
1.6872615412447247
1.7132963756392114
1.7263447344309566
1.7432145637211975
1.8064576996779012
1.8149119798670499
1.8255017314059858
2.5354765883037245
2.5372069001257396
2.538502193678244
2.5526596266326917
2.5545628431591276
2.556128348439317
2.559066559548738
-2.5590406926164126
-2.556320666937293
-2.5542135034140614
-2.5528508816552824
-2.5383784841648844
-2.5373656550385513
-2.5354331760536644
-1.8257108859412199
-1.81398859332245
-1.807302727041692
-1.741470025861934
-1.7295961127555797
-1.7113381287110807
-1.6875831516832625
-1.3541280273267589
-1.330662957615143
-1.3181686742525962
-1.3119990338616574
-0.4911155148046762
-0.4802743975545181
-0.45463250275946676
-0.30108580493287457
-0.17006939220350528
-0.11195148130208064
-0.024930014545995124
0.024930014545996318
0.1119514813020808
0.1700693922035055
0.3010858049328756
0.45463250275946726
0.4802743975545175
0.4911155148046741
1.311999033861658
1.318168674252597
1.3306629576151436
1.3541280273267582
1.6875831516832613
1.7113381287110796
1.7295961127555786
1.7414700258619342
1.807302727041692
1.813988593322448
1.8257108859412188
2.535433176053665
2.537365655038553
2.5383784841648867
2.5528508816552824
2.554213503414063
2.556320666937295
2.559040692616415
-2.559021652525588
-2.55643414417679
-2.5539270544564774
-2.5530487912271127
-2.538264556889574
-2.5375021722793374
-2.535404688320009
-1.8258493563898446
-1.8131885247218322
-1.8080558533422166
-1.739638449455574
-1.7322406168639903
-1.7101950373436305
-1.6878224938175679
-1.3540183208743013
-1.331245895926074
-1.316929061021926
-1.3127647337901847
-0.48988197296110564
-0.48221168341732007
-0.4538177138652036
-0.30149536951914874
-0.16742197752204546
-0.11701153237356007
-0.013973633165882062
0.01397363316588216
0.11701153237356045
0.16742197752204427
0.30149536951914646
0.45381771386520187
0.4822116834173181
0.48988197296110325
1.3127647337901842
1.3169290610219255
1.3312458959260736
1.3540183208743009
1.6878224938175679
1.7101950373436297
1.7322406168639883
1.7396384494555739
1.8080558533422177
1.8131885247218305
1.8258493563898448
2.5354046883200083
2.537502172279342
2.5382645568895743
2.553048791227116
2.5539270544564796
2.556434144176791
2.5590216525255918
