-2.566198765169845
-2.565590987144727
-2.5547422032828604
-2.5521615208514215
-2.543648424270001
-2.5312577924183097
-2.5269673163174193
-2.459001786186948
-2.4537258314222132
-2.449227739945908
-2.439942558620827
-2.438624124877183
-1.6505140978931623
-1.6463495153369807
-1.625040879566142
-1.6087479656428163
-1.5975095589987485
-1.5361541018574754
-1.5322708764770459
-1.2436795466309825
-1.234456471751321
-1.206046375987779
-1.1835718153553934
-1.1761869409703876
-0.7712553963930676
-0.7665187906634402
-0.7278729002780697
-0.7090554454784239
-0.6902433087559104
-0.6357414804523653
-0.6312010705995872
0.17346427575859907
0.1891252939761857
0.2077161961880779
0.25192515695819645
0.26027596411342746
0.42151188308833665
0.4227740072996609
0.5898052167321451
0.5940665536155709
0.6465791898301145
0.6583214810228224
0.6804021268578245
1.7009709902575598
1.710291423122437
1.7386100979959254
1.7597928182277942
1.793596571758889
1.814774900213128
1.8306450781865617
2.332512650107878
2.351037262193123
2.3619513155639376
2.4019951811248754
2.413038495172668
2.484141571803957
2.492239069961703
2.5391284369008567
2.546278943883707
2.5708593061068497
2.575172291274267
2.58411650028197
-2.5666793788140834
-2.564877815259522
-2.5563390785026785
-2.549492859100481
-2.545390904329373
-2.5298919417178323
-2.527902995227292
-2.4579655536089855
-2.455785525113274
-2.447628447159556
-2.4411734521158786
-2.437961099549859
-1.6509015057618286
-1.6456778118181297
-1.6259488687892656
-1.6072183143873968
-1.5984696453059997
-1.535734229546845
-1.5326370827765103
-1.2433917694800962
-1.2349363933941744
-1.205596216786253
-1.184158386232343
-1.1758578430836997
-0.7715646866384366
-0.7661019355964914
-0.7282871482755762
-0.7085191291536156
-0.6904947250657807
-0.6356487816144353
-0.6312720637548745
0.1733702144155704
0.1891243423474701
0.20822709576318402
0.24922833604249353
0.2627068752151486
0.4162835728973424
0.4281402272841348
0.5806901294551342
0.6081625750625634
0.6349779700350737
0.6674645772709793
0.6775914235668841
1.7037513631942687
1.7060071932888519
1.7459806141724608
1.7520019662105366
1.798299571888831
1.811177137739999
1.8314640888932932
2.3325509576695187
2.350661339571491
2.3625062238841505
2.400955571766318
2.4139911678381485
2.4828573467799773
2.4936554770537853
2.5375645110582115
2.5479813220173235
2.569585662882254
2.57619901816072
2.5839623745167377
-2.566728185068205
-2.5647883621251193
-2.5565072536349276
-2.549065781063452
-2.545737917785963
-2.529669815259405
-2.528078017087953
-2.457985634720918
-2.455747379168174
-2.4476694872241636
-2.4411305293098926
-2.4379806880557915
-1.6501805198919444
-1.6468721681962264
-1.624311841146539
-1.6098904524051183
-1.5968557466374804
-1.536510799395461
-1.5319648161526949
-1.2440885991394073
-1.233730284979841
-1.206749910605021
-1.1825588639984141
-1.176814234083097
-0.7711705469032077
-0.766619961118534
-0.727851008719865
-0.7090457487269503
-0.6902616254466177
-0.6357294989031956
-0.6312099101454449
0.17620571616612993
0.18258367554400676
0.21687659621470545
0.23897706716135378
0.2683312442510739
0.41316228276799727
0.4312057114886509
0.5779972420588403
0.6156881473946045
0.6283623527991729
0.671370258447156
0.6752070468573257
1.6998131213320735
1.7133481311109444
1.7336345353730664
1.7662975486507901
1.787593725529956
1.8191948643167783
1.8287996663296087
2.3358390236872664
2.3419206675127273
2.3750282632666386
2.3876415136846916
2.421723346587272
2.4763440421040777
2.5009618089953687
2.5310471856887666
2.5565395752134554
2.5628041161348016
2.5802162123029806
2.582405558109028
-2.566331123360321
-2.5654229916033624
-2.5550926929553897
-2.551714908850289
-2.54383521711612
-2.531134345243971
-2.527036089736042
-2.4590087638586606
-2.4536863172711705
-2.4492772378076153
-2.439872443117274
-2.4386769195926017
-1.6493420137957988
-1.6479682973571594
-1.623219094034024
-1.6113583199268553
-1.5961683321644928
-1.53682416506842
-1.5317056588487674
-1.2443227284061165
-1.2332890737739346
-1.2071895152986278
-1.1817990751208889
-1.1773420419415201
-0.7707786538377063
-0.7671177987427367
-0.7274208215315165
-0.7095908716049667
-0.6900189186599537
-0.6358198714752844
-0.6311412866336391
0.17641106968632367
0.1824191925591613
0.21608345422354
0.2406040949800766
0.2673044820865515
0.4153154122433071
0.42891357010190545
0.582896753430347
0.602962975943947
0.6408993348572634
0.66255522979283
0.6796017773307577
1.6988574921764243
1.7173777480842891
1.728560172110686
1.7739547576681187
1.7805939115623983
1.8229363254739757
1.826401129941769
2.3357137314465826
2.342159746865734
2.37427274179729
2.38857312232012
2.421285060028695
2.4769047070543517
2.500200247884355
2.5318448861534133
2.5549080950355028
2.564280742050846
2.579464018957233
2.582864264869714
-2.5662019284674606
-2.565587122752564
-2.5547511606614317
-2.552150068322347
-2.543653276298248
-2.5312537725936695
-2.5269697126534014
-2.4589985398151724
-2.453735743904507
-2.449218672937047
-2.4399506559481994
-2.4386183961534758
-1.650568363404007
-1.6462589093287745
-1.6251722646099571
-1.6085259592950525
-1.5976466868511314
-1.5360737272988918
-1.532341255982702
-1.243496358706379
-1.234773582641426
-1.2057187751722342
-1.1840305769265511
-1.175921581976143
-0.7717775844894432
-0.7658036399341759
-0.7285916122795689
-0.708136536526619
-0.690669719047625
-0.6356054182203105
-0.631303985716331
0.17642706832209495
0.182395686941506
0.21610359376559288
0.24058479392652612
0.2673114400428496
0.4153132066812125
0.42891559294695536
0.5828954720326055
0.602964860668792
0.6408979507507612
0.6625561312030417
0.6796015501336813
1.6988574926848323
1.717377745117766
1.728560175470078
1.7739547510741203
1.780593917758395
1.822936323137049
1.8264011317754503
2.3357137311284264
2.342159747381985
2.3742727409269477
2.388573123236667
2.421285059693881
2.476904707354696
2.500200247529961
2.531844886472004
2.5549080945315694
2.564280742478721
2.579464018746405
2.5828642649825655
-2.5666803519233086
-2.5648760299381883
-2.5563428878726806
-2.5494830302566482
-2.5453991849318567
-2.5298849523160483
-2.5279085684289786
-2.4579573174466955
-2.455797474039936
-2.4476214402897596
-2.441178913120074
-2.43795889993448
-1.6509438811333303
-1.6455967477529383
-1.6260708579406948
-1.6069677575617558
-1.5986470156010497
-1.535634006017917
-1.532727363463472
-1.2431893345695468
-1.2352690644907933
-1.2052635434856678
-1.1845965382021615
-1.1756218518152262
-0.7719924713806567
-0.7654959866895895
-0.7289147243545449
-0.7077071333707678
-0.690887044001777
-0.635519703355348
-0.6313715141215177
0.17347036709857908
0.1891056160528947
0.20773721535771775
0.2518940954348782
0.2602998753110418
0.42149006524605764
0.42279564645276374
0.5897990663105697
0.5940731580264623
0.6465773192598637
0.6583229797942485
0.6804019413065211
1.7009709913192725
1.7102914210015765
1.738610101076004
1.7597928150715214
1.7935965739386732
1.8147748987624799
1.830645078592786
2.3325126501037006
2.3510372622364892
2.361951315498505
2.401995181278943
2.4130384950232964
2.484141572083801
2.4922390696502177
2.539128437311027
2.54627894343888
2.570859306459593
2.575172290974192
2.58411650031714
-2.566729088271782
-2.564786621070961
-2.5565108995315198
-2.5490543215576333
-2.5457480017619227
-2.52966131762768
-2.5280851149001373
-2.4579776479153526
-2.4557590964958864
-2.4476625200100615
-2.4411359697978012
-2.4379784515630805
-1.6502499332971263
-1.6467678947133932
-1.6244540402323524
-1.6096747107012623
-1.5969743672047232
-1.5364414631529635
-1.5320241055352617
-1.2439282346337008
-1.2340307906667614
-1.206428092502484
-1.1830804748760033
-1.1764740243806948
-0.7716816249690659
-0.7659275699253926
-0.7285436605626855
-0.7081337589439375
-0.6907010215651742
-0.635555784457648
-0.6313449853323975
0.17337644507085356
0.1891042833577908
0.20824902777752496
0.2492059227443076
0.2627214769436274
0.41628106263580206
0.42814255063609735
0.5806891716802277
0.6081644180074206
0.6349765459053858
0.6674654020874778
0.6775910327057318
1.7037513681382868
1.7060071874875147
1.7459806233151745
1.7520019569603147
1.7982995748415365
1.8111771353725465
1.8314640892728962
2.3325509577050343
2.3506613393274973
2.3625062242069985
2.4009555713201025
2.4139911682187685
2.482857346408021
2.4936554774550137
2.537564510693647
2.5479813224078205
2.5695856626125724
2.5761990183630545
2.5839623744800835
-2.566333188507647
-2.5654202060229445
-2.555099586263334
-2.551705313154996
-2.5438402709585235
-2.5311302245482894
-2.5270386116844574
-2.459005547502806
-2.453696321386149
-2.449268079718526
-2.4398811299141663
-2.4386705708508427
-1.6495055174230304
-1.6477717727786074
-1.6233838871767219
-1.6111333515530197
-1.5962717996267632
-1.5367619475993761
-1.5317577759626082
-1.2441732118467421
-1.2335831531449297
-1.2068699656523818
-1.18240471387304
-1.1769111154178888
-0.7714328606041791
-0.7662677348214066
-0.728212027030461
-0.7085664110344564
-0.6904903153633138
-0.6356404784803045
-0.6312784973623824
0.1762211689370807
0.18256046597272288
0.21689904398357762
0.23895615182391408
0.26833776812658156
0.4131605503027366
0.4312072528871655
0.5779964722721382
0.6156911003043706
0.6283597014315521
0.6713717745217752
0.6752058907526551
1.6998131219834205
1.7133481291643113
1.7336345378515303
1.7662975457768337
1.787593727899062
1.8191948629497894
1.8287996670183106
2.335839023473869
2.341920667834068
2.3750282628275645
2.3876415140863068
2.421723346505485
2.476344042107386
2.5009618090300654
2.5310471856134167
2.55653957546451
2.562804115889928
2.5802162124402575
2.5824055580141834
-2.5662208207650083
-2.565563856420827
-2.55480540213844
-2.5520802043921487
-2.543683545057377
-2.5312287281552637
-2.5269846848781916
-2.458978321671111
-2.4537964647406043
-2.449163288342074
-2.4399993189789777
-2.4385844149666247
-1.6508649996886957
-1.6457317391204103
-1.6259487812367974
-1.6070752406458229
-1.598613854168186
-1.535487847509116
-1.5328657578058438
-1.2419571612209013
-1.2370866610647941
-1.2035785808834802
-1.186644031868643
-1.1746727439678313
-0.7736798981067373
-0.7626216952076467
-0.732408669952827
-0.7017269935514361
-0.6947667853349423
-0.6342687713063642
-0.6324163252667883
0.17631758596377592
0.18241710173998546
0.21703561939129423
0.23882902212159615
0.268377077436421
0.41315006885270195
0.43121658803446655
0.57799175099059
0.6157092978426819
0.6283433421068515
0.6713811644650758
0.6751987235203757
1.699813126207975
1.7133481165720807
1.7336345537910967
1.7662975275613417
1.7875937427155766
1.8191948546190362
1.828799671176333
2.3358390225485333
2.3419206692641716
2.375028260475162
2.3876415164555165
2.4217233457989247
2.4763440426647922
2.50096180838511
2.5310471861653276
2.5565395743030614
2.5628041169221025
2.5802162119817034
2.5824055583225416
-2.5666862765665317
-2.56486512314201
-2.556366103775097
-2.549422248215832
-2.545450580146552
-2.529841368724312
-2.527943504986295
-2.4579050675877636
-2.4558722641955786
-2.4475786299519857
-2.4412123121598435
-2.4379455710460114
-1.6511839166004252
-1.6451104763096602
-1.6268014720849413
-1.6051388407579068
-1.6000536673220964
-1.5347460259601189
-1.533554283904275
-1.241300077547165
-1.237913255463019
-1.20306370975634
-1.187191860759811
-1.174469731961689
-0.7737905200042714
-0.7624085544254127
-0.7326447112914903
-0.7011736176108133
-0.6951957402566136
-0.6341886077645716
-0.6324874698170726
0.17653202610410115
0.18224315594314755
0.2162315392135411
0.24046265452501325
0.2673549993383498
0.4152996576644524
0.4289280010298044
0.5828876694038156
0.602976340424289
0.64088951315536
0.6625616288903273
0.6796001629039896
1.6988574960044749
1.7173777255068121
1.7285601978527165
1.7739547056293554
1.7805939606790182
1.8229363064183493
1.826401144927136
2.335713730562914
2.3421597482755043
2.374272739588942
2.388573124584398
2.4212850592396324
2.476904707736723
2.500200247078987
2.531844886888001
2.55490809384914
2.5642807430692343
2.579464018444857
2.582864265145408
-2.5667345606385177
-2.564776034714553
-2.55653303948344
-2.5489831165610086
-2.5458109128627093
-2.529607690116174
-2.528130210677746
-2.4579267972580228
-2.4558327244655005
-2.4476197060646827
-2.441169441616685
-2.4379648160439285
-1.6506114082375718
-1.6461855998165815
-1.6252835048305287
-1.6083222761499925
-1.5977808815517565
-1.5359648301259377
-1.532439067720086
-1.242688406236413
-1.2360767854050565
-1.2043607584604874
-1.1857955569391003
-1.1750184117660936
-0.7736100082253012
-0.7627516865644667
-0.7322712760196145
-0.7020079017559332
-0.6945594104609237
-0.6342876580001551
-0.6324011122047448
0.173508538426533
0.18898325024973087
0.2078681441078114
0.2517026117391738
0.26044640045518425
0.42136704364717775
0.42291753682875804
0.589761461843897
0.5941135538293912
0.6465658205200333
0.6583321827758263
0.6804008023942918
1.7009709975537626
1.7102914085267948
1.7386101193327166
1.7597927962008149
1.7935965872317636
1.814774889766688
1.8306450811499562
2.3325126499430464
2.3510372630978056
2.361951314571696
2.4019951820315035
2.4130384944643235
2.4841415722696425
2.4922390694854344
2.539128437338182
2.546278943426603
2.5708593064363776
2.575172290997329
2.584116500313743
-2.5663457250003465
-2.5654031978049767
-2.555141618354652
-2.551646393084101
-2.543871731755272
-2.531104569244513
-2.527054366398474
-2.4589854102616315
-2.4537579166164054
-2.4492118389903874
-2.439933332591692
-2.4386329504093616
-1.650120827129149
-1.6469478173544598
-1.624319115046367
-1.6097836758336252
-1.5969579436026733
-1.5363461362888375
-1.532111590396445
-1.2430542671753804
-1.235530638331632
-1.204836308180526
-1.1852589680274093
-1.1752602806258277
-0.7734934517342497
-0.7629685849726013
-0.7320335430032626
-0.7024847696845921
-0.6942108192368083
-0.6343610131008696
-0.6323367890555961
0.1734137372150762
0.1889850358258513
0.2083798185554137
0.2490715414572624
0.2628088138764297
0.41626558875529573
0.428156888070107
0.580683206352933
0.608175900695718
0.6349676749689295
0.6674705339522762
0.677588600962137
1.703751396857497
1.7060071538335124
1.7459806750676914
1.7520019047955517
1.7982995910292943
1.8111771224881157
1.831464091316803
2.3325509574346417
2.3506613407414116
2.3625062226094324
2.400955572733418
2.413991167167901
2.482857346914484
2.4936554769702246
2.5375645109396032
2.5479813221882193
2.5695856627039952
2.5761990183079706
2.5839623744872067
-2.566217878271736
-2.5655675016991775
-2.5547968596875053
-2.552091270445841
-2.543678668860808
-2.531232766074566
-2.5269822644738467
-2.458981612827753
-2.4537866901829917
-2.44917219028112
-2.43999157554411
-2.43858977215735
-1.6508205386095502
-1.6458144401219261
-1.6258260978020318
-1.607324509340998
-1.5984389217685524
-1.5355975913763305
-1.5327659501630797
-1.2422861310993902
-1.2366375802946854
-1.2039449499827504
-1.1862263114251612
-1.1748444814727317
-0.7734357280380321
-0.7630930259053085
-0.731827720401986
-0.7030176612818205
-0.693797444250382
-0.6345307361834255
-0.632186719070895
0.17340744806744227
0.1890049609364163
0.20835803711819295
0.24909374545272406
0.2627944632223973
0.4162680931074458
0.4281545706472401
0.5806841635900295
0.6081740574989437
0.6349690997321598
0.6674697089770921
0.677588992141077
1.7037513919133334
1.7060071596349937
1.7459806659248245
1.7520019140459262
1.7982995880765835
1.8111771248555733
1.8314640909371995
2.332550957399126
2.350661340985405
2.362506222286583
2.400955573179634
2.41399116678728
2.4828573472864406
2.493655476568998
2.537564511304167
2.547981321797723
2.569585662973676
2.5761990181056347
2.583962374523859
-2.5666853134691974
-2.5648669008066785
-2.5563623234260318
-2.549432257523398
-2.545442091910146
-2.5298485996359905
-2.527937686069493
-2.457913858058644
-2.455859802595361
-2.447585633892905
-2.4412068449571676
-2.43794773815294
-1.6511471455733138
-1.6451881651905227
-1.6266850690805614
-1.605489049187493
-1.5997688882212617
-1.534954909467164
-1.5333552851396854
-1.2417552220676042
-1.2373408421244578
-1.2034439044533367
-1.1867676893965842
-1.1746312538551549
-0.7735723829262455
-0.7628368863972287
-0.7321249165598118
-0.7024396514542892
-0.6942102480152242
-0.6344478254403706
-0.6322572032003857
0.17630146410886774
0.18244093392798494
0.2170130251841948
0.23885010088668793
0.26837058301520594
0.4131517996300095
0.43121504834438207
0.5779925205056199
0.6157063382873424
0.6283460002950122
0.6713796430090166
0.675199885106244
1.6998131255566282
1.7133481185187125
1.7336345513126328
1.7662975304352966
1.7875937403464728
1.8191948559860236
1.8287996704876324
2.3358390227619297
2.341920668942831
2.3750282609142355
2.387641516053902
2.42172334588071
2.476344042661483
2.5009618083504126
2.5310471862406776
2.5565395740520076
2.562804117166975
2.5802162118444243
2.582405558417384
-2.5667336656385453
-2.5647777700834054
-2.5565294175921935
-2.548994950804372
-2.5458004317012923
-2.529616683089448
-2.528122613449036
-2.457935295518775
-2.4558205381327323
-2.4476266681609387
-2.4411639979686495
-2.4379670183637003
-1.6505587960576131
-1.6462747822661337
-1.6251536163524272
-1.6085468034518016
-1.5976395141197617
-1.5360493999249663
-1.5323644852538756
-1.2429316379396687
-1.2357087358845051
-1.2047103578645644
-1.185378962268931
-1.1752105005915594
-0.7733768259390377
-0.7631974612377643
-0.7317121955096788
-0.7032500129542323
-0.6936259029429204
-0.6346081373027898
-0.6321184115505514
0.17651523439001035
0.1822674087671632
0.21621130614137798
0.2404820578316435
0.2673480785085713
0.4153018593319856
0.42892598209884775
0.582888949588331
0.6029744565821114
0.6408908971372449
0.6625607278575869
0.6796003901817081
1.6988574954960662
1.7173777284733247
1.7285601944933338
1.7739547122232717
1.7805939544831033
1.822936308755259
1.8264011430934717
2.3357137308810696
2.342159747759252
2.374272740459283
2.3885731236678516
2.421285059574447
2.476904707436378
2.500200247433381
2.5318448865694108
2.5549080943530744
2.564280742641361
2.5794640186556856
2.582864265032559
-2.566343731365869
-2.565405913662201
-2.55513492010751
-2.551655827556549
-2.543866648020094
-2.531108711779228
-2.5270518168769494
-2.458988670629109
-2.453748061255421
-2.4492208215428515
-2.439925114503574
-2.438638813212598
-1.6500432814673804
-1.6470598752326575
-1.624175110589984
-1.610000831398381
-1.5968400692888325
-1.5364181090744335
-1.5320496576810387
-1.2432674633245453
-1.2351893143432482
-1.205177913339131
-1.1848373265238354
-1.175468719412041
-0.7732317292917885
-0.7634594844040934
-0.7314112913746473
-0.7037762739585373
-0.6932710847657326
-0.634682523506297
-0.6320564812745031
0.17350238819465963
0.18900278983758212
0.20784728632544566
0.25173271489893945
0.2604234834395714
0.4213853396516544
0.42289941953226423
0.5897674988400374
0.5941070626597937
0.6465676887057215
0.6583306865262903
0.6804009879952124
1.7009709964920476
1.7102914106476566
1.7386101162526353
1.7597927993570908
1.7935965850519784
1.814774891217337
1.8306450807437322
2.3325126499472235
2.35103726305444
2.3619513146371283
2.4019951818774374
2.4130384946136947
2.4841415719897983
2.492239069796919
2.5391284369280127
2.5462789438714304
2.570859306083636
2.575172291297406
2.5841165002785735
