-2.824497786478614
-2.484715762280711
-2.167693013835686
-1.8753687613077366
-1.6061878346341918
-1.3843445152667415
-1.166349580084124
-1.0110919677167007
-0.8674007208738376
-0.03445901824133683
0.034459018241339755
0.8674007208738357
1.0110919677166996
1.1663495800841237
1.3843445152667408
1.6061878346341916
1.875368761307737
2.1676930138356854
2.4847157622807114
2.8244977864786143
-2.8244980051078104
-2.484709420496164
-2.1677780273869725
-1.8746791878939
-1.6099461088345417
-1.3715124405897647
-1.1921248005186689
-0.9780876002989788
-0.8851229641586932
-0.022673281632619873
0.022673281632617854
0.8851229641586941
0.9780876002989805
1.192124800518669
1.371512440589765
1.6099461088345408
1.874679187893899
2.1677780273869725
2.4847094204961637
2.824498005107811
-2.8244980956666685
-2.4847067934319975
-2.1678132084314066
-1.874391624594956
-1.611453452499778
-1.3656296683764306
-1.202202695854353
-0.9619799304539709
-0.8961165323865086
-0.01537596798135235
0.015375967981355515
0.8961165323865082
0.9619799304539711
1.2022026958543515
1.3656296683764313
1.6114534524997772
1.8743916245949561
2.167813208431405
2.4847067934319984
2.8244980956666694
-2.82449800510781
-2.484709420496164
-2.1677780273869725
-1.8746791878939002
-1.6099461088345417
-1.3715124405897643
-1.1921248005186682
-0.9780876002989803
-0.8851229641586921
-0.022673281632619367
0.02267328163261868
0.8851229641586931
0.9780876002989802
1.1921248005186698
1.3715124405897645
1.6099461088345413
1.8746791878939004
2.167778027386971
2.484709420496163
2.8244980051078104
-2.8244977864786147
-2.484715762280711
-2.167693013835686
-1.875368761307737
-1.6061878346341925
-1.3843445152667417
-1.1663495800841248
-1.0110919677167007
-0.8674007208738371
-0.03445901824133747
0.03445901824133891
0.8674007208738361
1.0110919677166998
1.166349580084126
1.384344515266742
1.6061878346341927
1.8753687613077374
2.1676930138356854
2.484715762280712
2.824497786478614
-2.824497567848325
-2.484722103345032
-2.167607888251871
-1.8760518789087688
-1.6022387304066852
-1.3959000912669848
-1.1324938517604042
-1.0487194163605429
-0.8546046451134329
-0.04318676658545639
0.04318676658545709
0.8546046451134323
1.0487194163605424
1.1324938517604037
1.3959000912669837
1.6022387304066852
1.8760518789087681
2.1676078882518706
2.484722103345033
2.8244975678483253
-2.824497477288374
-2.484724729688973
-2.1675725951745446
-1.8763329851514416
-1.6005393314775265
-1.4004359146043652
-1.1048583925250983
-1.0774710783309933
-0.8500650658829807
-0.04633660558142058
0.04633660558142138
0.8500650658829805
1.0774710783309929
1.1048583925250968
1.4004359146043643
1.6005393314775274
1.8763329851514423
2.1675725951745433
2.484724729688973
2.8244974772883746
-2.8244975678483257
-2.484722103345032
-2.1676078882518706
-1.8760518789087683
-1.6022387304066859
-1.3959000912669852
-1.1324938517604033
-1.0487194163605422
-0.854604645113432
-0.04318676658545769
0.043186766585455276
0.8546046451134324
1.048719416360544
1.1324938517604044
1.3959000912669846
1.6022387304066854
1.8760518789087677
2.1676078882518706
2.484722103345033
2.824497567848326
-2.8244977224433985
-2.484717619610023
-2.1676680927482614
-1.8755695025763708
-1.6050522912728298
-1.3878342497521876
-1.1578545307359807
-1.020902283718586
-0.8633158395995291
-0.03722175092073274
0.03722175092073412
0.8633158395995286
1.020902283718585
1.157854530735979
1.3878342497521883
1.6050522912728304
1.8755695025763708
2.167668092748262
2.484717619610023
2.8244977224433985
-2.8244979410729156
-2.4847112780364466
-2.1677531390726
-1.8748818381560213
-1.6088634037545684
-1.3754450131623617
-1.1848858275305818
-0.9881000229186612
-0.8790837837434275
-0.02666180934654834
0.0266618093465481
0.879083783743428
0.9881000229186612
1.184885827530582
1.3754450131623626
1.6088634037545686
1.8748818381560213
2.1677531390726017
2.4847112780364453
2.8244979410729147
-2.824498095666669
-2.484706793431998
-2.1678132084314066
-1.874391624594956
-1.6114534524997772
-1.3656296683764315
-1.202202695854351
-0.9619799304539711
-0.8961165323865086
-0.015375967981354675
0.015375967981353322
0.8961165323865077
0.9619799304539713
1.2022026958543537
1.3656296683764326
1.6114534524997777
1.8743916245949566
2.167813208431406
2.4847067934319984
2.824498095666668
-2.8244980956666685
-2.4847067934319975
-2.1678132084314057
-1.8743916245949566
-1.6114534524997768
-1.3656296683764313
-1.2022026958543515
-0.961979930453972
-0.8961165323865083
-0.015375967981354585
0.015375967981353298
0.8961165323865081
0.9619799304539711
1.2022026958543521
1.3656296683764315
1.6114534524997781
1.8743916245949555
2.167813208431406
2.4847067934319984
2.824498095666668
-2.824497941072915
-2.484711278036447
-2.1677531390726004
-1.874881838156021
-1.6088634037545693
-1.3754450131623617
-1.1848858275305836
-0.9881000229186618
-0.8790837837434288
-0.0266618093465488
0.026661809346547605
0.8790837837434285
0.9881000229186622
1.1848858275305822
1.375445013162362
1.60886340375457
1.8748818381560208
2.1677531390726
2.484711278036447
2.8244979410729156
-2.824497722443398
-2.4847176196100245
-2.1676680927482628
-1.8755695025763703
-1.605052291272831
-1.3878342497521878
-1.1578545307359795
-1.0209022837185862
-0.86331583959953
-0.037221750920733994
0.037221750920733335
0.8633158395995304
1.0209022837185868
1.1578545307359809
1.3878342497521885
1.6050522912728293
1.8755695025763701
2.1676680927482614
2.484717619610023
2.8244977224433976
-2.8244975678483257
-2.484722103345032
-2.167607888251871
-1.876051878908769
-1.6022387304066854
-1.3959000912669846
-1.132493851760404
-1.0487194163605424
-0.854604645113433
-0.04318676658545593
0.04318676658545678
0.8546046451134326
1.0487194163605418
1.1324938517604024
1.395900091266985
1.6022387304066852
1.8760518789087681
2.1676078882518715
2.4847221033450317
2.824497567848325
-2.8244975678483253
-2.484722103345032
-2.1676078882518706
-1.8760518789087683
-1.6022387304066845
-1.3959000912669843
-1.132493851760403
-1.0487194163605411
-0.8546046451134321
-0.043186766585456844
0.043186766585455866
0.854604645113432
1.0487194163605424
1.132493851760403
1.3959000912669846
1.602238730406684
1.876051878908769
2.1676078882518715
2.4847221033450335
2.824497567848325
-2.8244977864786156
-2.4847157622807114
-2.167693013835686
-1.875368761307735
-1.6061878346341911
-1.384344515266743
-1.1663495800841244
-1.0110919677167
-0.8674007208738385
-0.034459018241338214
0.03445901824133782
0.8674007208738367
1.0110919677167007
1.1663495800841248
1.3843445152667417
1.6061878346341922
1.875368761307737
2.167693013835686
2.4847157622807114
2.824497786478614
-2.8244979410729143
-2.484711278036447
-2.1677531390726004
-1.8748818381560217
-1.6088634037545695
-1.3754450131623623
-1.1848858275305827
-0.9881000229186614
-0.879083783743428
-0.026661809346548583
0.02666180934654879
0.8790837837434278
0.9881000229186615
1.184885827530582
1.3754450131623623
1.6088634037545695
1.8748818381560222
2.1677531390726013
2.4847112780364475
2.8244979410729147
-2.824498095666669
-2.484706793431998
-2.167813208431406
-1.874391624594957
-1.6114534524997777
-1.3656296683764315
-1.2022026958543528
-0.9619799304539706
-0.8961165323865062
-0.015375967981354622
0.015375967981353572
0.8961165323865072
0.9619799304539715
1.2022026958543526
1.3656296683764317
1.6114534524997766
1.874391624594956
2.167813208431407
2.4847067934319984
2.8244980956666685
-2.8244981597013386
-2.4847049357425
-2.1678380736406306
-1.8741875925927693
-1.6125032347238444
-1.3611888419480616
-1.209333207419799
-0.94648588416558
-0.90828733098432
-0.00636598992024441
0.006365989920243695
0.9082873309843191
0.9464858841655803
1.2093332074198002
1.3611888419480604
1.6125032347238455
1.874187592592769
2.1678380736406315
2.4847049357425
2.824498159701337
-2.824498095666669
-2.4847067934319975
-2.167813208431406
-1.8743916245949566
-1.6114534524997772
-1.3656296683764322
-1.2022026958543524
-0.9619799304539712
-0.8961165323865073
-0.015375967981354315
0.015375967981353841
0.8961165323865071
0.9619799304539715
1.2022026958543521
1.3656296683764315
1.611453452499777
1.8743916245949568
2.1678132084314066
2.484706793431998
2.824498095666669
-2.824497941072915
-2.484711278036447
-2.1677531390726004
-1.8748818381560215
-1.6088634037545684
-1.3754450131623626
-1.1848858275305825
-0.988100022918662
-0.8790837837434274
-0.02666180934654871
0.02666180934654804
0.8790837837434282
0.9881000229186615
1.1848858275305816
1.375445013162362
1.608863403754571
1.8748818381560206
2.167753139072602
2.4847112780364484
2.824497941072915
-2.8244977864786143
-2.4847157622807114
-2.167693013835686
-1.8753687613077374
-1.6061878346341922
-1.3843445152667422
-1.1663495800841248
-1.011091967716701
-0.8674007208738372
-0.03445901824133789
0.03445901824133784
0.8674007208738382
1.0110919677167005
1.166349580084124
1.384344515266742
1.6061878346341916
1.8753687613077363
2.167693013835685
2.484715762280711
2.8244977864786143
-2.824497722443397
-2.4847176196100236
-2.1676680927482614
-1.8755695025763703
-1.6050522912728302
-1.387834249752188
-1.1578545307359807
-1.0209022837185862
-0.8633158395995301
-0.03722175092073335
0.037221750920735965
0.8633158395995287
1.0209022837185862
1.1578545307359795
1.3878342497521896
1.6050522912728309
1.8755695025763706
2.167668092748263
2.484717619610023
2.8244977224433976
-2.8244979410729143
-2.484711278036446
-2.1677531390726017
-1.874881838156022
-1.6088634037545702
-1.3754450131623617
-1.1848858275305825
-0.9881000229186618
-0.8790837837434277
-0.026661809346548045
0.02666180934654803
0.8790837837434271
0.988100022918662
1.1848858275305825
1.3754450131623623
1.6088634037545688
1.8748818381560215
2.1677531390726004
2.4847112780364475
2.8244979410729143
-2.8244980051078104
-2.484709420496164
-2.167778027386972
-1.8746791878938998
-1.6099461088345406
-1.371512440589765
-1.19212480051867
-0.9780876002989805
-0.8851229641586941
-0.02267328163261905
0.022673281632618805
0.8851229641586933
0.9780876002989801
1.1921248005186704
1.371512440589766
1.6099461088345401
1.8746791878938998
2.1677780273869733
2.484709420496164
2.824498005107811
-2.8244980956666694
-2.4847067934319975
-2.167813208431406
-1.8743916245949561
-1.6114534524997772
-1.3656296683764308
-1.2022026958543515
-0.961979930453971
-0.8961165323865055
-0.01537596798135413
0.015375967981353865
0.8961165323865067
0.9619799304539702
1.2022026958543526
1.365629668376431
1.611453452499777
1.8743916245949577
2.167813208431406
2.4847067934319984
2.824498095666669
-2.8244981597013386
-2.4847049357425006
-2.1678380736406306
-1.8741875925927698
-1.6125032347238453
-1.3611888419480607
-1.2093332074197998
-0.9464858841655794
-0.9082873309843192
-0.006365989920245668
0.006365989920242885
0.9082873309843209
0.9464858841655804
1.2093332074198009
1.3611888419480618
1.6125032347238453
1.8741875925927698
2.16783807364063
2.484704935742501
2.824498159701338
-2.8244981597013394
-2.4847049357425006
-2.1678380736406306
-1.8741875925927696
-1.612503234723845
-1.3611888419480613
-1.2093332074198002
-0.9464858841655804
-0.9082873309843201
-0.006365989920244924
0.006365989920243337
0.9082873309843205
0.9464858841655817
1.2093332074197993
1.3611888419480622
1.612503234723845
1.8741875925927698
2.1678380736406293
2.4847049357425
2.8244981597013377
-2.8244980956666685
-2.4847067934319975
-2.167813208431406
-1.8743916245949561
-1.6114534524997768
-1.365629668376431
-1.202202695854352
-0.9619799304539707
-0.896116532386506
-0.01537596798135436
0.015375967981354136
0.8961165323865063
0.9619799304539699
1.2022026958543528
1.3656296683764317
1.6114534524997775
1.874391624594956
2.167813208431406
2.4847067934320006
2.8244980956666685
-2.8244980051078104
-2.484709420496164
-2.167778027386972
-1.8746791878938998
-1.6099461088345417
-1.3715124405897636
-1.192124800518669
-0.9780876002989806
-0.8851229641586936
-0.02267328163261881
0.02267328163261962
0.8851229641586931
0.9780876002989807
1.19212480051867
1.3715124405897643
1.6099461088345406
1.8746791878938995
2.167778027386971
2.4847094204961637
2.82449800510781
-2.8244979410729143
-2.484711278036447
-2.1677531390726
-1.8748818381560213
-1.6088634037545693
-1.3754450131623623
-1.1848858275305825
-0.9881000229186611
-0.8790837837434271
-0.02666180934654846
0.026661809346547587
0.8790837837434274
0.9881000229186622
1.1848858275305822
1.3754450131623621
1.60886340375457
1.8748818381560206
2.167753139072601
2.484711278036448
2.824497941072914
-2.824498095666669
-2.484706793431998
-2.1678132084314066
-1.8743916245949572
-1.6114534524997775
-1.3656296683764315
-1.2022026958543521
-0.9619799304539708
-0.8961165323865079
-0.015375967981354136
0.015375967981353943
0.8961165323865068
0.9619799304539727
1.2022026958543532
1.3656296683764304
1.6114534524997768
1.8743916245949566
2.167813208431407
2.4847067934319993
2.8244980956666694
-2.824498095666669
-2.484706793431998
-2.167813208431406
-1.8743916245949568
-1.611453452499777
-1.365629668376432
-1.2022026958543526
-0.9619799304539722
-0.8961165323865071
-0.015375967981353994
0.015375967981354082
0.896116532386508
0.961979930453971
1.2022026958543524
1.36562966837643
1.6114534524997772
1.8743916245949561
2.1678132084314052
2.4847067934319984
2.8244980956666694
-2.824498095666668
-2.4847067934319975
-2.167813208431406
-1.8743916245949566
-1.6114534524997768
-1.365629668376432
-1.2022026958543521
-0.9619799304539713
-0.8961165323865072
-0.015375967981353841
0.015375967981354488
0.8961165323865068
0.9619799304539725
1.2022026958543524
1.365629668376432
1.6114534524997777
1.8743916245949566
2.167813208431405
2.484706793431998
2.8244980956666677
-2.8244980956666685
-2.484706793431997
-2.1678132084314066
-1.8743916245949575
-1.611453452499777
-1.3656296683764308
-1.2022026958543526
-0.9619799304539701
-0.896116532386507
-0.01537596798135415
0.015375967981353964
0.8961165323865063
0.9619799304539697
1.2022026958543521
1.365629668376432
1.6114534524997772
1.8743916245949563
2.167813208431407
2.4847067934319975
2.8244980956666677
-2.8244980956666685
-2.484706793431998
-2.167813208431406
-1.8743916245949568
-1.6114534524997775
-1.3656296683764315
-1.2022026958543517
-0.961979930453973
-0.8961165323865069
-0.01537596798135387
0.015375967981354257
0.8961165323865062
0.9619799304539725
1.2022026958543528
1.3656296683764315
1.6114534524997772
1.8743916245949561
2.1678132084314052
2.484706793432
2.8244980956666694
-2.8244980956666685
-2.4847067934319984
-2.167813208431406
-1.874391624594957
-1.6114534524997768
-1.365629668376432
-1.2022026958543521
-0.9619799304539711
-0.896116532386507
-0.015375967981353903
0.015375967981354495
0.8961165323865065
0.9619799304539707
1.2022026958543526
1.365629668376432
1.6114534524997768
1.874391624594957
2.167813208431407
2.484706793431998
2.8244980956666694
-2.8244980956666685
-2.484706793431998
-2.1678132084314057
-1.8743916245949577
-1.6114534524997772
-1.3656296683764313
-1.2022026958543528
-0.9619799304539731
-0.8961165323865066
-0.015375967981354828
0.015375967981353862
0.8961165323865077
0.9619799304539715
1.2022026958543528
1.3656296683764326
1.6114534524997777
1.8743916245949566
2.167813208431406
2.484706793431998
2.824498095666668
-2.8244980956666685
-2.484706793431997
-2.1678132084314057
-1.8743916245949575
-1.611453452499777
-1.3656296683764308
-1.2022026958543524
-0.9619799304539716
-0.8961165323865075
-0.015375967981353905
0.015375967981354299
0.8961165323865059
0.9619799304539721
1.202202695854352
1.3656296683764317
1.6114534524997772
1.8743916245949566
2.167813208431406
2.484706793431999
2.824498095666669
-2.824498159701338
-2.4847049357424997
-2.16783807364063
-1.8741875925927685
-1.6125032347238444
-1.3611888419480584
-1.2093332074197998
-0.9464858841655809
-0.9082873309843202
-0.006365989920243323
0.006365989920245256
0.9082873309843199
0.9464858841655802
1.2093332074197993
1.3611888419480622
1.6125032347238448
1.874187592592771
2.1678380736406297
2.484704935742497
2.824498159701339
-2.824498159701338
-2.4847049357425
-2.16783807364063
-1.8741875925927696
-1.6125032347238448
-1.3611888419480618
-1.2093332074198
-0.9464858841655815
-0.908287330984321
-0.00636598992024413
0.006365989920244397
0.9082873309843206
0.9464858841655791
1.2093332074197998
1.3611888419480613
1.6125032347238442
1.8741875925927696
2.1678380736406306
2.4847049357425006
2.824498159701339
-2.824498095666669
-2.4847067934319984
-2.1678132084314066
-1.8743916245949568
-1.6114534524997772
-1.365629668376431
-1.202202695854351
-0.9619799304539708
-0.8961165323865069
-0.015375967981353045
0.015375967981355132
0.8961165323865063
0.9619799304539722
1.2022026958543526
1.3656296683764328
1.6114534524997768
1.8743916245949583
2.167813208431406
2.484706793431996
2.8244980956666703
-2.824498005107811
-2.4847094204961646
-2.167778027386972
-1.8746791878938995
-1.6099461088345413
-1.3715124405897638
-1.1921248005186693
-0.9780876002989795
-0.8851229641586925
-0.022673281632619703
0.02267328163261802
0.885122964158693
0.9780876002989805
1.1921248005186695
1.3715124405897632
1.6099461088345417
1.8746791878938984
2.1677780273869716
2.4847094204961637
2.824498005107813
-2.8244979410729143
-2.4847112780364475
-2.167753139072601
-1.8748818381560215
-1.6088634037545693
-1.3754450131623606
-1.1848858275305827
-0.9881000229186623
-0.8790837837434273
-0.026661809346547764
0.026661809346548784
0.8790837837434283
0.9881000229186605
1.184885827530583
1.3754450131623623
1.608863403754569
1.8748818381560228
2.167753139072599
2.4847112780364453
2.824497941072914
-2.824497941072914
-2.484711278036447
-2.1677531390726004
-1.8748818381560224
-1.6088634037545686
-1.3754450131623617
-1.184885827530583
-0.9881000229186623
-0.8790837837434278
-0.02666180934654742
0.02666180934654917
0.8790837837434272
0.9881000229186595
1.1848858275305825
1.375445013162363
1.608863403754569
1.8748818381560233
2.167753139072601
2.4847112780364475
2.8244979410729147
-2.824498005107811
-2.484709420496164
-2.167778027386972
-1.8746791878939002
-1.6099461088345408
-1.3715124405897645
-1.1921248005186695
-0.978087600298981
-0.8851229641586935
-0.022673281632618964
0.02267328163261903
0.8851229641586926
0.97808760029898
1.1921248005186686
1.3715124405897654
1.6099461088345408
1.8746791878938986
2.1677780273869733
2.484709420496167
2.8244980051078095
-2.8244980956666685
-2.4847067934319984
-2.167813208431406
-1.874391624594956
-1.611453452499777
-1.3656296683764306
-1.2022026958543528
-0.9619799304539716
-0.8961165323865079
-0.015375967981353964
0.015375967981354164
0.8961165323865063
0.9619799304539713
1.2022026958543515
1.3656296683764289
1.611453452499777
1.8743916245949575
2.1678132084314057
2.484706793431996
2.824498095666669
-2.8244980956666677
-2.4847067934319966
-2.167813208431406
-1.874391624594956
-1.611453452499777
-1.3656296683764322
-1.2022026958543521
-0.9619799304539706
-0.8961165323865063
-0.015375967981354006
0.015375967981353891
0.8961165323865062
0.96197993045397
1.2022026958543528
1.365629668376432
1.6114534524997781
1.8743916245949557
2.167813208431406
2.484706793431998
2.8244980956666685
-2.8244981597013386
-2.484704935742501
-2.16783807364063
-1.8741875925927696
-1.6125032347238444
-1.3611888419480613
-1.2093332074198002
-0.9464858841655807
-0.9082873309843201
-0.006365989920243217
0.006365989920245254
0.9082873309843191
0.9464858841655799
1.2093332074197989
1.3611888419480611
1.6125032347238433
1.874187592592771
2.1678380736406315
2.4847049357425006
2.824498159701338
-2.82449809566667
-2.484706793431998
-2.167813208431406
-1.874391624594957
-1.611453452499777
-1.3656296683764313
-1.2022026958543524
-0.9619799304539708
-0.896116532386507
-0.015375967981355066
0.015375967981353258
0.8961165323865071
0.9619799304539722
1.2022026958543517
1.3656296683764304
1.611453452499779
1.8743916245949566
2.1678132084314075
2.484706793431998
2.8244980956666694
-2.8244979410729134
-2.4847112780364475
-2.1677531390726004
-1.8748818381560213
-1.6088634037545695
-1.3754450131623621
-1.184885827530582
-0.9881000229186625
-0.8790837837434278
-0.026661809346547098
0.02666180934654889
0.8790837837434268
0.9881000229186613
1.1848858275305834
1.3754450131623608
1.6088634037545693
1.8748818381560195
2.1677531390726
2.484711278036446
2.8244979410729165
-2.824497786478614
-2.484715762280711
-2.1676930138356854
-1.8753687613077368
-1.6061878346341918
-1.3843445152667417
-1.1663495800841244
-1.0110919677167003
-0.867400720873837
-0.03445901824133692
0.03445901824133898
0.8674007208738357
1.0110919677167007
1.1663495800841246
1.384344515266743
1.6061878346341911
1.8753687613077383
2.1676930138356845
2.4847157622807123
2.8244977864786143
-2.824497722443398
-2.484717619610024
-2.1676680927482614
-1.8755695025763703
-1.6050522912728302
-1.3878342497521885
-1.1578545307359802
-1.0209022837185864
-0.8633158395995292
-0.03722175092073464
0.03722175092073243
0.86331583959953
1.0209022837185862
1.1578545307359809
1.3878342497521885
1.60505229127283
1.8755695025763686
2.1676680927482614
2.484717619610024
2.824497722443399
-2.8244977864786147
-2.48471576228071
-2.1676930138356845
-1.875368761307739
-1.6061878346341922
-1.3843445152667453
-1.1663495800841241
-1.0110919677167012
-0.8674007208738364
-0.03445901824133891
0.034459018241337735
0.8674007208738375
1.0110919677166998
1.1663495800841246
1.384344515266742
1.606187834634192
1.875368761307737
2.167693013835685
2.484715762280713
2.8244977864786134
-2.824497941072915
-2.484711278036447
-2.1677531390726004
-1.874881838156022
-1.608863403754569
-1.3754450131623628
-1.184885827530583
-0.9881000229186606
-0.8790837837434275
-0.026661809346548528
0.02666180934654761
0.8790837837434277
0.9881000229186628
1.1848858275305834
1.375445013162363
1.608863403754567
1.8748818381560244
2.1677531390726
2.484711278036446
2.8244979410729143
-2.8244979410729165
-2.4847112780364466
-2.1677531390726004
-1.8748818381560217
-1.608863403754569
-1.3754450131623623
-1.184885827530582
-0.9881000229186613
-0.8790837837434273
-0.026661809346548278
0.026661809346547837
0.8790837837434279
0.9881000229186613
1.1848858275305827
1.375445013162364
1.608863403754569
1.8748818381560213
2.1677531390726013
2.4847112780364475
2.824497941072915
-2.824498095666668
-2.484706793431998
-2.167813208431406
-1.8743916245949563
-1.6114534524997772
-1.3656296683764315
-1.202202695854352
-0.9619799304539708
-0.8961165323865067
-0.015375967981353652
0.015375967981354747
0.8961165323865065
0.9619799304539715
1.2022026958543537
1.3656296683764315
1.6114534524997781
1.8743916245949568
2.167813208431406
2.484706793431998
2.8244980956666685
-2.824498095666669
-2.4847067934319993
-2.167813208431406
-1.8743916245949568
-1.6114534524997768
-1.365629668376431
-1.2022026958543508
-0.9619799304539715
-0.8961165323865067
-0.015375967981353817
0.015375967981354897
0.8961165323865059
0.9619799304539708
1.202202695854353
1.3656296683764322
1.6114534524997768
1.8743916245949561
2.1678132084314066
2.4847067934319984
2.8244980956666703
-2.824497941072917
-2.484711278036446
-2.1677531390726004
-1.8748818381560215
-1.6088634037545688
-1.3754450131623626
-1.1848858275305822
-0.9881000229186612
-0.8790837837434268
-0.02666180934654818
0.026661809346547754
0.8790837837434287
0.9881000229186615
1.184885827530584
1.375445013162362
1.6088634037545695
1.8748818381560206
2.1677531390726013
2.4847112780364475
2.8244979410729147
-2.8244977224433976
-2.484717619610024
-2.167668092748262
-1.875569502576371
-1.6050522912728309
-1.3878342497521887
-1.1578545307359807
-1.0209022837185866
-0.8633158395995295
-0.03722175092073351
0.03722175092073298
0.8633158395995302
1.0209022837185862
1.15785453073598
1.3878342497521883
1.6050522912728316
1.8755695025763701
2.167668092748262
2.484717619610025
2.8244977224433994
-2.8244975678483275
-2.484722103345033
-2.167607888251871
-1.8760518789087686
-1.6022387304066852
-1.3959000912669852
-1.1324938517604044
-1.0487194163605427
-0.854604645113433
-0.04318676658545646
0.04318676658545708
0.8546046451134319
1.0487194163605442
1.1324938517604046
1.3959000912669857
1.6022387304066852
1.8760518789087683
2.1676078882518715
2.4847221033450317
2.824497567848325
-2.824497567848326
-2.484722103345033
-2.167607888251871
-1.8760518789087683
-1.602238730406685
-1.3959000912669837
-1.1324938517604035
-1.0487194163605411
-0.8546046451134321
-0.0431867665854561
0.043186766585456275
0.8546046451134318
1.048719416360544
1.1324938517604028
1.395900091266986
1.602238730406686
1.8760518789087672
2.1676078882518715
2.4847221033450317
2.8244975678483253
-2.8244977224433976
-2.4847176196100236
-2.1676680927482614
-1.8755695025763706
-1.6050522912728304
-1.3878342497521894
-1.157854530735981
-1.0209022837185868
-0.8633158395995294
-0.03722175092073337
0.03722175092073326
0.8633158395995294
1.020902283718586
1.1578545307359807
1.3878342497521883
1.6050522912728307
1.875569502576369
2.1676680927482628
2.484717619610025
2.8244977224433976
