-2.9570541769665093
-2.8450975408752344
-2.734958557952887
-2.626760033125634
-2.5206194698770403
-2.416650984038496
-2.314967150141581
-2.215680833613044
-2.1189070568054786
-2.024764944265589
-1.933379792558475
-1.844885314752371
-1.7594261020883946
-1.6771605164873156
-1.5982632127599727
-1.5229327718738812
-1.4513807079244736
-1.3838935810920132
-1.3207160641627642
-1.262186331319217
-1.2097131351063344
-1.1597760005770525
-1.125749846022269
-1.0766556010939718
-1.0602538726527353
-1.0047167361546985
-0.9934590409431078
-0.9127520776270935
-0.899002813756082
-0.7780897098450688
0.5761075392722954
0.7281627783159567
0.7631229377129517
0.8490999675104532
0.8792114148809178
0.9269217811636886
0.9617971197261411
0.9970207207281582
1.0386854616780385
1.0786973815098497
1.131496211899836
1.1852553995448545
1.2459148711148915
1.3097681429613075
1.377762515420913
1.4491549915702968
1.52385111074535
1.6016088861335185
1.6822598041188812
1.7656426338582842
1.8516135692983648
1.9400397299156624
2.0307969897789917
2.1237674747578708
2.2188374771072334
2.3158955520824307
2.414830758620106
2.51553098904751
2.6178813440369857
2.721762513374746
2.827049127579749
2.933608051549499
-2.9570541769665106
-2.845097540875235
-2.7349585579528863
-2.6267600331256338
-2.5206194698770408
-2.4166509840384993
-2.314967150141566
-2.2156808336132365
-2.1189070568040695
-2.024764944269346
-1.9333797926096725
-1.84488531388325
-1.7594261096045634
-1.677160472270816
-1.598263386977991
-1.522932489704281
-1.4513786394690307
-1.3839167285858396
-1.3205780074680282
-1.2627845908911586
-1.2075903949179665
-1.1653092991342122
-1.1146211779573227
-1.0922019389895024
-1.0485133120532213
-1.0120109021640542
-0.9894746778141422
-0.9130092885189851
-0.8988668360710106
-0.7780898697106613
0.5761075504083498
0.7281583011993279
0.7631399226999014
0.8487922397570282
0.8801137722029505
0.9247789483495138
0.9657508949355001
0.9932358376828833
1.0409106180856267
1.0776149860901998
1.1317794763798876
1.1851861848367367
1.245925951323568
1.3097670531319079
1.3777624719842128
1.449155035380644
1.523851099199799
1.60160888875968
1.6822598034752438
1.7656426340095668
1.851613569269893
1.9400397299193912
2.030796989778748
2.123767474757852
2.2188374771072406
2.315895552082429
2.4148307586201065
2.5155309890475097
2.6178813440369857
2.721762513374746
2.8270491275797487
2.9336080515494998
-2.957054176966509
-2.845097540875234
-2.7349585579528854
-2.626760033125634
-2.520619469877042
-2.416650984038496
-2.3149671501415696
-2.2156808336132916
-2.118907056802627
-2.024764944286626
-1.933379792475709
-1.8448853145511341
-1.7594261083804754
-1.6771604585144733
-1.598263562842214
-1.5229312762055591
-1.4513847452335362
-1.3838928469553726
-1.3206517592848974
-1.2626170282271962
-1.2078541751150695
-1.1652257860059767
-1.113253732901986
-1.0943987078595434
-1.0465943277189553
-1.013785803860585
-0.9886764892825297
-0.9131087494463171
-0.8988126069827768
-0.7780899569365849
0.5761075667086076
0.7281515309694128
0.7631657503178143
0.8483440035064892
0.8815304146621982
0.9218665996030425
0.9734729691253556
0.9858009555234621
1.0437333449474449
1.0762092135683619
1.1320308336041411
1.1851622908146862
1.2459139270334874
1.3097740852315842
1.3777603442417323
1.4491554653442953
1.5238510473366462
1.6016088884577115
1.6822598053018716
1.7656426335275877
1.8516135693443032
1.9400397299124252
2.0307969897789335
2.12376747475791
2.2188374771072295
2.3158955520824303
2.414830758620106
2.51553098904751
2.6178813440369857
2.7217625133747463
2.827049127579749
2.933608051549499
-2.957054176966511
-2.8450975408752357
-2.7349585579528872
-2.6267600331256333
-2.5206194698770394
-2.416650984038496
-2.314967150141587
-2.215680833613097
-2.1189070568040336
-2.02476494428287
-1.9333797924245115
-1.8448853154202567
-1.759426100864307
-1.677160502731011
-1.5982633886255029
-1.5229315583796172
-1.4513868128330774
-1.38386967152114
-1.32078936863525
-1.2620149600709343
-1.209962387312275
-1.1597471021721388
-1.1250976608754186
-1.0793893346982397
-1.0573541261602701
-1.0068416024904292
-0.9920040689171964
-0.9128527658491282
-0.8989469117319556
-0.7780897970698109
0.5761075555725423
0.7281560043470611
0.7631487518562359
0.848636307158415
0.880585941498188
0.9237912023529854
0.967735996796636
0.9914521369354921
1.0415963824645602
1.07739193880022
1.131751568411579
1.1852316729883932
1.2459028427594514
1.3097751746125006
1.377760387675418
1.449155421534705
1.5238510588822274
1.6016088858315525
1.6822598059455083
1.7656426333763036
1.851613569372775
1.9400397299086969
2.0307969897791778
2.123767474757928
2.2188374771072223
2.315895552082431
2.414830758620106
2.51553098904751
2.6178813440369852
2.7217625133747454
2.827049127579748
2.9336080515494998
-2.9570541769665093
-2.8450975408752344
-2.7349585579528854
-2.6267600331256347
-2.5206194698770403
-2.416650984038497
-2.3149671501415896
-2.2156808336130553
-2.118907056804559
-2.024764944277253
-1.9333797924738838
-1.8448853150661022
-1.7594261029343161
-1.6771604928583452
-1.5982634275556014
-1.522931423363718
-1.4513873047132724
-1.3838673970133528
-1.3208013088568822
-1.2619559283193662
-1.2101843824808194
-1.1589300597116485
-1.126523877846508
-1.07647088405856
-1.0600556860342725
-1.0053145452317944
-0.9929941856215102
-0.9127902475105337
-0.8989811209343308
-0.7780897462019837
0.5761075390265589
0.728163504207089
0.7631194931457479
0.8492030622290277
0.8788729804874937
0.9280629994654263
0.959614704339194
0.999562138213439
1.036567434926505
1.0799125924787132
1.1309874984668613
1.185455371052999
1.2458478633437617
1.30978942338348
1.3777562816562579
1.4491566964303588
1.5238506818619812
1.6016089840726244
1.682259784104973
1.765642637478844
1.8516135687223292
1.94003972999615
2.0307969897690747
2.123767474758957
2.2188374771071273
2.315895552082439
2.414830758620105
2.515530989047509
2.6178813440369844
2.7217625133747467
2.8270491275797474
2.9336080515494993
-2.9570541769665097
-2.8450975408752326
-2.734958557952886
-2.6267600331256333
-2.52061946987704
-2.4166509840384984
-2.3149671501415834
-2.2156808336130025
-2.1189070568059507
-2.024764944260996
-1.9333797925982048
-1.8448853144478723
-1.75942610414802
-1.6771605042738613
-1.5982632756920219
-1.5229324936747974
-1.451381741981625
-1.383890477697657
-1.320722867685229
-1.2621796202175222
-1.209690350387145
-1.159945824235241
-1.125388896736959
-1.0775967444753665
-1.0593541939366067
-1.0052600813142558
-0.9930809093700803
-0.9127730167185292
-0.8989912924600368
-0.7780897267506562
0.5761075443533801
0.7281605196421168
0.7631316378783168
0.8489392849424388
0.8796699964647211
0.9258519672948391
0.9635187404240559
0.9955906421041465
1.0392853524341157
1.0786259733647796
1.1313738276879675
1.1853604771623565
1.2458618015187413
1.309789361936795
1.377755544417262
1.449156959749107
1.5238506264758471
1.6016089913442162
1.682259783767526
1.7656426373855234
1.8516135687484903
1.940039729992846
2.03079698976926
2.1237674747589663
2.2188374771071255
2.3158955520824387
2.4148307586201057
2.51553098904751
2.6178813440369857
2.7217625133747463
2.827049127579748
2.9336080515494993
-2.95705417696651
-2.845097540875233
-2.734958557952885
-2.626760033125631
-2.5206194698770408
-2.416650984038497
-2.3149671501415687
-2.215680833613186
-2.1189070568045474
-2.0247649442656077
-1.933379792637032
-1.8448853136793528
-1.7594261111547018
-1.6771604611052027
-1.5982634578946018
-1.5229321086424732
-1.4513803304474329
-1.3839107144094969
-1.3205943424391535
-1.262757544344112
-1.2075808456488817
-1.1654929471057962
-1.1135133854023822
-1.0936978360490517
-1.0474223728139611
-1.0129602095925827
-0.9890464513727544
-0.9130598275205254
-0.8988392617175249
-0.7780899148227567
0.5761075653983723
0.7281519390747901
0.7631641562336129
0.8483807515665839
0.8813800017198663
0.922268767350286
0.9712511322424784
0.9883172546783076
1.0423831912928478
1.0772755723587963
1.1315823732297035
1.18536947705612
1.2458376449417436
1.309799508589765
1.3777529427171462
1.4491573828764128
1.5238506033469597
1.6016089814369483
1.6822597874794505
1.7656426366843996
1.8516135688271007
1.9400397299899679
2.0307969897685103
2.1237674747591355
2.2188374771071064
2.31589555208244
2.4148307586201057
2.515530989047512
2.6178813440369857
2.7217625133747463
2.8270491275797496
2.9336080515494984
-2.9570541769665106
-2.8450975408752326
-2.7349585579528846
-2.6267600331256338
-2.5206194698770408
-2.416650984038497
-2.3149671501415736
-2.2156808336132428
-2.1189070568031574
-2.024764944281866
-1.9333797925127105
-1.844885314297579
-1.7594261099409987
-1.677160449689656
-1.5982636097569547
-1.5229310383214825
-1.4513858937957345
-1.383887658528624
-1.3206732590466765
-1.2625393701870018
-1.2081184610498892
-1.1646436651577496
-1.1150358983284379
-1.0924074530611279
-1.0477004457515153
-1.0129637140371404
-0.9889949378727139
-0.9130767977604982
-0.8988294254140077
-0.7780899342743904
0.576107560071545
0.7281549204333087
0.7631519986626853
0.8486278858313239
0.8805379156583721
0.9241630394731073
0.9661677590638187
0.993545046976356
1.0398564280653722
1.0786672633498027
1.1312012731602423
1.1854644616355063
1.2458236913700191
1.3097995694724969
1.377753680017539
1.4491571195630013
1.5238506587332068
1.6016089741653539
1.6822597878168972
1.7656426367777207
1.8516135688009392
1.9400397299932728
2.0307969897683242
2.1237674747591266
2.218837477107109
2.31589555208244
2.414830758620105
2.5155309890475093
2.6178813440369857
2.7217625133747467
2.827049127579747
2.9336080515494998
-2.9570541769665106
-2.845097540875234
-2.7349585579528846
-2.626760033125633
-2.5206194698770386
-2.416650984038496
-2.3149671501415874
-2.215680833613039
-2.118907056805404
-2.0247649442601867
-1.933379792693831
-1.8448853129852785
-1.7594261182266258
-1.6771604036951584
-1.5982638372856746
-1.5229300171625448
-1.451390132514254
-1.3838711436200937
-1.3207338077133952
-1.2623361207795196
-1.2087598784595055
-1.163187999752842
-1.1185952832859418
-1.0882422587602716
-1.0504317085280876
-1.0109938384244241
-0.9898476117185786
-0.9129953864161152
-0.898872703258744
-0.7780898735227686
0.576107540854032
0.7281643674244175
0.7631140918515498
0.8494463796185847
0.8780336214517658
0.9321470945239813
0.9527780296580971
1.0098627015068966
1.0267701095243558
1.0844264685352845
1.1286590296839074
1.186366793937266
1.2455203692251524
1.3098937812139495
1.3777261442267392
1.449164612591198
1.5238487829492857
1.6016094001998344
1.6822597010130191
1.76564265251668
1.8516135662734563
1.9400397303520598
2.0307969897232976
2.123767474764125
2.2188374771066193
2.315895552082482
2.414830758620102
2.51553098904751
2.617881344036986
2.721762513374746
2.8270491275797496
2.933608051549499
-2.957054176966509
-2.845097540875236
-2.734958557952885
-2.6267600331256356
-2.5206194698770394
-2.4166509840384975
-2.314967150141604
-2.2156808336128533
-2.118907056806754
-2.024764944256592
-1.9333797926453586
-1.8448853138034564
-1.7594261112095604
-1.677160444523125
-1.59826367908698
-1.5229302590084584
-1.4513920848182793
-1.3838500326681293
-1.320856351381228
-1.2617998433344593
-1.2105324365820755
-1.158114080819873
-1.1275123335698594
-1.0750698649153216
-1.0611643944652343
-1.005062147707853
-0.993133004358084
-0.9127914289604849
-0.8989798717232895
-0.7780897532245258
0.5761075414361191
0.7281631931069619
0.7631195443861278
0.8492873072413617
0.8785163214776609
0.9300081973726186
0.9558114891838627
1.0055869306788812
1.0305472817218304
1.0833245802873537
1.1291363837601436
1.1862442288777888
1.2455468240609036
1.3098906184887666
1.3777258804363497
1.4491648826425514
1.523848698821512
1.6016094170764115
1.6822596987902663
1.7656426526425013
1.8516135662954167
1.9400397303446657
2.030796989724417
2.1237674747640227
2.2188374771066237
2.3158955520824818
2.414830758620102
2.51553098904751
2.6178813440369866
2.721762513374747
2.8270491275797496
2.933608051549499
-2.957054176966509
-2.845097540875235
-2.7349585579528846
-2.626760033125632
-2.5206194698770417
-2.416650984038494
-2.3149671501416025
-2.2156808336127876
-2.118907056808152
-2.024764944241191
-1.9333797927573113
-1.8448853132858316
-1.7594261119137802
-1.6771604569865421
-1.598263535210183
-1.5229312265081176
-1.451387179760216
-1.3838702097473752
-1.3207874925968084
-1.2620039409357988
-1.210060994483864
-1.1592520065995222
-1.126076116104776
-1.0772583053613234
-1.0593625812642924
-1.0056508390554237
-0.992769802555491
-0.9128044247962653
-0.8989731369181825
-0.7780897619790998
0.5761075566718703
0.728156101798496
0.7631472089091446
0.8487528753786078
0.8800614279661509
0.9257224766023563
0.9621232096771877
0.999074005232996
1.0350138311087727
1.0820002159722917
1.1294783685421839
1.1862287856092923
1.245525350888918
1.309901753810149
1.3777225809886033
1.4491655250458804
1.5238486318446343
1.601609411814576
1.6822597028083912
1.7656426516967743
1.8516135664286608
1.9400397303347545
2.030796989724098
2.12376747476422
2.2188374771065957
2.315895552082484
2.4148307586201025
2.51553098904751
2.6178813440369844
2.7217625133747454
2.8270491275797514
2.9336080515495007
-2.9570541769665084
-2.8450975408752344
-2.734958557952884
-2.626760033125632
-2.5206194698770386
-2.416650984038496
-2.3149671501415874
-2.2156808336129736
-2.1189070568068016
-2.024764944244786
-1.9333797928057823
-1.844885312467649
-1.7594261189308447
-1.677160416158607
-1.5982636934098293
-1.5229309846646424
-1.4513852268143554
-1.3838912988528087
-1.320664557296797
-1.2625355140721861
-1.2082540918817282
-1.1641214938448516
-1.1169499102559504
-1.089902610405899
-1.0495365001512522
-1.011495607501623
-0.9896458145472529
-0.9130082699798366
-0.898866132498883
-0.7780898822774323
0.5761075560897837
0.7281572750316393
0.7631417508215831
0.8489018762134907
0.8795566676602751
0.927268235771921
0.959350180279802
1.002530479113127
1.0323581188144593
1.083154149449216
1.129011397580914
1.186351625901985
1.2454988778219471
1.3099049145523132
1.3777228447669059
1.4491652550011143
1.5238487159727276
1.601609394937999
1.6822597050311436
1.7656426515709518
1.8516135664066988
1.940039730342147
2.030796989722977
2.1237674747643216
2.2188374771065917
2.315895552082484
2.414830758620102
2.5155309890475106
2.6178813440369857
2.7217625133747467
2.8270491275797465
2.933608051549498
-2.9570541769665097
-2.8450975408752344
-2.734958557952887
-2.626760033125632
-2.5206194698770403
-2.4166509840384967
-2.314967150141584
-2.2156808336130243
-2.1189070568063264
-2.024764944248525
-1.9333797927784218
-1.8448853126715472
-1.759426117380707
-1.6771604273242409
-1.598263622493962
-1.522931365744859
-1.4513835361775305
-1.3838973175648697
-1.3206482625898446
-1.2625626928969105
-1.2082621418743358
-1.1639260567970655
-1.1178123554108654
-1.08859359525428
-1.0506512446529184
-1.010554755172518
-0.9901133106431739
-0.9129576105225761
-0.8988938736980667
-0.7780898371654614
0.5761075410997714
0.7281636414411188
0.7631175355082745
0.8493399565127241
0.8783621221236309
0.9305691758005237
0.955052571308079
1.0063396979738568
1.0300364079900146
1.0833505020539218
1.1292123120697775
1.1861732639401352
1.2455881841381153
1.3098725827469382
1.3777323850034917
1.4491629082413817
1.5238492118640412
1.6016093022623388
1.682259721026994
1.7656426488961223
1.8516135668494917
1.9400397302715713
2.030796989733215
2.123767474763038
2.218837477106726
2.315895552082473
2.414830758620104
2.5155309890475106
2.617881344036986
2.7217625133747463
2.8270491275797496
2.933608051549499
-2.9570541769665106
-2.845097540875236
-2.7349585579528823
-2.6267600331256333
-2.5206194698770403
-2.4166509840384967
-2.3149671501415843
-2.215680833613089
-2.1189070568048742
-2.0247649442649465
-1.9333797926568286
-1.844885313238833
-1.7594261166661043
-1.6771604125199957
-1.5982637903713819
-1.522930255056909
-1.4513889841614984
-1.3838763358003012
-1.3207123658933242
-1.2624144746294066
-1.2085036255454986
-1.1637949357272692
-1.1172063940977615
-1.0899009130658996
-1.0492939692734526
-1.011792610041817
-0.9894898684907537
-0.9130274539983065
-0.8988557213794705
-0.7780898961848473
0.5761075474910863
0.7281609739062305
0.7631278256798387
0.84913398738797
0.8789436929176431
0.9286315552707144
0.9578218074517232
1.0031349917958907
1.0326354190775862
1.0824578538216214
1.129574098514832
1.186075218373923
1.2456116821137082
1.3098683900296242
1.377732815514404
1.4491629588483046
1.523849171580924
1.6016093144936294
1.6822597184980543
1.7656426492665482
1.8516135668168205
1.9400397302712116
2.0307969897339073
2.123767474762908
2.21883747710674
2.3158955520824724
2.414830758620104
2.5155309890475106
2.617881344036985
2.7217625133747445
2.827049127579748
2.933608051549498
-2.9570541769665106
-2.845097540875234
-2.7349585579528863
-2.626760033125632
-2.520619469877043
-2.416650984038494
-2.314967150141601
-2.2156808336128933
-2.1189070568062296
-2.0247649442622104
-1.9333797925959875
-1.84488531415761
-1.7594261091395533
-1.6771604543958105
-1.5982636401572545
-1.5229303940302485
-1.4513915930329695
-1.383852308948512
-1.3208444413358593
-1.261859306372736
-1.2103133892114672
-1.1589677097231812
-1.1260754417176333
-1.078267857124406
-1.0581603133314024
-1.0066105028820318
-0.992115247486703
-0.9128539383676982
-0.8989456706978657
-0.7780898040923799
0.5761075579821058
0.7281556934806466
0.7631488020647669
0.8487144438322572
0.8802029115365805
0.925251474765311
0.9632193238268868
0.9975099237012066
1.0364104766649551
1.0811035199521186
1.1299567024367838
1.1860275845859616
1.245602469747972
1.3098764244224435
1.377729990925646
1.4491636081161205
1.523849075869049
1.601609318836966
1.6822597206308751
1.7656426485399637
1.8516135669458629
1.9400397302572112
2.0307969897345215
2.1237674747629933
2.2188374771067196
2.3158955520824738
2.4148307586201017
2.5155309890475106
2.617881344036986
2.7217625133747463
2.8270491275797482
2.9336080515494993
-2.9570541769665084
-2.845097540875234
-2.734958557952886
-2.626760033125634
-2.5206194698770408
-2.416650984038496
-2.3149671501415976
-2.2156808336128297
-2.118907056807679
-2.0247649442457867
-1.9333797927175824
-1.844885313590327
-1.7594261098541553
-1.6771604692000228
-1.5982634722788258
-1.52293150472149
-1.451386145918169
-1.3838733153324017
-1.3207807013454882
-1.2620106482574023
-1.2100832222556266
-1.1590755956955112
-1.1264395778887535
-1.076306498782119
-1.0602788943098846
-1.0051305194667153
-0.9931235679962858
-0.912783522388571
-0.8989846117429997
-0.7780897450734624
0.5761075515907826
0.7281583592548421
0.7631385048990309
0.848910381748514
0.8796005977600525
0.9268099446139462
0.9605083349653336
1.0005027921966463
1.0343199928774949
1.082042963223179
1.1296027838566036
1.1861259668783208
1.2455789703335716
1.3098806157500755
1.3777295603405195
1.4491635575093331
1.5238491161523293
1.601609306605681
1.6822597231598146
1.7656426481695378
1.8516135669785343
1.9400397302575711
2.0307969897338296
2.123767474763124
2.218837477106706
2.3158955520824747
2.414830758620103
2.5155309890475106
2.617881344036984
2.721762513374746
2.8270491275797465
2.933608051549499
