-2.662355094572019
-2.047860619687223
-1.4963389693373699
-1.2119707759336977
-0.10113733171153112
0.1011373317115314
1.2119707759336975
1.496338969337371
2.047860619687223
2.6623550945720194
-2.66235509457202
-2.047860619687223
-1.4963389693373699
-1.211970775933698
-0.1011373317115313
0.10113733171153075
1.2119707759336982
1.4963389693373688
2.0478606196872255
2.6623550945720185
-2.6623550945720194
-2.0478606196872224
-1.4963389693373703
-1.2119707759336977
-0.10113733171153182
0.10113733171153015
1.2119707759336988
1.49633896933737
2.047860619687224
2.6623550945720185
-2.662355094572019
-2.0478606196872224
-1.4963389693373699
-1.2119707759336975
-0.10113733171153066
0.10113733171153147
1.2119707759336984
1.496338969337368
2.047860619687223
2.6623550945720194
-2.6623550945720194
-2.0478606196872224
-1.4963389693373694
-1.2119707759336975
-0.10113733171153078
0.10113733171153114
1.2119707759336975
1.4963389693373674
2.0478606196872233
2.6623550945720194
-2.6623550945720194
-2.0478606196872224
-1.4963389693373685
-1.2119707759336975
-0.10113733171153075
0.10113733171153208
1.2119707759336973
1.4963389693373683
2.0478606196872224
2.6623550945720194
-2.662355094572019
-2.0478606196872224
-1.4963389693373699
-1.211970775933697
-0.10113733171153096
0.1011373317115317
1.2119707759336975
1.4963389693373679
2.0478606196872233
2.6623550945720202
-2.6623550945720194
-2.0478606196872224
-1.496338969337369
-1.211970775933697
-0.10113733171153153
0.10113733171153136
1.2119707759336968
1.4963389693373688
2.047860619687224
2.6623550945720194
-2.663025788796505
-2.0400840584522
-1.5329945596317875
-1.168153752148618
-0.1780313852510311
0.17803138525103138
1.1681537521486174
1.532994559631787
2.040084058452201
2.663025788796505
-2.663025788796505
-2.0400840584522
-1.5329945596317869
-1.1681537521486176
-0.17803138525103007
0.17803138525103013
1.1681537521486176
1.5329945596317873
2.040084058452201
2.663025788796506
-2.6627485039372765
-2.0433564527387436
-1.5187254858126384
-1.18545649951802
-0.15043469787380226
0.15043469787380112
1.1854564995180215
1.5187254858126382
2.0433564527387436
2.662748503937277
-2.66235509457202
-2.047860619687223
-1.4963389693373694
-1.2119707759336975
-0.1011373317115316
0.10113733171153078
1.2119707759336975
1.4963389693373692
2.0478606196872233
2.6623550945720185
-2.6620760079984267
-2.0509639342752823
-1.4781827499863798
-1.2329400688704522
-0.04162706040120578
0.04162706040120518
1.2329400688704524
1.4781827499863787
2.0509639342752823
2.662076007998427
-2.6620760079984263
-2.0509639342752823
-1.4781827499863798
-1.2329400688704517
-0.04162706040120582
0.04162706040120489
1.2329400688704526
1.4781827499863793
2.0509639342752823
2.6620760079984263
-2.6623550945720194
-2.047860619687223
-1.4963389693373692
-1.2119707759336982
-0.10113733171153126
0.10113733171153005
1.2119707759336968
1.496338969337371
2.0478606196872233
2.66235509457202
-2.662748503937275
-2.0433564527387436
-1.5187254858126384
-1.1854564995180221
-0.15043469787380193
0.1504346978738018
1.185456499518021
1.5187254858126389
2.043356452738744
2.6627485039372765
-2.6636921804326414
-2.0318523869018987
-1.56401944409797
-1.1293594386238237
-0.23390229288704284
0.23390229288704287
1.1293594386238246
1.5640194440979696
2.0318523869018996
2.6636921804326406
-2.6639669641457746
-2.028290946284043
-1.575873729549656
-1.1140781165196914
-0.2544951668879618
0.25449516688796214
1.1140781165196902
1.5758737295496572
2.0282909462840446
2.6639669641457724
-2.6636921804326406
-2.031852386901899
-1.564019444097969
-1.129359438623824
-0.2339022928870426
0.23390229288704287
1.1293594386238237
1.5640194440979691
2.0318523869018996
2.663692180432642
-2.663025788796505
-2.0400840584522015
-1.532994559631786
-1.1681537521486178
-0.17803138525103068
0.1780313852510303
1.1681537521486176
1.532994559631787
2.0400840584522006
2.663025788796505
-2.6623550945720185
-2.0478606196872233
-1.4963389693373699
-1.211970775933697
-0.10113733171153089
0.10113733171153115
1.2119707759336973
1.4963389693373705
2.047860619687222
2.662355094572019
-2.6620760079984263
-2.0509639342752823
-1.4781827499863807
-1.2329400688704515
-0.0416270604012046
0.04162706040120655
1.23294006887045
1.4781827499863804
2.050963934275281
2.662076007998427
-2.6623550945720185
-2.047860619687223
-1.4963389693373697
-1.2119707759336973
-0.10113733171153115
0.10113733171153097
1.211970775933697
1.4963389693373703
2.047860619687223
2.662355094572019
-2.6630257887965043
-2.0400840584522
-1.532994559631787
-1.168153752148618
-0.1780313852510304
0.1780313852510309
1.1681537521486185
1.5329945596317855
2.0400840584522006
2.6630257887965043
-2.6639669641457715
-2.028290946284044
-1.5758737295496568
-1.1140781165196914
-0.25449516688796164
0.25449516688796237
1.11407811651969
1.5758737295496563
2.0282909462840437
2.663966964145771
-2.664627382191143
-2.019270210053166
-1.6029201047998518
-1.0781552923060163
-0.30089372903066297
0.30089372903066425
1.078155292306016
1.6029201047998518
2.019270210053166
2.664627382191142
-2.664627382191143
-2.0192702100531656
-1.602920104799852
-1.0781552923060163
-0.30089372903066264
0.3008937290306649
1.0781552923060158
1.6029201047998507
2.0192702100531665
2.664627382191142
-2.663966964145772
-2.028290946284044
-1.5758737295496572
-1.1140781165196894
-0.2544951668879627
0.2544951668879614
1.1140781165196911
1.5758737295496568
2.0282909462840446
2.6639669641457715
-2.6630257887965048
-2.040084058452201
-1.5329945596317864
-1.1681537521486183
-0.17803138525103013
0.17803138525102974
1.1681537521486178
1.532994559631786
2.0400840584522
2.6630257887965048
-2.662355094572019
-2.047860619687223
-1.4963389693373694
-1.211970775933697
-0.10113733171153086
0.10113733171153098
1.2119707759336962
1.4963389693373688
2.0478606196872224
2.662355094572019
-2.662355094572019
-2.0478606196872224
-1.49633896933737
-1.211970775933697
-0.10113733171153091
0.10113733171153096
1.2119707759336957
1.4963389693373694
2.047860619687222
2.6623550945720194
-2.6630257887965048
-2.0400840584522
-1.5329945596317869
-1.168153752148618
-0.17803138525103107
0.1780313852510298
1.168153752148618
1.5329945596317862
2.0400840584522006
2.6630257887965056
-2.663692180432641
-2.0318523869019
-1.5640194440979696
-1.1293594386238235
-0.2339022928870432
0.2339022928870422
1.1293594386238248
1.56401944409797
2.0318523869018996
2.6636921804326414
-2.6646273821911435
-2.019270210053166
-1.6029201047998518
-1.078155292306017
-0.3008937290306625
0.3008937290306629
1.0781552923060163
1.6029201047998516
2.0192702100531674
2.6646273821911417
-2.665012315767267
-2.013670122310713
-1.6180339887498945
-1.0573749208431018
-0.32675110304955
0.3267511030495503
1.057374920843102
1.6180339887498953
2.013670122310713
2.6650123157672674
-2.6646273821911435
-2.019270210053166
-1.6029201047998516
-1.078155292306016
-0.30089372903066375
0.30089372903066386
1.0781552923060151
1.602920104799852
2.0192702100531665
2.664627382191142
-2.663692180432641
-2.0318523869018996
-1.5640194440979691
-1.1293594386238242
-0.23390229288704317
0.2339022928870429
1.1293594386238237
1.5640194440979687
2.031852386901901
2.66369218043264
-2.6627485039372756
-2.043356452738743
-1.5187254858126389
-1.1854564995180203
-0.15043469787380193
0.1504346978738026
1.1854564995180208
1.5187254858126373
2.043356452738745
2.6627485039372747
-2.662355094572019
-2.0478606196872224
-1.4963389693373697
-1.2119707759336982
-0.10113733171153094
0.10113733171153197
1.211970775933697
1.4963389693373694
2.0478606196872216
2.662355094572019
-2.662748503937276
-2.0433564527387427
-1.5187254858126387
-1.1854564995180208
-0.15043469787380204
0.15043469787380165
1.1854564995180212
1.5187254858126378
2.043356452738743
2.662748503937276
-2.6630257887965048
-2.0400840584521998
-1.5329945596317867
-1.1681537521486187
-0.17803138525103068
0.17803138525103035
1.1681537521486178
1.5329945596317869
2.0400840584521998
2.6630257887965048
-2.6639669641457724
-2.028290946284044
-1.5758737295496559
-1.11407811651969
-0.2544951668879625
0.2544951668879622
1.1140781165196896
1.5758737295496559
2.028290946284045
2.6639669641457724
-2.664627382191143
-2.019270210053167
-1.602920104799851
-1.0781552923060165
-0.3008937290306632
0.30089372903066264
1.0781552923060171
1.6029201047998525
2.0192702100531648
2.6646273821911426
-2.6646273821911435
-2.0192702100531656
-1.6029201047998516
-1.078155292306017
-0.30089372903066297
0.3008937290306642
1.078155292306017
1.602920104799853
2.0192702100531656
2.664627382191144
-2.6639669641457724
-2.0282909462840446
-1.5758737295496565
-1.1140781165196896
-0.2544951668879619
0.2544951668879614
1.114078116519691
1.5758737295496565
2.028290946284046
2.6639669641457715
-2.663025788796505
-2.040084058452201
-1.532994559631787
-1.1681537521486187
-0.17803138525103032
0.17803138525102993
1.1681537521486185
1.5329945596317873
2.0400840584522006
2.663025788796505
-2.662355094572019
-2.047860619687222
-1.4963389693373703
-1.2119707759336977
-0.10113733171153041
0.1011373317115319
1.2119707759336955
1.4963389693373708
2.0478606196872233
2.662355094572019
-2.662355094572019
-2.047860619687223
-1.49633896933737
-1.2119707759336975
-0.10113733171153107
0.10113733171153097
1.211970775933696
1.4963389693373708
2.047860619687225
2.662355094572019
-2.662355094572019
-2.0478606196872247
-1.4963389693373699
-1.2119707759336982
-0.10113733171153093
0.1011373317115309
1.2119707759336973
1.4963389693373697
2.0478606196872216
2.6623550945720194
-2.663025788796505
-2.0400840584522
-1.5329945596317869
-1.1681537521486187
-0.17803138525103007
0.17803138525102943
1.1681537521486194
1.5329945596317873
2.0400840584522015
2.6630257887965056
-2.6636921804326406
-2.0318523869018996
-1.564019444097969
-1.1293594386238237
-0.23390229288704287
0.23390229288704237
1.1293594386238246
1.5640194440979691
2.0318523869018987
2.6636921804326414
-2.6639669641457724
-2.0282909462840446
-1.5758737295496568
-1.1140781165196905
-0.2544951668879625
0.2544951668879621
1.1140781165196902
1.5758737295496568
2.0282909462840433
2.663966964145772
-2.6636921804326406
-2.0318523869019005
-1.5640194440979691
-1.1293594386238235
-0.2339022928870432
0.23390229288704265
1.1293594386238257
1.56401944409797
2.031852386901901
2.6636921804326397
-2.663025788796505
-2.0400840584522
-1.532994559631788
-1.1681537521486172
-0.17803138525103002
0.17803138525103038
1.1681537521486178
1.532994559631787
2.0400840584522006
2.6630257887965043
-2.6623550945720194
-2.0478606196872224
-1.4963389693373697
-1.2119707759336982
-0.10113733171153028
0.10113733171153166
1.2119707759336968
1.4963389693373694
2.0478606196872238
2.66235509457202
-2.662076007998426
-2.0509639342752806
-1.4781827499863816
-1.2329400688704517
-0.04162706040120676
0.04162706040120483
1.2329400688704526
1.4781827499863804
2.0509639342752823
2.6620760079984263
-2.662076007998426
-2.0509639342752823
-1.47818274998638
-1.2329400688704517
-0.0416270604012054
0.04162706040120568
1.232940068870451
1.4781827499863796
2.0509639342752815
2.6620760079984267
-2.662355094572019
-2.0478606196872224
-1.49633896933737
-1.2119707759336968
-0.10113733171153146
0.10113733171152993
1.2119707759336982
1.49633896933737
2.047860619687223
2.662355094572019
-2.6627485039372756
-2.043356452738743
-1.5187254858126393
-1.1854564995180201
-0.1504346978738024
0.15043469787380187
1.1854564995180217
1.5187254858126396
2.043356452738744
2.6627485039372742
-2.6630257887965043
-2.0400840584522
-1.5329945596317867
-1.1681537521486185
-0.1780313852510301
0.17803138525103104
1.1681537521486178
1.532994559631787
2.0400840584521993
2.663025788796505
-2.6630257887965048
-2.0400840584521984
-1.5329945596317869
-1.1681537521486176
-0.17803138525103096
0.1780313852510305
1.1681537521486172
1.5329945596317862
2.0400840584521998
2.6630257887965048
-2.6627485039372756
-2.043356452738743
-1.518725485812638
-1.1854564995180201
-0.15043469787380262
0.15043469787379965
1.185456499518022
1.5187254858126387
2.043356452738744
2.662748503937276
-2.662355094572019
-2.047860619687223
-1.4963389693373688
-1.211970775933697
-0.1011373317115305
0.1011373317115313
1.211970775933697
1.496338969337369
2.0478606196872224
2.6623550945720185
-2.662076007998426
-2.050963934275283
-1.4781827499863796
-1.2329400688704508
-0.04162706040120569
0.04162706040120569
1.2329400688704504
1.4781827499863804
2.0509639342752815
2.6620760079984267
