-2.6831347616873416
-2.6738547772998635
-2.6643768177535807
-2.6548244445923395
-2.645362116936915
-2.6361349192891987
-2.627306198529161
-2.6190431843388136
-2.6115110589840373
-2.6048652799223455
-2.5992429289577803
-2.598245798276435
-2.5948579606391804
-2.594756407653102
-2.592055245252009
-2.5915019118023745
-2.590199547310077
-2.5889136141028715
-2.5884649818310774
-2.5882701799868206
-2.0094361369801557
-2.009335236057266
-2.0092439850065777
-2.0036504702247635
-2.003564078536722
-2.0019729732634994
-2.0003069425664357
-1.998761817520708
-1.9957641901236296
-1.9954021874506978
-1.9928879207280858
-1.9885237413635095
-1.9876009111392303
-1.9847209492645808
-1.982069072220162
-1.9796220747086868
-1.9697286878333033
-1.9561357070509178
-1.9452120347618758
-1.9340061822436831
-1.4966846783798013
-1.4924446452734546
-1.4873308029319234
-1.4707047186725413
-1.4653086166984315
-1.4599778138845085
-1.450997024378894
-1.4464532943761417
-1.442454146741892
-1.4385828158840588
-1.4377320780076666
-1.4358024462057326
-1.4338159740554999
-1.4301708539955724
-1.4266000148975904
-1.4262261226164354
-1.4257999664646641
-1.4154346709621268
-1.4079907927887592
-1.3999494712448364
-0.9885834871833211
-0.986868327228266
-0.9855558426204255
-0.9759305276036405
-0.9722851332725886
-0.9693174121005329
-0.9603970597490719
-0.9567879897307412
-0.9538929965916605
-0.9474751173103814
-0.9454805029249774
-0.9420526216391372
-0.9400166429195073
-0.9387514825932187
-0.9359285173218788
-0.9326186757982969
-0.9298838830554487
-0.9176149674921926
-0.9172902556449517
-0.9163004872815022
-0.6884618123348847
-0.6884141887454327
-0.6881240131265329
-0.653318455205866
-0.6529762525182607
-0.6502501294286313
-0.6270996297162321
-0.6222533049806839
-0.6167418905713642
-0.6060570604716067
-0.602657097552631
-0.5941628122100494
-0.5879087369226486
-0.5835305281002553
-0.56655737779253
-0.5638631529591714
-0.5620416533572646
-0.5403317321114982
-0.5397766104741604
-0.5389329587811181
-0.4246091600099658
-0.4232116462756862
-0.4222581883314269
-0.413943316811312
-0.4131590159451972
-0.40658519873076526
-0.403511696205557
-0.4006425944962311
-0.38989143306262186
-0.3887520357526629
-0.38825223724277924
-0.3662655238068005
-0.36613897459754674
-0.36589158996785875
-0.3415256010217458
-0.3403745251078127
-0.33857083194490545
1.5072406349739675
1.5142793261832748
1.5210152952749485
1.5428689338490114
1.5496289295217505
1.5557025767567518
1.5700006693650566
1.573988237630911
1.577003439547296
1.5827603933251388
1.5858459128527653
1.5890482456141795
1.593330965678499
1.5958301208097225
1.6045028763163431
1.6067783106617188
1.6085098238633218
1.659653847967946
1.6732400511408874
1.686305472751263
1.7131044856014774
1.715869122953762
1.720368448128013
1.7251425602320696
1.7316955058986938
1.7384298724450016
1.7474296654214112
1.7518668862949571
1.7596345313482211
1.765073234414672
1.7700595452265648
1.7784646096075596
1.7809079674324346
1.7821589604038126
1.7902298695298062
1.7970164065502527
1.8044856286064765
2.100036761839458
2.1001417012996457
2.100157996672753
2.1108146299154105
2.11156918691354
2.112003673446751
2.1181509350484427
2.118678855719525
2.1215404172341863
2.1253288772175445
2.126258924648948
2.1300025941525145
2.1322685780522277
2.1342761879535628
2.140535094013229
2.1419634704577386
2.14237485087659
2.1504305329089517
2.159148171533027
2.1705911253433117
2.6546322633561936
2.662651650049797
2.671337194619682
2.680560222465605
2.690099074952998
2.6998077962979243
2.709519140107272
2.7190746512096315
2.7283281109778086
2.73714751732728
2.7454160154217413
2.753032048353104
2.759908998107222
2.7659744963314714
2.771169434513198
2.7754461582740344
2.778762033698587
2.78117584609584
2.782582535151229
2.7830341626458783
-2.6831347616873336
-2.673854777299862
-2.6643768177535816
-2.654824444592338
-2.645362116936907
-2.636134919289199
-2.627306198529158
-2.6190431843388127
-2.611511058984036
-2.6048652799223486
-2.5992429289577785
-2.598245798276432
-2.5948579606391777
-2.594756407653101
-2.5920552452520096
-2.5915019118023728
-2.5901995473100756
-2.588913614102876
-2.5884649818310765
-2.5882701799868277
-2.0094361369799656
-2.0093352360577152
-2.009243985006313
-2.0036504702324556
-2.0035640785280817
-2.001972973265741
-2.0003069425634803
-1.9987618175233648
-1.9957641901147294
-1.9954021874591923
-1.9928879207273928
-1.988523741363907
-1.9876009111389066
-1.9847209492646227
-1.9820690722201528
-1.9796220747086877
-1.9697286878333038
-1.9561357070509173
-1.9452120347618762
-1.9340061822436836
-1.496684678379803
-1.4924446452734557
-1.4873308029319223
-1.4707047186723712
-1.4653086167034426
-1.459977813841183
-1.4509970267627195
-1.4464532626427546
-1.4424544374378843
-1.438575503002414
-1.437744145218816
-1.4357938453396415
-1.4338205762637353
-1.4301690462415946
-1.4266109548153747
-1.42621011766813
-1.4258058224561894
-1.4154346707699144
-1.407990792794457
-1.3999494712447282
-0.9885834877260973
-0.9868683242262514
-0.9855558460895918
-0.9759304990047398
-0.9722852691957918
-0.9693172139738966
-0.9603982145330945
-0.9567838504044514
-0.9538983408581814
-0.9474611694307787
-0.9454974081694798
-0.9420557600263623
-0.9399745114749443
-0.9387944157860546
-0.9359172159243891
-0.9326212421166944
-0.92988344841858
-0.9176150107754083
-0.9172902078043882
-0.9163004941225612
-0.6884616844824293
-0.6884143379948069
-0.6881239917488582
-0.6533099130690648
-0.6529865159185394
-0.6502481116080203
-0.6271234164148141
-0.6221590807042804
-0.6168939810125553
-0.6051276966186389
-0.6037903688053217
-0.5933911441423143
-0.5887431267013878
-0.5831389449366621
-0.5668674773234635
-0.5631321123082196
-0.5625075839568329
-0.5402743460190338
-0.5398536853795953
-0.5389118782743225
-0.4245052636225633
-0.42353097209091284
-0.42199396513072507
-0.41450398364212704
-0.4124985353390861
-0.4069727388239584
-0.4030774867665528
-0.4008514970055001
-0.3896742277794962
-0.3891082103696807
-0.3880996201978287
-0.36627444306795615
-0.3661254583669888
-0.3658962089825772
-0.34152560097213613
-0.34037452515983047
-0.3385708319346286
1.5072406349739689
1.5142793261833285
1.5210152952746543
1.5428689341247483
1.549628925134847
1.5557026004150818
1.5699949717227404
1.5740423347358463
1.5768755992625183
1.5836688895854987
1.5844356141148637
1.5907432195570352
1.5917168183695274
1.5964099819257032
1.6042649290657849
1.6070418050330177
1.6084048048411506
1.659653906295008
1.673239848393133
1.6863059589702802
1.7129194064029793
1.7165771537268406
1.7193417816615535
1.7262051213771528
1.7307764384963504
1.7390881211737288
1.7466655534939188
1.752612602527523
1.7591086670137415
1.7655105875801391
1.7698141798654003
1.7786930996157353
1.7806004407565252
1.7822929919240011
1.790228731356742
1.797016461837562
1.8044856273913445
2.100036762788359
2.1001416937998956
2.10015800322598
2.110814628036142
2.111569193816234
2.1120036681313707
2.118150941004656
2.118678849030949
2.121540418652084
2.1253288762470626
2.126258925173951
2.1300025943207257
2.1322685778622614
2.1342761880298124
2.140535093995843
2.1419634704906465
2.1423748508561142
2.1504305329089553
2.159148171533028
2.1705911253433086
2.6546322633561887
2.6626516500497903
2.6713371946196767
2.6805602224655964
2.6900990749530016
2.699807796297927
2.709519140107265
2.7190746512096324
2.7283281109778037
2.737147517327272
2.745416015421746
2.7530320483531034
2.7599089981072167
2.765974496331466
2.7711694345131996
2.775446158274026
2.7787620336985905
2.781175846095841
2.782582535151221
2.783034162645879
-2.6831347616873407
-2.673854777299861
-2.6643768177535834
-2.6548244445923324
-2.6453621169369086
-2.6361349192891996
-2.627306198529156
-2.6190431843388082
-2.6115110589840365
-2.604865279922349
-2.599242928957782
-2.598245798276438
-2.5948579606391755
-2.5947564076531067
-2.5920552452520096
-2.5915019118023728
-2.5901995473100774
-2.5889136141028746
-2.5884649818310757
-2.588270179986827
-2.009436136979709
-2.0093352360583197
-2.0092439850059574
-2.003650470242814
-2.0035640785164492
-2.0019729732687557
-2.000306942559511
-1.9987618175269215
-1.9957641901028549
-1.99540218747052
-1.9928879207264723
-1.9885237413644323
-1.9876009111384787
-1.9847209492646785
-1.982069072220142
-1.9796220747086886
-1.9697286878333038
-1.956135707050918
-1.9452120347618758
-1.9340061822436834
-1.4966846783798038
-1.4924446452734443
-1.4873308029319598
-1.4707047186636018
-1.4653086168012095
-1.4599778133180863
-1.4509970442034599
-1.4464530695632933
-1.4424559733907316
-1.4385386198856318
-1.4378013633641915
-1.4357569233822396
-1.433839713812355
-1.4301622897738606
-1.426644068705494
-1.4261574400752177
-1.4258282326359388
-1.4154346702475673
-1.4079907928079387
-1.3999494712445075
-0.988583488065751
-0.9868683226219835
-0.9855558477142625
-0.9759304979319045
-0.9722852527416085
-0.9693172649344501
-0.9603973157261274
-0.9567884129892721
-0.9538904478909273
-0.9475102075097614
-0.9453966056164178
-0.9422330334881812
-0.9395482342620344
-0.9391250700358185
-0.9358878498273596
-0.932625411577734
-0.9298829539182609
-0.9176150109732824
-0.9172902087880686
-0.9163004934485383
-0.6884623807109082
-0.6884135169735875
-0.6881241168867117
-0.6533004119341982
-0.6529976342259248
-0.6502463044022461
-0.6271281922916359
-0.6221500973344557
-0.6168913927093403
-0.6054562232585878
-0.6033588228132443
-0.5937990972727483
-0.5881946983071104
-0.5834363673744386
-0.566400001055484
-0.5641862048213262
-0.5618697248272788
-0.5404749094862954
-0.5395061974959421
-0.5390631033193695
-0.42445110400750424
-0.4236456427656513
-0.4219166401471681
-0.4146105945931755
-0.4123703115449443
-0.40705185923529236
-0.40299980824461795
-0.40088978900433775
-0.389655040008173
-0.38913101995402677
-0.38809469317842826
-0.3662733092974193
-0.3661272543984002
-0.3658955447227219
-0.34152560098885254
-0.34037452514181255
-0.3385708319383404
1.5072406349739675
1.5142793261832816
1.5210152952749063
1.5428689339083128
1.5496289284875977
1.5557025827711155
1.5699989702080293
1.5740046634488571
1.5769624788147427
1.5829672872928484
1.5854234012463224
1.5895447877554976
1.592856332774516
1.5960806323118584
1.6044041802475209
1.6068866394775028
1.6084696130207845
1.6596538807181087
1.6732399292764841
1.6863057835258886
1.7129673940988777
1.7163594401321134
1.7196242343909345
1.7259399962575916
1.7310008736563274
1.7389546790875499
1.7467977828284362
1.7524961158903405
1.7591848177822906
1.7654566951798436
1.7698427124502956
1.7786723683454868
1.7806244514842966
1.782284649364338
1.7902287836025381
1.7970164605201397
1.804485627390391
2.1000367678571883
2.1001416536914834
2.100158038279787
2.1108146116974162
2.111569256608194
2.1120036184560442
2.118151031953754
2.1186787409951493
2.121540452051718
2.1253288174823255
2.1262589770791025
2.1300025836684715
2.1322685838749003
2.1342761863607915
2.1405350941885852
2.1419634701631955
2.1423748510539955
2.15043053290893
2.159148171533027
2.1705911253433015
2.6546322633561927
2.662651650049796
2.671337194619677
2.6805602224656
2.6900990749529976
2.699807796297923
2.7095191401072656
2.7190746512096275
2.728328110977809
2.737147517327277
2.745416015421743
2.753032048353095
2.7599089981072207
2.7659744963314687
2.771169434513199
2.7754461582740277
2.7787620336985914
2.781175846095847
2.7825825351512306
2.7830341626458894
-2.6831347616873376
-2.6738547772998666
-2.6643768177535794
-2.654824444592334
-2.645362116936914
-2.6361349192892005
-2.6273061985291553
-2.619043184338813
-2.611511058984034
-2.604865279922346
-2.5992429289577816
-2.5982457982764364
-2.5948579606391777
-2.5947564076531053
-2.592055245252011
-2.591501911802377
-2.5901995473100743
-2.5889136141028737
-2.5884649818310743
-2.5882701799868264
-2.0094361369798994
-2.009335236057872
-2.0092439850062216
-2.003650470235123
-2.003564078525088
-2.0019729732665144
-2.0003069425624664
-1.9987618175242658
-1.9957641901117547
-1.9954021874620262
-1.992887920727165
-1.9885237413640344
-1.987600911138803
-1.984720949264636
-1.9820690722201504
-1.9796220747086881
-1.9697286878333036
-1.9561357070509173
-1.945212034761876
-1.9340061822436834
-1.4966846783798042
-1.4924446452734428
-1.487330802931964
-1.4707047186637723
-1.4653086167961997
-1.4599778133614114
-1.4509970418196834
-1.4464531013033664
-1.4424556832046997
-1.438546898100512
-1.4377885397401398
-1.4357654170523564
-1.433835014429773
-1.43016409565402
-1.4266350332252413
-1.4261728210372309
-1.4258210930002762
-1.4154346704397787
-1.4079907928022404
-1.3999494712446148
-0.9885834875229758
-0.986868325624004
-0.985555844245088
-0.9759305265308059
-0.9722851168160815
-0.9693174630612943
-0.9603961598532919
-0.9567925398483527
-0.9538851092698519
-0.9475233748983045
-0.9453801166804952
-0.9422318751877846
-0.9396392442848018
-0.9390320165217236
-0.9358987966258838
-0.9326228340140382
-0.9298833881507939
-0.9176149676899781
-0.9172902566287007
-0.9163004866074964
-0.6884625044008997
-0.6884133718531528
-0.6881241382979117
-0.6533095406039214
-0.6529867878750495
-0.650248318658846
-0.6271044882707072
-0.6222444083694101
-0.6167388253839308
-0.6062035868921438
-0.6023900197016018
-0.5945160652717247
-0.5873504627694249
-0.5839096049373996
-0.5657945863399629
-0.5649460008268729
-0.5616710827671623
-0.5405034274506296
-0.5394275660676252
-0.5391146107041375
-0.42457211544868095
-0.423343046751627
-0.422147617916668
-0.414161666495644
-0.41292277015060924
-0.40667096826119203
-0.4034319212377892
-0.4006720288046002
-0.3898815463270179
-0.38877067472939997
-0.38824216865585903
-0.36626417156867996
-0.36614094711233336
-0.36589096769223095
-0.3415256010384637
-0.34037452508979343
-0.338570831948617
1.5072406349739764
1.514279326183229
1.5210152952751985
1.5428689336325787
1.5496289328745134
1.555702559112944
1.5700046987554261
1.5739525059851347
1.577092219676507
1.5824324380015384
1.587012886655833
1.5878120590780302
1.594382790069469
1.5950719553864567
1.6046635990559452
1.606612126333624
1.6085617350516108
1.6596538223913697
1.6732401320267456
1.6863052973148573
1.7131662452820282
1.7157007591228874
1.7206392770666357
1.7248711574604878
1.7318911212089323
1.738288760221969
1.747580923109612
1.7517295432296045
1.7597093105666
1.765017093912387
1.7700849670901004
1.778447243068453
1.780931581720728
1.7821474777256359
1.790229921720604
1.7970164052327555
1.8044856286055275
2.1000367669081093
2.100141661159844
2.1001580317581188
2.1108146135765273
2.111569249704262
2.112003623772824
2.118151025995264
2.118678747685986
2.1215404506338498
2.1253288184527364
2.1262589765541815
2.1300025835002643
2.132268584064863
2.134276186284547
2.1405350942059735
2.141963470130288
2.142374851074474
2.150430532908927
2.1591481715330274
2.170591125343306
2.654632263356192
2.6626516500497943
2.671337194619685
2.680560222465605
2.690099074952996
2.6998077962979306
2.7095191401072696
2.719074651209627
2.728328110977805
2.73714751732728
2.7454160154217377
2.753032048353092
2.759908998107222
2.765974496331475
2.7711694345131934
2.775446158274034
2.7787620336985888
2.7811758460958433
2.78258253515123
2.7830341626458797
-2.680840158170793
-2.671498844584067
-2.661991770778148
-2.6524454810901044
-2.6430270042111608
-2.6338838771542337
-2.625180869269655
-2.617085328056322
-2.609760783931612
-2.603358913628142
-2.5991635237098034
-2.598010944842744
-2.5956570628749813
-2.593824788988259
-2.5926866642271014
-2.5909081597139068
-2.590501184588715
-2.588727131521146
-2.5886430225857207
-2.5882294172201576
-2.009447691822313
-2.0092895163579034
-2.0092781151654187
-2.0038670218702483
-2.0031207417386945
-2.0024095334637737
-1.9994751563158222
-1.999373082400084
-1.9965025476814369
-1.993848381661777
-1.993550813167587
-1.988420293802515
-1.9866202794886563
-1.9853538718897028
-1.9824921062531542
-1.9773020748537065
-1.9670538376225928
-1.9534785001779857
-1.9424052292274379
-1.9312531000961792
-1.4975616644564917
-1.4936022437463818
-1.488669605352892
-1.4720251307046812
-1.466662614216193
-1.4612908307410895
-1.4522086403495542
-1.4475398188472701
-1.4433604375738749
-1.4389315353405312
-1.4379244365549833
-1.4360477101303806
-1.434502873344369
-1.4311174127688175
-1.4266357380651835
-1.4261923307447093
-1.4259634862827495
-1.4171701222254334
-1.4099177769761422
-1.4020020839278469
-0.9891352198193383
-0.9872440906499901
-0.9858628585491149
-0.9769362209229216
-0.9731322386722265
-0.9699960419119639
-0.9613887411563169
-0.9576289184632494
-0.9544734036354573
-0.9481791821073174
-0.9457988405829346
-0.9424498921830551
-0.9396563580522838
-0.9390913123002615
-0.9365644262439259
-0.9334616527507383
-0.9304199071594595
-0.9176432923784881
-0.9174174598619058
-0.9166246110027414
-0.6884626733210634
-0.6884265352555131
-0.6882622835522673
-0.653418197322583
-0.6529957610547958
-0.6513175901124775
-0.62753092824971
-0.6236640793884816
-0.6173052484291922
-0.6061248044186228
-0.6026481804167308
-0.5942187309142859
-0.588213971052102
-0.5842158712097525
-0.5666760632420861
-0.5639302997979793
-0.5622230096261054
-0.5403179319382592
-0.5397986603799707
-0.5389391758643117
-0.4246356328995733
-0.4234106577269789
-0.42217079375712957
-0.4142370646026933
-0.41302125266294154
-0.406645323984963
-0.40397771691143947
-0.4008550715475116
-0.38997543221798026
-0.38883843924744876
-0.3884232318703656
-0.3663881968866183
-0.36605229358509217
-0.3659139812451424
-0.3417120387625313
-0.34072598931399456
-0.339075296367116
1.5054058084975883
1.5125564775997022
1.51934900227965
1.541078480360712
1.5480002668572619
1.5542542055731499
1.5687306222429116
1.5731588507790877
1.576500846157937
1.5823512338256949
1.58684646203796
1.587560803047277
1.5942862910056896
1.5949993153636024
1.6042538399207547
1.606233651840788
1.6082813581247062
1.6562707813980324
1.6698628998922043
1.6831351042618772
1.7122505533899866
1.7152534483600288
1.720519556880821
1.723752411188212
1.730847748537012
1.7372500855637596
1.7465813322076655
1.7507742441674763
1.7588747359588623
1.7640562654760312
1.7689955078097304
1.7780334703805472
1.7806333974762825
1.7818603990734554
1.7887876124783497
1.795216808504012
1.8026040278880653
2.1000513864122077
2.100103682721301
2.100182514743711
2.110784333788229
2.111653608941394
2.1119692667583996
2.1176495925776444
2.1198505390362765
2.120691526124741
2.125289663722822
2.127204983764343
2.129290324021654
2.13190041634207
2.136651960272266
2.139986997626918
2.1420415308965053
2.142443820227629
2.1521032648175833
2.1618771775263848
2.173604066272985
2.65656669343202
2.664766473319685
2.67359449990639
2.6829196638549444
2.6925169728676126
2.702241756460421
2.7119285671226128
2.7214217432682126
2.73057848198213
2.7392705166695146
2.7473848267461722
2.7548236388397966
2.7615039725976684
2.767356881754231
2.7723263543709487
2.7763670128413405
2.779433841766084
2.781618275962024
2.78278373085008
2.783003928479016
-2.6808401581707884
-2.6714988445840655
-2.6619917707781515
-2.6524454810901066
-2.6430270042111608
-2.63388387715423
-2.6251808692696565
-2.6170853280563207
-2.609760783931607
-2.6033589136281488
-2.5991635237098083
-2.598010944842741
-2.595657062874978
-2.5938247889882624
-2.5926866642270947
-2.590908159713909
-2.590501184588715
-2.5887271315211495
-2.588643022585719
-2.588229417220151
-2.009447691822206
-2.0092895163598348
-2.009278115163591
-2.003867021870869
-2.0031207417365153
-2.002409533465942
-1.9994751562915731
-1.9993730824244367
-1.9965025476801326
-1.9938483816659232
-1.993550813163976
-1.9884202938026712
-1.9866202794884922
-1.985353871889774
-1.9824921062531489
-1.9773020748537085
-1.9670538376225934
-1.9534785001779866
-1.9424052292274394
-1.9312531000961795
-1.4975616644564902
-1.4936022437463923
-1.48866960535286
-1.4720251307111276
-1.4666626141484747
-1.4612908310863466
-1.4522086301022077
-1.447539923844599
-1.4433596764804053
-1.438951657719724
-1.437884489667169
-1.4360868223657377
-1.4344804415006778
-1.4311227663311374
-1.4266063644875548
-1.4262488072800954
-1.4259348386787742
-1.4171701235118952
-1.409917776949672
-1.4020020839282257
-0.9891352194671468
-0.9872440925596524
-0.9858628564362067
-0.9769362249025508
-0.9731322402884921
-0.969996013315541
-0.9613893473755923
-0.957625873927046
-0.954479049594697
-0.9481476172298834
-0.9458672547375189
-0.9423171822218978
-0.9400129097197446
-0.9387847877487426
-0.9366118126672269
-0.9334564947384086
-0.9304203284635016
-0.9176432963844053
-0.9174174543372254
-0.9166246122882108
-0.6884623603214326
-0.6884269173668587
-0.6882622144587451
-0.6534072850876459
-0.6530105363625658
-0.6513134276420259
-0.6275593572947178
-0.6235841468566028
-0.6174223521848887
-0.605362646611549
-0.603626464247995
-0.5934008149299732
-0.589136879190868
-0.5837891539927924
-0.5669707471096667
-0.563122271525701
-0.5627780158539486
-0.5402535544448153
-0.5398830987924632
-0.5389177513294493
-0.424507226304836
-0.423724407314132
-0.4219317350102219
-0.41472189565846945
-0.41242025150980266
-0.4071121005249309
-0.40348700685366873
-0.40106264098300254
-0.38973011897374643
-0.38924921699062787
-0.3882439946112817
-0.3663912686514499
-0.36604217289195473
-0.3659210528185841
-0.3417120386910365
-0.340725989391825
-0.3390752963515394
1.505405808497579
1.5125564775997404
1.5193490022794354
1.541078480516645
1.54800026447833
1.5542542181127137
1.5687283079185366
1.5731819624429748
1.5764391334948586
1.5826457405523922
1.58567966409145
1.5888108590169074
1.5932128230929015
1.595793456799968
1.6040642585339304
1.6064231614255837
1.608223891001562
1.6562708103007902
1.6698628259646175
1.6831352343563477
1.7122072308883018
1.7153923027079885
1.7202042749304378
1.7240837622876064
1.7306495092883805
1.737386230131501
1.7464418547756424
1.7508987412818688
1.758807066878703
1.7641071840724596
1.768973968229361
1.7780460166050343
1.7806154858504186
1.7818695190144616
1.7887875413599297
1.7952168097146912
1.8026040279127962
2.1000513784683776
2.1001036963665003
2.100182509030564
2.1107843450129273
2.1116535468284314
2.1119693201812946
2.1176495740962813
2.119850610617425
2.1206914631551848
2.1252896854256993
2.1272049606409196
2.1292903350209675
2.1319004138912097
2.136651960586021
2.139986997460809
2.142041531091909
2.1424438201035896
2.1521032648175886
2.1618771775263865
2.173604066272987
2.6565666934320222
2.664766473319689
2.6735944999063923
2.6829196638549373
2.6925169728676135
2.702241756460423
2.711928567122611
2.721421743268212
2.730578481982128
2.7392705166695115
2.747384826746172
2.7548236388397966
2.7615039725976747
2.7673568817542353
2.77232635437095
2.7763670128413342
2.7794338417660858
2.781618275962022
2.7827837308500825
2.783003928479013
-2.680840158170796
-2.671498844584067
-2.6619917707781537
-2.6524454810901137
-2.6430270042111617
-2.6338838771542337
-2.6251808692696605
-2.6170853280563215
-2.609760783931609
-2.603358913628146
-2.599163523709806
-2.598010944842747
-2.5956570628749756
-2.5938247889882584
-2.5926866642271014
-2.5909081597139085
-2.5905011845887134
-2.588727131521151
-2.5886430225857247
-2.588229417220154
-2.0094476918220914
-2.0092895163619415
-2.009278115161599
-2.003867021871544
-2.00312074173414
-2.0024095334683056
-1.9994751562651372
-1.999373082450983
-1.996502547678712
-1.9938483816704373
-1.9935508131600457
-1.9884202938028406
-1.9866202794883145
-1.9853538718898522
-1.982492106253145
-1.9773020748537076
-1.9670538376225934
-1.953478500177987
-1.9424052292274394
-1.9312531000961795
-1.4975616644564904
-1.4936022437463923
-1.4886696053528627
-1.4720251307103505
-1.4666626141579169
-1.4612908310312596
-1.452208632112577
-1.447539901127257
-1.4433598555873843
-1.4389466155618993
-1.4378948945428136
-1.4360762449705644
-1.434486606366206
-1.4311211836523743
-1.4266163896327821
-1.426230984647509
-1.425943110772488
-1.417170123031642
-1.409917776960749
-1.4020020839280465
-0.9891352199330662
-0.9872440895985307
-0.9858628601451991
-0.9769361986275551
-0.9731323632554546
-0.9699958256769555
-0.9613903419144046
-0.9576224564270027
-0.9544836699992358
-0.948135533830795
-0.9458835372848141
-0.9423121546277591
-0.9399846343446017
-0.9388243766055298
-0.9365967903665643
-0.9334592720184314
-0.9304199792789081
-0.9176433409976024
-0.9174174041907273
-0.9166246192805502
-0.6884639853346871
-0.688424904268888
-0.6882626029156867
-0.6533948408731913
-0.6530267313052313
-0.651309477739298
-0.6275655191599327
-0.6235735595524129
-0.6174225162083277
-0.6056022442056578
-0.6032864201240772
-0.593828389684384
-0.5885490994203539
-0.5840964996737377
-0.5665416503756393
-0.564226688500328
-0.5620564082089733
-0.5404616769957998
-0.5395379624834868
-0.5390588186591105
-0.42442698059997075
-0.42386260439397905
-0.4218542473726678
-0.4148312007541306
-0.4122827199750634
-0.40721277555983376
-0.4033935203834955
-0.4011047648440624
-0.3896982579085698
-0.3892869511237921
-0.3882365734239363
-0.3663909039864234
-0.3660434708842974
-0.3659201177993233
-0.3417120387139027
-0.34072598936630377
-0.3390752963568565
1.5054058084975812
1.512556477599786
1.5193490022791802
1.5410784807186713
1.548000261310168
1.554254235241992
1.5687249595617214
1.573217152442117
1.5763479738602766
1.5834674500563775
1.584326811931239
1.590511613942774
1.5915739574103713
1.5964242967509126
1.6037784051312558
1.6067284464255485
1.608102164875626
1.6562708771375902
1.6698626378345194
1.6831356015463403
1.7120639979171053
1.7160155163734419
1.71908601908422
1.7253571162024528
1.7296401181670353
1.738061026313093
1.7456778401581936
1.7516347130990797
1.758282247291302
1.7645514737055787
1.768736165046823
1.7782467684270127
1.780323961570347
1.7820080023180607
1.7887853897692907
1.7952169104677353
1.802604025942059
2.1000513796034275
2.100103694421394
2.1001825098420657
2.1107843442237524
2.111653550826978
2.1119693168572664
2.1176495745268826
2.11985061003805
2.1206914632977663
2.1252896860732218
2.1272049596390303
2.1292903356601167
2.1319004137030935
2.1366519606208967
2.1399869974382706
2.142041531121411
2.1424438200844875
2.1521032648175917
2.1618771775263865
2.1736040662729907
2.656566693432026
2.6647664733196885
2.673594499906392
2.6829196638549386
2.692516972867609
2.7022417564604195
2.7119285671226074
2.7214217432682104
2.7305784819821324
2.7392705166695115
2.7473848267461727
2.754823638839798
2.7615039725976644
2.767356881754239
2.7723263543709464
2.7763670128413342
2.7794338417660875
2.7816182759620243
2.7827837308500722
2.783003928479022
-2.680840158170792
-2.671498844584067
-2.66199177077815
-2.6524454810901066
-2.643027004211161
-2.6338838771542337
-2.625180869269654
-2.617085328056323
-2.609760783931606
-2.6033589136281465
-2.599163523709801
-2.598010944842744
-2.5956570628749813
-2.5938247889882584
-2.592686664227098
-2.5909081597139094
-2.590501184588716
-2.588727131521145
-2.5886430225857207
-2.5882294172201528
-2.0094476918221966
-2.0092895163600093
-2.0092781151634247
-2.003867021870925
-2.003120741736319
-2.0024095334661367
-1.9994751562893873
-1.9993730824266303
-1.9965025476800156
-1.993848381666291
-1.9935508131636568
-1.988420293802685
-1.9866202794884784
-1.9853538718897799
-1.9824921062531493
-1.9773020748537085
-1.967053837622593
-1.953478500177988
-1.9424052292274392
-1.9312531000961795
-1.4975616644564926
-1.4936022437463807
-1.4886696053528943
-1.4720251307039047
-1.4666626142256367
-1.461290830686002
-1.4522086423599008
-1.4475397961275502
-1.4433606165442574
-1.4389261831859133
-1.437934925325684
-1.4360371502907465
-1.4345092411668585
-1.4311158349160216
-1.4266440576993795
-1.4261725557462352
-1.4259754171556422
-1.4171701217451822
-1.4099177769872198
-1.4020020839276668
-0.9891352202852587
-0.9872440876888604
-0.985862862258115
-0.9769361946478452
-0.9731323616399747
-0.9699958542741874
-0.9613897362916368
-0.9576255073647956
-0.9544780225496736
-0.9481674973532608
-0.9458150254995706
-0.9424443325850866
-0.9395850604946221
-0.9391732144267184
-0.9365503197939881
-0.9334644483007296
-0.93041955824719
-0.9176433369935841
-0.9174174097135548
-0.9166246179950328
-0.6884642679140909
-0.6884245519870774
-0.6882626725998994
-0.653406621890074
-0.6530111157742959
-0.6513136116703973
-0.6275372369934633
-0.6236534734875325
-0.6173051273091067
-0.6062497017111739
-0.6024060958746165
-0.5945752809985481
-0.5876049123190662
-0.5846318177375817
-0.566023228847735
-0.5649091420210882
-0.5618513127004645
-0.5404918194825518
-0.5394615342704362
-0.5391064700415963
-0.42458937316854384
-0.42353861963666906
-0.4220703305366759
-0.414418891328617
-0.41281663703498717
-0.4067591327488877
-0.40387423113832044
-0.4008878613909636
-0.3899619037574092
-0.38886815298097593
-0.3884054853117413
-0.3663878213256306
-0.36605347980381175
-0.3659131688954765
-0.341712038785398
-0.3407259892884741
-0.3390752963724331
1.5054058084975805
1.5125564775997462
1.5193490022793938
1.5410784805627418
1.5480002636890926
1.5542542227023497
1.5687272643057222
1.5731932499601564
1.576408491199645
1.582847411531044
1.585241568126779
1.589338576895283
1.5926998731791684
1.5960762614761488
1.603941116261629
1.6065535643092803
1.6081758711187717
1.6562708482344568
1.669862711760448
1.6831354714490876
1.7121001849559139
1.7158342039491405
1.7193594122482496
1.7250606968034905
1.729878243347245
1.73793329167209
1.7458005012311435
1.751529373612047
1.758350562187904
1.7645028482429597
1.7687605797474162
1.778232184409891
1.7803415419124997
1.782001350728519
1.788785461045307
1.7952169092572117
1.8026040259173273
2.1000513875477482
2.1001036807758853
2.100182515555032
2.1107843329990934
2.1116536129411583
2.1119692634331124
2.1176495930082604
2.119850538456942
2.1206915262672683
2.1252896643703307
2.127204982762465
2.12929032466081
2.131900416153962
2.136651960307139
2.139986997604378
2.14204153092601
2.142443820208529
2.152103264817587
2.1618771775263856
2.1736040662729854
2.656566693432025
2.6647664733196863
2.6735944999063865
2.682919663854947
2.6925169728676153
2.7022417564604213
2.711928567122607
2.7214217432682117
2.7305784819821244
2.7392705166695093
2.7473848267461745
2.7548236388397935
2.7615039725976636
2.767356881754236
2.7723263543709438
2.776367012841337
2.7794338417660867
2.7816182759620207
2.7827837308500802
2.7830039284790216
-2.678527373910398
-2.66913249054383
-2.659604845484757
-2.6500738236279706
-2.6407090650499123
-2.6316603287406695
-2.6230935240924254
-2.6151757164179807
-2.608068277187476
-2.6019185499405237
-2.6001043865040048
-2.596851548366751
-2.5964899338921548
-2.59337970121993
-2.592957057016744
-2.590939493351899
-2.59043545824923
-2.58883637186723
-2.588529359638172
-2.588250176664704
-2.0094316947054582
-2.0093465833383286
-2.0092365057969284
-2.0039365253431685
-2.002888087510625
-2.0025435085621823
-2.0001279090765935
-1.9982046266212572
-1.9972626307432233
-1.9942558541343443
-1.9921591392938554
-1.9892646004584742
-1.9860594837696672
-1.984845608073351
-1.982727659471538
-1.9748637488146705
-1.9643184057198895
-1.9507621347051465
-1.9395939940365476
-1.9285426991722225
-1.4983541648889698
-1.4946989698651407
-1.4899721390937624
-1.4733195415963027
-1.4680169364461155
-1.4626189433366656
-1.4534457053967909
-1.4486604670674894
-1.4443303063966286
-1.4394793984025265
-1.4380811358365937
-1.436311770689383
-1.4350191806896395
-1.4320635649519229
-1.4266533364623857
-1.4261847348452077
-1.4260613497101797
-1.4188438369438308
-1.41180358191561
-1.4040290790037977
-0.9897638473484905
-0.9876494675709422
-0.9861818102586867
-0.9779648932557469
-0.9740232675749031
-0.9707142687597468
-0.9624118487968872
-0.9585076236981305
-0.9551366434642276
-0.9489085918223289
-0.9462908225358511
-0.9427935033535692
-0.939668610908333
-0.9391895868124969
-0.9371162373911088
-0.9343066068997591
-0.9310544379079885
-0.9176617938974283
-0.9175085505515397
-0.9168977184446152
-0.6884617589854548
-0.6884310382758863
-0.6883420350658302
-0.6534586726372593
-0.6530129005838815
-0.6521326208643052
-0.627564851195667
-0.6250058360717217
-0.6183211300707603
-0.6060671661791259
-0.6028188910476584
-0.5943358844861171
-0.5881975198027142
-0.5849489024542341
-0.5667946868946346
-0.5640175748281009
-0.5623429527643574
-0.5403159270188261
-0.539797373122141
-0.5389419076073659
-0.42467760459073145
-0.423537138478997
-0.4221688053275462
-0.4143410459546762
-0.4130753381163254
-0.4067046082715919
-0.40435905774351444
-0.4012922647015544
-0.390014791687449
-0.3888586643372002
-0.38848629320802963
-0.3665408170001169
-0.366051828331869
-0.3659087519794031
-0.34186301548921194
-0.3410345042630835
-0.33954667089871826
1.5035318126274668
1.5108116654822612
1.5176726250482966
1.5392479260987006
1.5463301941717502
1.5527582645501201
1.5673502898735854
1.5722620003028034
1.5758018880353977
1.5826850183205976
1.585022675746367
1.58912565237881
1.59255991378103
1.5960844991497645
1.6034759830129537
1.6062286629089708
1.607873215136739
1.6529179663649998
1.6664651203643288
1.6798939787768072
1.7110777035970872
1.7152157019372356
1.7190419210411751
1.7243006953154691
1.7288103922581703
1.7369198749796644
1.7447973319743983
1.7505485080380578
1.757534254092771
1.763575078248734
1.7677082877918462
1.7776918055139401
1.7800351197840065
1.781729836725478
1.7874924885160552
1.7934756975894164
1.8007243688990306
2.100067885805467
2.100082296446887
2.100188332977618
2.1109114030871012
2.1112973132664323
2.112237046707749
2.1175198772943626
2.1197023494114275
2.12136246030917
2.124359858348086
2.1279820672918652
2.129780079025647
2.1313822594619083
2.1383143287569366
2.1401855785349553
2.141610376343337
2.1426274809881996
2.1541852067225213
2.164710764912397
2.1766491793366765
2.6585494996055004
2.666920647446143
2.675881037429731
2.6852977430751723
2.6949428114191023
2.7046732938764766
2.714325828895514
2.7237477363326343
2.7327997340979002
2.7413573334915253
2.74931134703598
2.756567755725846
2.7630471694710983
2.768683996971406
2.773425199403951
2.77722720942776
2.780038278210056
2.7820000929475315
2.782921188207893
2.78292551970777
-2.6785273739103985
-2.669132490543827
-2.6596048454847616
-2.6500738236279693
-2.6407090650499074
-2.631660328740673
-2.62309352409243
-2.6151757164179816
-2.6080682771874732
-2.601918549940529
-2.6001043865040043
-2.596851548366749
-2.5964899338921543
-2.59337970121993
-2.5929570570167417
-2.5909394933519074
-2.590435458249232
-2.5888363718672327
-2.58852935963817
-2.5882501766647024
-2.009431694705317
-2.0093465833385937
-2.0092365057967987
-2.0039365253434926
-2.0028880875077415
-2.002543508565201
-2.000127909075395
-1.9982046266234854
-1.9972626307414592
-1.9942558541348105
-1.99215913929359
-1.9892646004585661
-1.9860594837696102
-1.984845608073387
-1.982727659471535
-1.9748637488146734
-1.9643184057198881
-1.9507621347051471
-1.939593994036546
-1.9285426991722223
-1.4983541648889702
-1.4946989698651403
-1.4899721390937657
-1.473319541596241
-1.468016936445562
-1.4626189433455505
-1.4534457048586114
-1.4486604738167341
-1.4443302519168395
-1.4394810473172144
-1.4380764246390496
-1.4363190229852403
-1.435014175309545
-1.4320646481564216
-1.4266477411985423
-1.4262036756900103
-1.4260477835069152
-1.4188438380083632
-1.4118035818961434
-1.4040290790040786
-0.9897638469690963
-0.9876494704391318
-0.9861818062974531
-0.9779649179049758
-0.9740231556338929
-0.9707144469404179
-0.9624109834338818
-0.9585104773511673
-0.9551326097086931
-0.9489190456179579
-0.9462742777291292
-0.942808247026789
-0.939668596887095
-0.9391752688409133
-0.9371258418643821
-0.9343044146194709
-0.931054661893034
-0.9176617454620482
-0.9175086061114838
-0.9168977105217779
-0.6884610783317682
-0.6884319484763417
-0.6883418055358451
-0.6534404604780448
-0.6530421587335891
-0.6521212645800176
-0.6276116332882503
-0.6249129174871922
-0.6184185391336239
-0.6053115131068513
-0.6037944673141963
-0.5935282452434613
-0.5892044599343497
-0.5844408641604903
-0.5670768712150793
-0.5632179212051339
-0.5628996255970133
-0.5402494034215303
-0.5398847844500904
-0.5389196683219454
-0.4245238799219555
-0.42387178195869424
-0.4219292301489547
-0.4148507160274073
-0.4124304731760128
-0.4072671876484956
-0.4037597631267125
-0.40153602870653493
-0.38977518260198757
-0.38927559484839297
-0.38829575053493826
-0.36654255630605376
-0.36604489105866594
-0.3659139736161652
-0.3418630153837967
-0.341034504381923
-0.3395466708745905
1.50353181262747
1.5108116654822221
1.51767262504852
1.5392479259489111
1.5463301964903198
1.5527582519826988
1.5673522779301154
1.5722399718406401
1.5758665124048397
1.5822273403551728
1.5865213127549147
1.5874296315990866
1.5941931522487904
1.594936282040372
1.6038548366616343
1.6058528217055457
1.6079956874709704
1.6529178861830345
1.6664653031890742
1.6798936889719522
1.7111866256234152
1.7147209064287636
1.7203468153390467
1.722732552970426
1.7298682776791074
1.736215583819435
1.7455749515884624
1.7498087233945896
1.758053990152954
1.7631221993635438
1.7679392220638201
1.7775191004180186
1.7803045797258856
1.7815894080758718
1.7874964169218528
1.7934755097339978
1.8007243721988313
2.1000678832319073
2.100082299393046
2.1001883326042687
2.110911403531161
2.1112973126107843
2.112237046916758
2.117519877568145
2.1197023483060238
2.1213624616529567
2.1243598574685807
2.1279820683237176
2.1297800779973337
2.131382259842205
2.1383143287168647
2.140185578584021
2.1416103763130607
2.142627480996309
2.154185206722522
2.1647107649123987
2.176649179336677
2.6585494996055026
2.6669206474461418
2.6758810374297317
2.6852977430751737
2.6949428114191027
2.704673293876477
2.7143258288955137
2.723747736332636
2.732799734097901
2.7413573334915258
2.749311347035982
2.7565677557258446
2.7630471694710987
2.7686839969714057
2.7734251994039516
2.7772272094277604
2.7800382782100552
2.7820000929475306
2.7829211882078937
2.782925519707771
-2.6785273739103994
-2.6691324905438263
-2.6596048454847607
-2.6500738236279675
-2.6407090650499083
-2.631660328740669
-2.6230935240924356
-2.615175716417979
-2.608068277187473
-2.6019185499405277
-2.600104386503998
-2.596851548366749
-2.596489933892158
-2.59337970121993
-2.592957057016743
-2.5909394933519057
-2.5904354582492384
-2.5888363718672394
-2.5885293596381755
-2.588250176664702
-2.0094316947052078
-2.009346583338821
-2.0092365057966837
-2.0039365253437738
-2.00288808750526
-2.0025435085677885
-2.000127909074368
-1.9982046266254008
-1.9972626307399421
-1.9942558541352156
-1.9921591392933613
-1.9892646004586463
-1.9860594837695589
-1.9848456080734174
-1.9827276594715315
-1.9748637488146705
-1.9643184057198873
-1.9507621347051474
-1.9395939940365474
-1.9285426991722228
-1.4983541648889682
-1.4946989698651492
-1.4899721390937395
-1.4733195416011977
-1.4680169363960591
-1.4626189435879584
-1.4534456983271893
-1.4486605365939802
-1.444329835858522
-1.4394913273272798
-1.4380477834956091
-1.4363598658914296
-1.4349876603368439
-1.4320700428936863
-1.4266210711495226
-1.426266914782545
-1.4260102088579871
-1.4188438417488844
-1.4118035818375845
-1.4040290790048007
-0.9897638466204995
-0.9876494726683848
-0.986181803570967
-0.9779649246759582
-0.9740231443191351
-0.9707144392152628
-0.9624113699983707
-0.9585085045264251
-0.9551365130912086
-0.948899280276406
-0.94631904760539
-0.9427195293694631
-0.9400011553490066
-0.9388368847438926
-0.9371998309513462
-0.9342972233301247
-0.9310550993257535
-0.9176617239267418
-0.9175086304155209
-0.9168977072729289
-0.6884643300350765
-0.6884274308070464
-0.6883430719002627
-0.6534179411229963
-0.6530754812065543
-0.6521102481816481
-0.6276220141640058
-0.6248973775235189
-0.618421500784069
-0.6055485461272778
-0.6034626125338555
-0.5939396338460028
-0.5885870368108844
-0.5847827099005645
-0.5666801789141602
-0.5642832521393514
-0.5621885479497386
-0.5404546508692105
-0.5395473567144986
-0.5390557085720284
-0.4243989431871263
-0.4240568848122844
-0.4218464843339696
-0.4149724378035332
-0.4122717099829621
-0.4073950066135497
-0.40363462998751126
-0.4015947063580054
-0.38973626554273294
-0.3893227454697755
-0.3882857757997215
-0.3665423860742802
-0.36604562390687784
-0.3659134097178927
-0.3418630154147152
-0.34103450434628785
-0.3395466708821107
1.5035318126274668
1.5108116654822574
1.5176726250483379
1.539247926062973
1.5463301947740238
1.5527582610442587
1.5673509301479656
1.5722545309872085
1.5758242052145504
1.5824918526838239
1.5854616216108353
1.5885838942253274
1.593103774016832
1.595767090162567
1.6036293183020596
1.606071495212163
1.6079310985620026
1.6529179205020363
1.6664652321291984
1.6798937902762563
1.7111572208049182
1.7148330238100467
1.7199753752823221
1.723136881342569
1.7296669026057336
1.7363480171986787
1.7454463568919028
1.7499210881448652
1.7579933617777146
1.763168054541066
1.7679208544502076
1.777527787420505
1.780292124995151
1.7815959126173508
1.7874963352773277
1.7934755099259556
1.800724372275835
2.100067857025876
2.1000823294321727
2.100188328761527
2.1109114223687673
2.111297281238822
2.1122370614543677
2.1175198654368215
2.1197023774081942
2.12136243465664
2.1243598698158808
2.127982057736101
2.1297800872938657
2.1313822567355647
2.138314328946553
2.140185578324158
2.1416103764645595
2.14262748095727
2.1541852067225227
2.1647107649124013
2.1766491793366782
2.6585494996055004
2.6669206474461435
2.6758810374297313
2.6852977430751754
2.6949428114191027
2.7046732938764757
2.714325828895512
2.723747736332635
2.7327997340979002
2.741357333491524
2.7493113470359822
2.756567755725847
2.7630471694710987
2.768683996971406
2.773425199403951
2.7772272094277595
2.7800382782100552
2.7820000929475297
2.7829211882078932
2.78292551970777
-2.678527373910404
-2.6691324905438245
-2.6596048454847594
-2.6500738236279653
-2.6407090650499137
-2.631660328740668
-2.623093524092432
-2.615175716417982
-2.6080682771874697
-2.601918549940525
-2.6001043865040034
-2.5968515483667507
-2.5964899338921508
-2.593379701219931
-2.5929570570167386
-2.5909394933519
-2.5904354582492384
-2.5888363718672402
-2.5885293596381724
-2.5882501766647006
-2.0094316947053437
-2.0093465833385586
-2.009236505796815
-2.0039365253434487
-2.0028880875081563
-2.0025435085647714
-2.000127909075565
-1.9982046266231757
-1.9972626307417052
-1.9942558541347497
-1.9921591392936262
-1.989264600458554
-1.9860594837696155
-1.9848456080733807
-1.9827276594715346
-1.9748637488146716
-1.9643184057198892
-1.9507621347051463
-1.9395939940365463
-1.9285426991722245
-1.498354164888968
-1.4946989698651514
-1.489972139093737
-1.4733195416012608
-1.4680169363966151
-1.4626189435790766
-1.4534456988653732
-1.4486605298451405
-1.4443298903591943
-1.4394897193131466
-1.4380525807834337
-1.4363527030501306
-1.4349924549869615
-1.4320689541957357
-1.4266278126113614
-1.426253024464586
-1.4260175780931539
-1.4188438406843473
-1.4118035818570518
-1.4040290790045202
-0.9897638469998961
-0.9876494698002047
-0.9861818075321918
-0.9779649000268685
-0.9740232562603844
-0.970714261033324
-0.9624122350443857
-0.958505647594357
-0.9551405467778542
-0.948888627399844
-0.9463355431530767
-0.9427044233014993
-0.9400056872359989
-0.9388484127539286
-0.9371891358171172
-0.9342993929464417
-0.9310548751619295
-0.9176617723771798
-0.9175085748407068
-0.9168977151955842
-0.6884648637739353
-0.6884266557312985
-0.6883433132203692
-0.6534390297079745
-0.6530437588330075
-0.6521211922856958
-0.6275757809341648
-0.6249898839168891
-0.6183238888599147
-0.6061831293784636
-0.6025931542576033
-0.5946762537495628
-0.5874593683030992
-0.5854970041704378
-0.5662178793000169
-0.5649129673677726
-0.5619824366315651
-0.5404859438436952
-0.5394696173706962
-0.5391035084078554
-0.4246215688040953
-0.4236759303464063
-0.422064454806154
-0.4145433587911974
-0.41284393581626444
-0.40685717203083344
-0.40421641481157045
-0.4013347840626356
-0.38999808630427124
-0.38889907179343036
-0.38846083604184123
-0.3665406447644352
-0.3660525122822595
-0.3659082389828713
-0.3418630155201321
-0.3410345042274514
-0.33954667090624047
1.503531812627465
1.510811665482297
1.517672625048115
1.5392479262127634
1.5463301924554584
1.5527582736117223
1.5673489451429605
1.5722768601029382
1.5757602828420558
1.5832241234233737
1.5841906373763281
1.590232046678892
1.5914819589738678
1.5964550939059776
1.6032842177158912
1.6064283371332613
1.6077872794647272
1.6529180006844373
1.6664650493055815
1.6798940800818238
1.7110516756691923
1.7153602815729818
1.718784986283919
1.7246257701657302
1.728555211387125
1.737042877957972
1.7446834327612097
1.750643271518311
1.7574736110989382
1.7636187035249509
1.767687276463469
1.7777015838590902
1.7800231715092734
1.7817346831370968
1.787492406497852
1.793475697781216
1.800724368976035
2.100067859588918
2.100082326496485
2.1001883291349266
2.110911421924647
2.1112972818945215
2.1122370612453683
2.1175198651630436
2.1197023785136246
2.121362433312831
2.1243598706953835
2.127982056704253
2.1297800883221747
2.131382256355265
2.1383143289866244
2.1401855782750934
2.1416103764948367
2.14262748094916
2.1541852067225222
2.1647107649123987
2.1766491793366747
2.6585494996055026
2.6669206474461418
2.6758810374297313
2.6852977430751745
2.6949428114191036
2.7046732938764757
2.7143258288955137
2.7237477363326352
2.7327997340979002
2.7413573334915253
2.749311347035982
2.756567755725846
2.7630471694710983
2.7686839969714057
2.773425199403951
2.7772272094277586
2.7800382782100552
2.7820000929475293
2.7829211882078932
2.78292551970777
-2.676198275196602
-2.666757777757981
-2.657218298544214
-2.647711885333751
-2.6384108461510984
-2.6294668942724946
-2.6210467678916762
-2.6133168210322837
-2.6064357389508666
-2.601065939704886
-2.600545990611115
-2.597353740476728
-2.5957661852519007
-2.5940958727085985
-2.5921900459630027
-2.591459507352683
-2.590160454387325
-2.5889662294852047
-2.5883715992633447
-2.588330368371779
-2.009399672794584
-2.009391196018163
-2.0092237172139993
-2.003837970409706
-2.0033142140303295
-2.0019763693108885
-2.00058072491259
-1.9980202365117556
-1.9968834810714982
-1.9949859708710154
-1.9903709168794257
-1.9901164585598745
-1.9868119756226421
-1.984281262078306
-1.9817014206020998
-1.9723350092049958
-1.9615300888868885
-1.948002002355731
-1.936790372232165
-1.9258864579512087
-1.4990576827746775
-1.4957285021243847
-1.4912325209991955
-1.4745787439581457
-1.4693663240272299
-1.4639592612392545
-1.454704925356597
-1.449813425400866
-1.4453507568155923
-1.440199396310753
-1.4382453777285291
-1.4366334431667007
-1.4353617351638532
-1.4329614311869958
-1.426655498225767
-1.4262779829225145
-1.4260556380574994
-1.4204465550667782
-1.41364402744416
-1.406026595054917
-0.9904884696650517
-0.9880924779842971
-0.9865155438656867
-0.9790025219271776
-0.9749567354846279
-0.971473841202823
-0.9634605592087957
-0.9594291450500884
-0.9558637837822301
-0.949715188405097
-0.9468585206417444
-0.9432228597167766
-0.9400743271832261
-0.938857080206635
-0.9377099726991293
-0.9350955550058013
-0.9317781431428603
-0.9176737541143403
-0.917571480428415
-0.917118129830313
-0.6884632480353188
-0.6884287499534623
-0.6883808581836732
-0.6535025346335027
-0.6530341948757001
-0.6526874859746152
-0.6273278062393979
-0.6260400677834441
-0.6196828275469014
-0.6060609717462646
-0.60319505553116
-0.5943250200688818
-0.588238029411394
-0.5855047029027078
-0.5669007050625712
-0.5641097363852389
-0.5624221587699199
-0.5403330064667751
-0.5397643009009274
-0.5389424140696893
-0.42475309835531483
-0.423583922877073
-0.4222380123585842
-0.41427136432278444
-0.413344439167321
-0.40667248712210896
-0.40480624865037507
-0.4018198394576901
-0.38998866082530936
-0.3888171497025085
-0.38850060468577935
-0.36671032685147287
-0.3661307468426874
-0.365890092738203
-0.34198229950496034
-0.3413005366354164
-0.33998077693867407
1.501613530536576
1.509041096185687
1.5159836677727847
1.5373768514659638
1.5446196239343701
1.5512163398906758
1.5658774678114102
1.5712177104293792
1.5750961571246815
1.5829194346468503
1.5840235027914846
1.589921403488266
1.591420606492096
1.5964978441950863
1.602785808463113
1.6061473897036407
1.6074665903041485
1.6496078171730715
1.6630597826110285
1.6765943666757974
1.7098881285171237
1.7145969642981778
1.7184155633876446
1.724005651315616
1.7275475153919908
1.7360482352698496
1.7436811410787196
1.749640436126853
1.7566761528382784
1.7627078061612131
1.7666712784286562
1.7770432413041017
1.779682126639394
1.7814609423797658
1.7863703052553541
1.7918132248631622
1.798858038069278
2.1000446805240682
2.100121089957285
2.100173552751048
2.111004975995375
2.1111887156858216
2.1122469825042334
2.117893373695734
2.118872558939791
2.1224248387696365
2.123972298910365
2.1271977024722637
2.1307125099512025
2.13194261210036
2.1379870093291142
2.141100186680574
2.142399152150589
2.142583866550856
2.1565637926747985
2.167621848516622
2.1797169856484313
2.66057855774731
2.6691117239620263
2.678194170108266
2.687691774219098
2.6973739554515737
2.707099905778673
2.716708610797854
2.726050537183338
2.7349900112034056
2.743406351882549
2.751194195426243
2.7582632428391625
2.7645376428175394
2.769955083583676
2.7744653411599165
2.778025919672689
2.7805688842723084
2.7823214364432634
2.7827927007695314
2.783008628224844
-2.676198275196598
-2.6667577777579834
-2.657218298544213
-2.647711885333745
-2.638410846151105
-2.6294668942724955
-2.6210467678916736
-2.6133168210322864
-2.6064357389508648
-2.601065939704892
-2.600545990611105
-2.597353740476727
-2.5957661852519047
-2.5940958727086025
-2.592190045962997
-2.5914595073526776
-2.590160454387324
-2.5889662294852016
-2.588371599263343
-2.588330368371781
-2.009399672793405
-2.009391196019413
-2.0092237172139242
-2.00383797041011
-2.003314214029509
-2.001976369311842
-2.0005807249117162
-1.9980202365128845
-1.996883481070406
-1.9949859708713737
-1.990370916878719
-1.9901164585605464
-1.9868119756226177
-1.9842812620783128
-1.9817014206020998
-1.9723350092049992
-1.9615300888868896
-1.948002002355732
-1.936790372232165
-1.9258864579512127
-1.4990576827746807
-1.495728502124372
-1.4912325209992268
-1.4745787439530749
-1.469366324073959
-1.463959261025433
-1.454704930418896
-1.4498133803408884
-1.4453510275889718
-1.440193949426056
-1.43826801434156
-1.4365905838078805
-1.4353931975467413
-1.4329546232295902
-1.4266811766352516
-1.4261973882522279
-1.4261113518838169
-1.4204465419601737
-1.4136440275881845
-1.4060265950534376
-0.9904884699912015
-0.9880924754392203
-0.9865155473662476
-0.9790025120204907
-0.9749567595757772
-0.9714738269597158
-0.9634603484765718
-0.9594303383930567
-0.9558611989074195
-0.9497275858678015
-0.9468290559184044
-0.9432818520739648
-0.9397922009405041
-0.9392094963180708
-0.9375883276568237
-0.9351071559696941
-0.931777572631579
-0.9176738258320705
-0.9175713977396157
-0.9171181414668862
-0.6884622900205267
-0.6884303615357362
-0.6883802046311092
-0.6534704130919411
-0.6531057016167734
-0.6526477744097822
-0.6274366240312116
-0.6258790599512225
-0.6197762154206358
-0.6051935546177571
-0.6042694358170574
-0.5935293634023869
-0.5893301630214017
-0.5849242879679466
-0.5671739330146068
-0.5633730608946071
-0.5629230649468422
-0.5402724182471774
-0.5398472877707098
-0.5389186601914673
-0.4245919078116651
-0.42393961585048806
-0.42197964900125123
-0.4149071431211569
-0.4125558880762015
-0.40737891757328515
-0.4040214335671479
-0.4021271219311955
-0.3897562962559636
-0.3892424493867403
-0.3882953797915875
-0.3667115685199261
-0.3661271275235232
-0.3658924954998743
-0.3419822993465516
-0.34130053681953526
-0.3399807769008126
1.5016135305365776
1.5090410961856593
1.5159836677729448
1.5373768513813246
1.544619625192746
1.551216333232241
1.565878268493432
1.5712085627424242
1.5751245107304788
1.5824640144785742
1.5847596619297997
1.588907390197899
1.5924321970245765
1.5961002046301762
1.6030130313189204
1.6059172478031425
1.607568844403993
1.6496077743929918
1.6630598544350181
1.6765942837907204
1.7099062158542764
1.7144863917093738
1.7186473054534677
1.7236601356380932
1.7278212938486652
1.7359288770781733
1.7437873622995417
1.7495553634764676
1.7567295407074084
1.7626689636597077
1.7666893516858622
1.7770370399104949
1.7796894237688998
1.781457894927948
1.7863703663135422
1.7918132281354107
1.7988580378803105
2.100044684266582
2.1001210803308985
2.10017355864273
2.1110049421325017
2.111188758626879
2.112246971938189
2.117893391397193
2.11887253656685
2.12242485692253
2.1239722835091044
2.1271977073326247
2.1307125067485937
2.131942613901288
2.137987009226708
2.141100186801522
2.142399151830144
2.1425838667939834
2.156563792674796
2.1676218485166237
2.179716985648432
2.6605785577473067
2.6691117239620263
2.678194170108266
2.687691774219101
2.697373955451573
2.707099905778673
2.716708610797854
2.7260505371833372
2.7349900112034065
2.743406351882548
2.7511941954262435
2.7582632428391616
2.7645376428175403
2.7699550835836746
2.7744653411599174
2.7780259196726886
2.7805688842723084
2.782321436443264
2.782792700769531
2.7830086282248425
-2.6761982751965925
-2.6667577777579856
-2.657218298544214
-2.6477118853337434
-2.6384108461510962
-2.629466894272495
-2.621046767891672
-2.613316821032286
-2.606435738950867
-2.601065939704886
-2.600545990611115
-2.5973537404767284
-2.5957661852519047
-2.594095872708598
-2.592190045963001
-2.591459507352684
-2.590160454387321
-2.5889662294852
-2.5883715992633447
-2.5883303683717784
-2.009399672792675
-2.00939119602019
-2.0092237172138807
-2.0038379704103644
-2.0033142140289963
-2.001976369312442
-2.00058072491117
-1.9980202365135906
-1.9968834810697216
-1.9949859708715887
-1.9903709168782702
-1.990116458560976
-1.9868119756225995
-1.984281262078314
-1.9817014206020982
-1.9723350092049967
-1.9615300888868918
-1.9480020023557323
-1.9367903722321653
-1.92588645795121
-1.4990576827746809
-1.4957285021243703
-1.4912325209992339
-1.4745787439524713
-1.4693663240778347
-1.4639592610156058
-1.4547049303336403
-1.4498133825902761
-1.4453510058892902
-1.4401945801505247
-1.4382651403970126
-1.4365966421969805
-1.4353884309833107
-1.4329557427397341
-1.426676180427347
-1.4262198059777673
-1.426093778511068
-1.4204465452848516
-1.4136440275444349
-1.4060265950539728
-0.9904884697044476
-0.9880924781281731
-0.9865155431834803
-0.9790025356121783
-0.9749566569550244
-0.9714739970861858
-0.9634595765216923
-0.959432813863262
-0.9558575276046801
-0.9497372614837607
-0.9468117954426286
-0.9433033276328849
-0.9397010965978757
-0.939296808027294
-0.9375805730230393
-0.9351065662657803
-0.9317776980019363
-0.9176737314233532
-0.9175715077629495
-0.9171181252244859
-0.6884666091978633
-0.6884222398192587
-0.6883840075927247
-0.653420936932755
-0.6531878451589009
-0.6526148760047473
-0.6274592969130429
-0.6258492498533132
-0.6197825946237229
-0.6054923644024389
-0.6038862286302813
-0.593927349444539
-0.5886881100206985
-0.5852894952091129
-0.5668031863008683
-0.5643447534200355
-0.562282652554569
-0.5404587897176488
-0.5395278295452135
-0.5390554593513118
-0.4244440372546877
-0.4241540615775012
-0.421887141562056
-0.41505160670971397
-0.41236504164052573
-0.40754052996544354
-0.40384233856665375
-0.40221875617849795
-0.38971194368723827
-0.3892973571897784
-0.3882829888389689
-0.36671147073106714
-0.3661274323305166
-0.3658922875823048
-0.3419822993894604
-0.3413005367686939
-0.33998077691165246
1.5016135305365805
1.5090410961856253
1.5159836677731393
1.5373768512690753
1.5446196269108592
1.5512163238909678
1.5658794658663044
1.5711947084001612
1.5751691515512007
1.5820476827453218
1.5860765188931643
1.587372267313668
1.5940944824734677
1.5948810942427798
1.6034721154495153
1.605474292827626
1.6077121895016036
1.6496076738015084
1.6630600404350702
1.676594044683028
1.709982782170532
1.7140800198378823
1.7200244757843421
1.7218939445252954
1.728970086291617
1.7351988151325919
1.7445625621075318
1.7488331754162105
1.7572413047581394
1.7622114305982652
1.766918169540435
1.7768892528752782
1.7799305625847377
1.7813223216739238
1.7863770987213876
1.7918128726738425
1.7988580435785968
2.1000446840703177
2.100121080830566
2.1001735583390793
2.111004941312467
2.111188759722763
2.112246971589073
2.1178933926993753
2.11887253476206
2.122424858858787
2.1239722816901723
2.127197708023707
2.1307125062078587
2.131942614222355
2.1379870092036084
2.1411001868318276
2.1423991517464622
2.1425838668578407
2.156563792674796
2.1676218485166245
2.1797169856484317
2.6605785577473076
2.6691117239620272
2.678194170108267
2.687691774219098
2.697373955451576
2.7070999057786724
2.716708610797854
2.726050537183337
2.734990011203405
2.7434063518825473
2.7511941954262418
2.7582632428391625
2.764537642817537
2.7699550835836737
2.7744653411599174
2.7780259196726886
2.780568884272308
2.7823214364432625
2.782792700769531
2.783008628224843
-2.6761982751965983
-2.666757777757981
-2.657218298544214
-2.6477118853337362
-2.638410846151101
-2.6294668942724964
-2.621046767891676
-2.613316821032294
-2.606435738950865
-2.6010659397048883
-2.600545990611117
-2.5973537404767284
-2.595766185251902
-2.5940958727085985
-2.5921900459630005
-2.591459507352683
-2.5901604543873207
-2.5889662294851994
-2.5883715992633443
-2.5883303683717775
-2.009399672793856
-2.00939119601894
-2.009223717213952
-2.00383797040996
-2.0033142140298166
-2.001976369311487
-2.0005807249120413
-1.9980202365124697
-1.9968834810708131
-1.9949859708712385
-1.9903709168789776
-1.9901164585603033
-1.9868119756226275
-1.9842812620783108
-1.9817014206020995
-1.9723350092049994
-1.9615300888868923
-1.9480020023557303
-1.936790372232165
-1.925886457951211
-1.4990576827746767
-1.4957285021243814
-1.4912325209992037
-1.4745787439575415
-1.4693663240311046
-1.463959261229428
-1.454704925271341
-1.4498134276501593
-1.445350735110783
-1.4402000201610314
-1.4382424207632387
-1.4366393549233611
-1.435357194929864
-1.4329625607812542
-1.4266494439223802
-1.4262914158907734
-1.4260481076565032
-1.4204465583915222
-1.4136440274004132
-1.4060265950554518
-0.9904884693782964
-0.9880924806732416
-0.9865155396829293
-0.9790025455186746
-0.9749566328628884
-0.9714740113306504
-0.9634597874084039
-0.9594316222052965
-0.9558601130847856
-0.9497249673841659
-0.9468413569633728
-0.9432447946446443
-0.9400307053674112
-0.9388994368499994
-0.9376990225545008
-0.9350949712534218
-0.9317782686371379
-0.9176736595559397
-0.9175715905997153
-0.9171181135896306
-0.6884673059188323
-0.6884206808814287
-0.6883848697946626
-0.6534670741933857
-0.65311076992206
-0.65264614037115
-0.6273552372071783
-0.6260057312159468
-0.6196889514491465
-0.6061735692121828
-0.602986347054687
-0.5946461605511127
-0.5873019403464154
-0.5862520819499728
-0.5663770144314405
-0.564938555201546
-0.5620780092588898
-0.5404902684325483
-0.5394449596630699
-0.5391082075780159
-0.42469178496911947
-0.423738695880351
-0.42211985683029984
-0.41455660140579126
-0.41302370267764904
-0.40688944082123996
-0.4045941999316026
-0.40187697962392044
-0.38996938871681747
-0.3888695260747131
-0.38846565139770917
-0.36671022840573425
-0.3661310467349226
-0.36588989039227937
-0.3419822995478692
-0.3413005365845772
-0.3399807769495164
1.501613530536578
1.509041096185653
1.5159836677729808
1.537376851353714
1.5446196256524822
1.55121633054938
1.5658786641695832
1.5712037462968649
1.5751404145468098
1.5822836666982358
1.5851814368411032
1.588371574637025
1.5929980594296693
1.595746247381237
1.6032028138204544
1.605728431435076
1.6076388957054435
1.6496077165810334
1.6630599686103533
1.6765941275682794
1.70996318907454
1.7141684609346757
1.7196162478536898
1.7223516067150735
1.728766004193883
1.7353288732454815
1.7444436365044795
1.748934460721859
1.7571874482940832
1.7622523695322805
1.7669025017704663
1.7768949452970029
1.779922905999287
1.7813262756939994
1.7863770382502888
1.7918128694006623
1.7988580437675645
2.1000446803278363
2.1001210904570162
2.100173552447305
2.1110049751749616
2.1111887167820766
2.1122469821551224
2.1178933749978612
2.1188725571350515
2.122424840705867
2.123972297091464
2.127197703163347
2.1307125094104666
2.131942612421431
2.137987009306014
2.14110018671088
2.142399152066907
2.142583866614718
2.156563792674794
2.1676218485166237
2.1797169856484317
2.6605785577473076
2.669111723962025
2.678194170108266
2.687691774219098
2.6973739554515737
2.7070999057786738
2.716708610797855
2.726050537183336
2.734990011203405
2.743406351882548
2.7511941954262427
2.758263242839162
2.764537642817539
2.7699550835836746
2.7744653411599183
2.7780259196726904
2.7805688842723084
2.7823214364432616
2.782792700769531
2.7830086282248434
