-2.725743300258238
-2.7257158941613358
-2.7256236906768794
-2.725488609099795
-2.2097643660759876
-2.207563522574265
-2.2060424557720446
-2.205585728783099
-1.7655783366645252
-1.7627428461198895
-1.75274656248209
-1.7374320677348485
-1.4396463601022698
-1.3863567703851305
-1.3497106391231724
-1.336848162652873
-1.1412711065733327
-1.128153439571985
-1.083664263798598
-1.0473917141048072
-0.9911984523454969
-0.16500985994246264
-0.11475260179744697
-0.0868430087320115
-0.009389488192421202
0.009389488192422529
0.08684300873201195
0.11475260179744812
0.16500985994246292
0.991198452345497
1.0473917141048068
1.0836642637985976
1.1281534395719857
1.1412711065733334
1.3368481626528759
1.3497106391231695
1.3863567703851307
1.439646360102269
1.7374320677348476
1.7527465624820886
1.7627428461198875
1.7655783366645246
2.2055857287831007
2.206042455772042
2.2075635225742674
2.209764366075989
2.725488609099793
2.725623690676879
2.7257158941613344
2.7257433002582365
-2.7257433002582374
-2.7257158941613384
-2.72562369067688
-2.725488609099794
-2.2097643660759867
-2.207563522574265
-2.206042455772045
-2.2055857287830993
-1.7655783366645255
-1.7627428461198886
-1.7527465624820906
-1.7374320677348483
-1.4396463601022698
-1.3863567703851307
-1.3497106391231726
-1.3368481626528739
-1.1412711065733327
-1.1281534395719852
-1.0836642637985983
-1.047391714104807
-0.9911984523454967
-0.16500985994246356
-0.11475260179744834
-0.08684300873201257
-0.009389488192421174
0.00938948819242129
0.08684300873201155
0.11475260179744723
0.1650098599424626
0.9911984523454975
1.0473917141048077
1.083664263798599
1.1281534395719857
1.1412711065733339
1.3368481626528734
1.3497106391231752
1.3863567703851294
1.4396463601022682
1.7374320677348487
1.75274656248209
1.762742846119892
1.7655783366645261
2.205585728783101
2.206042455772044
2.2075635225742665
2.2097643660759885
2.7254886090997936
2.7256236906768785
2.7257158941613326
2.725743300258237
-2.725743300258238
-2.725715894161332
-2.7256236906768785
-2.725488609099795
-2.2097643660759867
-2.2075635225742656
-2.2060424557720433
-2.205585728783099
-1.7655783366645244
-1.7627428461198873
-1.7527465624820902
-1.737432067734848
-1.4396463601022695
-1.3863567703851305
-1.349710639123171
-1.3368481626528734
-1.141271106573333
-1.1281534395719852
-1.0836642637985978
-1.047391714104807
-0.9911984523454964
-0.165009859942463
-0.11475260179744834
-0.08684300873201227
-0.009389488192422019
0.009389488192421767
0.08684300873201167
0.1147526017974472
0.16500985994246276
0.9911984523454976
1.0473917141048092
1.0836642637985985
1.1281534395719854
1.1412711065733347
1.3368481626528739
1.3497106391231752
1.3863567703851294
1.4396463601022695
1.7374320677348474
1.7527465624820904
1.7627428461198866
1.7655783366645248
2.2055857287830993
2.206042455772042
2.2075635225742665
2.209764366075987
2.7254886090997936
2.725623690676881
2.725715894161332
2.725743300258237
-2.7257433002582387
-2.725715894161337
-2.7256236906768807
-2.7254886090997954
-2.2097643660759867
-2.207563522574265
-2.2060424557720415
-2.205585728783098
-1.765578336664525
-1.7627428461198875
-1.7527465624820906
-1.737432067734848
-1.4396463601022695
-1.3863567703851307
-1.3497106391231724
-1.3368481626528734
-1.141271106573333
-1.1281534395719854
-1.083664263798598
-1.047391714104807
-0.991198452345497
-0.16500985994246356
-0.11475260179744758
-0.08684300873201235
-0.009389488192422347
0.00938948819242138
0.0868430087320118
0.11475260179744737
0.1650098599424621
0.9911984523454983
1.0473917141048088
1.0836642637986005
1.1281534395719854
1.1412711065733352
1.336848162652872
1.3497106391231721
1.3863567703851298
1.4396463601022687
1.7374320677348487
1.7527465624820884
1.7627428461198948
1.7655783366645261
2.2055857287830984
2.206042455772043
2.207563522574268
2.2097643660759863
2.7254886090997945
2.725623690676875
2.725715894161332
2.7257433002582374
-2.725743300258237
-2.725715894161335
-2.725623690676878
-2.725488609099794
-2.209764366075987
-2.2075635225742656
-2.2060424557720446
-2.2055857287830984
-1.7655783366645257
-1.7627428461198895
-1.7527465624820906
-1.7374320677348487
-1.4396463601022693
-1.3863567703851305
-1.3497106391231721
-1.3368481626528734
-1.141271106573333
-1.1281534395719852
-1.0836642637985983
-1.0473917141048068
-0.9911984523454967
-0.16500985994246342
-0.11475260179744683
-0.08684300873201158
-0.009389488192420872
0.009389488192421988
0.0868430087320119
0.11475260179744769
0.1650098599424637
0.9911984523454956
1.0473917141048077
1.0836642637985985
1.1281534395719859
1.141271106573334
1.3368481626528719
1.349710639123173
1.3863567703851285
1.4396463601022687
1.737432067734848
1.7527465624820904
1.7627428461198935
1.7655783366645261
2.2055857287830984
2.2060424557720397
2.2075635225742642
2.2097643660759867
2.7254886090997945
2.7256236906768785
2.7257158941613335
2.7257433002582374
-2.7257433002582374
-2.725715894161335
-2.7256236906768794
-2.7254886090997945
-2.2097643660759885
-2.2075635225742674
-2.2060424557720446
-2.2055857287831
-1.765578336664525
-1.762742846119889
-1.7527465624820902
-1.7374320677348483
-1.4396463601022693
-1.386356770385131
-1.3497106391231715
-1.3368481626528739
-1.1412711065733327
-1.1281534395719848
-1.083664263798598
-1.0473917141048068
-0.9911984523454971
-0.16500985994246267
-0.11475260179744755
-0.08684300873201188
-0.009389488192421927
0.009389488192421648
0.08684300873201188
0.11475260179744758
0.16500985994246392
0.9911984523454969
1.0473917141048077
1.0836642637985998
1.1281534395719852
1.1412711065733336
1.3368481626528728
1.3497106391231726
1.3863567703851296
1.43964636010227
1.7374320677348478
1.7527465624820882
1.762742846119891
1.765578336664525
2.2055857287831007
2.2060424557720446
2.207563522574268
2.2097643660759885
2.725488609099794
2.725623690676878
2.725715894161331
2.725743300258237
-2.7257433002582383
-2.725715894161333
-2.72562369067688
-2.7254886090997954
-2.209764366075987
-2.207563522574265
-2.2060424557720424
-2.2055857287830984
-1.7655783366645248
-1.762742846119889
-1.7527465624820884
-1.7374320677348487
-1.4396463601022693
-1.3863567703851305
-1.3497106391231721
-1.3368481626528732
-1.1412711065733327
-1.1281534395719857
-1.0836642637985978
-1.047391714104807
-0.9911984523454966
-0.16500985994246317
-0.11475260179744781
-0.08684300873201221
-0.009389488192422765
0.009389488192420452
0.0868430087320115
0.11475260179744719
0.16500985994246192
0.9911984523454964
1.0473917141048072
1.083664263798599
1.1281534395719863
1.1412711065733339
1.336848162652873
1.3497106391231766
1.3863567703851303
1.4396463601022695
1.7374320677348467
1.7527465624820895
1.762742846119885
1.7655783366645235
2.205585728783099
2.2060424557720446
2.2075635225742647
2.209764366075988
2.725488609099795
2.725623690676884
2.7257158941613278
2.7257433002582387
-2.725743300258237
-2.7257158941613353
-2.72562369067688
-2.7254886090997945
-2.2097643660759867
-2.2075635225742642
-2.206042455772046
-2.2055857287830984
-1.765578336664525
-1.7627428461198889
-1.7527465624820895
-1.7374320677348478
-1.4396463601022693
-1.38635677038513
-1.349710639123172
-1.3368481626528734
-1.1412711065733327
-1.1281534395719854
-1.0836642637985983
-1.0473917141048066
-0.9911984523454966
-0.16500985994246417
-0.11475260179744794
-0.08684300873201267
-0.009389488192420999
0.009389488192422326
0.08684300873201159
0.11475260179744703
0.1650098599424627
0.9911984523454964
1.0473917141048072
1.0836642637985998
1.128153439571986
1.1412711065733339
1.3368481626528712
1.3497106391231704
1.3863567703851292
1.4396463601022704
1.7374320677348474
1.7527465624820904
1.7627428461198915
1.7655783366645252
2.2055857287830998
2.206042455772043
2.207563522574266
2.2097643660759876
2.725488609099794
2.725623690676878
2.725715894161331
2.725743300258237
-2.7257484403390158
-2.7257076178863504
-2.7256275174263873
-2.725487918544475
-2.209775225413807
-2.2075014708539347
-2.206179174528345
-2.2055002017446377
-1.76612049210223
-1.7618390012170597
-1.7532081492822449
-1.7373311256904573
-1.439763271529514
-1.385403129090436
-1.352624329988702
-1.334671324098542
-1.144705271924818
-1.1229242189098567
-1.0864753469415538
-1.0463705264226466
-0.9913046049146451
-0.1647596572930912
-0.1168267855172085
-0.08339297037975064
-0.01666046224103562
0.016660462241032865
0.08339297037974984
0.11682678551720892
0.1647596572930897
0.9913046049146453
1.0463705264226477
1.0864753469415551
1.1229242189098574
1.1447052719248187
1.3346713240985424
1.352624329988701
1.385403129090436
1.4397632715295154
1.7373311256904576
1.7532081492822449
1.7618390012170617
1.76612049210223
2.205500201744635
2.2061791745283377
2.2075014708539316
2.209775225413807
2.7254879185444785
2.7256275174263895
2.725707617886356
2.7257484403390198
-2.7257484403390153
-2.725707617886351
-2.725627517426386
-2.7254879185444745
-2.2097752254138068
-2.207501470853934
-2.2061791745283448
-2.205500201744637
-1.7661204921022293
-1.7618390012170593
-1.7532081492822436
-1.7373311256904564
-1.439763271529514
-1.3854031290904358
-1.3526243299887015
-1.3346713240985417
-1.1447052719248183
-1.1229242189098567
-1.086475346941554
-1.046370526422647
-0.9913046049146451
-0.16475965729309205
-0.11682678551721
-0.0833929703797517
-0.016660462241035387
0.016660462241035026
0.0833929703797497
0.1168267855172083
0.16475965729308892
0.9913046049146448
1.0463705264226473
1.0864753469415558
1.1229242189098587
1.1447052719248185
1.3346713240985442
1.3526243299886993
1.3854031290904363
1.4397632715295154
1.7373311256904564
1.753208149282242
1.7618390012170595
1.7661204921022284
2.2055002017446363
2.2061791745283457
2.2075014708539324
2.2097752254138054
2.725487918544476
2.7256275174263873
2.7257076178863464
2.7257484403390158
-2.7257465674919144
-2.7257108368913316
-2.7256258870350667
-2.7254882027779233
-2.209770755221705
-2.207527908396277
-2.2061260189570517
-2.2055313902410045
-1.765923960423162
-1.762191137936556
-1.7530114672671877
-1.7373726354016894
-1.4397149940736733
-1.3858072287467793
-1.3514953200379445
-1.3354859273475708
-1.143489095487695
-1.1249252364182407
-1.0852797004458647
-1.0467835553221672
-0.9912605040213099
-0.16486409615618322
-0.11600924054857496
-0.08480044189785922
-0.014028770450005027
0.014028770450003974
0.08480044189785924
0.11600924054857538
0.16486409615618303
0.9912605040213102
1.0467835553221676
1.0852797004458634
1.1249252364182387
1.1434890954876933
1.3354859273475694
1.3514953200379471
1.3858072287467804
1.4397149940736742
1.7373726354016885
1.7530114672671882
1.762191137936558
1.765923960423162
2.2055313902410045
2.206126018957052
2.2075279083962775
2.209770755221707
2.7254882027779233
2.725625887035066
2.725710836891334
2.725746567491915
-2.725743300258237
-2.725715894161333
-2.7256236906768794
-2.725488609099794
-2.2097643660759876
-2.207563522574266
-2.2060424557720424
-2.2055857287830984
-1.7655783366645246
-1.7627428461198882
-1.75274656248209
-1.737432067734848
-1.4396463601022698
-1.3863567703851303
-1.3497106391231708
-1.3368481626528728
-1.141271106573333
-1.1281534395719852
-1.0836642637985978
-1.047391714104807
-0.9911984523454964
-0.165009859942463
-0.11475260179744785
-0.08684300873201144
-0.009389488192422052
0.009389488192421018
0.08684300873201097
0.11475260179744716
0.16500985994246287
0.9911984523454959
1.0473917141048072
1.0836642637985985
1.1281534395719857
1.1412711065733336
1.3368481626528732
1.3497106391231748
1.386356770385129
1.439646360102269
1.737432067734848
1.752746562482091
1.762742846119887
1.7655783366645248
2.205585728783098
2.206042455772045
2.207563522574262
2.209764366075986
2.7254886090997954
2.7256236906768785
2.7257158941613326
2.7257433002582374
-2.725740136236844
-2.7257202543612005
-2.7256222040254325
-2.7254888995727744
-2.20975979943317
-2.2075876265786256
-2.205970427663757
-2.205638219805161
-1.76523802181444
-1.7632204096313457
-1.7525671902568947
-1.7374746240222372
-1.439597571294724
-1.3867314207550685
-1.3482066427325605
-1.3380675601313814
-1.1387997814306812
-1.131281404569536
-1.0825604689012838
-1.0478408006139521
-0.991154796322015
-0.16511160275038225
-0.11377206809770513
-0.08834899015850334
-0.0038535297631271674
0.0038535297631282846
0.088348990158504
0.11377206809770572
0.1651116027503815
0.991154796322014
1.0478408006139515
1.082560468901284
1.1312814045695345
1.1387997814306794
1.338067560131384
1.3482066427325643
1.3867314207550705
1.4395975712947249
1.7374746240222378
1.752567190256893
1.7632204096313464
1.7652380218144406
2.2056382198051603
2.205970427663757
2.207587626578625
2.2097597994331686
2.7254888995727753
2.7256222040254348
2.725720254361197
2.725740136236843
-2.7257401362368445
-2.7257202543612
-2.7256222040254325
-2.7254888995727744
-2.209759799433171
-2.207587626578626
-2.205970427663756
-2.205638219805161
-1.7652380218144403
-1.7632204096313462
-1.752567190256896
-1.737474624022238
-1.439597571294724
-1.3867314207550687
-1.3482066427325616
-1.3380675601313818
-1.1387997814306812
-1.1312814045695359
-1.0825604689012844
-1.0478408006139521
-0.9911547963220149
-0.1651116027503813
-0.11377206809770504
-0.08834899015850303
-0.0038535297631274936
0.0038535297631277607
0.08834899015850269
0.11377206809770471
0.16511160275038128
0.9911547963220143
1.0478408006139524
1.0825604689012853
1.131281404569536
1.138799781430681
1.3380675601313812
1.3482066427325587
1.3867314207550685
1.439597571294723
1.7374746240222385
1.7525671902568936
1.7632204096313477
1.7652380218144417
2.205638219805161
2.205970427663755
2.2075876265786256
2.209759799433171
2.725488899572776
2.7256222040254316
2.7257202543611996
2.7257401362368445
-2.725743300258238
-2.7257158941613353
-2.7256236906768803
-2.7254886090997945
-2.209764366075987
-2.2075635225742665
-2.206042455772044
-2.2055857287830993
-1.7655783366645246
-1.7627428461198884
-1.75274656248209
-1.7374320677348483
-1.4396463601022693
-1.386356770385131
-1.349710639123172
-1.3368481626528732
-1.1412711065733332
-1.1281534395719852
-1.083664263798598
-1.047391714104807
-0.9911984523454969
-0.16500985994246228
-0.11475260179744808
-0.08684300873201194
-0.009389488192421526
0.009389488192422578
0.08684300873201153
0.11475260179744717
0.16500985994246248
0.991198452345497
1.0473917141048068
1.0836642637985978
1.1281534395719857
1.1412711065733334
1.3368481626528723
1.3497106391231726
1.3863567703851298
1.4396463601022687
1.7374320677348478
1.7527465624820915
1.7627428461198908
1.7655783366645266
2.2055857287831
2.2060424557720437
2.207563522574267
2.2097643660759885
2.725488609099794
2.725623690676873
2.725715894161333
2.7257433002582365
-2.7257465674919144
-2.7257108368913316
-2.725625887035066
-2.725488202777924
-2.209770755221705
-2.2075279083962767
-2.20612601895705
-2.205531390241004
-1.7659239604231616
-1.7621911379365558
-1.753011467267188
-1.7373726354016885
-1.4397149940736735
-1.3858072287467793
-1.351495320037945
-1.33548592734757
-1.1434890954876946
-1.12492523641824
-1.0852797004458645
-1.0467835553221674
-0.99126050402131
-0.16486409615618247
-0.11600924054857574
-0.08480044189785989
-0.01402877045000559
0.01402877045000315
0.08480044189785986
0.11600924054857616
0.16486409615618153
0.9912605040213103
1.0467835553221678
1.0852797004458659
1.1249252364182405
1.1434890954876957
1.33548592734757
1.3514953200379467
1.3858072287467795
1.439714994073674
1.7373726354016883
1.7530114672671882
1.7621911379365554
1.7659239604231611
2.205531390241003
2.206126018957048
2.207527908396277
2.2097707552217045
2.725488202777923
2.725625887035068
2.7257108368913356
2.7257465674919157
-2.7257521389205563
-2.72570032158939
-2.7256317911967707
-2.725487242489496
-2.209785860427056
-2.207432182256339
-2.2062994849480297
-2.205438544244625
-1.7665062483574994
-1.7610341226353725
-1.7537247533611622
-1.7372325991971158
-1.4398789710202264
-1.3843649148963462
-1.3551118640442223
-1.3330060558905676
-1.1470553659306857
-1.1183379644785711
-1.089652650871331
-1.045423501284317
-0.9914118505989108
-0.16450263934616924
-0.11862124432604934
-0.08003299755920842
-0.022106994045254888
0.022106994045253008
0.08003299755920687
0.11862124432604865
0.16450263934616832
0.9914118505989115
1.0454235012843176
1.0896526508713322
1.118337964478572
1.147055365930687
1.333006055890569
1.3551118640442215
1.3843649148963482
1.4398789710202282
1.7372325991971143
1.7537247533611648
1.7610341226353732
1.7665062483574991
2.205438544244624
2.206299484948025
2.2074321822563387
2.209785860427055
2.725487242489496
2.7256317911967676
2.7257003215893905
2.725752138920554
-2.7257534443530567
-2.7256973414793046
-2.7256337418357677
-2.7254869665280745
-2.20979020257896
-2.2074005724994517
-2.2063485322465137
-2.2054167642758116
-1.7666417942166255
-1.7607014525746423
-1.7539615829393649
-1.7371924610654714
-1.4399265476705208
-1.3839042136613167
-1.3560868123256544
-1.3324025982363772
-1.1478763969788695
-1.1163815175894687
-1.0911593731338678
-1.0450495414356848
-0.9914565999212889
-0.16439407334057027
-0.11930620423935712
-0.07862864575835564
-0.02417101040686466
0.024171010406864243
0.0786286457583565
0.11930620423935778
0.1643940733405714
0.9914565999212883
1.0450495414356844
1.091159373133868
1.116381517589469
1.1478763969788688
1.3324025982363763
1.3560868123256533
1.3839042136613169
1.4399265476705205
1.7371924610654714
1.7539615829393675
1.7607014525746436
1.7666417942166264
2.2054167642758107
2.2063485322465155
2.207400572499451
2.2097902025789593
2.725486966528075
2.725633741835766
2.725697341479302
2.7257534443530567
-2.7257521389205577
-2.725700321589391
-2.7256317911967716
-2.7254872424894967
-2.2097858604270564
-2.207432182256339
-2.206299484948029
-2.205438544244625
-1.7665062483574994
-1.7610341226353727
-1.7537247533611622
-1.7372325991971158
-1.4398789710202264
-1.3843649148963464
-1.3551118640442215
-1.3330060558905674
-1.1470553659306857
-1.1183379644785714
-1.0896526508713307
-1.0454235012843174
-0.9914118505989108
-0.16450263934616952
-0.11862124432604962
-0.08003299755920798
-0.02210699404525411
0.02210699404525523
0.08003299755920802
0.11862124432604865
0.16450263934616788
0.9914118505989126
1.0454235012843185
1.0896526508713313
1.1183379644785725
1.1470553659306866
1.333006055890567
1.3551118640442208
1.3843649148963462
1.439878971020227
1.7372325991971167
1.7537247533611642
1.7610341226353743
1.7665062483575018
2.2054385442446227
2.206299484948031
2.207432182256337
2.2097858604270546
2.725487242489495
2.7256317911967707
2.7257003215893896
2.725752138920557
-2.725748440339014
-2.725707617886349
-2.7256275174263838
-2.725487918544476
-2.209775225413807
-2.2075014708539333
-2.2061791745283457
-2.2055002017446372
-1.7661204921022302
-1.76183900121706
-1.7532081492822444
-1.7373311256904571
-1.4397632715295143
-1.3854031290904358
-1.3526243299887022
-1.3346713240985426
-1.144705271924818
-1.1229242189098572
-1.0864753469415536
-1.046370526422647
-0.991304604914645
-0.16475965729309028
-0.11682678551720871
-0.08339297037974974
-0.01666046224103475
0.016660462241035758
0.08339297037974944
0.11682678551720806
0.16475965729308972
0.9913046049146441
1.0463705264226466
1.086475346941554
1.1229242189098563
1.144705271924818
1.3346713240985435
1.3526243299886993
1.3854031290904354
1.4397632715295132
1.7373311256904562
1.7532081492822422
1.761839001217058
1.766120492102229
2.2055002017446386
2.206179174528346
2.207501470853935
2.2097752254138063
2.7254879185444763
2.7256275174263886
2.7257076178863526
2.7257484403390175
-2.725743300258239
-2.725715894161336
-2.7256236906768803
-2.7254886090997954
-2.209764366075988
-2.207563522574265
-2.2060424557720433
-2.205585728783099
-1.7655783366645255
-1.7627428461198889
-1.75274656248209
-1.7374320677348474
-1.4396463601022695
-1.3863567703851305
-1.3497106391231717
-1.3368481626528732
-1.1412711065733327
-1.1281534395719852
-1.0836642637985978
-1.047391714104807
-0.9911984523454965
-0.16500985994246345
-0.11475260179744787
-0.0868430087320122
-0.00938948819242172
0.009389488192421823
0.0868430087320125
0.11475260179744783
0.16500985994246326
0.9911984523454965
1.0473917141048072
1.0836642637985991
1.1281534395719852
1.1412711065733345
1.336848162652872
1.3497106391231695
1.38635677038513
1.439646360102269
1.737432067734849
1.7527465624820884
1.7627428461198882
1.7655783366645232
2.2055857287831024
2.2060424557720455
2.20756352257427
2.209764366075988
2.725488609099796
2.725623690676877
2.7257158941613344
2.7257433002582365
-2.7257401362368463
-2.7257202543612
-2.72562220402543
-2.7254888995727753
-2.209759799433171
-2.2075876265786247
-2.205970427663755
-2.205638219805161
-1.7652380218144392
-1.7632204096313455
-1.7525671902568947
-1.7374746240222378
-1.439597571294724
-1.3867314207550683
-1.3482066427325623
-1.3380675601313816
-1.1387997814306818
-1.1312814045695365
-1.0825604689012835
-1.047840800613953
-0.9911547963220145
-0.16511160275038184
-0.11377206809770501
-0.08834899015850368
-0.003853529763127524
0.003853529763128174
0.08834899015850337
0.1137720680977044
0.16511160275038111
0.9911547963220143
1.047840800613952
1.082560468901285
1.1312814045695356
1.1387997814306798
1.3380675601313827
1.3482066427325625
1.3867314207550694
1.439597571294723
1.7374746240222394
1.7525671902568958
1.7632204096313475
1.7652380218144423
2.2056382198051585
2.205970427663753
2.207587626578626
2.20975979943317
2.7254888995727775
2.7256222040254303
2.7257202543612022
2.7257401362368467
-2.725743300258237
-2.725715894161333
-2.7256236906768785
-2.725488609099794
-2.209764366075987
-2.207563522574264
-2.2060424557720433
-2.2055857287830993
-1.7655783366645248
-1.7627428461198889
-1.7527465624820897
-1.7374320677348483
-1.439646360102269
-1.3863567703851305
-1.3497106391231708
-1.336848162652873
-1.1412711065733327
-1.1281534395719852
-1.0836642637985978
-1.0473917141048068
-0.9911984523454969
-0.16500985994246214
-0.11475260179744722
-0.08684300873201231
-0.009389488192422102
0.009389488192420872
0.08684300873201084
0.11475260179744771
0.1650098599424626
0.9911984523454956
1.0473917141048057
1.0836642637985971
1.1281534395719832
1.1412711065733319
1.3368481626528728
1.3497106391231681
1.3863567703851312
1.4396463601022693
1.737432067734848
1.7527465624820902
1.7627428461198884
1.765578336664525
2.205585728783099
2.206042455772043
2.2075635225742642
2.209764366075988
2.7254886090997945
2.725623690676881
2.725715894161333
2.7257433002582365
-2.725748440339017
-2.7257076178863517
-2.725627517426386
-2.7254879185444754
-2.2097752254138068
-2.2075014708539347
-2.206179174528345
-2.2055002017446386
-1.7661204921022289
-1.7618390012170597
-1.7532081492822433
-1.737331125690457
-1.4397632715295148
-1.3854031290904352
-1.3526243299887009
-1.3346713240985422
-1.1447052719248183
-1.1229242189098572
-1.086475346941554
-1.0463705264226473
-0.9913046049146451
-0.16475965729309097
-0.11682678551720893
-0.08339297037975055
-0.016660462241034762
0.01666046224103525
0.08339297037974945
0.11682678551720788
0.1647596572930891
0.991304604914646
1.046370526422648
1.0864753469415538
1.122924218909857
1.1447052719248174
1.334671324098543
1.3526243299886997
1.385403129090436
1.4397632715295148
1.7373311256904567
1.7532081492822433
1.761839001217059
1.7661204921022293
2.2055002017446372
2.206179174528347
2.207501470853933
2.2097752254138054
2.7254879185444767
2.725627517426388
2.7257076178863513
2.725748440339018
-2.725753444353057
-2.725697341479305
-2.7256337418357672
-2.7254869665280754
-2.2097902025789593
-2.2074005724994508
-2.2063485322465137
-2.2054167642758125
-1.7666417942166266
-1.7607014525746438
-1.7539615829393664
-1.737192461065472
-1.4399265476705205
-1.3839042136613169
-1.356086812325655
-1.332402598236377
-1.1478763969788695
-1.116381517589469
-1.0911593731338678
-1.045049541435685
-0.9914565999212888
-0.1643940733405713
-0.11930620423935762
-0.0786286457583565
-0.024171010406864358
0.024171010406864004
0.07862864575835621
0.11930620423935757
0.16439407334057093
0.9914565999212891
1.0450495414356855
1.0911593731338678
1.1163815175894694
1.1478763969788708
1.3324025982363783
1.3560868123256586
1.3839042136613176
1.4399265476705214
1.7371924610654716
1.7539615829393662
1.7607014525746443
1.766641794216628
2.205416764275808
2.206348532246513
2.207400572499447
2.209790202578961
2.7254869665280737
2.7256337418357663
2.7256973414793038
2.725753444353056
-2.725756235264932
-2.725689839229386
-2.725639109976694
-2.72548630972518
-2.2098005393763795
-2.207313695550762
-2.206471662776104
-2.2053701732328164
-1.7669306897082226
-1.7598476781336732
-1.7546207714150954
-1.7370971067537573
-1.4400405856254197
-1.3826967999183943
-1.358394330396411
-1.3310876763967212
-1.1496262542049454
-1.1107908077213802
-1.0958581577018347
-1.0441846648010973
-0.9915654394257379
-0.16412659799219137
-0.1208531200419401
-0.07511508918096499
-0.028994944858634665
0.028994944858636944
0.07511508918096559
0.12085312004194007
0.1641265979921913
0.9915654394257378
1.0441846648010973
1.0958581577018351
1.1107908077213813
1.149626254204945
1.3310876763967194
1.3583943303964106
1.3826967999183932
1.4400405856254195
1.737097106753758
1.7546207714150917
1.7598476781336752
1.7669306897082249
2.2053701732328164
2.2064716627761065
2.2073136955507646
2.209800539376379
2.7254863097251776
2.7256391099766906
2.725689839229384
2.725756235264928
-2.725756235264931
-2.7256898392293865
-2.725639109976695
-2.7254863097251785
-2.209800539376379
-2.2073136955507633
-2.2064716627761047
-2.205370173232816
-1.7669306897082213
-1.7598476781336732
-1.7546207714150959
-1.7370971067537575
-1.4400405856254195
-1.3826967999183946
-1.3583943303964108
-1.331087676396722
-1.1496262542049456
-1.1107908077213806
-1.0958581577018345
-1.0441846648010973
-0.9915654394257378
-0.16412659799219126
-0.12085312004194042
-0.0751150891809649
-0.028994944858634828
0.02899494485863511
0.07511508918096503
0.12085312004194008
0.16412659799219154
0.9915654394257385
1.0441846648010966
1.0958581577018345
1.1107908077213808
1.1496262542049456
1.331087676396722
1.3583943303964119
1.3826967999183943
1.44004058562542
1.737097106753757
1.754620771415088
1.7598476781336752
1.766930689708224
2.2053701732328164
2.2064716627761056
2.2073136955507646
2.2098005393763778
2.7254863097251794
2.725639109976697
2.725689839229387
2.7257562352649316
-2.725753444353057
-2.7256973414793055
-2.7256337418357703
-2.7254869665280745
-2.209790202578959
-2.2074005724994503
-2.2063485322465133
-2.2054167642758102
-1.7666417942166268
-1.7607014525746436
-1.753961582939365
-1.7371924610654719
-1.4399265476705205
-1.3839042136613169
-1.356086812325655
-1.3324025982363774
-1.1478763969788692
-1.1163815175894694
-1.0911593731338678
-1.0450495414356846
-0.9914565999212889
-0.16439407334057157
-0.11930620423935817
-0.07862864575835683
-0.024171010406865135
0.024171010406863865
0.07862864575835532
0.11930620423935744
0.16439407334056988
0.9914565999212887
1.0450495414356853
1.091159373133867
1.1163815175894687
1.1478763969788692
1.3324025982363776
1.356086812325657
1.3839042136613167
1.439926547670521
1.7371924610654712
1.7539615829393667
1.7607014525746427
1.766641794216626
2.205416764275812
2.2063485322465155
2.2074005724994525
2.2097902025789593
2.725486966528076
2.725633741835766
2.725697341479305
2.725753444353057
-2.7257484403390166
-2.7257076178863513
-2.7256275174263878
-2.725487918544476
-2.2097752254138063
-2.2075014708539333
-2.206179174528346
-2.2055002017446377
-1.7661204921022304
-1.7618390012170604
-1.753208149282245
-1.737331125690457
-1.4397632715295148
-1.3854031290904352
-1.352624329988701
-1.3346713240985426
-1.1447052719248183
-1.1229242189098572
-1.0864753469415538
-1.046370526422647
-0.9913046049146452
-0.1647596572930896
-0.11682678551720857
-0.08339297037974988
-0.016660462241035345
0.01666046224103404
0.083392970379749
0.1168267855172082
0.16475965729309056
0.9913046049146452
1.046370526422648
1.0864753469415531
1.1229242189098558
1.1447052719248176
1.3346713240985442
1.3526243299887033
1.3854031290904367
1.4397632715295148
1.7373311256904584
1.7532081492822438
1.7618390012170613
1.7661204921022307
2.2055002017446372
2.2061791745283434
2.207501470853935
2.2097752254138063
2.7254879185444754
2.7256275174263886
2.7257076178863504
2.7257484403390158
-2.7257433002582365
-2.725715894161336
-2.72562369067688
-2.725488609099796
-2.2097643660759867
-2.2075635225742647
-2.2060424557720433
-2.2055857287830993
-1.7655783366645241
-1.7627428461198889
-1.7527465624820893
-1.737432067734848
-1.4396463601022693
-1.3863567703851303
-1.349710639123172
-1.3368481626528737
-1.141271106573333
-1.1281534395719852
-1.0836642637985976
-1.047391714104807
-0.9911984523454964
-0.1650098599424632
-0.1147526017974482
-0.08684300873201241
-0.009389488192421264
0.009389488192421637
0.08684300873201282
0.11475260179744863
0.1650098599424631
0.9911984523454965
1.0473917141048064
1.0836642637985974
1.1281534395719848
1.1412711065733319
1.336848162652873
1.34971063912317
1.3863567703851307
1.4396463601022693
1.7374320677348496
1.7527465624820906
1.7627428461198902
1.7655783366645224
2.2055857287830967
2.206042455772042
2.207563522574265
2.209764366075988
2.725488609099795
2.725623690676878
2.725715894161334
2.725743300258237
-2.725743300258236
-2.725715894161336
-2.7256236906768776
-2.7254886090997963
-2.209764366075987
-2.207563522574266
-2.206042455772042
-2.205585728783099
-1.7655783366645252
-1.7627428461198884
-1.7527465624820906
-1.7374320677348478
-1.4396463601022693
-1.38635677038513
-1.3497106391231717
-1.3368481626528737
-1.1412711065733327
-1.128153439571985
-1.083664263798598
-1.0473917141048072
-0.9911984523454963
-0.16500985994246264
-0.11475260179744767
-0.08684300873201128
-0.009389488192422137
0.009389488192421292
0.08684300873201214
0.11475260179744787
0.16500985994246353
0.9911984523454967
1.0473917141048066
1.0836642637985965
1.1281534395719854
1.1412711065733312
1.3368481626528732
1.3497106391231712
1.38635677038513
1.4396463601022695
1.7374320677348485
1.752746562482092
1.7627428461198893
1.765578336664525
2.2055857287830984
2.2060424557720415
2.2075635225742642
2.209764366075986
2.7254886090997945
2.7256236906768776
2.7257158941613344
2.725743300258237
-2.7257484403390166
-2.7257076178863504
-2.7256275174263855
-2.7254879185444763
-2.209775225413807
-2.207501470853933
-2.206179174528345
-2.205500201744638
-1.7661204921022293
-1.7618390012170597
-1.7532081492822424
-1.7373311256904567
-1.4397632715295146
-1.3854031290904354
-1.3526243299887009
-1.3346713240985424
-1.144705271924818
-1.122924218909857
-1.086475346941554
-1.046370526422647
-0.9913046049146448
-0.16475965729308945
-0.11682678551720836
-0.08339297037975
-0.01666046224103488
0.01666046224103385
0.08339297037974802
0.11682678551720894
0.1647596572930899
0.9913046049146457
1.0463705264226473
1.086475346941552
1.1229242189098558
1.1447052719248159
1.334671324098542
1.3526243299887006
1.3854031290904352
1.4397632715295146
1.7373311256904576
1.7532081492822458
1.7618390012170608
1.766120492102231
2.2055002017446372
2.2061791745283448
2.2075014708539316
2.2097752254138068
2.7254879185444763
2.7256275174263855
2.725707617886351
2.725748440339017
-2.7257521389205572
-2.72570032158939
-2.725631791196769
-2.7254872424894976
-2.2097858604270555
-2.2074321822563405
-2.20629948494803
-2.2054385442446263
-1.7665062483574998
-1.7610341226353725
-1.753724753361164
-1.7372325991971151
-1.4398789710202269
-1.3843649148963462
-1.3551118640442217
-1.3330060558905674
-1.1470553659306857
-1.118337964478571
-1.089652650871331
-1.0454235012843167
-0.9914118505989113
-0.1645026393461695
-0.11862124432604927
-0.08003299755920774
-0.022106994045253195
0.022106994045253927
0.08003299755920858
0.1186212443260498
0.16450263934616877
0.9914118505989117
1.0454235012843163
1.0896526508713327
1.118337964478572
1.147055365930686
1.333006055890568
1.3551118640442228
1.3843649148963457
1.4398789710202267
1.7372325991971158
1.7537247533611597
1.7610341226353714
1.7665062483574987
2.2054385442446254
2.206299484948028
2.2074321822563387
2.2097858604270546
2.7254872424894994
2.7256317911967702
2.7257003215893914
2.7257521389205572
-2.7257562352649294
-2.725689839229386
-2.7256391099766955
-2.725486309725178
-2.209800539376379
-2.207313695550764
-2.206471662776105
-2.2053701732328155
-1.766930689708222
-1.7598476781336727
-1.7546207714150948
-1.737097106753757
-1.44004058562542
-1.3826967999183934
-1.3583943303964099
-1.3310876763967214
-1.1496262542049451
-1.1107908077213804
-1.0958581577018343
-1.0441846648010977
-0.9915654394257376
-0.16412659799219084
-0.12085312004193972
-0.07511508918096495
-0.028994944858636313
0.0289949448586347
0.07511508918096357
0.12085312004193918
0.16412659799219032
0.9915654394257379
1.0441846648010968
1.0958581577018345
1.1107908077213806
1.1496262542049447
1.3310876763967214
1.3583943303964103
1.3826967999183952
1.4400405856254195
1.7370971067537555
1.7546207714150954
1.7598476781336727
1.766930689708222
2.2053701732328146
2.206471662776103
2.20731369555076
2.209800539376378
2.725486309725178
2.725639109976699
2.7256898392293865
2.7257562352649325
-2.7257576897067266
-2.725684936874371
-2.725642936647734
-2.7254859309673503
-2.2098065016725292
-2.2072519612538946
-2.2065517283426463
-2.2053458792776395
-1.7670808069136619
-1.759268602771228
-1.755103997026757
-1.7370422272633852
-1.4401068564217652
-1.3819096613046085
-1.3597540001115314
-1.3303896632506695
-1.1505375852024045
-1.1033973163286612
-1.1028203396237133
-1.0437002131262698
-0.9916297341287287
-0.1639662128469053
-0.1217019540257987
-0.07291176559401874
-0.03183616497396292
0.031836164973964284
0.07291176559401931
0.12170195402580006
0.1639662128469063
0.9916297341287282
1.04370021312627
1.102820339623714
1.1033973163286583
1.150537585202407
1.3303896632506682
1.3597540001115322
1.381909661304608
1.4401068564217658
1.7370422272633856
1.7551039970267612
1.7592686027712285
1.7670808069136628
2.2053458792776395
2.206551728342646
2.2072519612538946
2.2098065016725275
2.7254859309673485
2.7256429366477315
2.7256849368743703
2.725757689706726
-2.7257562352649307
-2.725689839229387
-2.725639109976693
-2.72548630972518
-2.20980053937638
-2.2073136955507637
-2.206471662776105
-2.205370173232816
-1.766930689708222
-1.7598476781336732
-1.7546207714150945
-1.7370971067537575
-1.4400405856254206
-1.3826967999183937
-1.3583943303964108
-1.3310876763967219
-1.1496262542049454
-1.1107908077213802
-1.0958581577018347
-1.0441846648010975
-0.9915654394257382
-0.16412659799219112
-0.12085312004193993
-0.07511508918096474
-0.028994944858634346
0.028994944858636733
0.07511508918096516
0.1208531200419398
0.1641265979921916
0.9915654394257373
1.0441846648010975
1.095858157701834
1.11079080772138
1.1496262542049445
1.3310876763967205
1.3583943303964094
1.382696799918394
1.4400405856254208
1.7370971067537564
1.7546207714150972
1.7598476781336732
1.7669306897082233
2.2053701732328177
2.2064716627761056
2.20731369555076
2.209800539376381
2.7254863097251767
2.7256391099766994
2.725689839229386
2.72575623526493
-2.7257521389205572
-2.7257003215893905
-2.7256317911967707
-2.725487242489497
-2.209785860427057
-2.20743218225634
-2.20629948494803
-2.2054385442446254
-1.7665062483574994
-1.7610341226353725
-1.7537247533611628
-1.7372325991971154
-1.4398789710202269
-1.3843649148963462
-1.3551118640442212
-1.3330060558905679
-1.1470553659306857
-1.1183379644785711
-1.0896526508713311
-1.045423501284317
-0.9914118505989113
-0.1645026393461688
-0.11862124432604952
-0.08003299755920901
-0.022106994045254416
0.022106994045252935
0.08003299755920702
0.11862124432604879
0.16450263934616793
0.9914118505989117
1.0454235012843174
1.089652650871331
1.1183379644785714
1.147055365930686
1.333006055890567
1.3551118640442215
1.3843649148963448
1.4398789710202269
1.7372325991971158
1.7537247533611653
1.7610341226353736
1.7665062483575007
2.205438544244624
2.20629948494803
2.207432182256336
2.209785860427056
2.725487242489498
2.7256317911967702
2.725700321589391
2.7257521389205572
-2.7257465674919126
-2.7257108368913316
-2.7256258870350636
-2.7254882027779237
-2.2097707552217054
-2.2075279083962775
-2.2061260189570517
-2.2055313902410045
-1.7659239604231616
-1.7621911379365567
-1.753011467267188
-1.7373726354016892
-1.4397149940736729
-1.3858072287467793
-1.3514953200379445
-1.3354859273475708
-1.1434890954876944
-1.1249252364182403
-1.085279700445864
-1.0467835553221674
-0.9912605040213099
-0.16486409615618203
-0.11600924054857513
-0.08480044189785893
-0.014028770450004734
0.014028770450004247
0.08480044189785702
0.11600924054857571
0.1648640961561837
0.9912605040213102
1.0467835553221667
1.0852797004458643
1.1249252364182396
1.1434890954876937
1.3354859273475708
1.351495320037945
1.385807228746781
1.4397149940736729
1.7373726354016876
1.753011467267188
1.762191137936556
1.7659239604231618
2.205531390241
2.2061260189570526
2.207527908396273
2.2097707552217045
2.7254882027779233
2.7256258870350702
2.725710836891332
2.7257465674919175
-2.7257433002582396
-2.725715894161334
-2.7256236906768807
-2.725488609099796
-2.2097643660759867
-2.207563522574264
-2.2060424557720433
-2.2055857287830998
-1.7655783366645248
-1.7627428461198886
-1.7527465624820904
-1.7374320677348474
-1.4396463601022698
-1.3863567703851303
-1.3497106391231717
-1.336848162652874
-1.1412711065733327
-1.128153439571985
-1.083664263798598
-1.0473917141048068
-0.9911984523454966
-0.1650098599424628
-0.11475260179744672
-0.0868430087320114
-0.009389488192422262
0.009389488192420753
0.08684300873201375
0.11475260179744813
0.16500985994246398
0.991198452345496
1.0473917141048068
1.0836642637985974
1.1281534395719843
1.1412711065733327
1.3368481626528743
1.3497106391231715
1.3863567703851314
1.439646360102269
1.7374320677348463
1.752746562482089
1.7627428461198875
1.7655783366645252
2.205585728783096
2.206042455772046
2.2075635225742665
2.209764366075986
2.725488609099795
2.725623690676885
2.725715894161334
2.725743300258236
-2.7257465674919157
-2.7257108368913334
-2.7256258870350694
-2.7254882027779246
-2.209770755221707
-2.207527908396278
-2.2061260189570513
-2.205531390241005
-1.7659239604231616
-1.7621911379365565
-1.7530114672671886
-1.7373726354016887
-1.4397149940736733
-1.385807228746779
-1.3514953200379445
-1.3354859273475708
-1.1434890954876946
-1.1249252364182403
-1.0852797004458645
-1.0467835553221674
-0.9912605040213098
-0.16486409615618283
-0.11600924054857599
-0.08480044189785985
-0.01402877045000462
0.01402877045000475
0.0848004418978584
0.11600924054857521
0.16486409615618347
0.9912605040213103
1.0467835553221676
1.0852797004458652
1.1249252364182398
1.1434890954876935
1.3354859273475712
1.3514953200379454
1.3858072287467815
1.4397149940736738
1.737372635401689
1.753011467267191
1.7621911379365578
1.7659239604231638
2.2055313902410005
2.2061260189570517
2.207527908396273
2.209770755221705
2.725488202777922
2.7256258870350694
2.7257108368913308
2.7257465674919157
-2.7257484403390144
-2.7257076178863495
-2.7256275174263855
-2.725487918544476
-2.209775225413807
-2.2075014708539342
-2.2061791745283448
-2.2055002017446372
-1.7661204921022302
-1.76183900121706
-1.7532081492822447
-1.7373311256904571
-1.439763271529514
-1.385403129090436
-1.3526243299887009
-1.3346713240985426
-1.1447052719248183
-1.122924218909857
-1.086475346941554
-1.046370526422647
-0.991304604914645
-0.1647596572930891
-0.11682678551720826
-0.08339297037975084
-0.01666046224103423
0.016660462241035085
0.08339297037974965
0.1168267855172083
0.16475965729309033
0.9913046049146443
1.0463705264226473
1.0864753469415511
1.1229242189098567
1.1447052719248165
1.3346713240985415
1.3526243299887017
1.3854031290904338
1.4397632715295139
1.7373311256904584
1.7532081492822436
1.7618390012170597
1.7661204921022298
2.2055002017446386
2.206179174528345
2.2075014708539378
2.2097752254138063
2.725487918544475
2.7256275174263855
2.7257076178863504
2.7257484403390158
-2.7257534443530558
-2.7256973414793033
-2.725633741835767
-2.725486966528075
-2.2097902025789606
-2.207400572499449
-2.2063485322465133
-2.205416764275812
-1.7666417942166261
-1.7607014525746438
-1.753961582939366
-1.7371924610654714
-1.4399265476705214
-1.3839042136613164
-1.3560868123256555
-1.332402598236377
-1.1478763969788697
-1.1163815175894691
-1.0911593731338678
-1.0450495414356848
-0.9914565999212889
-0.16439407334057057
-0.11930620423935752
-0.07862864575835642
-0.024171010406864677
0.024171010406865198
0.07862864575835621
0.11930620423935784
0.1643940733405705
0.9914565999212892
1.0450495414356857
1.0911593731338682
1.1163815175894687
1.1478763969788701
1.3324025982363756
1.356086812325654
1.3839042136613158
1.439926547670521
1.7371924610654723
1.753961582939367
1.7607014525746438
1.7666417942166275
2.205416764275811
2.2063485322465124
2.207400572499447
2.2097902025789598
2.7254869665280723
2.725633741835771
2.725697341479304
2.725753444353058
-2.725756235264932
-2.7256898392293873
-2.725639109976697
-2.7254863097251802
-2.20980053937638
-2.207313695550764
-2.206471662776107
-2.2053701732328173
-1.7669306897082222
-1.7598476781336732
-1.7546207714150959
-1.7370971067537575
-1.4400405856254201
-1.3826967999183941
-1.3583943303964117
-1.3310876763967219
-1.1496262542049454
-1.110790807721381
-1.0958581577018347
-1.0441846648010977
-0.9915654394257377
-0.16412659799219081
-0.12085312004193972
-0.07511508918096396
-0.028994944858635064
0.028994944858635
0.07511508918096571
0.1208531200419403
0.16412659799219212
0.9915654394257376
1.0441846648010982
1.095858157701835
1.1107908077213806
1.1496262542049458
1.3310876763967228
1.358394330396411
1.3826967999183957
1.4400405856254195
1.7370971067537582
1.7546207714150965
1.7598476781336758
1.7669306897082226
2.205370173232819
2.206471662776106
2.2073136955507646
2.2098005393763813
2.7254863097251785
2.725639109976692
2.725689839229383
2.7257562352649307
-2.725756235264933
-2.7256898392293865
-2.7256391099766955
-2.7254863097251802
-2.2098005393763795
-2.207313695550763
-2.2064716627761056
-2.2053701732328155
-1.7669306897082222
-1.7598476781336734
-1.7546207714150959
-1.7370971067537573
-1.4400405856254195
-1.382696799918394
-1.3583943303964108
-1.3310876763967217
-1.149626254204945
-1.1107908077213808
-1.0958581577018345
-1.0441846648010975
-0.9915654394257377
-0.1641265979921918
-0.12085312004194054
-0.07511508918096456
-0.028994944858635293
0.02899494485863499
0.07511508918096477
0.12085312004194056
0.16412659799219137
0.9915654394257363
1.044184664801098
1.0958581577018343
1.1107908077213808
1.1496262542049465
1.331087676396723
1.358394330396412
1.382696799918395
1.4400405856254204
1.737097106753758
1.7546207714150963
1.7598476781336745
1.7669306897082229
2.205370173232817
2.2064716627761065
2.207313695550767
2.209800539376381
2.725486309725176
2.7256391099766915
2.7256898392293825
2.7257562352649263
-2.7257534443530576
-2.7256973414793064
-2.72563374183577
-2.7254869665280768
-2.2097902025789593
-2.2074005724994503
-2.2063485322465137
-2.2054167642758107
-1.7666417942166261
-1.7607014525746432
-1.7539615829393647
-1.7371924610654714
-1.4399265476705208
-1.3839042136613164
-1.356086812325655
-1.3324025982363767
-1.1478763969788697
-1.1163815175894687
-1.0911593731338678
-1.0450495414356853
-0.9914565999212887
-0.16439407334057163
-0.11930620423935773
-0.07862864575835692
-0.024171010406864205
0.024171010406865805
0.07862864575835714
0.11930620423935807
0.16439407334057077
0.9914565999212888
1.0450495414356853
1.091159373133868
1.1163815175894682
1.1478763969788695
1.3324025982363763
1.3560868123256542
1.3839042136613156
1.4399265476705205
1.7371924610654723
1.753961582939365
1.7607014525746427
1.7666417942166261
2.205416764275811
2.2063485322465137
2.207400572499454
2.209790202578959
2.725486966528077
2.7256337418357695
2.7256973414793055
2.72575344435306
-2.7257484403390166
-2.725707617886351
-2.7256275174263855
-2.725487918544477
-2.209775225413806
-2.2075014708539333
-2.2061791745283448
-2.205500201744639
-1.7661204921022295
-1.76183900121706
-1.7532081492822436
-1.7373311256904567
-1.4397632715295143
-1.385403129090435
-1.3526243299887009
-1.3346713240985424
-1.1447052719248183
-1.1229242189098572
-1.0864753469415542
-1.046370526422647
-0.991304604914645
-0.16475965729309072
-0.1168267855172093
-0.08339297037975026
-0.016660462241036168
0.016660462241033857
0.08339297037974969
0.11682678551720939
0.16475965729308983
0.9913046049146452
1.0463705264226473
1.0864753469415533
1.122924218909858
1.1447052719248179
1.3346713240985415
1.3526243299887015
1.3854031290904367
1.4397632715295143
1.737331125690457
1.7532081492822464
1.7618390012170635
1.7661204921022327
2.205500201744636
2.2061791745283457
2.2075014708539307
2.2097752254138068
2.7254879185444745
2.725627517426385
2.72570761788635
2.7257484403390153
-2.725743300258239
-2.7257158941613344
-2.7256236906768794
-2.725488609099795
-2.2097643660759876
-2.2075635225742665
-2.2060424557720437
-2.2055857287831007
-1.7655783366645257
-1.762742846119889
-1.75274656248209
-1.7374320677348478
-1.439646360102269
-1.3863567703851303
-1.349710639123172
-1.3368481626528737
-1.1412711065733336
-1.1281534395719854
-1.0836642637985983
-1.0473917141048066
-0.9911984523454967
-0.16500985994246278
-0.11475260179744748
-0.08684300873201188
-0.009389488192422137
0.009389488192421514
0.08684300873201353
0.11475260179744697
0.16500985994246242
0.9911984523454971
1.0473917141048072
1.0836642637985963
1.128153439571985
1.1412711065733312
1.3368481626528763
1.349710639123172
1.386356770385131
1.4396463601022702
1.7374320677348474
1.7527465624820884
1.7627428461198882
1.7655783366645248
2.2055857287830984
2.2060424557720424
2.2075635225742665
2.209764366075988
2.7254886090997963
2.7256236906768794
2.725715894161336
2.7257433002582405
-2.725743300258237
-2.725715894161334
-2.7256236906768785
-2.7254886090997954
-2.2097643660759867
-2.207563522574265
-2.2060424557720433
-2.205585728783099
-1.7655783366645246
-1.7627428461198882
-1.75274656248209
-1.7374320677348474
-1.4396463601022695
-1.3863567703851303
-1.3497106391231717
-1.3368481626528734
-1.1412711065733327
-1.1281534395719852
-1.0836642637985985
-1.0473917141048068
-0.9911984523454965
-0.1650098599424628
-0.11475260179744762
-0.08684300873201199
-0.009389488192422853
0.00938948819242016
0.08684300873201034
0.11475260179744678
0.1650098599424627
0.9911984523454967
1.0473917141048077
1.0836642637985978
1.1281534395719857
1.1412711065733327
1.3368481626528745
1.349710639123171
1.3863567703851274
1.439646360102269
1.7374320677348487
1.7527465624820897
1.762742846119889
1.7655783366645246
2.2055857287831007
2.206042455772045
2.2075635225742665
2.209764366075987
2.725488609099795
2.7256236906768767
2.725715894161335
2.7257433002582356
-2.725743300258238
-2.725715894161334
-2.725623690676879
-2.7254886090997945
-2.2097643660759876
-2.207563522574265
-2.206042455772044
-2.2055857287830984
-1.765578336664525
-1.7627428461198886
-1.7527465624820904
-1.737432067734848
-1.4396463601022695
-1.3863567703851294
-1.3497106391231715
-1.3368481626528734
-1.141271106573333
-1.1281534395719857
-1.0836642637985978
-1.0473917141048066
-0.9911984523454966
-0.16500985994246398
-0.11475260179744737
-0.08684300873201138
-0.009389488192421778
0.009389488192421571
0.08684300873201245
0.11475260179744812
0.1650098599424631
0.9911984523454962
1.0473917141048075
1.083664263798599
1.1281534395719863
1.141271106573334
1.3368481626528708
1.3497106391231706
1.3863567703851278
1.439646360102269
1.737432067734848
1.7527465624820913
1.7627428461198897
1.7655783366645257
2.205585728783098
2.206042455772042
2.207563522574266
2.209764366075987
2.725488609099795
2.72562369067688
2.7257158941613344
2.725743300258238
-2.7257484403390166
-2.725707617886351
-2.725627517426387
-2.7254879185444763
-2.2097752254138068
-2.2075014708539347
-2.206179174528345
-2.2055002017446386
-1.766120492102229
-1.7618390012170597
-1.7532081492822433
-1.7373311256904562
-1.439763271529514
-1.3854031290904347
-1.3526243299887006
-1.334671324098542
-1.144705271924818
-1.122924218909857
-1.0864753469415538
-1.046370526422647
-0.9913046049146449
-0.16475965729308964
-0.11682678551720888
-0.0833929703797501
-0.01666046224103353
0.016660462241036185
0.0833929703797507
0.11682678551720947
0.16475965729309006
0.991304604914645
1.046370526422647
1.0864753469415542
1.1229242189098574
1.144705271924819
1.3346713240985406
1.3526243299887002
1.3854031290904347
1.4397632715295143
1.7373311256904567
1.7532081492822449
1.7618390012170586
1.7661204921022293
2.2055002017446372
2.206179174528344
2.2075014708539316
2.209775225413807
2.725487918544476
2.7256275174263913
2.725707617886351
2.7257484403390175
-2.725752138920558
-2.7257003215893936
-2.725631791196772
-2.725487242489497
-2.209785860427056
-2.2074321822563383
-2.2062994849480293
-2.2054385442446263
-1.7665062483574994
-1.7610341226353725
-1.7537247533611633
-1.7372325991971156
-1.4398789710202273
-1.3843649148963464
-1.3551118640442217
-1.3330060558905674
-1.1470553659306857
-1.1183379644785714
-1.089652650871331
-1.0454235012843167
-0.991411850598911
-0.16450263934617004
-0.11862124432604855
-0.08003299755920809
-0.022106994045253736
0.022106994045254177
0.08003299755920847
0.11862124432604994
0.16450263934616932
0.9914118505989106
1.0454235012843176
1.0896526508713322
1.1183379644785698
1.147055365930686
1.333006055890568
1.3551118640442221
1.3843649148963468
1.4398789710202262
1.7372325991971163
1.7537247533611628
1.761034122635374
1.7665062483574994
2.2054385442446236
2.206299484948031
2.2074321822563396
2.209785860427057
2.7254872424894963
2.7256317911967685
2.725700321589388
2.7257521389205555
-2.725753444353057
-2.7256973414793015
-2.7256337418357672
-2.725486966528074
-2.2097902025789593
-2.2074005724994517
-2.2063485322465133
-2.205416764275812
-1.7666417942166257
-1.7607014525746436
-1.7539615829393658
-1.7371924610654714
-1.4399265476705214
-1.383904213661317
-1.356086812325655
-1.3324025982363772
-1.1478763969788697
-1.1163815175894685
-1.0911593731338678
-1.0450495414356846
-0.9914565999212887
-0.1643940733405715
-0.11930620423935796
-0.07862864575835644
-0.024171010406865354
0.024171010406864438
0.07862864575835617
0.11930620423935755
0.16439407334057055
0.991456599921288
1.0450495414356853
1.0911593731338671
1.116381517589468
1.1478763969788697
1.3324025982363772
1.356086812325655
1.3839042136613178
1.4399265476705205
1.7371924610654719
1.7539615829393649
1.7607014525746407
1.7666417942166257
2.2054167642758107
2.2063485322465124
2.207400572499449
2.2097902025789593
2.725486966528077
2.72563374183577
2.7256973414793064
2.7257534443530598
-2.7257521389205572
-2.7257003215893922
-2.7256317911967716
-2.7254872424894963
-2.209785860427056
-2.20743218225634
-2.2062994849480293
-2.2054385442446263
-1.7665062483574996
-1.7610341226353738
-1.7537247533611635
-1.7372325991971154
-1.439878971020227
-1.3843649148963462
-1.3551118640442212
-1.3330060558905683
-1.147055365930686
-1.1183379644785714
-1.0896526508713313
-1.0454235012843172
-0.9914118505989112
-0.16450263934616932
-0.11862124432604897
-0.08003299755920741
-0.022106994045253448
0.022106994045254045
0.08003299755920801
0.11862124432604929
0.16450263934616918
0.9914118505989107
1.0454235012843176
1.0896526508713325
1.1183379644785725
1.1470553659306861
1.3330060558905659
1.3551118640442226
1.3843649148963448
1.4398789710202273
1.737232599197115
1.7537247533611626
1.7610341226353718
1.7665062483574991
2.2054385442446267
2.206299484948032
2.2074321822563454
2.209785860427056
2.725487242489498
2.7256317911967725
2.72570032158939
2.7257521389205577
-2.7257484403390175
-2.7257076178863513
-2.725627517426387
-2.725487918544476
-2.2097752254138068
-2.2075014708539347
-2.206179174528346
-2.205500201744639
-1.7661204921022298
-1.7618390012170602
-1.7532081492822436
-1.7373311256904571
-1.439763271529514
-1.3854031290904356
-1.3526243299887006
-1.334671324098542
-1.144705271924818
-1.122924218909857
-1.086475346941554
-1.0463705264226473
-0.9913046049146449
-0.16475965729308925
-0.11682678551720885
-0.08339297037974973
-0.016660462241035824
0.016660462241033798
0.08339297037974955
0.11682678551720845
0.16475965729309022
0.9913046049146463
1.0463705264226484
1.0864753469415558
1.1229242189098578
1.1447052719248194
1.3346713240985424
1.3526243299887009
1.385403129090437
1.4397632715295163
1.7373311256904558
1.7532081492822444
1.761839001217062
1.7661204921022302
2.205500201744636
2.2061791745283434
2.2075014708539302
2.2097752254138054
2.7254879185444745
2.7256275174263864
2.725707617886352
2.725748440339016
-2.7257433002582396
-2.7257158941613366
-2.7256236906768776
-2.7254886090997954
-2.209764366075987
-2.207563522574266
-2.206042455772044
-2.2055857287830998
-1.765578336664526
-1.762742846119889
-1.7527465624820908
-1.737432067734848
-1.4396463601022693
-1.3863567703851303
-1.3497106391231717
-1.3368481626528728
-1.1412711065733327
-1.128153439571985
-1.083664263798598
-1.0473917141048068
-0.9911984523454967
-0.16500985994246342
-0.1147526017974472
-0.08684300873201153
-0.009389488192421355
0.009389488192421419
0.08684300873201176
0.11475260179744796
0.1650098599424632
0.9911984523454964
1.0473917141048084
1.0836642637985987
1.128153439571985
1.1412711065733336
1.3368481626528699
1.349710639123172
1.386356770385129
1.4396463601022695
1.7374320677348467
1.752746562482089
1.7627428461198882
1.7655783366645244
2.205585728783104
2.2060424557720446
2.207563522574269
2.209764366075987
2.7254886090997976
2.7256236906768807
2.7257158941613318
2.7257433002582356
-2.7257401362368467
-2.7257202543612005
-2.7256222040254316
-2.7254888995727766
-2.2097597994331704
-2.207587626578624
-2.2059704276637544
-2.2056382198051616
-1.76523802181444
-1.763220409631345
-1.752567190256896
-1.737474624022238
-1.4395975712947242
-1.386731420755069
-1.3482066427325619
-1.3380675601313818
-1.1387997814306803
-1.131281404569536
-1.082560468901284
-1.0478408006139521
-0.9911547963220149
-0.1651116027503814
-0.11377206809770558
-0.08834899015850367
-0.0038535297631272698
0.00385352976312725
0.0883489901585035
0.11377206809770608
0.1651116027503815
0.9911547963220151
1.047840800613952
1.0825604689012835
1.1312814045695367
1.1387997814306816
1.3380675601313836
1.3482066427325619
1.3867314207550705
1.4395975712947255
1.7374746240222385
1.752567190256894
1.7632204096313453
1.7652380218144386
2.2056382198051603
2.2059704276637553
2.2075876265786256
2.209759799433171
2.725488899572774
2.725622204025434
2.7257202543612005
2.7257401362368476
-2.7257401362368445
-2.7257202543611987
-2.725622204025432
-2.7254888995727753
-2.209759799433171
-2.2075876265786256
-2.2059704276637544
-2.20563821980516
-1.7652380218144401
-1.763220409631347
-1.7525671902568947
-1.7374746240222374
-1.4395975712947244
-1.386731420755069
-1.3482066427325619
-1.3380675601313823
-1.138799781430681
-1.131281404569536
-1.082560468901284
-1.0478408006139524
-0.9911547963220146
-0.16511160275038167
-0.11377206809770492
-0.088348990158503
-0.003853529763127499
0.0038535297631274367
0.08834899015850405
0.1137720680977056
0.16511160275038192
0.9911547963220146
1.0478408006139543
1.082560468901285
1.131281404569537
1.1387997814306814
1.3380675601313823
1.348206642732562
1.386731420755068
1.4395975712947229
1.7374746240222358
1.7525671902568953
1.763220409631342
1.7652380218144381
2.2056382198051616
2.205970427663755
2.207587626578626
2.209759799433171
2.725488899572776
2.7256222040254343
2.725720254361198
2.7257401362368445
-2.7257433002582374
-2.725715894161333
-2.7256236906768785
-2.725488609099795
-2.2097643660759885
-2.2075635225742647
-2.206042455772043
-2.205585728783099
-1.7655783366645255
-1.7627428461198866
-1.7527465624820902
-1.7374320677348476
-1.439646360102269
-1.3863567703851298
-1.3497106391231717
-1.336848162652873
-1.1412711065733332
-1.1281534395719857
-1.083664263798598
-1.0473917141048068
-0.9911984523454962
-0.1650098599424626
-0.11475260179744755
-0.08684300873201165
-0.009389488192421394
0.009389488192421507
0.08684300873201206
0.11475260179744792
0.16500985994246323
0.9911984523454972
1.0473917141048081
1.0836642637985991
1.1281534395719874
1.1412711065733347
1.3368481626528728
1.3497106391231684
1.3863567703851307
1.4396463601022689
1.7374320677348463
1.7527465624820895
1.7627428461198866
1.7655783366645235
2.205585728783097
2.2060424557720415
2.2075635225742625
2.2097643660759867
2.7254886090997923
2.7256236906768807
2.7257158941613344
2.725743300258237
-2.725746567491914
-2.7257108368913316
-2.7256258870350654
-2.7254882027779224
-2.209770755221706
-2.2075279083962775
-2.2061260189570513
-2.2055313902410045
-1.7659239604231618
-1.7621911379365576
-1.7530114672671875
-1.7373726354016896
-1.4397149940736733
-1.3858072287467798
-1.3514953200379443
-1.3354859273475708
-1.1434890954876946
-1.1249252364182407
-1.0852797004458647
-1.0467835553221674
-0.9912605040213099
-0.1648640961561815
-0.11600924054857617
-0.08480044189786068
-0.014028770450005138
0.01402877045000375
0.08480044189785921
0.11600924054857412
0.1648640961561828
0.9912605040213113
1.0467835553221678
1.0852797004458656
1.1249252364182425
1.1434890954876942
1.3354859273475705
1.3514953200379443
1.3858072287467798
1.439714994073674
1.7373726354016903
1.753011467267189
1.7621911379365571
1.765923960423163
2.205531390241006
2.2061260189570517
2.2075279083962784
2.2097707552217045
2.7254882027779206
2.7256258870350645
2.7257108368913308
2.7257465674919117
-2.7257484403390166
-2.7257076178863513
-2.7256275174263864
-2.725487918544477
-2.2097752254138063
-2.2075014708539342
-2.2061791745283457
-2.205500201744639
-1.76612049210223
-1.7618390012170604
-1.7532081492822444
-1.7373311256904571
-1.4397632715295146
-1.3854031290904347
-1.352624329988701
-1.3346713240985424
-1.144705271924818
-1.1229242189098567
-1.0864753469415542
-1.0463705264226468
-0.9913046049146446
-0.16475965729309078
-0.11682678551720795
-0.08339297037974869
-0.016660462241033323
0.016660462241035838
0.08339297037975059
0.11682678551720933
0.164759657293091
0.9913046049146456
1.046370526422647
1.0864753469415536
1.1229242189098594
1.1447052719248179
1.3346713240985422
1.3526243299887022
1.385403129090433
1.4397632715295143
1.7373311256904551
1.753208149282242
1.7618390012170584
1.7661204921022282
2.2055002017446372
2.206179174528345
2.2075014708539333
2.2097752254138054
2.725487918544473
2.725627517426386
2.7257076178863553
2.7257484403390144
-2.725748440339015
-2.725707617886349
-2.725627517426385
-2.725487918544476
-2.209775225413806
-2.2075014708539342
-2.2061791745283448
-2.205500201744638
-1.7661204921022295
-1.7618390012170584
-1.7532081492822442
-1.7373311256904564
-1.4397632715295146
-1.3854031290904354
-1.3526243299887006
-1.3346713240985424
-1.1447052719248183
-1.1229242189098572
-1.0864753469415545
-1.0463705264226475
-0.9913046049146449
-0.16475965729308975
-0.1168267855172098
-0.08339297037975088
-0.01666046224103497
0.016660462241034943
0.08339297037974969
0.11682678551720946
0.16475965729308947
0.9913046049146457
1.0463705264226488
1.086475346941554
1.1229242189098578
1.1447052719248187
1.3346713240985442
1.3526243299887015
1.385403129090438
1.439763271529515
1.7373311256904553
1.7532081492822427
1.7618390012170588
1.7661204921022287
2.2055002017446372
2.2061791745283448
2.207501470853933
2.2097752254138046
2.7254879185444736
2.7256275174263855
2.7257076178863517
2.7257484403390153
-2.725746567491915
-2.725710836891329
-2.7256258870350676
-2.725488202777924
-2.209770755221706
-2.2075279083962784
-2.206126018957052
-2.205531390241005
-1.765923960423162
-1.7621911379365567
-1.753011467267188
-1.7373726354016892
-1.4397149940736726
-1.3858072287467784
-1.3514953200379443
-1.3354859273475705
-1.1434890954876948
-1.1249252364182398
-1.0852797004458647
-1.0467835553221665
-0.9912605040213099
-0.16486409615618175
-0.11600924054857527
-0.08480044189785928
-0.014028770450004854
0.014028770450004596
0.08480044189785917
0.11600924054857488
0.16486409615618308
0.9912605040213112
1.0467835553221678
1.0852797004458663
1.1249252364182405
1.1434890954876964
1.3354859273475723
1.3514953200379456
1.3858072287467829
1.439714994073673
1.7373726354016876
1.753011467267187
1.7621911379365556
1.7659239604231611
2.205531390241003
2.20612601895705
2.207527908396276
2.209770755221703
2.7254882027779255
2.7256258870350645
2.7257108368913303
2.725746567491915
-2.725743300258239
-2.7257158941613344
-2.7256236906768807
-2.725488609099797
-2.209764366075986
-2.2075635225742647
-2.2060424557720424
-2.205585728783098
-1.7655783366645246
-1.7627428461198886
-1.7527465624820895
-1.7374320677348476
-1.439646360102269
-1.3863567703851307
-1.3497106391231717
-1.3368481626528734
-1.1412711065733327
-1.1281534395719848
-1.0836642637985976
-1.0473917141048066
-0.9911984523454964
-0.16500985994246342
-0.11475260179744674
-0.0868430087320112
-0.009389488192421514
0.009389488192421748
0.08684300873201269
0.11475260179744784
0.16500985994246345
0.9911984523454963
1.0473917141048081
1.0836642637985987
1.1281534395719834
1.1412711065733334
1.3368481626528743
1.3497106391231737
1.3863567703851312
1.4396463601022698
1.737432067734847
1.752746562482089
1.7627428461198855
1.765578336664523
2.205585728783101
2.206042455772044
2.2075635225742674
2.2097643660759885
2.7254886090997927
2.7256236906768767
2.7257158941613304
2.7257433002582347
-2.725740136236845
-2.725720254361201
-2.7256222040254325
-2.7254888995727757
-2.20975979943317
-2.2075876265786256
-2.2059704276637544
-2.2056382198051607
-1.7652380218144397
-1.7632204096313455
-1.752567190256895
-1.7374746240222374
-1.439597571294724
-1.3867314207550685
-1.3482066427325619
-1.3380675601313816
-1.1387997814306812
-1.1312814045695363
-1.0825604689012844
-1.0478408006139528
-0.9911547963220148
-0.16511160275038286
-0.1137720680977049
-0.08834899015850288
-0.0038535297631265707
0.0038535297631286628
0.08834899015850409
0.11377206809770594
0.16511160275038125
0.9911547963220129
1.0478408006139528
1.0825604689012835
1.131281404569537
1.1387997814306818
1.338067560131384
1.3482066427325643
1.38673142075507
1.4395975712947218
1.7374746240222374
1.7525671902568962
1.7632204096313404
1.765238021814439
2.2056382198051625
2.205970427663755
2.207587626578625
2.2097597994331712
2.7254888995727757
2.725622204025433
2.7257202543612022
2.7257401362368454
