-2.668920045402684
-2.65962100118887
-2.650116041335049
-2.6405268994661126
-2.6309861285314176
-2.6216366653393326
-2.612630889884048
-2.6041300298293346
-2.596258809411613
-2.589226654131024
-2.5831832429823436
-2.5819515018012438
-2.579050465111875
-2.577025122739696
-2.5746727194190275
-2.5740040014184964
-2.572148306623033
-2.571433061858463
-2.5704133679181935
-2.569952945721534
-2.5696407508813186
-1.964183627086612
-1.9639490448207584
-1.9632343797582585
-1.9629071719674964
-1.961054260408214
-1.9602071322316035
-1.959685793341079
-1.958668381752691
-1.9519252274821104
-1.951903730100587
-1.9498686766672737
-1.9493759849701096
-1.948566804054766
-1.9339159192146584
-1.9335408942283872
-1.9327041168763575
-1.9277107868311252
-1.9192992195938339
-1.9088948540024735
-1.8975701641965363
-1.8861020198963159
-1.431349970164238
-1.4280652982297082
-1.4237883683859842
-1.4188502628679274
-1.4137158789619833
-1.407812239038158
-1.4024984045041768
-1.3975130587769122
-1.3793539900294607
-1.376387781015964
-1.374555570220154
-1.3728022164076048
-1.3720663575339276
-1.3669607676692117
-1.3635939083059627
-1.359898272178248
-1.355076710009829
-1.3508740812412352
-1.3452754784457142
-1.3389437689929378
-1.3319377654018116
-0.9142046404724834
-0.9107042670015398
-0.9087365528197044
-0.9067344769297313
-0.9047602375557361
-0.9025991828869417
-0.90043083284173
-0.8984198565522098
-0.8823775640371448
-0.8773852197022277
-0.8752470422814773
-0.873731208049722
-0.8733226378682305
-0.8531633555247886
-0.8521221977897788
-0.8494874244794908
-0.8444534481301432
-0.8412804349171675
-0.8385783478342422
-0.8364977366754228
-0.83484514085422
-0.599571827701872
-0.5984911687155565
-0.5972316679326598
-0.5938407960124881
-0.5929643318917267
-0.5761562857232656
-0.5747625731836027
-0.5717788930432133
-0.5302454063920596
-0.5268524228115514
-0.5211406374916303
-0.5173689644458076
-0.5124351100841482
-0.49140811317361616
-0.48630845807280104
-0.4850007158811145
-0.4672956653213536
-0.4664539118539507
-0.4561758894907091
-0.4547234068944483
-0.45284287157245673
-0.3551455825747076
-0.354284253252575
-0.3534782112258518
-0.35178874324479525
-0.3515172201619092
-0.32346227890698015
-0.32303880172637
-0.32242013483256576
-0.3196028570871915
-0.31824077930582284
-0.3140569358085095
-0.312112348330631
-0.31129351795944876
1.5408362050891102
1.5501803306273683
1.557849510354801
1.5640627697508342
1.5685583621927321
1.5727705812464756
1.5755264480557687
1.578252372786205
1.598396181997242
1.5997466767524382
1.6015053919443414
1.6036234811398882
1.6048851851111134
1.6371219452838208
1.6483552085970097
1.6600585949104723
1.6727177252248042
1.6824107278451002
1.6963086143288026
1.7043151966842522
1.7107647367362193
1.7253139517299105
1.729736865544236
1.733755031331714
1.7414680270203782
1.744310232745174
1.7529988975040707
1.7567613728798912
1.7613922334811098
1.7701551435329028
1.7746303874922642
1.780809116994228
1.7866545310776059
1.792733321642809
2.0756988540714465
2.0762444629893175
2.0767114172857575
2.0781190832136924
2.078389864256153
2.083177900968401
2.0836681065034406
2.0843007125556827
2.1012437240887336
2.101682148228763
2.1038111363391945
2.1054184749441
2.1062137398744065
2.1201687554724513
2.120342818564587
2.1212682283816107
2.1227621094527818
2.1231950416239616
2.1270563449926256
2.1367037839030925
2.148576348938528
2.642121701799125
2.65007065261229
2.658692022397288
2.6678450703322167
2.6773752381838487
2.687121240133489
2.6969214321472372
2.706618933925695
2.7161320556511344
2.7252119562081107
2.7337898678939463
2.741758884928659
2.749026246502953
2.75552117728476
2.7611694329481327
2.765924072743062
2.769746798174045
2.772611654911829
2.7745048843829165
2.7753829000871666
2.7754249366369037
-2.668920045402675
-2.65962100118887
-2.650116041335049
-2.6405268994661117
-2.630986128531415
-2.6216366653393277
-2.6126308898840445
-2.6041300298293297
-2.5962588094116166
-2.589226654131031
-2.583183242982343
-2.5819515018012447
-2.579050465111877
-2.5770251227396965
-2.5746727194190315
-2.574004001418495
-2.5721483066230335
-2.571433061858464
-2.5704133679181846
-2.5699529457215338
-2.5696407508813217
-1.9641836271058266
-1.9639490447750658
-1.9632343798867167
-1.9629071718407411
-1.9610542605425012
-1.9602071319188163
-1.959685793587634
-1.9586683817082606
-1.9519252285039717
-1.9519037290638221
-1.949868676729179
-1.9493759849144205
-1.9485668040646098
-1.9339159192145834
-1.933540894228488
-1.9327041168763304
-1.9277107868311263
-1.919299219593834
-1.9088948540024737
-1.8975701641965355
-1.8861020198963159
-1.4313499701643795
-1.4280652982284527
-1.4237883683929577
-1.4188502628370165
-1.4137158790638085
-1.407812238713968
-1.4024984052498715
-1.3975130578851862
-1.3793542809718127
-1.3763838861815259
-1.3745689341078056
-1.3727711773310305
-1.372088565540436
-1.3669593063405372
-1.363594615806277
-1.35989806637023
-1.355076747762297
-1.3508740740681078
-1.3452754789976533
-1.3389437689653014
-1.3319377654024949
-0.914204640811641
-0.9107042559366293
-0.9087366005421829
-0.9067343987112227
-0.9047602498609081
-0.9025993214581409
-0.9004306307183576
-0.898419954233315
-0.8823774677178179
-0.8773864779789019
-0.8752423863099037
-0.8737425027017038
-0.8733148231992512
-0.8531640428582007
-0.852121166756381
-0.8494878559871715
-0.8444533590062199
-0.8412803880823867
-0.8385784681656264
-0.8364976507022293
-0.834845163465943
-0.5995084495112779
-0.5986753982928364
-0.5970300258647551
-0.5940815941719626
-0.5928005354476575
-0.5762325362930455
-0.5746624061861401
-0.571806863350371
-0.5302520121714579
-0.5267946581114831
-0.5213783584823641
-0.5170260400668404
-0.5126141456737848
-0.4910863411210457
-0.4872898762347715
-0.48427539218350113
-0.4678049606499999
-0.46593601901144394
-0.45642833966554547
-0.45443341183017644
-0.45293175345441455
-0.355121226588657
-0.35436689993812015
-0.3533834708644272
-0.3518961068633484
-0.3514462953674545
-0.32349960085933493
-0.3229510425530159
-0.3224755549704465
-0.31959389850310654
-0.31824501638075786
-0.3140565427262069
-0.3121125728399674
-0.31129343587766556
1.540836205088893
1.5501803306543551
1.5578495091657456
1.564062794458703
1.5685581846063796
1.5727714175083145
1.5755250217066086
1.5782532254077266
1.5983321387905496
1.5999646580522635
1.6012542686253552
1.6037962758768007
1.6048094251508445
1.6371221568056027
1.648354663730681
1.6600597521059446
1.6727145961180057
1.6824170140825405
1.6962832984650125
1.7043923454085241
1.7106623374353527
1.7262820897735285
1.7279463778982596
1.7355815112345272
1.7394997532685441
1.7456893662835937
1.7522513047646475
1.7573080214547965
1.7612084835284416
1.7701797161281785
1.7746210655167243
1.7808103159134598
1.786654407417937
1.7927333272082129
2.075698067661893
2.076248363565535
2.07670659097137
2.078127835104308
2.0783826545245003
2.0831802495056757
2.083664832980185
2.084301808630984
2.101243421628337
2.101682561649328
2.1038109064264563
2.105418687701675
2.106213644872366
2.120168746883006
2.1203428322318865
2.1212682203822832
2.1227621168156396
2.1231950372654436
2.127056345006252
2.1367037839030854
2.148576348938527
2.6421217017991294
2.65007065261229
2.658692022397288
2.667845070332206
2.6773752381838505
2.687121240133489
2.696921432147236
2.7066189339256983
2.716132055651135
2.7252119562081125
2.7337898678939516
2.7417588849286596
2.7490262465029573
2.755521177284763
2.761169432948135
2.765924072743067
2.7697467981740402
2.7726116549118203
2.7745048843829148
2.7753829000871706
2.7754249366369
-2.668920045402672
-2.659621001188866
-2.6501160413350506
-2.640526899466111
-2.630986128531411
-2.6216366653393317
-2.6126308898840516
-2.6041300298293293
-2.596258809411619
-2.589226654131029
-2.583183242982341
-2.581951501801242
-2.579050465111876
-2.5770251227396948
-2.574672719419028
-2.5740040014184946
-2.5721483066230344
-2.571433061858462
-2.5704133679181944
-2.5699529457215347
-2.5696407508813177
-1.964183627048264
-1.9639490449118502
-1.963234379503048
-1.9629071722189324
-1.961054260144144
-1.9602071328443127
-1.9596857928592444
-1.9586683818391304
-1.951925225548006
-1.9519037320627377
-1.9498686765510131
-1.949375985074512
-1.9485668040363637
-1.9339159192147952
-1.9335408942282057
-1.9327041168764074
-1.9277107868311252
-1.9192992195938343
-1.9088948540024728
-1.8975701641965361
-1.8861020198963157
-1.4313499701646064
-1.4280652982265354
-1.4237883684030492
-1.418850262795041
-1.4137158791932145
-1.40781223833251
-1.4024984060677679
-1.3975130569705076
-1.379354511363478
-1.3763809179767674
-1.3745786637462545
-1.3727479280568036
-1.3721054409082203
-1.3669583559014944
-1.363595050391818
-1.3598979481194837
-1.3550767675583038
-1.3508740706149607
-1.3452754792323784
-1.338943768955269
-1.3319377654026971
-0.91420464038727
-0.9107042798157232
-0.9087364442445713
-0.9067348998118365
-0.9047593640663808
-0.9026002939920065
-0.9004299733915554
-0.8984201598139537
-0.8823774614754127
-0.8773862530578493
-0.8752436404835304
-0.8737388386826906
-0.8733174674218412
-0.8531628771795857
-0.8521231223508309
-0.8494867110810681
-0.8444541730295498
-0.8412795350918283
-0.8385790732866781
-0.8364973785583975
-0.8348452179815888
-0.5995404355929798
-0.5985864402589655
-0.5971336484025722
-0.5939419514813972
-0.5928968020837684
-0.5761417449797223
-0.5747873851722992
-0.5717686717231313
-0.530477827796192
-0.5258978868620217
-0.5227706645369149
-0.5153981717707341
-0.5135717986969092
-0.49028718178097963
-0.4885416604777608
-0.4837266752349255
-0.46809593319098336
-0.4656516075869867
-0.45657220404096227
-0.4542612016591854
-0.4529992244420005
-0.3551312506318313
-0.35433456702171284
-0.3534215913828429
-0.3518541711657851
-0.3514724256875181
-0.32347353048681277
-0.3230154423082627
-0.32243344492761383
-0.3196008037783024
-0.31824167795266783
-0.31405687236338176
-0.31211237903336214
-0.3112935075959091
1.5408362050889997
1.5501803306413846
1.5578495097183944
1.5640627832953862
1.5685582631623542
1.5727710549337492
1.5755256316800348
1.5782528657983097
1.598355149376513
1.5998779139080401
1.6013520257292957
1.6037326572639068
1.6048390779176887
1.6371220949540866
1.6483548090164486
1.6600594750505346
1.6727152513341177
1.682415843928039
1.6962871349659718
1.7043820829516578
1.7106742632469214
1.7261605926730126
1.7281045605293033
1.7354776112967556
1.739583882554202
1.745662223136726
1.7522557608366047
1.7573121052139717
1.7612047317909898
1.7701808093821183
1.7746205279036218
1.780810406632976
1.7866543958930996
1.792733327829863
2.075695173518326
2.076263726181285
2.076687572879113
2.0781687991041733
2.0783475197151797
2.083191180180246
2.0836496232711506
2.084306814864285
2.1012407536511666
2.1016863080366077
2.1038085298636195
2.1054211374371867
2.106212483512975
2.1201707438551334
2.120340298982227
2.1212689299391396
2.122761760734022
2.123195223359446
2.127056344721799
2.13670378390314
2.1485763489385294
2.642121701799129
2.6500706526122877
2.6586920223972896
2.66784507033221
2.677375238183854
2.687121240133487
2.6969214321472386
2.7066189339257005
2.7161320556511357
2.725211956208115
2.733789867893948
2.7417588849286574
2.7490262465029565
2.75552117728476
2.7611694329481358
2.765924072743064
2.7697467981740416
2.77261165491182
2.7745048843829148
2.7753829000871617
2.7754249366368966
-2.6689200454026736
-2.6596210011888686
-2.6501160413350497
-2.6405268994661193
-2.6309861285314198
-2.6216366653393317
-2.612630889884048
-2.6041300298293253
-2.596258809411612
-2.5892266541310236
-2.583183242982341
-2.581951501801245
-2.579050465111875
-2.577025122739693
-2.574672719419032
-2.5740040014184933
-2.5721483066230335
-2.5714330618584618
-2.570413367918195
-2.5699529457215324
-2.5696407508813195
-1.964183627029049
-1.9639490449575423
-1.9632343793745888
-1.9629071723456892
-1.9610542600098568
-1.9602071331570996
-1.9596857926126903
-1.9586683818835606
-1.9519252245258605
-1.9519037330997886
-1.9498686764891087
-1.9493759851302008
-1.9485668040265192
-1.9339159192148718
-1.933540894228103
-1.9327041168764334
-1.9277107868311243
-1.919299219593834
-1.9088948540024733
-1.8975701641965377
-1.8861020198963157
-1.431349970164464
-1.4280652982277904
-1.4237883683960753
-1.4188502628259505
-1.4137158790913869
-1.4078122386567005
-1.4024984053220733
-1.3975130578622341
-1.3793542205490374
-1.3763848343278278
-1.3745654248506975
-1.3727801609265136
-1.372081893076595
-1.366959816832844
-1.3635943427046868
-1.3598981539075157
-1.3550767298053366
-1.3508740777880617
-1.3452754786804377
-1.3389437689829056
-1.3319377654020135
-0.914204640048111
-0.910704290880029
-0.908736396513028
-0.9067349780140684
-0.904759351814694
-0.9026001554745238
-0.9004301754664092
-0.8984200621001119
-0.8823775577947781
-0.8773849942698035
-0.87524828845319
-0.873727417936698
-0.8733254166980365
-0.8531621877013058
-0.8521241551472986
-0.8494862799299683
-0.8444542621720141
-0.8412795819623758
-0.8385789529509307
-0.8364974645102655
-0.834845195366482
-0.5995970180604772
-0.5983869413386463
-0.5973526694984704
-0.5936359208595886
-0.5931305118755252
-0.5760512113308327
-0.5749006258648801
-0.5717419159120343
-0.53047328278927
-0.5259930611924106
-0.5225713204015406
-0.515839961714088
-0.5132164013741258
-0.4908518977222791
-0.4876519928489373
-0.4841176900894865
-0.46776376754343496
-0.4659927828461483
-0.45635444916390194
-0.4545295038785453
-0.4528961913819038
-0.35515450523918884
-0.35424723612215975
-0.3535206977127889
-0.3517189401332443
-0.35157263752011153
-0.3234266856617826
-0.32310471429611776
-0.322386002271551
-0.319609764017107
-0.3182374717270593
-0.31405726548049656
-0.3121121545338776
-0.3112935897053522
1.5408362050892228
1.550180330614393
1.5578495109074488
1.5640627585877969
1.5685584407596538
1.5727702189102428
1.5755270580526612
1.578252012905709
1.5984236215316405
1.5996722165584116
1.6015928763151996
1.603559143429617
1.6049091168079752
1.6371218834350956
1.6483553538926874
1.6600583178912065
1.672718380838046
1.6824095582069472
1.6963124833628924
1.704305112364312
1.7107765376380593
1.7252636199127531
1.729860338229759
1.7336445919204995
1.741551566428
1.7442548176175905
1.7530019718428496
1.7567652913497118
1.761388881859186
1.7701562397399493
1.7746298530334472
1.7808092077836681
1.7866545195539827
1.7927333222644621
2.075695941049173
2.076259568584897
2.0766926382635646
2.0781571421875724
2.078357671133761
2.083188700979218
2.083652997233877
2.0843057491811194
2.1012410514085857
2.1016858990788028
2.1038087596662414
2.1054209245665287
2.106212578978432
2.120170752716956
2.1203402850532775
2.121268937929263
2.122761753375366
2.123195227712243
2.1270563447081727
2.1367037839031435
2.148576348938524
2.6421217017991228
2.6500706526122957
2.658692022397284
2.6678450703322163
2.677375238183853
2.687121240133484
2.6969214321472337
2.7066189339256947
2.7161320556511326
2.725211956208109
2.733789867893944
2.7417588849286587
2.749026246502962
2.755521177284758
2.761169432948137
2.7659240727430587
2.7697467981740433
2.7726116549118225
2.774504884382917
2.7753829000871577
2.7754249366369033
-2.666620837849783
-2.657259496624998
-2.647721653503986
-2.638131760292777
-2.628625028040805
-2.619346857698822
-2.610451823206518
-2.6021038076178797
-2.5944179068686855
-2.587615307962274
-2.5829279591222267
-2.581859743041397
-2.5793755957137594
-2.5765182961657263
-2.5753905004322037
-2.5732434907515356
-2.572714062713844
-2.5709505788516203
-2.5707625128041705
-2.569767947403875
-2.5697363303062226
-1.9641039668961737
-1.9640635970816633
-1.963216623759041
-1.9627585505383776
-1.9609964109525218
-1.9600565484647472
-1.9591945279132381
-1.9589214023371184
-1.9522513412105544
-1.9513322956047452
-1.9503182193145818
-1.948915701541262
-1.9487526428171507
-1.9338517654679397
-1.9336773769123008
-1.9318671434837231
-1.9258786068316547
-1.9168340635265908
-1.9061175466799996
-1.894688144224259
-1.883297408939552
-1.43196223985391
-1.428996909416031
-1.4249272982058911
-1.420093770641032
-1.4150169717167196
-1.4091643455975122
-1.4038054579514094
-1.3987152067398143
-1.3802990611253776
-1.3770034838422947
-1.3748980476160877
-1.3729443335768026
-1.3722424056488807
-1.367713666924301
-1.3644714894905157
-1.3608456213883993
-1.3559680009646544
-1.3520299975214678
-1.346717107620959
-1.3406018024417323
-1.3337362684956866
-0.9154747052394494
-0.9113795901411653
-0.9091475302008503
-0.9072019725362194
-0.9052638232704582
-0.9030219337879646
-0.9009961054167283
-0.8988415666460048
-0.8838854981673135
-0.8784112833954262
-0.8753956131719
-0.8737567466764696
-0.8735049583187401
-0.8531691871038929
-0.852537988664493
-0.8502464223194414
-0.8453250745587884
-0.8420058659858775
-0.8391117495361269
-0.8369720774972468
-0.8352124356037037
-0.5995609779900748
-0.5986598887168756
-0.5972478786775132
-0.5940420929096918
-0.592897492071895
-0.5763333316291591
-0.5744718037050044
-0.5726859329396393
-0.5312984568380802
-0.5274266910636584
-0.5215481677513054
-0.517410356919622
-0.5127675173311735
-0.49136751158244857
-0.4865275690296493
-0.48506678985261964
-0.4675100922079511
-0.46634885501128037
-0.45623376809836086
-0.45438103625777176
-0.45281873534495576
-0.3552261298525457
-0.3544125116474662
-0.3534663656808933
-0.3518054732387436
-0.3514817635681863
-0.323625680484211
-0.32315686410695094
-0.3223667275370543
-0.3195696246346291
-0.3188530213021288
-0.3145984321670392
-0.312511023262714
-0.3113793867802026
1.5382397296025332
1.5480008224735462
1.5560910185778059
1.562707795005862
1.5675611911402108
1.5720271557453724
1.5748652405145251
1.57755021789139
1.5980978036573106
1.5994054571071468
1.6013890938399795
1.6033368923917817
1.6046478035161091
1.6344843931675128
1.6454763113747797
1.6571685175589423
1.6700943448096028
1.6801299329269437
1.6940838938703502
1.7025689668805963
1.7093649973701543
1.725274109794474
1.7295788177223885
1.733339864214242
1.74109189008798
1.743926183261249
1.752326131037429
1.7559488757621393
1.7605181774197696
1.7691868658650336
1.7734348460865463
1.7794440884743499
1.7851716033065836
1.7912012806579962
2.075979458151851
2.076395920992629
2.0766202850372832
2.0780770410224254
2.0784891637191905
2.0830197932465273
2.083979765434459
2.0842231671925315
2.101439664840686
2.102067349433007
2.1033229103515234
2.10587602557267
2.105995256833302
2.1200498697566825
2.120728405378834
2.121159658764552
2.1228759295923947
2.1234752517966444
2.129098208038129
2.1395446657347574
2.1517005158858233
2.644038924780522
2.6521681494302314
2.660936296558721
2.670198495208053
2.6797978565685083
2.6895724504164735
2.699361400718169
2.709009636248387
2.718442709123826
2.7274079159722904
2.7358430682249835
2.7436448254947767
2.750723875963342
2.7570144477965295
2.762443580284278
2.766968341632655
2.770553556961751
2.773176323226626
2.7748259210803092
2.7752246506146623
2.7755039004859343
-2.666620837849786
-2.657259496624999
-2.647721653503991
-2.638131760292778
-2.6286250280408083
-2.619346857698817
-2.610451823206523
-2.602103807617882
-2.594417906868686
-2.5876153079622712
-2.5829279591222254
-2.5818597430413934
-2.5793755957137625
-2.576518296165732
-2.575390500432199
-2.5732434907515374
-2.5727140627138474
-2.570950578851618
-2.570762512804173
-2.5697679474038733
-2.5697363303062235
-1.9641039669351108
-1.9640635970368299
-1.9632166237841915
-1.962758550511354
-1.9609964109895461
-1.9600565483864556
-1.9591945280526
-1.9589214022463608
-1.9522513412187303
-1.951332295586416
-1.9503182193308695
-1.948915701516772
-1.9487526428359396
-1.9338517654679113
-1.9336773769123308
-1.9318671434837211
-1.9258786068316538
-1.9168340635265917
-1.9061175466800004
-1.8946881442242587
-1.8832974089395518
-1.4319622398535548
-1.4289969094186346
-1.424927298193763
-1.420093770687432
-1.4150169715820442
-1.4091643459679009
-1.403805457196517
-1.3987152075611975
-1.3802989006464539
-1.3770056301626374
-1.374889674780288
-1.3729676476119592
-1.372224414314473
-1.367715272367383
-1.364470789840417
-1.3608458042821792
-1.355967970658526
-1.3520300035110346
-1.346717107187339
-1.3406018024604298
-1.3337362684953158
-0.9154747054979452
-0.9113795704158886
-0.9091476960694487
-0.9072014256330581
-0.9052647371133589
-0.903020952619766
-0.9009967325945608
-0.8988414068004121
-0.8838854582159046
-0.8784118459527419
-0.8753923868852924
-0.8737713782128625
-0.873493020673885
-0.8531702157796633
-0.8525366820271285
-0.8502467176549413
-0.8453251399073278
-0.8420056926669658
-0.8391119286151661
-0.836971976567119
-0.835212458334825
-0.5994695470783649
-0.5988681485355558
-0.5970424898728893
-0.5942650967503743
-0.5927588841595768
-0.5764082636189322
-0.5743354838536165
-0.5727517813857075
-0.5312969171798969
-0.5273978711864425
-0.5217128649640104
-0.5171369820651259
-0.5129266255620346
-0.49104765843033904
-0.4874523357009469
-0.484400983589521
-0.4679245868162079
-0.46592698114144815
-0.45643796840450607
-0.4541189384889461
-0.452924537234846
-0.355200178590349
-0.3544891974317754
-0.35337832450887313
-0.3519072039679984
-0.35141732684086724
-0.3236613528858793
-0.32307823198283925
-0.32241697253725465
-0.31954907941080507
-0.31886665331124125
-0.31459792035466577
-0.3125112296800956
-0.3113793326695643
1.5382397296024772
1.5480008224810438
1.5560910182416143
1.562707802326566
1.5675611333655193
1.5720274580295506
1.5748646898371406
1.5775505607354952
1.598068405122866
1.5994885042477904
1.6012853617754501
1.603419231950254
1.6046154813511413
1.6344844800923164
1.645476139305023
1.6571687948708105
1.6700937773688025
1.6801308812179938
1.6940811966373484
1.702575574286012
1.709357502867211
1.7253159257605208
1.7294736459503994
1.7334341066078387
1.741024698113122
1.7439678426533887
1.7523290632508068
1.7559390621544917
1.7605236704656642
1.769185253144344
1.7734356434369714
1.7794439564102835
1.785171619639503
1.791201279812818
2.0759874623013914
2.076358150583786
2.0766567368755893
2.0780552402085517
2.0785049311493387
2.0830149943931646
2.083995795188263
2.0842112785643616
2.1014417175604065
2.1020635118505626
2.1033254020154253
2.1058690939574785
2.106001489232638
2.1200496122867913
2.1207292430003286
2.121159008747075
2.1228760441841636
2.1234752049968417
2.1290982080592165
2.139544665734749
2.1517005158858264
2.644038924780517
2.6521681494302363
2.6609362965587255
2.670198495208042
2.6797978565685145
2.6895724504164815
2.699361400718169
2.7090096362483864
2.718442709123826
2.7274079159723
2.7358430682249812
2.743644825494772
2.7507238759633363
2.7570144477965313
2.762443580284282
2.7669683416326616
2.7705535569617443
2.7731763232266227
2.7748259210803123
2.77522465061466
2.775503900485939
-2.666620837849784
-2.657259496624995
-2.6477216535039885
-2.638131760292781
-2.6286250280408
-2.6193468576988232
-2.6104518232065166
-2.6021038076178815
-2.5944179068686855
-2.5876153079622757
-2.5829279591222285
-2.5818597430413943
-2.5793755957137585
-2.5765182961657254
-2.5753905004322006
-2.5732434907515356
-2.5727140627138474
-2.57095057885162
-2.5707625128041767
-2.5697679474038733
-2.5697363303062253
-1.964103966689401
-1.9640635973196108
-1.9632166236272348
-1.9627585506790584
-1.9609964107646323
-1.9600565488568078
-1.9591945272236881
-1.9589214027844875
-1.952251341173631
-1.951332295686591
-1.9503182192427433
-1.9489157016474687
-1.948752642735818
-1.9338517654680432
-1.9336773769121918
-1.9318671434837296
-1.9258786068316551
-1.916834063526591
-1.9061175466800004
-1.8946881442242591
-1.8832974089395518
-1.4319622398537561
-1.428996909417094
-1.4249272982013632
-1.420093770656343
-1.415016971678809
-1.4091643456795102
-1.4038054578292847
-1.3987152068223525
-1.3802990887907893
-1.3770029835638524
-1.3749003229300716
-1.3729368231936476
-1.3722485383014102
-1.367712978898581
-1.364471845481197
-1.3608455104123727
-1.3559680238968406
-1.3520299921556043
-1.3467171081053309
-1.3406018024148763
-1.3337362684963994
-0.9154747056338199
-0.911379566731817
-0.9091476987744347
-0.9072014992192043
-0.9052644681703648
-0.9030214473788685
-0.9009962710293979
-0.8988415770574378
-0.8838854021453835
-0.8784121177551467
-0.875391760619486
-0.873772204805158
-0.8734926058818395
-0.8531671074197448
-0.8525411097411701
-0.8502449875207666
-0.845325947054964
-0.842005004518075
-0.8391123637824346
-0.8369717901992907
-0.8352124927994503
-0.5995161759672768
-0.5987683359556711
-0.5971451946814765
-0.5941382450777136
-0.5928396898421948
-0.5763227527103392
-0.5745001573965854
-0.5726683812225168
-0.5314682794337997
-0.5267251919375531
-0.5228510805375455
-0.5156183562650362
-0.513856779116871
-0.4901516406070954
-0.4888019194737346
-0.483854501147338
-0.46819917638281716
-0.4656595471554858
-0.4565667794364914
-0.4539365192206876
-0.45301624244965094
-0.35521007332219046
-0.35446117528212484
-0.35341146924663386
-0.3518696548725562
-0.35143986545803807
-0.3236379597054541
-0.3231321313755714
-0.3223812777523493
-0.3195640599899954
-0.31885657584620963
-0.31459832135453214
-0.31251106281931507
-0.3113793771486539
1.5382397296023536
1.5480008224964181
1.5560910175273042
1.5627078183622665
1.5675610038673686
1.5720281508743796
1.5748634102752006
1.5775513679905768
1.5980002202877293
1.5997375008893868
1.6009873140683573
1.6036456201087301
1.6045061530884788
1.6344847731802374
1.6454755041296751
1.6571699354843483
1.670091100804001
1.680135945020282
1.6940635563147501
1.702626412468296
1.7092911461439408
1.7262036957102525
1.7277797518095006
1.7352382299008857
1.7390355456717668
1.7454283569952056
1.7514438306438804
1.7565887050165576
1.7602999446878171
1.769216195378205
1.7734232596861277
1.779445550839432
1.7851714568845856
1.7912012869043183
2.0759856602162254
2.076365610182419
2.076649668631633
2.0780596009893153
2.07850185911894
2.0830158266118146
2.0839929864489704
2.084213377687614
2.1014415917891194
2.1020637313720223
2.1033252794202286
2.1058693150638423
2.1060012963923316
2.1200495977361133
2.1207292941107903
2.121158967248259
2.1228760527650095
2.1234752013090423
2.1290982080616567
2.1395446657347494
2.1517005158858256
2.6440389247805207
2.6521681494302327
2.6609362965587318
2.670198495208051
2.6797978565685185
2.689572450416474
2.6993614007181703
2.7090096362483935
2.7184427091238175
2.7274079159722895
2.73584306822498
2.7436448254947776
2.7507238759633386
2.7570144477965286
2.762443580284274
2.7669683416326625
2.7705535569617465
2.773176323226624
2.7748259210803123
2.775224650614663
2.775503900485938
-2.6666208378497824
-2.6572594966249947
-2.6477216535039916
-2.6381317602927847
-2.628625028040804
-2.6193468576988166
-2.61045182320652
-2.602103807617887
-2.594417906868686
-2.5876153079622695
-2.582927959122228
-2.5818597430413996
-2.579375595713756
-2.5765182961657205
-2.575390500432203
-2.573243490751538
-2.5727140627138443
-2.5709505788516167
-2.5707625128041767
-2.5697679474038706
-2.569736330306229
-1.964103966650463
-1.964063597364446
-1.9632166236020847
-1.9627585507060823
-1.9609964107276079
-1.9600565489350987
-1.9591945270843272
-1.958921402875246
-1.9522513411654552
-1.951332295704921
-1.9503182192264557
-1.948915701671958
-1.9487526427170279
-1.933851765468074
-1.9336773769121636
-1.9318671434837322
-1.9258786068316542
-1.9168340635265917
-1.9061175466800002
-1.8946881442242598
-1.8832974089395518
-1.431962239854112
-1.4289969094144914
-1.4249272982134904
-1.4200937706099428
-1.4150169718134848
-1.4091643453091214
-1.4038054585841755
-1.3987152060009693
-1.3802992492171553
-1.377000827555627
-1.3749086017224639
-1.3729120416189744
-1.3722680991620901
-1.3677113747205707
-1.3644725456162692
-1.3608453275645582
-1.3559680542039747
-1.3520299861661087
-1.3467171085389522
-1.3406018023961788
-1.3337362684967697
-0.9154747053753235
-0.911379586457233
-0.9091475329044706
-0.9072020460635861
-0.9052635542160831
-0.9030224284782761
-0.9009956440460889
-0.8988417369486842
-0.8838854420985568
-0.878411555349816
-0.8753949891312981
-0.8737576295782573
-0.8735044848382182
-0.8531660658049031
-0.8525424287074193
-0.8502446927919073
-0.8453258817422912
-0.8420051778423138
-0.8391121846871031
-0.8369718911102149
-0.8352124700662252
-0.5995928995532871
-0.5985565914881877
-0.5973632665539993
-0.5938883799077945
-0.5930106619430027
-0.5762371286977782
-0.574638742675167
-0.5726109653714702
-0.5314699822026535
-0.5267691367288129
-0.5227205470698982
-0.5160009915049725
-0.5135392510520848
-0.49077944910372157
-0.4878660492754152
-0.4842238528236591
-0.46790248594959943
-0.46596396214292135
-0.45638277081414214
-0.4542031400137131
-0.452884691055035
-0.35523485625083595
-0.3543821232797536
-0.35350168160443823
-0.35175270519980956
-0.35152088449465085
-0.32359536666909444
-0.3232130376073704
-0.3223356122356032
-0.3195841778173962
-0.31884343813244415
-0.31459883327273536
-0.3125108564313716
-0.31137943126868883
1.5382397296024117
1.548000822488922
1.5560910178634957
1.5627078110414463
1.5675610616361582
1.572027848418586
1.5748639608867296
1.5775510253880975
1.5980247329176431
1.599636751899747
1.6011042364171264
1.603560556574278
1.6045505967001674
1.6344846862506883
1.645475676189123
1.6571696581460726
1.6700916679877418
1.6801349964385237
1.694066239602709
1.7026197356098642
1.7092986916781596
1.7261016624559662
1.7279146255477698
1.7351477177905312
1.7391070882002997
1.745408333304297
1.751443251799343
1.756597892923112
1.7602935668912432
1.7692178035995958
1.7734224558001808
1.7794456827637342
1.7851714405493309
1.7912012877494863
2.0759778077706934
2.0764054692462097
2.076611007787774
2.0780816695613384
2.07848579268741
2.083020636003882
2.083977202284843
2.0842250100772732
2.101439540298216
2.1020675681882586
2.1033227873319995
2.105876269288237
2.105995041345516
2.1200498551859495
2.12072845637295
2.1211596174011893
2.122875938173185
2.1234752481098664
2.12909820804057
2.139544665734755
2.151700515885824
2.644038924780517
2.6521681494302407
2.6609362965587295
2.6701984952080475
2.6797978565685137
2.689572450416475
2.6993614007181685
2.709009636248388
2.718442709123824
2.727407915972297
2.7358430682249817
2.74364482549478
2.7507238759633386
2.7570144477965277
2.7624435802842835
2.7669683416326576
2.7705535569617474
2.7731763232266173
2.774825921080313
2.7752246506146556
2.775503900485929
-2.664303446500938
-2.6548869075501864
-2.645323959688175
-2.6357417685321254
-2.6262781682119933
-2.617080955417119
-2.6083068652035983
-2.6001231929105835
-2.592630574961766
-2.5860682606087817
-2.583930049533641
-2.58064066649582
-2.5801286861321477
-2.5761117252125385
-2.575685872134379
-2.5733265507637038
-2.572550691806826
-2.5711697195308942
-2.570543455647427
-2.5698982021675696
-2.5696550938750993
-1.9641981388989485
-1.963865588690752
-1.9634877911947894
-1.9622426460136362
-1.9614501253205403
-1.9593587991143204
-1.9593076788418147
-1.9588062927528798
-1.9523904253926838
-1.950788517342836
-1.9506170552560311
-1.9490516724656426
-1.9486239423872973
-1.933800150510854
-1.9336573246818196
-1.9307599358331657
-1.9238459671605348
-1.914267642733736
-1.903296388216698
-1.8918086190224321
-1.8805402262986002
-1.4324760393081732
-1.4298598018889697
-1.4260237945139302
-1.4213136427461575
-1.416308401449934
-1.4105190880719323
-1.405129164893055
-1.3999493594482704
-1.3813203928298563
-1.3777016151542065
-1.3752892895236422
-1.3730873389940754
-1.3724274008049175
-1.3684193557183222
-1.3653272177672278
-1.361772168728562
-1.3568073429950316
-1.3531131230935942
-1.3480938562870366
-1.342212904587625
-1.3355063539124998
-0.9169244385145003
-0.912173284192403
-0.9095942609623004
-0.9076571973093367
-0.9057623527844056
-0.9034000712483893
-0.9015452922389656
-0.8993294942264416
-0.885437350103054
-0.8796089525575174
-0.8757283081564986
-0.8738425548625548
-0.8736430253135898
-0.8531087711000461
-0.8528338375843821
-0.8509308202299906
-0.8461953552866461
-0.8427811977159595
-0.839666371396685
-0.8374655650569762
-0.8356130523637354
-0.5995389449014402
-0.5988425687589695
-0.5972677509703059
-0.5940658371432168
-0.5929249104121637
-0.5763550906248651
-0.5744146522061109
-0.5731781041405475
-0.5322223675553164
-0.5281346242366828
-0.5219590898353098
-0.5174309585584383
-0.5130465311257503
-0.4913736679081218
-0.48656959706080233
-0.48519178368430704
-0.4674484018212207
-0.4665120199313232
-0.456094104148192
-0.45418026053746124
-0.45280727790410047
-0.35524494086997815
-0.3546102579333974
-0.35343629060473125
-0.3518681809552796
-0.3514093160794181
-0.3238620007131348
-0.32316406773656947
-0.3223294625847892
-0.3196045207170104
-0.31925996656473965
-0.3150963841634799
-0.31297550206658553
-0.3115428952061853
1.53553933698119
1.5457168453661496
1.5542266555746802
1.5612513916878386
1.5664839996399307
1.5712384213112438
1.5741950696859668
1.5768677208404973
1.5976783846009808
1.5993804560867446
1.600872227533915
1.603413193392184
1.604308850442162
1.6319430374463137
1.6426356423562014
1.654260648160207
1.6674135705885564
1.677752949757754
1.6917240948663474
1.7007278272415773
1.7078270342262896
1.7260384248726035
1.727738607705811
1.7348246752678833
1.738623879238664
1.7451126724933452
1.7506929314187236
1.7559351340062275
1.7594460415935913
1.7683056138598636
1.7722854947348001
1.7781249674733721
1.78371286992656
1.7896745423146352
2.0761331873474576
2.0765992875834267
2.076692815794299
2.077886477017819
2.0786709106092975
2.083028344904506
2.083838000666362
2.0844456928500175
2.1014337736360336
2.102470020852933
2.1032620274299205
2.1054430997005054
2.1063755784310474
2.1199977194196458
2.1209798963043327
2.1211130324709857
2.1229708152034275
2.124114269000186
2.1314351233327797
2.142483517244357
2.154860797603936
2.6460040645568355
2.654305672824378
2.6632115075101863
2.672573016784949
2.682231420863403
2.692024528648874
2.701792529979128
2.71138235678196
2.7207275149022845
2.7295706774057287
2.7378566124005044
2.7454855325747087
2.752371511648076
2.7584541202491764
2.763661142812437
2.767953827987273
2.771300103991894
2.7736801088194767
2.7750082876276236
2.7750861694671918
2.7755229686645015
-2.6643034465009374
-2.654886907550178
-2.6453239596881746
-2.635741768532128
-2.626278168211994
-2.6170809554171233
-2.608306865203597
-2.600123192910581
-2.592630574961763
-2.586068260608784
-2.583930049533643
-2.5806406664958232
-2.5801286861321477
-2.576111725212536
-2.5756858721343767
-2.5733265507636944
-2.572550691806829
-2.5711697195308907
-2.5705434556474325
-2.5698982021675705
-2.569655093875098
-1.9641981388973533
-1.9638655886968486
-1.9634877911876987
-1.962242646022882
-1.9614501253093484
-1.9593587995446131
-1.959307678383887
-1.9588062927851897
-1.9523904253911086
-1.9507885173657578
-1.9506170552329434
-1.9490516724687406
-1.9486239423857796
-1.933800150510854
-1.933657324681817
-1.930759935833165
-1.9238459671605332
-1.9142676427337353
-1.9032963882166982
-1.8918086190224297
-1.8805402262985977
-1.4324760393078366
-1.4298598018911441
-1.4260237945046546
-1.4213136427804949
-1.4163084013503195
-1.4105190883468695
-1.4051291643231332
-1.3999493600914694
-1.3813202681934853
-1.3777034148030358
-1.3752809506339858
-1.3731195999650316
-1.3723994307305392
-1.368422952500922
-1.3653256339247892
-1.3617725861717789
-1.3568072690177817
-1.3531131408522687
-1.3480938547528223
-1.342212904663916
-1.335506353910748
-0.9169244384632546
-0.9121732845361608
-0.9095942859073896
-0.9076570277131542
-0.9057627730947212
-0.9033993685734591
-0.9015459073213515
-0.8993292991918819
-0.8854373698333522
-0.8796089935835474
-0.875727536192208
-0.8738491015352385
-0.873637187600341
-0.8531110494951482
-0.8528312952249157
-0.8509310501597303
-0.846195513810338
-0.8427809698165669
-0.8396665631358716
-0.8374654647429084
-0.8356130732728422
-0.59937442409415
-0.5991170855659279
-0.5970671991431831
-0.5942960648917168
-0.5927807511590037
-0.5764423203974186
-0.5741979526475478
-0.5733123981820223
-0.5322158560276155
-0.5281264577398909
-0.5220663545757374
-0.5172175906278766
-0.5131850615838147
-0.4910701340535011
-0.48747958599895364
-0.48452860139947757
-0.4678968825724379
-0.4660577991292911
-0.45628850359264117
-0.45390038811135336
-0.45293713206823766
-0.35520773857177
-0.3546902594375301
-0.3533542083376759
-0.3519570239218506
-0.3513597414838447
-0.3238869395630195
-0.32309366440704945
-0.32238566478786745
-0.319540769345867
-0.3193135495953266
-0.31509563597947066
-0.3129757399005448
-0.3115428507663351
1.5355393369812567
1.545716845357454
1.5542266559974636
1.5612513815426043
1.566484091023751
1.5712378689261697
1.5741961794713133
1.5768669783084852
1.597754839461686
1.5991278574574785
1.6011997626103502
1.6031325563526078
1.6044383176700294
1.6319426132565393
1.6426364186752174
1.6542594747116233
1.6674159393499084
1.6777487804122087
1.6917365776676936
1.7006944097691674
1.7078696184292823
1.72527323333599
1.7293105116891838
1.7330469949618974
1.7406140561096426
1.7435693273948647
1.7517070240147201
1.7551822353123434
1.7597140377180058
1.768266988498566
1.7723018413143747
1.7781228393016335
1.7837130864647244
1.7896745331445547
2.0761346412434496
2.076582883642916
2.0767091751526014
2.0778839413587034
2.078672117691543
2.0830278083638514
2.0838388115560926
2.084445337487102
2.101433783349877
2.1024700105735765
2.1032620206216146
2.1054431184270186
2.10637556725048
2.11999772962127
2.1209797787937417
2.121113143113626
2.122970811113127
2.1241142698619786
2.13143512333241
2.1424835172443553
2.154860797603933
2.646004064556838
2.65430567282438
2.663211507510186
2.672573016784949
2.6822314208634044
2.6920245286488744
2.70179252997913
2.7113823567819604
2.720727514902284
2.729570677405728
2.737856612400503
2.7454855325747083
2.752371511648076
2.7584541202491786
2.763661142812438
2.7679538279872724
2.7713001039918934
2.773680108819477
2.775008287627623
2.775086169467193
2.775522968664501
-2.664303446500937
-2.6548869075501824
-2.645323959688173
-2.635741768532125
-2.6262781682119933
-2.617080955417123
-2.608306865203599
-2.6001231929105875
-2.592630574961762
-2.586068260608783
-2.5839300495336386
-2.5806406664958192
-2.5801286861321486
-2.5761117252125403
-2.5756858721343945
-2.5733265507636953
-2.572550691806829
-2.5711697195309045
-2.5705434556474263
-2.5698982021675696
-2.5696550938750997
-1.964198138882051
-1.963865588755933
-1.9634877911184885
-1.9622426461155562
-1.9614501251952903
-1.959358804133548
-1.9593076734947714
-1.9588062931339816
-1.9523904253714133
-1.9507885176638902
-1.9506170549314577
-1.9490516725107716
-1.9486239423649911
-1.933800150510905
-1.9336573246817603
-1.9307599358331646
-1.9238459671605297
-1.914267642733734
-1.9032963882166922
-1.8918086190224341
-1.8805402262985975
-1.4324760393072107
-1.429859801894987
-1.4260237944891414
-1.4213136428342381
-1.4163084012049583
-1.4105190887171835
-1.4051291636104648
-1.3999493608402946
-1.3813201566676188
-1.3777049371682561
-1.3752740726641737
-1.3731436376083372
-1.3723790789877588
-1.36842560023538
-1.3653245272936854
-1.3617728614422995
-1.3568072242878382
-1.353113150888353
-1.348093853966295
-1.3422129046984548
-1.3355063539100722
-0.9169244385946241
-0.9121732714100315
-0.9095944334575954
-0.9076565088807809
-0.9057636123518289
-0.9033984513393194
-0.9015464971027142
-0.8993291727031318
-0.8854373444558876
-0.8796091550863323
-0.8757268784877753
-0.873852057309857
-0.8736347586712614
-0.8531002595079651
-0.8528443049237199
-0.8509283493765999
-0.8461963622241667
-0.8427803807685355
-0.8396668890720372
-0.8374653311777187
-0.8356130963024953
-0.5994678758774553
-0.5989753881033201
-0.597164277959987
-0.5941701371374496
-0.5928614568832664
-0.5763463409102698
-0.5744482393416533
-0.5731536707314837
-0.5323596394448771
-0.5275994318497508
-0.5230049227826788
-0.5158177527355965
-0.5140758288315946
-0.49017189887515594
-0.4888485184669426
-0.4839672098095039
-0.46818844460503756
-0.46577455836487114
-0.45641714695400115
-0.4536691408559717
-0.4530766630419654
-0.3552211412723864
-0.35466268676773655
-0.3533829689669473
-0.351925674648947
-0.351376507487344
-0.32387147783066345
-0.3231393944109909
-0.3223482705946293
-0.31958637358738
-0.3192746643956685
-0.3150961798619531
-0.31297556145788724
-0.3115428848146025
1.5355393369812214
1.5457168453617904
1.5542266557943867
1.5612513862593895
1.5664840495914134
1.571238113508808
1.5741956953067544
1.5768672978608322
1.5977237669898532
1.599218723094516
1.6010788754798084
1.603235586952966
1.6043962994822247
1.6319427419214778
1.642636203066933
1.654259767478369
1.6674154252196927
1.6777495769405382
1.6917346364837287
1.700698805329036
1.7078648144301414
1.725308721636311
1.7292197494189396
1.7331284801557056
1.7405598462637584
1.7435994669889885
1.751716628997376
1.75516581226624
1.7597218889720436
1.7682647352159355
1.7723029871669536
1.7781226506227243
1.7837131094585101
1.7896745319954221
2.076143855238566
2.0765222178300964
2.0767696267422644
2.077867705194815
2.078679942087649
2.083023538171871
2.083845580904018
2.0844422458167107
2.101434808006576
2.1024664827280968
2.1032651875058677
2.1054419545707694
2.106376073291491
2.1199976379711494
2.120980781817252
2.1211122054145193
2.1229708422643645
2.1241142636645525
2.131435123334357
2.142483517244356
2.154860797603935
2.6460040645568355
2.654305672824379
2.6632115075101845
2.6725730167849493
2.6822314208634026
2.6920245286488735
2.7017925299791306
2.711382356781961
2.7207275149022823
2.7295706774057287
2.7378566124005053
2.7454855325747105
2.752371511648077
2.7584541202491772
2.763661142812437
2.7679538279872706
2.7713001039918943
2.773680108819476
2.7750082876276236
2.775086169467193
2.7755229686645024
-2.664303446500938
-2.6548869075501838
-2.645323959688172
-2.6357417685321285
-2.6262781682119942
-2.61708095541712
-2.6083068652035997
-2.6001231929105875
-2.5926305749617593
-2.5860682606087853
-2.5839300495336417
-2.58064066649582
-2.580128686132149
-2.576111725212537
-2.5756858721343785
-2.5733265507637
-2.572550691806831
-2.5711697195309062
-2.570543455647428
-2.5698982021675696
-2.569655093875102
-1.964198138883643
-1.9638655887498326
-1.963487791125575
-1.9622426461063134
-1.96145012520648
-1.959358803703336
-1.959307673952613
-1.9588062931016734
-1.952390425372993
-1.9507885176409678
-1.9506170549545414
-1.9490516725076767
-1.9486239423665066
-1.933800150510906
-1.9336573246817614
-1.9307599358331646
-1.9238459671605412
-1.9142676427337337
-1.9032963882166893
-1.8918086190224273
-1.8805402262985975
-1.4324760393075497
-1.4298598018928155
-1.426023794498415
-1.4213136427999047
-1.4163084013045644
-1.4105190884422485
-1.4051291641803896
-1.3999493601970963
-1.381320281326178
-1.377703141756027
-1.3752824759133828
-1.3731130524774382
-1.3724053097923532
-1.3684219996232374
-1.3653261098821774
-1.3617724438960428
-1.3568072982632038
-1.3531131331294997
-1.3480938555005084
-1.342212904622168
-1.3355063539118257
-0.9169244386458734
-0.9121732710662787
-0.9095944085207318
-0.9076566785800039
-0.9057631921368292
-0.903399154167004
-0.901545881704031
-0.8993293676946418
-0.885437324725381
-0.879609114069716
-0.8757276511818012
-0.87384566895762
-0.8736404373251051
-0.8530977579429303
-0.8528470692442851
-0.8509281206739832
-0.8461962037296694
-0.8427806086512097
-0.8396666973176198
-0.8374654314775419
-0.8356130753921253
-0.5995809829246226
-0.598737998243492
-0.597373583862518
-0.5939118430360608
-0.593039208427943
-0.5762443673652349
-0.5746423709964229
-0.5730566951070125
-0.5323656361303406
-0.5276133393069483
-0.522922034627299
-0.5161366355290495
-0.513802426444162
-0.49077939770330886
-0.48794161528552615
-0.48432375075686634
-0.4678894067500641
-0.4660795964414518
-0.4562421450661894
-0.45398412984310477
-0.45289137961803866
-0.3552558467425345
-0.3545831969576521
-0.35346564041260103
-0.35183205142829665
-0.35143225829237945
-0.32384439523838826
-0.3232074138526587
-0.322296453950555
-0.319638736222097
-0.3192326118361779
-0.3150969283239803
-0.31297532367726705
-0.3115429292597086
1.5355393369811552
1.545716845370487
1.554226655371605
1.5612513964046675
1.5664839582105627
1.5712386660071158
1.574194585608311
1.5768680401914494
1.597652522697581
1.5994943022959665
1.6007362944078105
1.6035271712109609
1.6042427398903294
1.6319431661199844
1.642635426758454
1.6542609409453863
1.6674130566356495
1.6777537464483934
1.691722159869906
1.7007322496137611
1.7078222093428168
1.7261254272825686
1.7276220929179837
1.7349047593750742
1.7385622009170878
1.7451261181904478
1.7506990017720645
1.7559204103028154
1.7594554987373185
1.7683033661985725
1.772286653456835
1.778124779069314
1.7837128929248471
1.7896745411655146
2.0761422426597314
2.0765302494619466
2.076761748340253
2.077870257449129
2.0786787683789725
2.08302406854049
2.0838447701866385
2.084442607245749
2.1014347982630497
2.1024664930305375
2.10326519433038
2.1054419358536687
2.1063760844530357
2.1199976277734276
2.12098090098863
2.1211120931074174
2.1229708463544585
2.1241142628027387
2.131435123334726
2.1424835172443553
2.1548607976039333
2.6460040645568363
2.654305672824378
2.6632115075101854
2.672573016784948
2.682231420863404
2.692024528648874
2.7017925299791306
2.71138235678196
2.720727514902284
2.7295706774057265
2.7378566124005044
2.7454855325747096
2.752371511648075
2.758454120249179
2.7636611428124374
2.767953827987273
2.7713001039918934
2.773680108819478
2.7750082876276236
2.775086169467194
2.775522968664502
-2.6619695830750207
-2.652505114673929
-2.6429250107273483
-2.6333591396879914
-2.623947914775178
-2.614841456029474
-2.606198682744949
-2.598191937225438
-2.590899306617349
-2.5849508742789045
-2.5845891693919083
-2.58101100829401
-2.5796004746129975
-2.5767607956820253
-2.5748247651787266
-2.5739813656648876
-2.57192925672062
-2.5716325370173756
-2.5702111510016907
-2.57012452607717
-2.569613157661031
-1.964225482703558
-1.9637430054297285
-1.9635819798117036
-1.9619354197051322
-1.9616526219142687
-1.959771352003874
-1.9586188339493722
-1.9586163383407231
-1.9522778419006797
-1.9511002564493187
-1.9499740010799786
-1.9494329543394333
-1.94850901352262
-1.9338881595199393
-1.933289208657243
-1.9293840655775265
-1.9216439966201015
-1.911616555715273
-1.90044338310251
-1.8889428337402265
-1.8778416687986976
-1.4328842476808503
-1.4306466490632581
-1.427071818711421
-1.4225052003436724
-1.417587251644789
-1.4118730862755269
-1.4064658560761727
-1.4012116823561898
-1.3824111048215995
-1.3784858601371686
-1.3757291253916593
-1.3733102803638118
-1.3725614692254962
-1.3690831247424078
-1.3661515475991295
-1.3626804587866614
-1.3576009449701951
-1.3541270400899896
-1.3494027964015796
-1.3437721251370445
-1.337243701286569
-0.9185528881526928
-0.9131084805824804
-0.9100942671650436
-0.9081042738508208
-0.9062538810369437
-0.9037368413441309
-0.9020637439686582
-0.8998648738046333
-0.8870074070036017
-0.8809418274134659
-0.8763096777355797
-0.8740272507622808
-0.8737020917202957
-0.8531077886682302
-0.8529125160801664
-0.8515125032133951
-0.8470372400862527
-0.8436003339989528
-0.8402452816980831
-0.8379769058588744
-0.8360422113871138
-0.5995973392597594
-0.5988734537721591
-0.5973681378090085
-0.5939132111999713
-0.5930617001173057
-0.5762298998537282
-0.5748056343890424
-0.5731120617702675
-0.5328687831114144
-0.5290136186398853
-0.5223916583593474
-0.5173962606283861
-0.5133315248553181
-0.49137796388715993
-0.4865872900370077
-0.4852675893456452
-0.4671657562993519
-0.4668498021960424
-0.455791893883621
-0.4541950102500985
-0.4527489409473225
-0.3552467090627534
-0.3547547757954325
-0.35351390507982017
-0.35184694914901765
-0.3513823844148261
-0.3240894528310787
-0.323106014994848
-0.3223984441026324
-0.31975546303137053
-0.31941021476013565
-0.31550679176531465
-0.31349077048731844
-0.31178698751782535
1.5327353934068848
1.5433286041921126
1.5522567230116702
1.5596911424650026
1.5653199059739644
1.570392004525571
1.5735098850316807
1.5761979797606325
1.5972869732984185
1.599229805593457
1.6004992123141952
1.6034334524835427
1.604025161953857
1.6295102900890075
1.6398493158693546
1.6513476672126761
1.664696083813321
1.675279120120513
1.6892695561821613
1.6987107689020422
1.7062474474783174
1.7260396623325267
1.727466513552658
1.7345750963990545
1.738083657741362
1.7447698261790747
1.7500289295415896
1.7553007752039202
1.7586724721424372
1.7674353247549726
1.7712114827257104
1.7768528600744078
1.7822838868762692
1.788157746926701
2.0761831837328897
2.0766571089548935
2.0769822949812764
2.0778907438227785
2.0786994587194445
2.0832191282967227
2.0835718156260423
2.0846305047632945
2.1016722788974507
2.1020624841769173
2.10389190288272
2.105107743225621
2.106495952185132
2.120076541559998
2.1207859138048617
2.121298215947407
2.1230623066457843
2.1252965392927052
2.1339881075837392
2.1454995499597604
2.1580475113400803
2.648015284328851
2.656481045622256
2.665515247817652
2.674966110268161
2.6846733914881815
2.6944750037839302
2.7042124763134243
2.7137349092935663
2.722984552465582
2.7316985421534294
2.739829024915743
2.747279743745611
2.7539680727913702
2.759839372477439
2.7648214981368433
2.7688801028523757
2.7719862004672953
2.774122962813353
2.7747344208655758
2.775285775745372
2.775482497386451
-2.6619695830750216
-2.652505114673932
-2.642925010727349
-2.6333591396879923
-2.623947914775181
-2.6148414560294677
-2.6061986827449513
-2.59819193722544
-2.5908993066173487
-2.5849508742789067
-2.584589169391909
-2.5810110082940096
-2.579600474612999
-2.576760795682022
-2.5748247651787244
-2.573981365664885
-2.5719292567206185
-2.5716325370173725
-2.5702111510016854
-2.570124526077162
-2.5696131576610335
-1.9642254827009316
-1.9637430054589007
-1.963581979779883
-1.9619354197656198
-1.9616526218482664
-1.9597713520397215
-1.9586188257738324
-1.9586163464916924
-1.9522778418948061
-1.9511002564648725
-1.949974001053607
-1.9494329543581408
-1.9485090135201222
-1.9338881595199426
-1.9332892086572413
-1.9293840655775258
-1.921643996620103
-1.911616555715273
-1.9004433831025107
-1.888942833740223
-1.8778416687986987
-1.4328842476820218
-1.4306466490572685
-1.4270718187319151
-1.4225052002802814
-1.4175872518034716
-1.4118730859020743
-1.4064658567534392
-1.4012116816710125
-1.3824111827913916
-1.3784847936218982
-1.3757345662328946
-1.3732843954849883
-1.37258579004273
-1.369078858925269
-1.3661532848820093
-1.362680049792325
-1.3576010096543347
-1.3541270236126957
-1.3494027978227696
-1.343772125072617
-1.337243701287826
-0.9185528880902055
-0.9131084884578142
-0.910094143972058
-0.9081047611690363
-0.9062530804425097
-0.9037378130017805
-0.9020630557569684
-0.8998650188100614
-0.8870074159886182
-0.8809417957819524
-0.8763096977345336
-0.8740275812380931
-0.8737017601876307
-0.8531078366444276
-0.8529127099227943
-0.8515121300211524
-0.8470375366458498
-0.8436000584914121
-0.840245471133232
-0.8379768121890566
-0.83604222985249
-0.5994424030053818
-0.5991432225043807
-0.5971672245413119
-0.5941801059110581
-0.5928761381740183
-0.576351527191645
-0.5745891408319673
-0.5732120612777427
-0.5328573731478112
-0.5290218667832141
-0.5224544705861895
-0.5172316390927136
-0.5134520879553536
-0.49109373126427924
-0.48747231010228675
-0.484613798724349
-0.4677948997393765
-0.466216155271481
-0.4560111925499344
-0.4538852561343602
-0.4528809259281483
-0.3551851176195957
-0.3548599242188826
-0.35343289315977233
-0.35193427012722267
-0.3513325012834749
-0.32410877678425104
-0.3230191128807097
-0.3224808466250074
-0.31965760419295924
-0.31949414672281234
-0.31550562058727644
-0.3134911052977962
-0.31178694338746166
1.532735393406904
1.5433286041895995
1.5522567231338553
1.5596911394658575
1.565319935052331
1.5703918123040999
1.573510299815932
1.5761976886213138
1.5973140417409544
1.5991048777037495
1.6006527734236726
1.6032827272585508
1.6041202959707228
1.6295100900119641
1.639849601521473
1.6513473409902668
1.664696572206423
1.6752784246516603
1.6892710025832172
1.698707766298434
1.7062505847805887
1.7259640154962692
1.7275690608381309
1.7345024451248767
1.738138415105393
1.7447618071470818
1.750017678395705
1.7553210288544157
1.758659647603227
1.7674383390647037
1.7712098676562966
1.7768531245353734
1.782283854685204
1.7881577484908122
2.0761780421515077
2.0766906035424366
2.0769430711722388
2.0779088568200357
2.078691697678951
2.0832272218648056
2.0835628136514255
2.0846319356747505
2.1016702859009038
2.1020653034457997
2.1038901417857065
2.1051089448342273
2.1064956808481528
2.1200766004558242
2.1207857586667473
2.121298321218561
2.1230622979891463
2.1252965398149493
2.1339881075835168
2.1454995499597604
2.158047511340082
2.6480152843288502
2.6564810456222565
2.6655152478176527
2.6749661102681612
2.6846733914881797
2.6944750037839293
2.7042124763134248
2.7137349092935676
2.7229845524655842
2.7316985421534317
2.739829024915743
2.7472797437456107
2.7539680727913716
2.759839372477437
2.7648214981368424
2.7688801028523753
2.771986200467297
2.7741229628133537
2.774734420865576
2.7752857757453735
2.775482497386449
-2.661969583075019
-2.6525051146739367
-2.642925010727345
-2.633359139687994
-2.6239479147751785
-2.614841456029474
-2.606198682744948
-2.598191937225438
-2.590899306617349
-2.5849508742789014
-2.5845891693919025
-2.5810110082940105
-2.5796004746129975
-2.5767607956820235
-2.5748247651787204
-2.573981365664886
-2.571929256720615
-2.5716325370173783
-2.5702111510016863
-2.5701245260771683
-2.5696131576610326
-1.9642254826944265
-1.963743005531375
-1.963581979700741
-1.9619354199178716
-1.9616526216817916
-1.9597713521313598
-1.9586188044493409
-1.958616367753239
-1.9522778418789781
-1.951100256507129
-1.949974000981403
-1.9494329544095372
-1.9485090135132075
-1.933888159519947
-1.9332892086572357
-1.9293840655775287
-1.921643996620106
-1.911616555715275
-1.9004433831025083
-1.8889428337402259
-1.8778416687986987
-1.4328842476813728
-1.4306466490606724
-1.4270718187197118
-1.4225052003203356
-1.417587251696662
-1.4118730861725566
-1.4064658562276762
-1.4012116822402103
-1.382411099608017
-1.3784859954051232
-1.3757281859510802
-1.3733156150542074
-1.3725561568824758
-1.3690843730107594
-1.3661509377730983
-1.3626806334513875
-1.3576009093575645
-1.3541270507302114
-1.349402795275715
-1.3437721252014319
-1.33724370128494
-0.9185528880708131
-0.9131084877948942
-0.9100941821543175
-0.9081045291184473
-0.9062536036451634
-0.9037368859743944
-0.9020638942777044
-0.8998647702647486
-0.8870074424753703
-0.8809417409889764
-0.8763098710612377
-0.8740266747529051
-0.873702535388181
-0.8530843300231419
-0.85294015541992
-0.8515076335361944
-0.8470384353027848
-0.843599551287195
-0.8402457107501924
-0.8379767181060539
-0.8360422451390596
-0.5995255678580185
-0.5990121462071032
-0.597259657974429
-0.5940435308893189
-0.5929718687165471
-0.5762219935504763
-0.5748299088727233
-0.5730962848134048
-0.5330001608166977
-0.5285776182060397
-0.5232348343410247
-0.5158932659427949
-0.5143560347591806
-0.49021253150501387
-0.4888415363265121
-0.48403642859504314
-0.46812294665458465
-0.46589749573327016
-0.4561565269224514
-0.4536233849931503
-0.4530338070431696
-0.35520733704608176
-0.35482442841527406
-0.3534590280501841
-0.35190577432275955
-0.35134814668311737
-0.3240973153562565
-0.32307450486184064
-0.32242755814189816
-0.3197272801479933
-0.3194332172505083
-0.3155064304512509
-0.3134908664742444
-0.31178697568187247
1.5327353934069414
1.543328604184716
1.5522567233810896
1.5596911331831196
1.565319997653427
1.5703913879791298
1.5735112305810495
1.5761970259346185
1.5973925961609958
1.598836656848304
1.6010192253862892
1.6029433022966662
1.6042832391119293
1.6295094503812164
1.6398505957025893
1.6513460797504256
1.6646987451470305
1.6752749040050174
1.6892800094952642
1.69868566062224
1.706277816120369
1.725255868615837
1.729047987442193
1.7327619821710707
1.740120450385056
1.7431797576133823
1.7511455896489059
1.7544666439815773
1.7589727267589517
1.7673905665862395
1.7712312145253764
1.7768502811779856
1.7822841454232117
1.7881577364668606
2.0761786326515224
2.0766863479659015
2.07694789926995
2.077906939615541
2.0786924968343827
2.0832266166432674
2.0835634654379627
2.084631844105283
2.101670196157522
2.1020654379603068
2.10389003627071
2.1051090264388206
2.1064956598996503
2.1200766104462767
2.1207857315883776
2.12129833996892
2.123062296339014
2.125296539922814
2.133988107583457
2.1454995499597587
2.1580475113400803
2.6480152843288507
2.656481045622256
2.6655152478176523
2.674966110268161
2.6846733914881806
2.6944750037839302
2.7042124763134274
2.7137349092935676
2.7229845524655847
2.73169854215343
2.7398290249157444
2.74727974374561
2.75396807279137
2.7598393724774386
2.7648214981368424
2.7688801028523753
2.771986200467296
2.7741229628133532
2.7747344208655758
2.7752857757453735
2.77548249738645
-2.6619695830750176
-2.652505114673931
-2.6429250107273417
-2.633359139687994
-2.623947914775182
-2.614841456029474
-2.6061986827449517
-2.5981919372254394
-2.590899306617345
-2.5849508742789076
-2.58458916939191
-2.581011008294006
-2.579600474612997
-2.5767607956820258
-2.5748247651787293
-2.5739813656648844
-2.5719292567206193
-2.571632537017372
-2.570211151001688
-2.5701245260771692
-2.56961315766103
-1.964225482697056
-1.9637430055022003
-1.9635819797325602
-1.9619354198573822
-1.9616526217478052
-1.9597713520955151
-1.958618812766587
-1.9586163594605575
-1.9522778418848494
-1.951100256491571
-1.949974001007773
-1.9494329543908304
-1.9485090135157084
-1.9338881595199435
-1.933289208657237
-1.9293840655775243
-1.9216439966201007
-1.9116165557152733
-1.9004433831025083
-1.8889428337402265
-1.877841668798697
-1.4328842476802
-1.4306466490666667
-1.4270718186992188
-1.4225052003837235
-1.417587251537989
-1.411873086546011
-1.4064658555504086
-1.40121168292539
-1.382411021628682
-1.37848706011652
-1.3757227052965757
-1.37333977316828
-1.3725335902650637
-1.3690886496047525
-1.3661492036754188
-1.3626810426715386
-1.3576008446767216
-1.354127067207974
-1.3494027938545308
-1.3437721252658628
-1.3372437012836869
-0.9185528881332977
-0.9131084799195444
-0.9100943053373048
-0.9081040416648737
-0.90625440416042
-0.9037359139091963
-0.9020645830579683
-0.8998646253228322
-0.8870074334904575
-0.8809417726210579
-0.8763098510599437
-0.8740263425752138
-0.8737028686243672
-0.8530842987799625
-0.852939947118464
-0.8515080045311589
-0.8470381387288943
-0.843599826754717
-0.8402455213027342
-0.83797681176631
-0.8360422266729592
-0.599636944002468
-0.59877066821643
-0.5974711559064888
-0.5936987613986563
-0.5932399828027523
-0.5760593694911377
-0.5750691445265859
-0.5730145471994833
-0.5330104460588247
-0.5285715319588609
-0.5231872828796311
-0.5161726493415776
-0.5141046185267742
-0.49078082785511323
-0.48798448092875235
-0.48437861626504386
-0.46780577758800096
-0.4662193652028894
-0.4559677676987863
-0.4539636900004422
-0.452839902767091
-0.35526145109884283
-0.3547249263475813
-0.35354074744065817
-0.3518139798097696
-0.351403626913419
-0.3240770326131958
-0.3231522225106627
-0.32235503223991196
-0.31979960779024613
-0.3193750822709861
-0.3155076023450035
-0.31349053179130226
-0.3117870198168533
1.5327353934069214
1.5433286041872278
1.5522567232589046
1.559691136182247
1.5653199685736523
1.5703915801318862
1.573510815708753
1.5761973172304622
1.5973601330060805
1.598934412692134
1.6008806504226618
1.603068622112414
1.6042310911144493
1.6295096504410458
1.639850310041686
1.6513464059633454
1.6646982566236956
1.6752755993871469
1.689278560229359
1.6986886528468772
1.7062746875592933
1.725286767501833
1.7289681127287293
1.7328339885211668
1.7400755290845067
1.743201251534866
1.7511617757731086
1.7544434621808298
1.7589829883031474
1.7673875471754215
1.7712328055104996
1.7768500161864238
1.7822841776055622
1.788157734902725
2.0761838048692383
2.0766536980996078
2.0769863039934746
2.0778887934873977
2.078700234766439
2.0832185520358375
2.08357243895461
2.0846304126584076
2.1016721879214186
2.1020626198395926
2.103891797297181
2.105107824968427
2.1064959312534435
2.1200765515477253
2.120785886719888
2.1212982347070612
2.123062304995688
2.1252965394005674
2.1339881075836793
2.1454995499597596
2.1580475113400794
2.648015284328851
2.6564810456222556
2.6655152478176527
2.674966110268163
2.6846733914881806
2.69447500378393
2.704212476313426
2.713734909293567
2.722984552465581
2.7316985421534303
2.7398290249157453
2.7472797437456093
2.7539680727913707
2.7598393724774377
2.764821498136843
2.7688801028523744
2.771986200467296
2.774122962813353
2.7747344208655758
2.775285775745373
2.7754824973864496
