-2.7526358486437594
-2.7500539889237037
-2.7488782252694923
-2.74458076306884
-2.739531848101677
-2.727848817699986
-2.7262400672000306
-2.7223470948331046
-2.7209916110680776
-1.9468382692682233
-1.9400972314555032
-1.931292057715762
-1.923554139761979
-1.8495304491121487
-1.8210785574161856
-1.8029900442553477
-1.7937588898616972
-1.7748557839482106
-1.3535649652469077
-1.3400856047337055
-1.331388471244023
-1.3163843400917878
-1.0616807140970093
-1.0277185012288
-1.005667612961678
-0.9807151657196269
-0.9494188908023456
-0.7833650950961047
-0.7705052807858971
-0.7586933969843977
-0.7474312699695868
0.09069670714549893
0.10693364934303304
0.12080551591045888
0.1393062703898254
0.1867230642306961
0.26342360452202573
0.28037175925753227
0.2943039696864063
0.3062344046181652
1.3581123393828405
1.3679548435870859
1.378210780982496
1.3907748944988672
1.5786142542143926
1.604584265750646
1.6283307041502397
1.6667948179256047
1.7071182057233505
1.7664812907878462
1.7824266616294255
1.8047700203597472
1.8130595666249474
2.409012878935159
2.4115882435678953
2.419600418959628
2.424091483308397
2.4356197851525896
2.4522386928506723
2.4584130691996995
2.4612151646753038
2.4645551409803916
-2.7524239225533123
-2.7509609075187837
-2.747437840053655
-2.74562213021698
-2.7391126558533134
-2.7287036663433195
-2.724826061977911
-2.7233132831941282
-2.7207077970967286
-1.9472517571842782
-1.938078900141936
-1.9338863585229398
-1.9224949900745714
-1.8500497994988698
-1.8185934751779222
-1.8071341894301016
-1.7912414595933772
-1.7752645868626007
-1.3533227822965725
-1.3410171677528766
-1.3304416032513169
-1.316643020739654
-1.061614135543102
-1.0280365965224996
-1.0052031714229972
-0.9809790462419711
-0.9493660727544014
-0.7833607980441215
-0.7705261386261855
-0.7586682896194539
-0.7474403928831256
0.09131537707299989
0.10432750590157785
0.1258032745946004
0.13578408187675323
0.18748251769946778
0.26151668742354034
0.2864915026522438
0.28903856397315386
0.3070394346955496
1.357465887686267
1.3716993441003773
1.3742038255758466
1.3917055889547663
1.5772374740097668
1.6124105145128562
1.6195499157140674
1.670940952620504
1.7045241546542034
1.7713279430566498
1.7771835727350498
1.8072433570021982
1.811740114499447
2.4092978701730257
2.4110747208340144
2.4205830986228007
2.4231802975102004
2.4358454180268
2.4519851166589812
2.459057492889457
2.46067241392654
2.4646384491245765
-2.7523985966604294
-2.751024024091899
-2.747281613436471
-2.745763006588935
-2.7390798830856906
-2.728752480776617
-2.724686107514948
-2.7234307709569565
-2.7206917816962166
-1.9472235289358344
-1.9382855551404459
-1.933646535018888
-1.922560971299352
-1.8500216924980444
-1.818733022019088
-1.8069545879409754
-1.7913185373490477
-1.7752510937793353
-1.353249244589679
-1.341279176819451
-1.330162434163167
-1.316734408550022
-1.061554402202397
-1.0283513939393967
-1.0046843800822651
-0.981316648650767
-0.9492896561959913
-0.7834094808001607
-0.7704170204973794
-0.7587525005407978
-0.7474184610151494
0.09078991001382439
0.1064902545847303
0.12145280296658999
0.13895855086139394
0.18678722346730237
0.26337591587272347
0.28040831591279114
0.2943126719527675
0.30622329958883
1.3588837732793613
1.3658468711317666
1.3806555454119178
1.3896446026790055
1.5806586790971568
1.5988816901376668
1.6359920352871455
1.6608219121810324
1.7102364996316797
1.7624392407260585
1.787729703189413
1.8012240553372594
1.814218038007361
2.4084530685453753
2.413268665556364
2.417163622414169
2.4260356917304877
2.434760120344836
2.453416107772052
2.4566310919596397
2.462495574853697
2.464110934126666
-2.7526204183419223
-2.750176955716771
-2.7487252720173183
-2.744653719535303
-2.7394945747410886
-2.7279483967472236
-2.726114685419164
-2.7224114182372277
-2.7209628240526555
-1.946802424863838
-1.9402163689010383
-1.9311208995414713
-1.9236465623274064
-1.8495008363677687
-1.8211773239019116
-1.8028019333466383
-1.7938853185203656
-1.7748437625190558
-1.35349686807667
-1.3403843870923895
-1.3310730335756327
-1.3164697826828966
-1.0616214684712206
-1.0280421856055821
-1.0051473597518268
-0.9810453762902249
-0.949341953296118
-0.7834137120219842
-0.7703959558583702
-0.7587778119435431
-0.7474094066437511
0.09025295521984757
0.11066873946977748
0.11581917766697701
0.14148533330837654
0.18600899910295643
0.26610226376745416
0.27599394944560685
0.2973778911245712
0.30508963532914624
1.3604455613752033
1.3632024710139872
1.3838442428890199
1.387516769497659
1.5834139663513545
1.5939282435170343
1.644768875388013
1.6529468251616748
1.7124507649498422
1.7600746483797862
1.7925988923781433
1.7972505958007359
1.814790789889862
2.4083317581161108
2.414059368506673
2.4162265936859435
2.426519641360548
2.434481004978512
2.453960083990761
2.4559935013970735
2.4628839526811857
2.463878972449816
-2.7526365227511973
-2.75004773422927
-2.748885893284372
-2.7445773024096054
-2.739533735447444
-2.72784279808125
-2.726247619372348
-2.7223432436398447
-2.720993415593332
-1.9467739340051011
-1.940316816057901
-1.9309535375033169
-1.9237494296230926
-1.8494187587673871
-1.8215618353261929
-1.8017289512017913
-1.7947469346770832
-1.7747451589430372
-1.354002805974658
-1.3366368936960018
-1.334956631545473
-1.3158214545124602
-1.0622966695233234
-1.0222747803801122
-1.0132342314816747
-0.9767950728576825
-0.9506433477775996
-0.781737344573353
-0.7735969012710928
-0.7563877232527433
-0.7482355193208975
0.09030470289261261
0.11002701009316997
0.1165498674047313
0.14130813511974155
0.18605779955682508
0.2659544496692127
0.2761879600029835
0.2972709958324053
0.3051380245364186
1.3604434121987492
1.3632053233250088
1.3838409151556823
1.387519406527748
1.5834123112624199
1.593930685175726
1.6447629944820703
1.65295231438076
1.7124500883348286
1.7600752634346455
1.7925968502877705
1.7972524126051277
1.814790669420638
2.4083317787587104
2.414059164470409
2.4162268283955886
2.4265195397531927
2.4344810707614544
2.4539598955852875
2.4559937168349633
2.4628838180578767
2.4638790645491433
-2.7524250134437622
-2.7509580528267383
-2.7474446563827746
-2.7456159603836605
-2.739114319381264
-2.7287008957206944
-2.72483365608158
-2.723306927889796
-2.72070878269787
-1.9472013625922016
-1.9384529329420612
-1.9334355047405298
-1.9226342972860504
-1.8499443572370018
-1.8192754581750599
-1.8060911526561443
-1.7918188633161398
-1.7751415208513974
-1.3537915453383271
-1.3387536455607651
-1.3328278150108572
-1.316045972767906
-1.0622347272060892
-1.0229589869730529
-1.0124593759522562
-0.9770101126174089
-0.9505788355194378
-0.7817564068826246
-0.7735703169410022
-0.7564006103536466
-0.7482309315148385
0.09075527409271861
0.10665119223845634
0.12121716697480642
0.1390836945597765
0.18677036882066553
0.2633330818052712
0.2805391965057019
0.2941834982955254
0.30626547248920827
1.3581117865037002
1.367956702447091
1.3782087603319328
1.390775621754852
1.5786135503600598
1.6045866558713227
1.6283279592299893
1.66679649034219
1.7071173115830856
1.7664824073105345
1.7824254196795324
1.8047707049860973
1.81305927521596
2.4090127971916218
2.411588412240935
2.4196001155065936
2.424091764088027
2.4356196918845665
2.4522388101684274
2.4584128176413187
2.4612153699077606
2.464555099000483
-2.7523997611965587
-2.7510211757894356
-2.747289440870331
-2.745755762127539
-2.7390815328793443
-2.7287497870919997
-2.7246948371531183
-2.723423229061001
-2.7206927386388426
-1.9471723350032615
-1.938630656066209
-1.9332228011474728
-1.9227028850461874
-1.849915944131846
-1.819399729130629
-1.8059197233632605
-1.7919028937913974
-1.775128489610728
-1.3537281376109362
-1.3391559669089663
-1.3324108116223417
-1.316124752873642
-1.062179438123185
-1.023576877251731
-1.0117128983791512
-0.9772802911191626
-0.9504900629064291
-0.7818154356544457
-0.7734836039736059
-0.7564478143359386
-0.7482131848096386
0.09138608304132594
0.10410771131818052
0.1263300190502652
0.1353731604266187
0.18752850703050095
0.26144561158487956
0.2874892022277631
0.2880753652796209
0.3070632866071936
1.3574654658103498
1.3717056302836215
1.3741974115943865
1.3917061506634112
1.5772369214658002
1.6124170860464213
1.6195430852640949
1.6709424835911266
1.704523173254485
1.7713307986018967
1.7771806330562359
1.8072443008930854
1.8117395045958993
2.409297903469325
2.4110746691277813
2.420583191591039
2.423180215194809
2.435845427385371
2.451985115336834
2.459057482923047
2.4606724257135446
2.4646384470246887
-2.75262111408663
-2.750171854534607
-2.748731857161515
-2.7446501941120296
-2.7394964369741626
-2.7279431125092484
-2.7261215831318553
-2.7224076071865326
-2.7209645051121116
-1.9467366222733393
-1.9404325884647289
-1.9307802345370764
-1.9238488246455276
-1.8493887850181523
-1.8216556801659654
-1.8015022736163457
-1.7949168640945163
-1.77473349078367
-1.353943223199449
-1.337573147487772
-1.3340059834453715
-1.3158961219633079
-1.0622417825914385
-1.0229795818819898
-1.0124037025599737
-0.9770627905151871
-0.9505537740172029
-0.7817967144196378
-0.7735099044225872
-0.7564349078893904
-0.7482177347046918
0.09085021834759065
0.10622217139577447
0.12185984056530459
0.13872453031458343
0.1868345171699596
0.2632856583895681
0.28057572107044565
0.29419177384482065
0.30625451479426197
1.3588830100304257
1.3658485159080274
1.3806536923726977
1.3896455860712882
1.5806578047171345
1.5988835032851088
1.6359896600717088
1.6608237775097783
1.7102358122195427
1.7624399238109452
1.7877287144228902
1.8012247659362581
1.8142178797398312
2.408453148199863
2.4132682671537595
2.417164125456239
2.4260353689091
2.434760303199253
2.4534157857676715
2.4566314918796497
2.462495316894913
2.4641110698428847
-2.7526357554729755
-2.750054846984094
-2.7488771718271856
-2.744581241095709
-2.7395315876571082
-2.727849644428956
-2.726239028679792
-2.7223476259247836
-2.720991362738059
-1.9468468768784635
-1.9400666117478915
-1.9313381381159045
-1.9235284259153411
-1.8495456186710892
-1.821010182457259
-1.8031471471660767
-1.7936412650636513
-1.7748711659046705
-1.3535002279773105
-1.3403721820343015
-1.331084129118448
-1.3164676077632809
-1.0615927337832098
-1.0282338084171483
-1.0047808253879225
-0.9813208683139985
-0.949266942462007
-0.7835258126107587
-0.7701204905260947
-0.759003356993197
-0.7473503146218071
0.09078177041391487
0.10652740177654572
0.12139733701033044
0.13898971594261136
0.18678082772286608
0.26338816771020274
0.28038581404094437
0.29432884734112
0.30621906316495756
1.3588838717306198
1.3658466575666197
1.380655789932645
1.3896444714670968
1.580658858853575
1.5988812957118814
1.6359926171105774
1.660821416967833
1.7102367131865925
1.7624389934576814
1.7877300853999463
1.8012237717111779
1.8142181030007352
2.4084531335557005
2.413268333802271
2.417164048036623
2.4260354087358174
2.4347602861484576
2.4534157949319124
2.4566314849901025
2.4624953160389307
2.4641110710634755
-2.752423773134093
-2.7509612978478004
-2.747436905056881
-2.7456229770477956
-2.73911242839026
-2.7287040449431204
-2.724825019361554
-2.723314156604239
-2.7207076624224085
-1.9472585447925987
-1.9380222221935803
-1.9339532615254116
-1.9224763219069085
-1.8500641313111448
-1.8184928424733389
-1.8072807595307023
-1.7911656954131183
-1.7752817464650514
-1.3532528697667776
-1.341268228546873
-1.3301721844881045
-1.3167320566390446
-1.0615252746012531
-1.028539379351696
-1.0043117173890497
-0.9816038567193431
-0.9492128171780128
-0.7835476944002291
-0.7700657940887935
-0.7590490258788931
-0.7473383068501455
0.09024579444748387
0.11077220552937751
0.11570355622511377
0.14150971250505096
0.18600224215535358
0.2661229152299425
0.2759670498752884
0.2973925160581037
0.3050829523186709
1.3604457947787576
1.363202162678928
1.3838445908119748
1.3875164953963568
1.5834141030359252
1.5939280404414924
1.644769413001334
1.6529463105824616
1.7124508475979265
1.7600745468242636
1.7925993201285921
1.7972502014629863
1.8147908198515177
2.4083317053303284
2.414059866341443
2.416226031255048
2.4265198646244657
2.434480869906791
2.4539604104540063
2.4559931348048862
2.4628841679992988
2.4638788264503124
-2.752398438521052
-2.7510244102331534
-2.7472805472649835
-2.745763993972353
-2.739079659394922
-2.728752845886835
-2.7246849161374027
-2.72343180142698
-2.720691651970484
-1.9472304218051741
-1.9382341816231667
-1.9337083646496638
-1.922541967462386
-1.8500360653861894
-1.8186350061648788
-1.8070993687581307
-1.791241970130607
-1.775268187126053
-1.3531776109899532
-1.3415228454074881
-1.3298999689710926
-1.3168256042460293
-1.0614645249132937
-1.0288429566264339
-1.0037817990233122
-0.981965196946032
-0.9491358913759349
-0.7836002887714311
-0.7699379080709077
-0.7591505893119895
-0.7473140139101945
0.09068873500894947
0.10697339483791148
0.1207483233693355
0.13933652052324336
0.18671649979012625
0.2634362699917842
0.28034856684828674
0.2943205695477491
0.30623006509901074
1.3581124193712122
1.367954577040532
1.3782110678116883
1.3907747926853062
1.5786143080290747
1.604584117362125
1.6283308352386303
1.666794780713536
1.7071181992428996
1.7664813518277978
1.7824265772318455
1.8047700797569497
1.8130595393060527
2.409012750123896
2.4115885098703265
2.419599936843585
2.42409193110318
2.4356196348120673
2.4522388852517145
2.4584126537858038
2.461215504686079
2.4645550711530713
-2.752620323010117
-2.7501776511179448
-2.7487243731840763
-2.7446542024209495
-2.739494319903397
-2.7279491174084307
-2.726113743518435
-2.7224119397679782
-2.7209625944773435
-1.9468112222728857
-1.9401862806576442
-1.931167111361981
-1.9236199964392275
-1.8495160542731595
-1.8211097070796871
-1.8029620133757625
-1.7937639598000874
-1.7748590941543265
-1.3534307166084534
-1.340657269880299
-1.3307819938891476
-1.3165548567184704
-1.0615324905812717
-1.0285450583437048
-1.0042524459629574
-0.9816730168650503
-0.9491894903065976
-0.7835786681254622
-0.7699931054239293
-0.7591042621391275
-0.7473259178308753
0.09130600179010169
0.10435724069743402
0.12573498130776353
0.13583652068442897
0.18747628324941348
0.26152643575413564
0.28640870588354755
0.2891166296536628
0.30703614677501045
1.3574659575832568
1.37169828980319
1.3742049042444757
1.391705492446888
1.5772375796897529
1.6124092839708941
1.6195511860929899
1.6709406908183826
1.704524306285274
1.7713276483810307
1.777183859144621
1.8072432961895166
1.8117401504718396
2.409298020092866
2.411074479544781
2.4205836411270556
2.4231797807740145
2.435845513559112
2.4519850108899406
2.4590578474281255
2.460672101238185
2.4646384831123584
-2.752635080306291
-2.7500610205133307
-2.748869581342915
-2.7445847048671737
-2.7395297017495173
-2.7278556071344493
-2.726231528260166
-2.7223514732358964
-2.7209895673989153
-1.946908450150462
-1.9398378415052735
-1.9316747602201818
-1.9233469674858235
-1.8496556769458758
-1.8204912797794628
-1.8042328996754773
-1.7928621574683021
-1.7749854653795405
-1.3529809858910147
-1.342180232477392
-1.329131857053706
-1.3171366658543717
-1.0609143512697308
-1.0314547840228094
-0.996992137597915
-0.9875749840851646
-0.9482156343964974
-0.7846477148589127
-0.7656418877996821
-0.763002551688297
-0.7467454458089271
0.09123697906813318
0.10458025488753088
0.12524302120928407
0.13620787083588587
0.18743019116936804
0.26159813371856033
0.2859058529161779
0.2895845528882858
0.3070120884258142
1.3574663795325803
1.3716920401651216
1.3742112816920278
1.3917049306535756
1.5772381322803284
1.61240272681189
1.6195580021913052
1.6709391598446262
1.7045252876244452
1.771324795879988
1.77718679579428
1.8072423525265575
1.811740760126572
2.409297986790294
2.4110745312566073
2.420583548131694
2.4231798631170505
2.435845504200689
2.451985012212113
2.4590578573988955
2.460672089446902
2.464638485212157
-2.752422678779588
-2.750964151614335
-2.7474300473817093
-2.7456291916733653
-2.7391107656398526
-2.7287068103590664
-2.7248173676742136
-2.7233205728329937
-2.7207066788530074
-1.9473073986836316
-1.9375425499394863
-1.9345057331251392
-1.922342562518109
-1.8501681873193465
-1.817683031154095
-1.8084051676778266
-1.7906313220426793
-1.7754096398414505
-1.352684780681601
-1.342946442743349
-1.3283432982018524
-1.3174564119720318
-1.060840953920227
-1.0316980343944009
-0.9961541684908322
-0.9882869981817328
-0.9481698049479478
-0.7846525119886706
-0.7656197116519111
-0.763020530822124
-0.7467454909617067
0.09072260336065514
0.10680605433667219
0.12098669031152152
0.13921576404859987
0.1867334175854059
0.26347974895461246
0.2802192627578475
0.2944479542628595
0.3061874488339648
1.3588846352950545
1.365845012695054
1.3806576431121247
1.3896434877143677
1.5806597333942514
1.5988794825244934
1.6359949925377704
1.6608195513290935
1.7102374005834575
1.7624383104040509
1.7877310742334527
1.8012230610189839
1.8142182612560136
2.4084530539022917
2.4132687322169235
2.417163544983527
2.426035731555949
2.4347601032932347
2.4534161169378534
2.45663108506855
2.4624955739973964
2.4641109353475175
-2.7523972699083448
-2.7510272586997253
-2.7472726465317985
-2.745771314737325
-2.739078010341781
-2.7287555348468167
-2.7246760826599328
-2.7234394501663735
-2.7206906969160527
-1.9472800161568244
-1.9378135918298363
-1.9342033338560969
-1.9224058923276235
-1.8501404160180766
-1.8178508169978482
-1.8082034169388228
-1.790702543921154
-1.7753955717498626
-1.352592866096708
-1.3431742957265242
-1.3280933097767575
-1.3175711519165825
-1.0607744707685747
-1.0319410231792772
-0.994909989216882
-0.9894203781516772
-0.948101350834248
-0.7847018810759772
-0.7649314112611021
-0.7636885598841273
-0.7467184431532361
0.09019483558628157
0.11172814754612397
0.11466128086902325
0.14168364107159734
0.18595330765841392
0.2662767403987575
0.2757677787235424
0.2974998607811008
0.3050333510361619
1.3604479486795948
1.3631993057636451
1.3838479234892853
1.38751385330218
1.5834157588837612
1.593925598091338
1.6447753021809122
1.6529408130379444
1.7124515242048874
1.760073931780622
1.7926013640587208
1.797248382805855
1.8147909403149158
2.4083316846890965
2.4140600705163076
2.4162257964091123
2.426519966231566
2.434480804120623
2.4539605989608435
2.4559929192687835
2.462884302679532
2.46387873429071
-2.752619626122857
-2.7501827091003004
-2.7487178271569634
-2.744657731567863
-2.7394924590270735
-2.72795436289491
-2.7261068788501692
-2.7224157490005756
-2.7209609210879586
-1.946874109705044
-1.9399619994875532
-1.9315035617785183
-1.9234329111790849
-1.8496264586493767
-1.8205971272809922
-1.804061420530908
-1.7929649072477924
-1.774973010245529
-1.3528982846151045
-1.3424149856198786
-1.3288761561219395
-1.317241004866547
-1.0608485029468457
-1.0317007141631944
-0.9959854864370478
-0.9884676330648349
-0.9481468070094535
-0.7846971229648272
-0.7649740433768342
-0.7636500868797875
-0.746718396821385
0.09063123322381104
0.10726914725803494
0.12032931935659677
0.13955221903606643
0.18666907761067966
0.26352813713453127
0.2801819548702114
0.29443925488621614
0.3061986009617555
1.358112972390175
1.367952718643555
1.3782130880189722
1.390774065269758
1.5786150119594562
1.6045817275857415
1.6283335798544702
1.666793108219369
1.707119093350699
1.7664802354289653
1.7824278190792968
1.8047693951364585
1.8130598306818797
2.409012831862458
2.4115883411998524
2.4196002402806096
2.4240916503410546
2.435619728080854
2.452238767931139
2.45841290532795
2.4612152994712417
2.464555113134573
