-2.8359473644418385
-2.832102871108093
-2.8297827106855786
-2.8260372053207354
-2.825818649250764
-2.821789347258169
-2.820235246699066
-2.8167465040975403
-2.067639450842192
-2.0487543974983735
-2.0354165582621278
-2.0184665040126832
-2.0137482035322614
-1.9943381531510056
-1.9727082427253244
-1.937553772537187
-1.5123929094724258
-1.470541879084282
-1.4410254254290764
-1.4145924466284474
-1.3939764640394052
-1.3592607673502617
-1.3070160864314122
-1.109770869992828
-0.9777234234928943
-0.9204061607025833
-0.8865759604778001
-0.8588157440423085
-0.8369172724775664
-0.8162214295586764
-0.7859328063771952
0.05832231585377298
0.09040999022526511
0.11522168982062851
0.12609037943075613
0.14848902583615803
0.16739583502607802
0.19947750047999133
0.24055500254783302
1.2458222555145326
1.2799444606168644
1.3111689351008449
1.3212288807451824
1.3616473183836404
1.3698029797793232
1.4014157760831332
1.6492895781178936
1.6930496135492155
1.7041781198346626
1.7435728458313542
1.7478131043188285
1.777839728660579
1.7971321039022037
1.8259214271170114
2.412624104538234
2.419993799170722
2.4246135902926373
2.4297025080609287
2.430492376810146
2.4355167682973202
2.4376364973330933
2.442454379315873
-2.835942140643311
-2.8321873947245835
-2.829465931693346
-2.8271360183860352
-2.8246724393171103
-2.822260666408849
-2.8200343929091454
-2.8167609147794863
-2.0676215275996452
-2.0490103785778744
-2.0343800440581914
-2.0215080000987657
-2.0108888051440013
-1.995085085137776
-1.9725685149618322
-1.9375629400787326
-1.512388380748403
-1.4705710892014225
-1.4409774185015396
-1.4145850697312055
-1.394038041965316
-1.3592217626808016
-1.307024638923607
-1.1097695798390885
-0.9777330127706734
-0.9203500442751056
-0.8867176514582469
-0.8586187290740935
-0.8370618377108834
-0.8161764156995132
-0.7859359598353669
0.058315412743291564
0.09051049264585707
0.11454398898966708
0.1270493217536337
0.14789425720517638
0.16764692559173472
0.19944423003408673
0.24055711025723855
1.245792956882081
1.280339095457569
1.3082564767190938
1.3252427735137593
1.356828317634042
1.3736378897060717
1.400929008318089
1.649495251322762
1.6903053057041146
1.7087834651627363
1.7358028653216087
1.754906459094902
1.7760385708376305
1.7975733663995368
1.8258953254269696
2.4126293775115313
2.41990506046292
2.425085973509082
2.428197056945666
2.4321629509913336
2.4346864095659697
2.4379301739707318
2.4424370208696726
-2.835936269483719
-2.8322709729546878
-2.828914756698409
-2.8279683573893566
-2.823591092278102
-2.823136457827963
-2.8198646490933084
-2.8167773431364016
-2.0675965345463396
-2.0493448449704514
-2.0324079094698084
-2.0249220497614124
-2.0079953343351544
-1.9964213991365898
-1.9723594676158587
-1.9375777857816983
-1.512356443849308
-1.470918808985675
-1.439648503466364
-1.4168048572113219
-1.3924584595406766
-1.359638483667775
-1.30697994528575
-1.1097714236224325
-0.977726053011642
-0.9203802198976221
-0.8866527826703904
-0.8587012257998798
-0.8370025203904303
-0.8161955642276243
-0.7859343106407312
0.05827463155223442
0.09115417919624628
0.11147570250387343
0.13274152550429283
0.14347906272096148
0.16903175061145448
0.19923466156776548
0.24057022562304617
1.2457031635591531
1.281668597636292
1.3030483442089997
1.3371300187340658
1.3445140425639757
1.3795019222364304
1.3994514141856316
1.6499016528824257
1.6870942875229171
1.7195598552038245
1.7239731454206206
1.7624977950265008
1.7717242108939646
1.7982032716426553
1.8258554055306055
2.412632392515989
2.419857978803433
2.4254481191565143
2.4275894430240927
2.4331617624607107
2.4338630008064848
2.438053674499243
2.4424276525670865
-2.8359415444231244
-2.832196309002363
-2.8294248921886513
-2.8272135647450245
-2.824587514949414
-2.822317855947689
-2.8200157043170573
-2.8167625132885483
-2.0676146076564046
-2.0491107462214853
-2.0338689559051457
-2.0225739483326928
-2.0099002114199487
-1.9954940467259346
-1.9724942001327412
-1.9375685961273212
-1.5123609903991846
-1.4708905434858583
-1.4396987517937898
-1.4168042902808395
-1.3924003095879598
-1.3596787692017334
-1.306971423928107
-1.1097727137562077
-0.9777164598306585
-0.9204362145910102
-0.8865107115808752
-0.8588980555776743
-0.8368585040424806
-0.816240719146862
-0.7859311582062629
0.05828148150668401
0.0910420130933992
0.11191012986113315
0.13169880243141086
0.1443697678071092
0.16882253896739868
0.19926888353450656
0.24056812207803574
1.245731999938164
1.2811911123804176
1.3046228189220277
1.3317735331467222
1.3500679291803845
1.3775659944948033
1.4000682017917034
1.6496861163969183
1.6887089881037056
1.7122627620397333
1.7318787113029903
1.7578674630106057
1.7747079239198988
1.7978118249929993
1.8258817476812985
2.41262710614784
2.4199433223871414
2.424856896556283
2.428715236719518
2.431541735698633
2.4350971707983455
2.4378073240342406
2.4424452314836014
-2.835947334306931
-2.8321034013551496
-2.8297810034857904
-2.826068162368059
-2.825787446364369
-2.8217921956426553
-2.820233761664424
-2.816746593674401
-2.0676355349873208
-2.048818028705705
-2.0351607741150057
-2.019537324522062
-2.0126870621867505
-1.9945722868610212
-1.972656398024437
-1.9375578910697833
-1.512334559415931
-1.4712954051270504
-1.4371820324458013
-1.4209388805016328
-1.3893117661302172
-1.3609387382966096
-1.3067957871999958
-1.109799303877189
-0.9774399821897511
-0.9222391374055992
-0.8787564119825576
-0.8688020810231277
-0.8299278722868234
-0.8196901790020972
-0.7857174898888911
0.05826839869551846
0.09122806766392844
0.1112620038797892
0.13315823167414118
0.1431747982248624
0.16906650257447833
0.19923380984045755
0.24056992604560287
1.2457314870569984
1.2811984179580442
1.3045983994681867
1.3318286290035155
1.3500127827305124
1.377590172646332
1.400061669173857
1.6496873720679668
1.688699432727676
1.7122876852699698
1.7318511357093185
1.7578871592639158
1.7746976289216885
1.7978135093954886
1.8258816459039047
2.412627085806463
2.4199436776270367
2.424854939804607
2.428720533131967
2.4315356882033754
2.4351007316140687
2.437806057177913
2.4424453104601715
-2.835942110166539
-2.8321878642929454
-2.829463784965842
-2.8271402436185316
-2.824667762640214
-2.8222638032052307
-2.8200333231139547
-2.8167610068586053
-2.0676175879388534
-2.049069796140653
-2.034076910931321
-2.022175061483829
-2.0102530373941674
-1.9953479769657108
-1.972517878130519
-1.9375670645826766
-1.5123299967864132
-1.471322559216909
-1.43712252728137
-1.420955301599334
-1.3893686600915693
-1.3608943494697434
-1.3068041983806242
-1.109798008838001
-0.9774501098603815
-0.9221860357184097
-0.8791246214507293
-0.8684001084679644
-0.8301288174664034
-0.8195615692266479
-0.7857227500097707
0.05830912039473972
0.09057712564198957
0.11424133565679347
0.127421121956938
0.14772270041256358
0.16769008041251396
0.19944344518160617
0.2405568088821185
1.2458217430422887
1.2799504540221236
1.311114813402842
1.321294789252195
1.3615679366740188
1.3698700756112034
1.4014107641630746
1.6492907308127207
1.6930307591998255
1.7042047889046559
1.7434864617834747
1.7478961969163682
1.777832158258831
1.7971341394619524
1.8259213160446512
2.4126241130962782
2.4199936598670915
2.424614181698941
2.4296973751779745
2.4304975881291315
2.4355158104405774
2.4376369355304615
2.4424543598785315
-2.8359362386573594
-2.8322713929444947
-2.8289098119667653
-2.8279744891856824
-2.823575809498852
-2.8231509255436076
-2.8198637929758203
-2.8167774380893627
-2.0675925612285213
-2.049399399564464
-2.0318923210260027
-2.0256569279607572
-2.0074287801574418
-1.9967628974166782
-1.9723105362765727
-1.9375819198977937
-1.5122978014330435
-1.4716424756173117
-1.4349516476813562
-1.4236477069732798
-1.3881099803404093
-1.3613867369633976
-1.306760343907583
-1.109799850101013
-0.9774431745471147
-0.9222107708874122
-0.8790105498595903
-0.8685120491696596
-0.8300929351429824
-0.8195813043390695
-0.7857222568970955
0.05830222016115452
0.0906806293593977
0.11366116400688946
0.12831795618065286
0.1470996109970101
0.16793126652258253
0.19940997331465865
0.2405589179998984
1.2457924407541094
1.2803454887612427
1.3082228570274455
1.3252914045425879
1.3567792595707195
1.3736714178797713
1.4009236211531721
1.649496291134239
1.6902955164758822
1.7088020847315504
1.7357807083433368
1.7549245092692907
1.776031465162776
1.797574822300194
1.8258952403896094
2.4126294119816274
2.4199044896691184
2.425089768372976
2.4281896244626586
2.4321725569040558
2.43467936804763
2.437931908829646
2.442436895559221
-2.835941513946037
-2.8321967723200467
-2.8294226612146933
-2.8272177203427606
-2.824582861534702
-2.8223211002960453
-2.8200146636423478
-2.8167626055652386
-2.067610658624986
-2.0491686166474
-2.033531215222572
-2.023210327008898
-2.0093114794028364
-1.9957761367287927
-1.972444172559984
-1.937572724237129
-1.512302382238295
-1.4716160688967925
-1.4350261892137788
-1.4236136967614277
-1.388052798073666
-1.3614331715531516
-1.3067519624581057
-1.1098011451201313
-0.9774330426947737
-0.9222637942439952
-0.8786341286609839
-0.8689221516823168
-0.8298914426434504
-0.819710625222493
-0.7857169973059493
0.0582615514025944
0.09134424032657924
0.11084995600882203
0.13443973293579461
0.14202480149074231
0.16927005272758264
0.19919937271241606
0.2405720309972187
1.2457026470644368
1.2816765515032404
1.3030257666743483
1.3372490059536755
1.3443954273648961
1.3795239272620095
1.39944414699905
1.649902793231403
1.687087418687725
1.7196372495487549
1.7238948690579392
1.7625177431425862
1.771709779348402
1.7982044713262657
1.8258553300783422
2.412632398022877
2.41985788550861
2.4254490714470944
2.4275879871532307
2.4331665625495025
2.4338585185682904
2.4380539738752853
2.4424276267086644
-2.835947357142709
-2.8321029996115152
-2.8297822971656164
-2.8260454597631437
-2.825810335191948
-2.82179003786248
-2.8202348863082873
-2.816746525816088
-2.0676384947421598
-2.048770047269212
-2.035354914892274
-2.0187631210138575
-2.0134537210964796
-1.9943946726897348
-1.9726955368469805
-1.937554778385803
-1.5123787001864764
-1.470732347734728
-1.440210986459266
-1.4161524600940223
-1.39271942383577
-1.359648002021286
-1.3069619061437217
-1.1097778216330507
-0.9776544124191371
-0.9208829169709327
-0.8850988240273594
-0.8610090053835637
-0.8351617861023222
-0.8169035457664475
-0.7858775020036077
0.058271447040271124
0.09119988816960137
0.11132038563108776
0.13311892148270602
0.14316379065947601
0.16909058609218322
0.19922605244534294
0.24057066759350212
1.245703030827839
1.2816706769926611
1.3030423700629865
1.3371617381876317
1.344482289936571
1.3795080047070734
1.3994493832690544
1.6499019941475952
1.6870922909306352
1.7195810374397578
1.723951898521966
1.7625027341717772
1.7717207624323201
1.7982035227009956
1.8258553929180203
2.4126323651906074
2.419858409115514
2.425443978968248
2.4275956484171743
2.433142942292127
2.4338804110794046
2.4380525207746877
2.4424277479957595
-2.835942133250304
-2.8321875086629866
-2.829465411324025
-2.8271370438065078
-2.8246713046021363
-2.8222614268672674
-2.8200341332324714
-2.816760937116166
-2.0676205657138698
-2.049024981143465
-2.0343075925441743
-2.0216742060580515
-2.0107295985690956
-1.9951483018350522
-1.972556106784746
-1.9375639473836839
-1.5123741632408263
-1.4707610083668483
-1.440161527062842
-1.4161507630313626
-1.392778472492421
-1.3596078919124337
-1.306970423894458
-1.109776528190604
-0.9776642495289092
-0.9208262292944751
-0.885265573910049
-0.8607907831244669
-0.8353186654138306
-0.8168415466227873
-0.7858818016426867
0.058278293264202335
0.09108674099025135
0.11174909005146658
0.13203559288058625
0.1441005453202306
0.16888254272562933
0.19926037298608348
0.24056856089241965
1.2457318811224043
1.2811928103246721
1.3046171108609284
1.3317864905000936
1.3500548664776049
1.3775718122839427
1.4000666094032899
1.6496865430543424
1.6887054851665402
1.7122723340881356
1.7318676851784283
1.7578757795418187
1.7747034223951563
1.797812598860458
1.825881698043323
2.4126270820420572
2.4199437490323747
2.4248545259489793
2.4287217007002884
2.431534318553323
2.4351015644971423
2.437805752831724
2.442445330219719
-2.835936261890199
-2.8322710764144605
-2.828913544535611
-2.8279698620330387
-2.823587419724188
-2.8231399294641535
-2.8198644382986684
-2.8167773665016322
-2.0675955644460204
-2.049358241650672
-2.0322901228088726
-2.025094941557496
-2.0078576465885805
-1.9965025379640162
-1.9723474795435265
-1.9375787954334558
-1.5123421636801602
-1.471101309547359
-1.4387289949125293
-1.4183426162884651
-1.3913223173219562
-1.3600400087375206
-1.3069259400666275
-1.1097783644029704
-0.9776577531623453
-0.9208485955892531
-0.8852291343868035
-0.8608102349909844
-0.8353282892482311
-0.8168302793813396
-0.7858835962413778
0.058319075840243734
0.09045054774492245
0.11496523050291131
0.12642875716634155
0.14830450732128833
0.1674689756793978
0.1994692018497331
0.2405554429492972
1.245822137023234
1.27994581890669
1.3111568578823682
1.3212434708765293
1.361630226728564
1.369817352081003
1.4014147371220462
1.6492898011029282
1.6930457317025058
1.7041837215236082
1.7435527379085782
1.7478326737032164
1.7778378162352622
1.7971326505117373
1.8259213942457275
2.412624135099609
2.4199932599544307
2.4246160108763313
2.429680551267416
2.4305149227757017
2.4355122275821506
2.4376386398222083
2.4424542764411403
-2.8359415369263954
-2.8321964229984853
-2.82942434386954
-2.827214587188576
-2.8245863703429084
-2.822318653355761
-2.82001544819572
-2.8167625359844846
-2.067613643458808
-2.049124965122069
-2.033788738613813
-2.0227301956422874
-2.0097545325617663
-1.9955616951767927
-1.9724819420072526
-1.9375696043142172
-1.512346718536112
-1.4710735381981261
-1.438781704229435
-1.4183366547768679
-1.3912653198618807
-1.360081538315497
-1.3069174530983625
-1.109779657825609
-0.9776479123831034
-0.9209052033102612
-0.8850621437461318
-0.8610287723133576
-0.8351715161612305
-0.8168921830187449
-0.785879295235889
0.05831217655969874
0.09055179807968464
0.11431589641278826
0.1273675694043787
0.14770307722652845
0.16771783029174236
0.19943583726214492
0.24055755382045604
1.24579282425212
1.2803407329491607
1.3082478930956158
1.3252551234688335
1.3568160034181616
1.3736462439493689
1.4009276912343986
1.649495388093749
1.6903043650278207
1.7087849242301187
1.7358017348410901
1.7549070151226778
1.7760385149041193
1.7975733435606338
1.8258953293518794
2.412629405106413
2.4199045916876045
2.4250891451665573
2.4281907775278886
2.4321711737720633
2.434680332702849
2.4379316879456323
2.4424369099179084
-2.835947387276467
-2.832102469037162
-2.8297840032211092
-2.8260059406454476
-2.8258500996133464
-2.8217871883482317
-2.820236374470219
-2.8167464362498
-2.067642406626855
-2.048705538696299
-2.035604107452782
-2.017141212623709
-2.015067726462834
-1.9941658950072152
-1.972747720352769
-1.937550661803087
-1.5124366870243393
-1.4699221389450396
-1.4432808295175026
-1.408459622323864
-1.3993925594522796
-1.3581355676345095
-1.3071852290138737
-1.1097493778392955
-0.977933693063448
-0.9188108746481773
-0.8905364726818411
-0.8493363616216157
-0.8453729997493473
-0.8145175700158439
-0.7860996760346122
0.05832539285397949
0.09038504127507808
0.11530876346616295
0.12602345695755846
0.14846925800687225
0.1674241134236058
0.19946996806827602
0.2405557456843377
1.2457933404140382
1.2803343437760142
1.308281617585762
1.3252064262871595
1.3568651314627025
1.3736126066152994
1.4009330747683646
1.6494943483879128
1.6903141668269577
1.7087663052069204
1.7358239051907312
1.7548889444631413
1.7760456148753483
1.7975718872569453
1.8258954143874864
2.412629370636514
2.419905162527059
2.4250853521713482
2.4281982106548887
2.432161570716171
2.4346873692465487
2.4379299526484814
2.4424370352258715
-2.835942163725896
-2.832187038858543
-2.829467554801756
-2.8271328149544326
-2.8246759830240595
-2.82225829416377
-2.820035204285072
-2.8167608450483343
-2.0676245013471433
-2.048964833722104
-2.034598343632542
-2.02097527180751
-2.011402137130393
-1.9948933087075114
-1.9726070609373232
-1.9375598248366845
-1.5124321834903172
-1.4699532953400083
-1.4432350742215103
-1.408406617428814
-1.3994926007697202
-1.3580993926505684
-1.30719389314482
-1.1097480892868687
-0.9779430084818086
-0.9187489179652336
-0.890654014775417
-0.8485475538675462
-0.8461231469469341
-0.8144900901152347
-0.7861017677952041
0.05828455048218367
0.09101439270844677
0.11197147966096524
0.13165652945888784
0.14435790409081226
0.16884681638578888
0.19926120517830648
0.24056886182690118
1.2457035473563531
1.2816627304518304
1.303064963163408
1.337045333711732
1.3445983203424987
1.3794859860078141
1.399456643253094
1.649900853902708
1.6870991629989713
1.7195055483051818
1.7240282707923238
1.762482823081103
1.7717351526992615
1.7982023228164241
1.825855468369167
2.412632359683877
2.4198585024489088
2.425443032231134
2.4275971002606145
2.4331384155234668
2.4338846188764474
2.438052220959148
2.4424277738499307
-2.835936292715353
-2.832270656250728
-2.8289184454893763
-2.8279637719819632
-2.8236020130246358
-2.823126152759415
-2.819865295079713
-2.8167772715607637
-2.0675995336544
-2.049303107261443
-2.0327469958089144
-2.0244055400264296
-2.0084201484724566
-1.9961786242155275
-1.9723966993568816
-1.9375746632856772
-1.5124004385381737
-1.4703272153896463
-1.4420995802830754
-1.4116305218941234
-1.3967289412114934
-1.3584769209036056
-1.307148539543018
-1.1097499280172818
-0.9779364776643302
-0.9187775267309872
-0.8906129576684112
-0.8487087149114773
-0.8459803051733021
-0.8144890845095307
-0.7861024639267749
0.05829139938328652
0.09090500394548899
0.11242777192638245
0.1306960199455466
0.14514679572518294
0.16863267995797057
0.19929531237569
0.2405667565322213
1.2457323940381466
1.2811855108461168
1.3046415592768834
1.3317315473503544
1.350109859376979
1.3775476056307243
1.4000731362705352
1.6496852875008359
1.6887150473385748
1.7122474329028408
1.7318952428597103
1.7578560813480522
1.774713708573411
1.7978109141735061
1.8258817998194625
2.4126271023833694
2.4199433937713644
2.424856482153995
2.428716401302843
2.431540368188208
2.4350980046191166
2.4378070201614745
2.4424452512452417
-2.83594156740231
-2.832195959453914
-2.829426571116304
-2.827210429547161
-2.8245910235237113
-2.8223154140697675
-2.820016490029611
-2.816762443719093
-2.0676175884399983
-2.0490664149374433
-2.03410894237356
-2.022084078902686
-2.0103610305328385
-1.9952894892181814
-1.972532276415784
-1.937565478165597
-1.5124049596408848
-1.4702972154252512
-1.442145913540197
-1.4116521453730102
-1.396657532259295
-1.3585140606970596
-1.3071399076806844
-1.1097512165500036
-0.9779271588122844
-0.9188393420592326
-0.8904954331021045
-0.8494427322764552
-0.8452850743777816
-0.8145165659584838
-0.7861003718980704
0.05833229502815657
0.09028663723033846
0.1161108628753367
0.12496140293631904
0.14904946306339317
0.16716430953348024
0.199503132846978
0.24055363622134518
1.2458226495302225
1.2799398291322988
1.3112114788893545
1.3211770875063773
1.3617105529714126
1.369749286769668
1.4014197458769038
1.6492886485274412
1.6930646491271455
1.7041569972667887
1.743641728309263
1.7477469707699171
1.777845383214555
1.7971306143516268
1.8259215053160713
2.412624126541409
2.4199933992119815
2.4246154189067424
2.429685476993185
2.4305099182025316
2.4355131853598992
2.4376382027225216
2.4424542958806903
