-2.640734979628954
-2.6315103348006654
-2.6220734382442035
-2.612523626318269
-2.6029701135821783
-2.5933802708536233
-2.584123455447761
-2.575226822671631
-2.566829644610924
-2.5590752626896873
-2.552104163542586
-2.550180833005219
-2.5460839719409245
-2.545657994508667
-2.541632145133393
-2.5410639745018955
-2.538255269498849
-2.5374432972600074
-2.5348812499275524
-2.5340884014090577
-2.533130786599736
-2.5326827530998566
-2.532366502562559
-1.8874105287295093
-1.8873739395804965
-1.8872177344731802
-1.887167049773592
-1.8869409839393605
-1.8668535965249977
-1.8664791709849404
-1.866055408971464
-1.8658734047900287
-1.8650682002965446
-1.855777125434915
-1.8543307391837869
-1.8490102459852051
-1.8479856880840457
-1.84595786612922
-1.843023404903776
-1.841685411585212
-1.8416352278145267
-1.8365094749036404
-1.8271545544733385
-1.815595463990494
-1.8033956779972382
-1.7912696795907497
-1.316140718138404
-1.3121986287037628
-1.3073687587785083
-1.3020400617994377
-1.296739699285026
-1.2883983692003633
-1.2856000948471942
-1.2826870151732181
-1.2781418955739507
-1.2749759526073086
-1.2704416108431922
-1.2661390908345929
-1.2611722886305183
-1.2508282298900928
-1.245754212768773
-1.2402230972076318
-1.2345360656093318
-1.2286438525731724
-1.210577984276268
-1.20645928251241
-1.2023225849228316
-1.1981081323502865
-1.1937277877720491
-0.8000092989917531
-0.7979169945999043
-0.7968831016190058
-0.796371604191758
-0.7963171587198258
-0.7594573961323384
-0.751909791398709
-0.7474805377669473
-0.7454448709728665
-0.7438122540487878
-0.7233953359472012
-0.7226001944486314
-0.7184725564981708
-0.7096025134719935
-0.7051950218733243
-0.6958147211093582
-0.6920065083441558
-0.6908347021786861
-0.6769393838379278
-0.6738182727059716
-0.6664786988826028
-0.6610503640012153
-0.6577468145622828
-0.44734978284231036
-0.4468448876580984
-0.4434297557872109
-0.43911519390784604
-0.4366335858856013
-0.4192681562367872
-0.41434471427255903
-0.4122888135367704
-0.40073575890888696
-0.4000235133631421
-0.36893091301114567
-0.36762146419180075
-0.36431992768563026
-0.3411761983304633
-0.33889443841676903
-0.3343864698563871
-0.33004579324802785
-0.3268340087513374
-0.284550416296397
-0.28301147852095765
-0.28177969416142506
-0.2809479782214033
-0.28033964400874056
-0.21963418490908115
-0.2194540783030047
-0.21927017508947297
-0.2190323821852249
-0.2189134951160683
1.5821249033196816
1.5961888202874788
1.605847398996702
1.6106650531864313
1.6127529461510766
1.6157051017236572
1.6184307093957
1.6238946742956
1.6329230353879827
1.641096600731695
1.6517476648438854
1.6587104207890657
1.6656993319486924
1.676159226811936
1.682936074574977
1.6921015161597488
1.6999116170907922
1.7077614093693048
1.7260732195296493
1.7328271557888615
1.7406741895021107
1.7475752802234912
1.7531236586655548
1.762258706672974
1.763420747845056
1.7657997634780964
1.7687426607909555
1.7728070779349463
2.016644958718429
2.016810692044014
2.017690002425968
2.018000301734751
2.0185213286215595
2.045232925771789
2.046605575642758
2.047997266315139
2.052330799114651
2.052988759049959
2.0622510102006735
2.0633939754240225
2.0651092965971554
2.076384659115066
2.0779012435439257
2.081905229380865
2.0855710007861186
2.0864761492985484
2.0982392470745794
2.098834219503087
2.100652537848078
2.1055894009056026
2.1151110655282435
2.619402211164985
2.627041238344496
2.6353450055221366
2.6442160761040445
2.6535374911176643
2.6632309710294635
2.6730459120520833
2.6828956479435746
2.6926356670904763
2.702126634032282
2.711237446629873
2.7198469593545624
2.7278446072697147
2.7351343615406623
2.7416159583309176
2.747192551455035
2.7517227896708625
2.754885576195365
2.7594049254270816
2.761414294588698
2.7625017648331536
2.7625069465106518
2.7627646369338636
-2.640734979628954
-2.6315103348006645
-2.6220734382442044
-2.6125236263182696
-2.6029701135821783
-2.593380270853623
-2.5841234554477626
-2.57522682267163
-2.566829644610922
-2.5590752626896864
-2.552104163542587
-2.5501808330052196
-2.5460839719409245
-2.545657994508667
-2.5416321451333928
-2.5410639745018955
-2.5382552694988494
-2.5374432972600105
-2.5348812499275533
-2.534088401409058
-2.533130786599736
-2.532682753099856
-2.53236650256256
-1.8874105309465903
-1.8873739360178117
-1.8872177391740486
-1.8871670462366115
-1.886940984121084
-1.8668535754515743
-1.8664792636587053
-1.8660551669314949
-1.865873586090845
-1.8650681893909402
-1.855777125929876
-1.8543307384983942
-1.8490102490591958
-1.847985683508364
-1.845957868722516
-1.8430234022620624
-1.8416854389607338
-1.8416352022211535
-1.8365094749064463
-1.827154554473333
-1.8155954639904952
-1.8033956779972393
-1.7912696795907495
-1.3161407181354203
-1.3121986287401086
-1.3073687584935774
-1.3020400635941825
-1.2967396914077542
-1.2883985885683817
-1.2855992904349647
-1.2826882355885574
-1.278140173495508
-1.274977693822925
-1.270440565229661
-1.266139622981557
-1.2611721356540417
-1.2508282665886257
-1.2457541863654966
-1.2402231073539702
-1.234536063125412
-1.2286438528866799
-1.210577984275017
-1.2064592825085418
-1.202322584926745
-1.1981081323490064
-1.1937277877721884
-0.8000092986892529
-0.7979170035810889
-0.7968830325187632
-0.7963720794056514
-0.7963167439082882
-0.7594574120157161
-0.7519094339594282
-0.7474824730474907
-0.7454430171276124
-0.7438121816773784
-0.723592466132889
-0.7223006081115624
-0.7186274548392528
-0.7093956979844668
-0.7054405323035297
-0.69523069559987
-0.6930624041070051
-0.6902550446791657
-0.6769893348241016
-0.673779695940333
-0.6664861767180565
-0.6610479543633881
-0.6577473547691144
-0.4475304765683266
-0.44653856954426796
-0.44370766833687236
-0.4386104295977454
-0.4370205850543302
-0.4186885131335683
-0.415802243653681
-0.4111617493358922
-0.40168183284953735
-0.39928177403266335
-0.3694407990716193
-0.36673635776069186
-0.36471944940456635
-0.34074451059159633
-0.3395004823721211
-0.33408231832484225
-0.3301981782884096
-0.3267974152830991
-0.28455868576607496
-0.28297021662957206
-0.2818597387505457
-0.2808708439643082
-0.2803697487858381
-0.2196340529069497
-0.21945455416277346
-0.21926956716802337
-0.21903283881395724
-0.21891330255068828
1.5821249033196474
1.5961888203184897
1.6058473899961259
1.6106653476796582
1.6127520536462951
1.6157066115453187
1.6184294337302094
1.6238952304170666
1.6329226024379904
1.6410971751464414
1.6517463032225388
1.6587130942580426
1.6656962578609849
1.6761635954632423
1.682930683814958
1.6921066876947342
1.6999069865708982
1.707763915740902
1.7260699274001372
1.732833667411267
1.740664888562949
1.7475877920909038
1.7531121498896398
1.7623250421962255
1.7633357842197124
1.7658273914773077
1.7687379250346553
1.7728073043497565
2.016625087618696
2.0168437441289755
2.017640096823612
2.018049320251913
2.0185090309693163
2.045237396981942
2.046592338444967
2.0480082756925206
2.052327778620304
2.0529886774292265
2.0622720180467207
2.063361903006191
2.0651217383069307
2.076380113082479
2.077906671046185
2.08190300135793
2.085573138698618
2.0864748381746328
2.0982393010752163
2.09883416325089
2.1006525452814198
2.1055894008279843
2.1151110655283216
2.6194022111649846
2.6270412383444963
2.6353450055221357
2.6442160761040556
2.653537491117664
2.663230971029458
2.673045912052088
2.6828956479435786
2.692635667090484
2.7021266340322874
2.7112374466298688
2.719846959354561
2.727844607269716
2.735134361540667
2.7416159583309185
2.7471925514550364
2.7517227896708594
2.754885576195367
2.759404925427083
2.761414294588697
2.7625017648331553
2.7625069465106535
2.762764636933869
-2.6407349796289536
-2.631510334800665
-2.622073438244203
-2.6125236263182714
-2.6029701135821783
-2.5933802708536233
-2.5841234554477617
-2.5752268226716315
-2.566829644610922
-2.559075262689687
-2.552104163542586
-2.5501808330052196
-2.546083971940924
-2.5456579945086655
-2.5416321451333914
-2.5410639745018955
-2.538255269498849
-2.5374432972600096
-2.5348812499275524
-2.5340884014090577
-2.5331307865997363
-2.5326827530998566
-2.5323665025625597
-1.8874105308590736
-1.8873739361580901
-1.887217738990978
-1.8871670463738586
-1.8869409841141438
-1.8668535750696993
-1.8664792654365108
-1.8660551619898875
-1.8658735898880996
-1.8650681891376741
-1.855777125954649
-1.8543307384612047
-1.849010249273816
-1.847985683175147
-1.8459578689268121
-1.8430234020311678
-1.841685441459735
-1.8416351998811469
-1.8365094749067454
-1.8271545544733312
-1.8155954639904952
-1.8033956779972393
-1.7912696795907495
-1.3161407181341926
-1.3121986287525138
-1.3073687584199538
-1.3020400638980372
-1.2967396907630815
-1.288398576139322
-1.285599374259768
-1.2826880469565183
-1.2781405797739616
-1.2749771802271155
-1.2704409669552144
-1.2661393699322312
-1.2611722261401492
-1.2508282339367216
-1.2457542149062801
-1.2402230936872858
-1.2345360674089128
-1.2286438521570808
-1.2105779843303834
-1.2064592824521048
-1.2023225849507908
-1.198108132344147
-1.1937277877725658
-0.8000092986751332
-0.797917003386444
-0.796883036336165
-0.7963720455180576
-0.7963167741958691
-0.7594573751026469
-0.7519111483354706
-0.7474609061534507
-0.7454903829217061
-0.743782890337929
-0.7238239244838697
-0.7218830263079138
-0.7188759511840739
-0.7091785699481488
-0.7056557148011802
-0.6947101796450197
-0.693665926010588
-0.6901099596930721
-0.6769955111341542
-0.6737772027222293
-0.6664856926624604
-0.6610483397848442
-0.6577472369628945
-0.44762222372771315
-0.4463291095408392
-0.4439285112585685
-0.43791641135272025
-0.43763365051628467
-0.4181047157790035
-0.41666500798308626
-0.41074715532554423
-0.40197896469905325
-0.3990943029021521
-0.3695472551738017
-0.366473643726456
-0.3648827673493596
-0.3406055671287794
-0.33966731783247844
-0.33403071355950087
-0.3302240498518739
-0.32679198358884376
-0.28455913959473367
-0.2829679491254217
-0.28186369643214293
-0.2808670799332032
-0.28037137071869817
-0.2196340545542293
-0.21945454820468563
-0.219269574838357
-0.21903283299862109
-0.21891330500650177
1.5821249033196652
1.5961888203052734
1.605847393525078
1.6106652371824837
1.6127523818999658
1.6157060717383718
1.6184298777251471
1.6238950475148306
1.632922731241906
1.6410970205466264
1.6517466193712151
1.6587125379494756
1.665696822911048
1.6761629516431298
1.6829313503174905
1.6921062154786994
1.6999072811908147
1.7077638268279096
1.726069824599102
1.7328340348909772
1.740664089359397
1.747589201071829
1.7531106058900126
1.7623373876319417
1.763319981734549
1.7658324066746056
1.768736990318069
1.7728073526364982
2.016568408432057
2.016984040831934
2.01744839978033
2.0182628733367576
2.0184035308628387
2.0453581696026517
2.0462659583848506
2.0483471709831447
2.0518075586142848
2.053406192154545
2.0619740101126562
2.063839223660527
2.0649073304590204
2.0764133325208474
2.077869600741827
2.081915814782818
2.08556230780642
2.0864812653449363
2.098239107325824
2.0988343622472194
2.1006525200671198
2.105589401064271
2.115111065528122
2.6194022111649855
2.6270412383444905
2.635345005522137
2.644216076104043
2.653537491117661
2.6632309710294595
2.6730459120520824
2.682895647943579
2.692635667090482
2.702126634032284
2.7112374466298705
2.7198469593545624
2.727844607269715
2.735134361540665
2.7416159583309203
2.7471925514550355
2.751722789670856
2.7548855761953677
2.7594049254270754
2.7614142945886972
2.762501764833155
2.762506946510655
2.7627646369338636
-2.640734979628955
-2.6315103348006663
-2.622073438244202
-2.61252362631827
-2.602970113582179
-2.593380270853627
-2.584123455447761
-2.575226822671631
-2.566829644610922
-2.559075262689687
-2.552104163542587
-2.5501808330052196
-2.5460839719409254
-2.545657994508667
-2.541632145133392
-2.5410639745018955
-2.5382552694988494
-2.5374432972600114
-2.5348812499275524
-2.5340884014090577
-2.533130786599737
-2.5326827530998552
-2.532366502562558
-1.8874105286419787
-1.887373939720787
-1.8872177342900878
-1.8871670499108615
-1.8869409839324225
-1.8668535961432169
-1.8664791727635641
-1.8660554040378698
-1.8658734085783772
-1.865068200043262
-1.8557771254596864
-1.8543307391465937
-1.8490102461998272
-1.8479856877508278
-1.8459578663335168
-1.8430234046728837
-1.841685414086757
-1.8416352254719786
-1.8365094749039388
-1.8271545544733387
-1.8155954639904943
-1.8033956779972393
-1.7912696795907492
-1.3161407181371776
-1.3121986287161669
-1.3073687587048846
-1.3020400621032922
-1.2967396986403552
-1.2883983567667516
-1.2856001786228741
-1.2826868265247735
-1.2781423015797713
-1.2749754392258645
-1.270442012635282
-1.2661388378387588
-1.261172379124805
-1.2508281972380801
-1.245754241309734
-1.2402230835409997
-1.2345360698928378
-1.2286438518435743
-1.2105779843316327
-1.206459282455969
-1.20232258494688
-1.1981081323454266
-1.1937277877724284
-0.8000092989776357
-0.7979169944052524
-0.796883105434815
-0.7963715697889702
-0.796317189524202
-0.7594573592187125
-0.7519115051372944
-0.7474589223881113
-0.7454922682153404
-0.7437829806343738
-0.723714255739203
-0.7221150901515604
-0.7187028170493717
-0.7094028976656526
-0.7053937887231142
-0.6955430457184408
-0.6925077009899971
-0.6905403343620568
-0.6769456242563667
-0.6738156863573281
-0.6664782150067884
-0.6610507497181061
-0.6577466968406394
-0.44750493742820385
-0.44659178244661574
-0.4436450110596362
-0.43876314363792446
-0.4368907945932788
-0.4189696032789481
-0.4151984198994184
-0.41160949428318394
-0.4012735209894544
-0.3995836756912445
-0.3691278345506359
-0.3673354804521092
-0.3644160539411852
-0.34110913804736454
-0.3389944267570984
-0.33433195795632686
-0.3300697919884288
-0.3268283069819632
-0.2845508801918867
-0.28300937269104887
-0.281783897583165
-0.2809440898137696
-0.2803409728368939
-0.21963418655151923
-0.21945407232290684
-0.2192701827724343
-0.2190323763702357
-0.21891349758576623
1.5821249033196993
1.5961888202742591
1.6058474025256997
1.6106649427460273
1.6127532745238387
1.6157045620910486
1.618431153075302
1.6238944913637663
1.6329231641953408
1.6410964461348299
1.6517479811118434
1.6587098646280294
1.6656998968680417
1.6761585834596626
1.6829367407535099
1.6921010439235649
1.6999119115198662
1.7077613203760083
1.7260731165699497
1.7328275229118413
1.7406733891365902
1.7475766868828795
1.7531221169062943
1.7622693752957206
1.763406469563285
1.7658049266555074
1.7687417324436858
1.772807126239987
2.0165777127784796
2.0169534378211393
2.017486741609082
2.0182118764208052
2.0184374883665845
2.0453516380896533
2.0462783559457756
2.0483386900912905
2.0518103041071867
2.053406938895752
2.0619614875150156
2.063870502487572
2.0648871798343316
2.0764180941896435
2.077863968770594
2.0819180346793997
2.085560192123715
2.0864825497907273
2.098239053359928
2.098834418465077
2.1006525126333035
2.1055894011418874
2.1151110655280383
2.619402211164989
2.6270412383444914
2.6353450055221357
2.644216076104041
2.6535374911176657
2.6632309710294604
2.6730459120520886
2.682895647943577
2.692635667090482
2.702126634032285
2.711237446629869
2.7198469593545633
2.727844607269716
2.7351343615406667
2.7416159583309248
2.747192551455036
2.7517227896708603
2.754885576195369
2.759404925427083
2.761414294588703
2.7625017648331545
2.7625069465106575
2.762764636933866
-2.6384538235323673
-2.6291672812678235
-2.619692488646279
-2.6101310801906417
-2.6005951106315495
-2.5910396858190055
-2.581860186285724
-2.5730751523350737
-2.5648251362021197
-2.557254241592272
-2.5513507908341895
-2.5505007457000732
-2.5467819844221675
-2.544696936279273
-2.5425935105941657
-2.5400023725094645
-2.5390129346993056
-2.5370184442351316
-2.535119765031628
-2.533646893701157
-2.5334729386056787
-2.53249839224166
-2.532460349506961
-1.8874057303541152
-1.8873786692894419
-1.8872337496612113
-1.887126996060099
-1.8868967898450801
-1.8669102188280815
-1.8662272342643302
-1.8660768306681108
-1.8656224098404277
-1.8651535452078212
-1.8557990901866785
-1.8532690857970289
-1.848973532910009
-1.8469849523755677
-1.8464431734045088
-1.8432381994786
-1.841980567180859
-1.8413289919483493
-1.8346309935275196
-1.824372692542457
-1.8125754988529754
-1.8003311534117006
-1.7883278323793053
-1.3169546110408905
-1.3132800978973584
-1.308637203241281
-1.3033860543511027
-1.2980367486344895
-1.28905853225019
-1.286311082841962
-1.2834145633613219
-1.2788873281996116
-1.2758023596034151
-1.2713996449043627
-1.267271306491046
-1.2624743263120508
-1.2520317684773368
-1.2470585698818166
-1.2416024307152058
-1.2359766389806213
-1.2301349221985927
-1.2116111378536631
-1.2074880601992615
-1.203360242847389
-1.1991734158948881
-1.19484387481384
-0.8008611481114251
-0.7982993258047674
-0.797078896265892
-0.7964451280249504
-0.7963035603286024
-0.7614703825482616
-0.7535659895827523
-0.7482016650318636
-0.7457584791049789
-0.7442538392791567
-0.7234043367268493
-0.7228938400942463
-0.719095936176036
-0.7108921214687361
-0.7056983829530564
-0.6958649154780278
-0.6922969599718218
-0.6908087228740938
-0.6771411655366185
-0.6750253043439416
-0.667913951644425
-0.6622008716391656
-0.6583874555113411
-0.44722219703966304
-0.4469437802320022
-0.44327428774839767
-0.43911110939317516
-0.4365678971804998
-0.41926171495059533
-0.41413823219865586
-0.4122777615860226
-0.40067999100535096
-0.4000198756315636
-0.3688720915756922
-0.3677245909857184
-0.36430719398822914
-0.34123857747975844
-0.3388808618027011
-0.3344568187870141
-0.3302596592007093
-0.32755055243651
-0.2849152848688654
-0.2833434013505321
-0.281868508941249
-0.28098418025084193
-0.2804741495470209
-0.21968818132293008
-0.21949616895026805
-0.21931573713350888
-0.21907913595672518
-0.2189305789570843
1.578214291757853
1.5929813421204229
1.6039699152475644
1.6098571623719518
1.61234405791969
1.6152213459184779
1.6175861573875856
1.6221972134109923
1.6308184244263741
1.6391393873006141
1.6499628926315484
1.656994465847075
1.6639418799694856
1.6745318627800405
1.6812129776304325
1.6902031575957552
1.6979821655675837
1.7057875806175826
1.7243982479515636
1.7311438844132856
1.7389454525193984
1.7460104519178836
1.7518840278887209
1.7620731873311677
1.763130669874007
1.765309050462487
1.7679657711517727
1.7716399723084004
2.0166135039338977
2.016987684548347
2.017481277013406
2.018216521495718
2.0184236879205186
2.045566059530755
2.046453211763437
2.0488046125738637
2.0517746093372597
2.053378091163247
2.0620921933499607
2.0640624014722997
2.0649335059524443
2.076715634527137
2.0784228317591427
2.08288904557011
2.0859981591725782
2.0863656065207485
2.0983317397580685
2.099114870316362
2.1014769824292316
2.107572612747673
2.118024506007296
2.621245151309723
2.6290582980788053
2.6375138543492262
2.646509147231924
2.655923004950635
2.6656734570980416
2.6755107823629536
2.6853464970852983
2.695037038295746
2.7044448830165746
2.713441315884913
2.721907833166686
2.7297363597877835
2.736833947175728
2.743099263388206
2.7484308098923305
2.752662501858011
2.7553796859203916
2.7599959583297156
2.7617704483498953
2.7624448462541764
2.7626383242093846
2.7627282496925862
-2.6384538235323687
-2.6291672812678213
-2.619692488646281
-2.6101310801906408
-2.600595110631551
-2.5910396858190063
-2.581860186285724
-2.5730751523350746
-2.564825136202117
-2.557254241592269
-2.5513507908341895
-2.5505007457000737
-2.546781984422168
-2.5446969362792724
-2.542593510594166
-2.5400023725094654
-2.5390129346993064
-2.537018444235133
-2.5351197650316286
-2.533646893701157
-2.5334729386056782
-2.5324983922416595
-2.53246034950696
-1.8874057328003064
-1.8873786658439302
-1.8872337516375737
-1.8871269949712366
-1.8868967899569136
-1.8669102122819459
-1.8662273935240725
-1.8660766173819405
-1.8656224899450613
-1.8651535256443348
-1.8557990903998527
-1.8532690853763576
-1.8489735346440446
-1.846984943842288
-1.8464431811666755
-1.843238197755055
-1.841980568901499
-1.841328991226861
-1.8346309935278928
-1.8243726925424555
-1.8125754988529756
-1.8003311534117006
-1.788327832379306
-1.3169546110419557
-1.3132800978886852
-1.3086372032783136
-1.3033860542847484
-1.298036748323834
-1.2890585780842778
-1.286310868190546
-1.2834149683387197
-1.2788865512862955
-1.2758033021118664
-1.2713989409219628
-1.2672717301394323
-1.2624741858437674
-1.252031812684677
-1.2470585319796095
-1.2416024482414163
-1.2359766337071614
-1.2301349230537142
-1.2116111377987537
-1.2074880602553557
-1.203360242823399
-1.1991734158997736
-1.1948438748134547
-0.8008611479788056
-0.7982993304064909
-0.7970788629372105
-0.7964452516037902
-0.7963034655871852
-0.7614703913134019
-0.7535658506391897
-0.7482020778324929
-0.7457594122660287
-0.7442522341850212
-0.7237132441782524
-0.7224367412799049
-0.7193070234259761
-0.7107065729077177
-0.7059013534797013
-0.6952575718600681
-0.693330538796198
-0.6902818908192743
-0.6772247843235565
-0.6749547578682266
-0.667923490601822
-0.6621984981018042
-0.6583878861089055
-0.4474527749825179
-0.4466032176057524
-0.44353440495662433
-0.43863992294351706
-0.4369218285161895
-0.4187436477089646
-0.4155565486683018
-0.4111361843454428
-0.40162433501524225
-0.39927395596885873
-0.3694096844419265
-0.36683657436274036
-0.36468144033911604
-0.340820456285099
-0.33948522114826907
-0.3341210323153837
-0.330447337824617
-0.3274986046817352
-0.2849213516274163
-0.2833181510733797
-0.2819217824495061
-0.2809202319180647
-0.2805040290025073
-0.21968808786299193
-0.21949652941987108
-0.2193152749252849
-0.21907943696891494
-0.21893047314307
1.5782142917578437
1.592981342125247
1.6039699135794414
1.6098572509058933
1.612343681227876
1.6152221973861378
1.6175853563183944
1.622197538286859
1.6308182525445543
1.639139567326194
1.6499625396912494
1.6569950907302842
1.6639412434175294
1.6745326084797525
1.681212180219769
1.6902037366970333
1.6979817927842076
1.7057877079245671
1.72439828808093
1.7311436696871687
1.738945947744462
1.7460096238437106
1.751884888196167
1.7620645897371456
1.7631430142885531
1.7653039717039618
1.767966800071989
1.7716399115628294
2.0166791876104893
2.0168448956588194
2.017673110619667
2.0180184607769753
2.018507042979339
2.0454576338653774
2.0467199470270105
2.0484969446407337
2.0522825764806725
2.052994189223206
2.062313196356517
2.063660643736718
2.065142798781086
2.076695032824679
2.0784458072733076
2.08287831491414
2.0860234282674135
2.0863454123227285
2.0983318248397596
2.0991147920110835
2.101476989945615
2.1075726127008423
2.1180245060073375
2.6212451513097275
2.629058298078816
2.637513854349225
2.6465091472319195
2.655923004950635
2.665673457098046
2.6755107823629536
2.685346497085301
2.695037038295752
2.7044448830165697
2.7134413158849133
2.7219078331666875
2.72973635978778
2.7368339471757284
2.743099263388206
2.7484308098923314
2.7526625018580115
2.7553796859203916
2.7599959583297164
2.7617704483498944
2.7624448462541777
2.7626383242093846
2.7627282496925867
-2.6384538235323696
-2.6291672812678235
-2.619692488646282
-2.610131080190639
-2.600595110631549
-2.591039685819006
-2.5818601862857222
-2.5730751523350732
-2.564825136202118
-2.55725424159227
-2.551350790834189
-2.550500745700075
-2.5467819844221675
-2.5446969362792737
-2.542593510594167
-2.540002372509464
-2.5390129346993056
-2.5370184442351302
-2.535119765031628
-2.5336468937011576
-2.5334729386056787
-2.53249839224166
-2.5324603495069606
-1.8874057328761042
-1.887378665736931
-1.8872337516996591
-1.8871269949367424
-1.886896789960519
-1.8669102117434062
-1.8662274068861648
-1.8660765993966126
-1.865622496801334
-1.865153523946668
-1.855799090423613
-1.853269085326573
-1.8489735348700176
-1.8469849426818687
-1.8464431822343454
-1.8432381975018313
-1.8419805691607525
-1.8413289911167379
-1.8346309935279568
-1.824372692542455
-1.8125754988529752
-1.800331153411701
-1.7883278323793044
-1.3169546110378756
-1.3132800979319772
-1.308637202981955
-1.303386055938197
-1.298036741713196
-1.2890588086783819
-1.2863100006596302
-1.2834163154954905
-1.2788845479430344
-1.275805391375903
-1.2713976577227177
-1.2672723832186583
-1.2624740058602042
-1.2520318509753796
-1.2470585049865985
-1.2416024581102059
-1.2359766314687677
-1.2301349233027512
-1.211611137804681
-1.2074880602440916
-1.2033602428305672
-1.1991734158977911
-1.194843874813657
-0.8008611479806389
-0.798299329958593
-0.7970788675090628
-0.7964452320986548
-0.7963034809784926
-0.7614703695527425
-0.7535666467943547
-0.7481900357961108
-0.7457932641063536
-0.7442280495233804
-0.7239688019531189
-0.7219216462005603
-0.7196332893291537
-0.7105330392512149
-0.7060560209469651
-0.6947532440253079
-0.6939049463313304
-0.6901622993755677
-0.6772308200661573
-0.6749525002351339
-0.6679226202627149
-0.6621989512043529
-0.6583877750209808
-0.4475568310908895
-0.4463913667691009
-0.4437510706746251
-0.4380525656007979
-0.43742340712846245
-0.4182157602067767
-0.41639534989345584
-0.4106763646936327
-0.4019578953709553
-0.3990617631049775
-0.3695450263604146
-0.36651407731967206
-0.3648774780977094
-0.34061557355379
-0.33973534990820925
-0.33403261318487043
-0.3304985339136384
-0.327486141192735
-0.28492237031419027
-0.2833138404419599
-0.2819303123785616
-0.2809094032322713
-0.28050962374959776
-0.2196880741887847
-0.21949658205664593
-0.21931520731155715
-0.21907948111762793
-0.2189304576454645
1.57821429175783
1.5929813421352554
1.6039699097822488
1.6098574634782907
1.612342756253973
1.6152243487949527
1.6175832847670828
1.622198417333123
1.6308177423675239
1.6391401563117094
1.6499612093085534
1.6569977052606266
1.663938257635952
1.674536900167021
1.6812068259451516
1.6902087566014468
1.697977464914755
1.7057899542245119
1.7243955653571936
1.7311488973948561
1.73893906658805
1.7460178798146926
1.751877960227621
1.7621190580464616
1.7630683693447262
1.765331796139465
1.767961412015152
1.7716402043515052
2.0166637254843582
2.0168705465894483
2.0176379829104465
2.0180525010839117
2.0184979394724687
2.045456984107155
2.0467239873120344
2.048488869479185
2.052319711008299
2.0529596775191052
2.0623428435062423
2.0636133192771764
2.065163102711803
2.0766909830957507
2.0784505907020447
2.0828757445131196
2.086030531150517
2.0863395787876327
2.0983318542207
2.099114764532706
2.1014769927105736
2.1075726126815053
2.1180245060073593
2.621245151309726
2.6290582980788115
2.6375138543492236
2.6465091472319275
2.655923004950639
2.6656734570980456
2.6755107823629585
2.6853464970852947
2.6950370382957534
2.7044448830165746
2.7134413158849116
2.7219078331666857
2.729736359787779
2.7368339471757275
2.743099263388206
2.748430809892334
2.7526625018580106
2.755379685920392
2.759995958329715
2.761770448349895
2.7624448462541777
2.7626383242093886
2.762728249692584
-2.6384538235323687
-2.629167281267822
-2.619692488646279
-2.6101310801906408
-2.60059511063155
-2.591039685819007
-2.581860186285724
-2.5730751523350737
-2.56482513620212
-2.5572542415922683
-2.551350790834189
-2.5505007457000746
-2.5467819844221697
-2.5446969362792737
-2.542593510594166
-2.540002372509464
-2.5390129346993056
-2.5370184442351307
-2.5351197650316273
-2.5336468937011576
-2.5334729386056782
-2.5324983922416604
-2.5324603495069615
-1.8874057304299334
-1.8873786691824261
-1.887233749723299
-1.8871269960256056
-1.8868967898486857
-1.8669102182895696
-1.866227247661068
-1.8660768126506992
-1.8656224166943938
-1.8651535435098692
-1.8557990902104373
-1.853269085747244
-1.8489735331359813
-1.8469849512151786
-1.8464431744721503
-1.8432381992253752
-1.8419805674401104
-1.8413289918382276
-1.8346309935275837
-1.8243726925424557
-1.8125754988529776
-1.8003311534117001
-1.7883278323793037
-1.3169546110368098
-1.3132800979406491
-1.3086372029449254
-1.3033860560045547
-1.2980367420238534
-1.289058762860301
-1.2863102154329253
-1.2834159105381246
-1.2788853254797996
-1.2758044483732465
-1.2713983615541873
-1.2672719594504591
-1.2624741463122653
-1.2520318067681897
-1.2470585428885377
-1.241602440583928
-1.235976636742224
-1.2301349224476315
-1.2116111378595897
-1.207488060187997
-1.2033602428545582
-1.199173415892908
-1.194843874814042
-0.8008611481132573
-0.7982993253568675
-0.7970789008370779
-0.796445108495163
-0.7963035757452432
-0.7614703607874379
-0.7535667856446675
-0.7481896201805054
-0.745792379357424
-0.7442296093678624
-0.7238271614926303
-0.7222575972914305
-0.7193783727140887
-0.7107255950464687
-0.7058456384192578
-0.6956297448710723
-0.69270167292375
-0.69058781665648
-0.6771474186013793
-0.6750227937862413
-0.6679130831394463
-0.6622013251902883
-0.6583873444829154
-0.44743306557611157
-0.4466404803979452
-0.4434905207654792
-0.43875092007258304
-0.4368276604914372
-0.4189564267216968
-0.4150697791481814
-0.4115150542730499
-0.40128008932995185
-0.39952841534274197
-0.36913184743393573
-0.3673537569110984
-0.3644271622283258
-0.3411401117329416
-0.3390331374351519
-0.3343647447351744
-0.33030690797342765
-0.32753710860748453
-0.28491631920177274
-0.28333923465104793
-0.28187756419331833
-0.28097378353856944
-0.28047862741948737
-0.2196881676758875
-0.21949622174870717
-0.2193156694195921
-0.21907918005825996
-0.2189305634180221
1.578214291757837
1.5929813421304306
1.603969911450367
1.6098573749124534
1.612343132692902
1.6152234965131909
1.617584086805471
1.622198092575965
1.6308179142490258
1.6391399762845338
1.6499615621208965
1.656997080208431
1.6639388943394975
1.6745361538949104
1.6812076237284712
1.6902081775378113
1.6979778379197032
1.7057898270147043
1.7243955252942462
1.7311491123081761
1.738938571820059
1.7460187085311505
1.7518770990724726
1.7621289021232918
1.763054933553697
1.7653367277676149
1.7679603746471981
1.7716402650652203
2.016606364235225
2.017011711331149
2.0174520323732685
2.0182540123196415
2.0183985525479584
2.045565041034883
2.046456734925574
2.048796415501271
2.0517933072541643
2.053362987164483
2.062112908374993
2.0640107009780198
2.0649671536266077
2.0767114874664263
2.0784277062035397
2.082886473688793
2.0860044731889285
2.086360570741738
2.098331769133431
2.099114842843572
2.1014769851942354
2.107572612728339
2.1180245060073193
2.621245151309729
2.6290582980788146
2.637513854349226
2.646509147231925
2.6559230049506386
2.665673457098046
2.6755107823629602
2.6853464970852983
2.695037038295748
2.704444883016574
2.7134413158849124
2.7219078331666826
2.729736359787782
2.7368339471757226
2.743099263388204
2.7484308098923314
2.7526625018580106
2.755379685920392
2.759995958329713
2.761770448349896
2.762444846254177
2.762638324209388
2.7627282496925862
-2.636155056289728
-2.626812419944022
-2.6173060757698297
-2.6077400577559584
-2.5982294889387982
-2.588715309792967
-2.579621540884989
-2.5709569048049636
-2.562863054028574
-2.5554856848504834
-2.552533335940035
-2.5489574255850407
-2.5478926691079358
-2.543591263211666
-2.5434158338930906
-2.539835795818081
-2.5390257068164983
-2.5371063459300123
-2.534974253808791
-2.5338638512586473
-2.533259874498186
-2.53262065405672
-2.5323845034848027
-1.887423713989578
-1.8873328458696583
-1.8872803455132412
-1.8870598388117668
-1.886864049071732
-1.8668752882602813
-1.8664666287836282
-1.8656251718902717
-1.8653186406646707
-1.8653051850225444
-1.8555925795286663
-1.851963665084199
-1.8495300463806112
-1.8469941135987529
-1.8458257774858855
-1.842896946706538
-1.8423186980821256
-1.8413101827870761
-1.8323471714400819
-1.8215074495159544
-1.809528360719451
-1.7972817194053679
-1.7854425481487974
-1.3176953953082953
-1.314300404510261
-1.3098685229781273
-1.3047246142382904
-1.299357531699292
-1.2896906993505548
-1.2870146642602462
-1.284136992755244
-1.2796207522650216
-1.2766035182657163
-1.2723130367896702
-1.2683588662437426
-1.263736144020133
-1.2532062781700273
-1.2483399525445869
-1.2429639616823545
-1.2374027842927613
-1.2316144623354384
-1.2126465071307773
-1.2085169731743377
-1.2043941211917317
-1.200229763428595
-1.1959448967178674
-0.8019121916473004
-0.7987594447515666
-0.7973122759364292
-0.7965494863081226
-0.7963038951345044
-0.7633859059932073
-0.7554258450597277
-0.7491340122488808
-0.7460755109619396
-0.7446683896263915
-0.7234700358718062
-0.723167505813842
-0.7194707633498089
-0.7122009627219039
-0.7065114130162146
-0.6958760563049208
-0.692482195967683
-0.6908610251311248
-0.6773185654934558
-0.6759224691068829
-0.6692956834999323
-0.6634711972221048
-0.6591411452617938
-0.44730859426912495
-0.4467188072632864
-0.4431304735909
-0.43907930653761057
-0.436532755790588
-0.41917550290102484
-0.4141884672259203
-0.41207933504536304
-0.4005045394691446
-0.39999092558256855
-0.3687269873702738
-0.36791815836303804
-0.36426562999353934
-0.341399718474911
-0.3386454241242322
-0.3347297342431929
-0.3300099653857814
-0.3283842845070722
-0.28519770910767794
-0.2837253741634493
-0.28198529487580526
-0.2810146837118777
-0.28060601871526364
-0.2197476909296391
-0.21953913470702371
-0.21935937567195846
-0.21912972281682203
-0.21895636224508963
1.574203161203229
1.5895411083200457
1.6017250494667206
1.6088526233777274
1.6118746400255246
1.614778991272743
1.6168744060334799
1.6207360597973326
1.628766104414118
1.6371140648607587
1.6481403458767079
1.655275750241131
1.662198572083632
1.6729378864898068
1.679502949507352
1.6883230600972865
1.6960563201729002
1.7038281202008567
1.7227346277694944
1.729457206765304
1.7371899674017264
1.744384150299664
1.7505467693797916
1.761926515097428
1.762808971508754
1.7648903982767574
1.7672642220692594
1.7705781392156783
2.016642278829268
2.0170462749501747
2.017447283547705
2.0182410691092336
2.018396348698051
2.045740923953741
2.0466750890011416
2.049271838593579
2.0517381465104547
2.0533342897839657
2.062283262439741
2.0642107459552763
2.065028860535243
2.077025954878912
2.0791221766133225
2.083825967075544
2.0859590211575774
2.0864376829569777
2.0984555290139744
2.0994830517752434
2.1025496150178316
2.109845557713014
2.121078429319356
2.6231334014581025
2.631115617014458
2.639716527915996
2.6488284458177254
2.658326291350577
2.668124963868437
2.6779755407456367
2.687788242555105
2.697420697395034
2.7067373657985927
2.7156120150656546
2.7239287906437912
2.731581967894007
2.7384817352692057
2.7445244395138255
2.749601314352859
2.7535109177275516
2.755720456704569
2.760527618909254
2.7620695792196646
2.7624191973081884
2.762665022787047
2.7627251421256864
-2.636155056289725
-2.626812419944018
-2.617306075769835
-2.607740057755958
-2.5982294889387973
-2.5887153097929647
-2.5796215408849865
-2.570956904804966
-2.5628630540285675
-2.5554856848504817
-2.552533335940035
-2.548957425585044
-2.547892669107934
-2.5435912632116606
-2.543415833893092
-2.539835795818077
-2.539025706816494
-2.537106345930014
-2.5349742538088
-2.5338638512586473
-2.5332598744981856
-2.5326206540567218
-2.5323845034848
-1.8874237145239892
-1.887332843432325
-1.8872803477282323
-1.887059838410189
-1.886864049161239
-1.8668752829293167
-1.8664666453450192
-1.8656250732194273
-1.8653200501452185
-1.8653038629599792
-1.8555925796573305
-1.8519636645493116
-1.8495300476049934
-1.8469941108047536
-1.8458257801104812
-1.842896944066491
-1.8423187004857802
-1.8413101823970925
-1.8323471714401387
-1.8215074495159511
-1.8095283607194497
-1.7972817194053667
-1.7854425481487957
-1.3176953953139878
-1.3143004044577336
-1.3098685232902156
-1.304724612711636
-1.2993575371695185
-1.2896904575605612
-1.2870155845180273
-1.2841355416674265
-1.2796230056836355
-1.2766010998060975
-1.2723145635705442
-1.26835808513524
-1.263736351352013
-1.2532062395084846
-1.248339979044972
-1.2429639526205707
-1.237402786128592
-1.2316144621728693
-1.2126465071178534
-1.2085169731929108
-1.2043941211812965
-1.2002297634312886
-1.1959448967176052
-0.8019121915923689
-0.7987594470955296
-0.7973122587580718
-0.7965495357585963
-0.7963038605480406
-0.7633859114283537
-0.7554257883148568
-0.7491339176261205
-0.7460776895612492
-0.7446659373432956
-0.7238915027518984
-0.7225485791987666
-0.7197493476916872
-0.7120108026836388
-0.7066876531413878
-0.6952600327216955
-0.6935224332776458
-0.6903455498100223
-0.67746055360222
-0.6757937423688649
-0.6693091612832422
-0.6634685590190847
-0.6591415208528912
-0.4474530695343768
-0.4464706398381616
-0.4433842402642873
-0.43862053677971363
-0.43687278768512156
-0.4186782246456414
-0.4154964836906208
-0.41103825779727926
-0.4014761834393444
-0.3992084980759442
-0.36934620824509357
-0.3669807364482237
-0.3646071437378985
-0.3410683309054427
-0.3391895013913592
-0.33437071652617056
-0.33024630422454654
-0.3282807269636788
-0.2852030178867967
-0.2837078943640934
-0.2820219455571714
-0.2809585762878928
-0.28063766642313326
-0.21974762296961786
-0.21953942112187783
-0.2193589946352892
-0.21912995514245548
-0.2189562925009531
1.574203161203232
1.5895411083168136
1.6017250508672816
1.608852491738879
1.6118755162191547
1.6147761539052867
1.6168775678448137
1.6207346542471128
1.628766735288408
1.637113452611561
1.6481416265233042
1.6552732398182877
1.6622014269004917
1.6729337030425169
1.679508242478983
1.6883181987500744
1.6960603578047153
1.7038261076326382
1.7227368957483133
1.7294529660663998
1.7371951469015374
1.7443785983398918
1.7505509644436947
1.7618813911734654
1.762874204694321
1.7648632926544396
1.7672701534434454
1.7705777725661298
2.016647221319983
2.017028512257545
2.01746820679141
2.018216928644751
2.0184123869706854
2.0457472819382114
2.0466606741678373
2.0492973808929396
2.051696128494065
2.0533616655947116
2.0622576066635956
2.0642816333344456
2.064980238629496
2.0770292700351516
2.0791181350852703
2.0838296846366218
2.085951272984365
2.086442989976473
2.0984555133638314
2.099483064510244
2.1025496141006768
2.109845557717657
2.1210784293193514
2.6231334014580994
2.6311156170144594
2.639716527915996
2.648828445817724
2.658326291350577
2.6681249638684386
2.6779755407456345
2.6877882425551065
2.697420697395032
2.7067373657985923
2.715612015065656
2.7239287906437903
2.731581967894008
2.738481735269205
2.7445244395138233
2.7496013143528604
2.753510917727551
2.7557204567045703
2.7605276189092534
2.762069579219664
2.762419197308189
2.762665022787046
2.7627251421256864
-2.6361550562897205
-2.6268124199440224
-2.6173060757698345
-2.6077400577559615
-2.5982294889387973
-2.58871530979297
-2.5796215408849927
-2.570956904804957
-2.5628630540285773
-2.555485684850484
-2.552533335940035
-2.548957425585041
-2.5478926691079335
-2.5435912632116655
-2.5434158338930914
-2.539835795818081
-2.5390257068164996
-2.537106345930011
-2.5349742538087936
-2.533863851258648
-2.5332598744981922
-2.53262065405672
-2.5323845034848036
-1.8874237145838286
-1.8873328431589074
-1.887280347976974
-1.8870598383648958
-1.8868640491713777
-1.8668752820993548
-1.8664666479367251
-1.8656250576053055
-1.8653202533352158
-1.8653036736185484
-1.8555925796801382
-1.851963664450998
-1.8495300478353043
-1.8469941102669107
-1.8458257806209446
-1.8428969435400027
-1.8423187009674395
-1.8413101823182965
-1.8323471714401507
-1.8215074495159553
-1.8095283607194503
-1.7972817194053679
-1.7854425481487977
-1.3176953953146975
-1.3143004044540447
-1.3098685232900609
-1.3047246128393393
-1.2993575362235197
-1.2896905411111153
-1.2870152190130049
-1.2841362026682135
-1.2796217584443959
-1.2766026106581376
-1.2723134400713103
-1.2683587500753324
-1.2637361424374154
-1.2532062977858205
-1.2483399297146291
-1.2429639747456336
-1.2374027797183096
-1.2316144631650492
-1.2126465070641863
-1.2085169732477117
-1.204394121157833
-1.2002297634360817
-1.1959448967172288
-0.8019121915960613
-0.798759446695405
-0.7973122625161124
-0.796549523677323
-0.7963038692837715
-0.7633858968795658
-0.7554261739356489
-0.7491277463687686
-0.7461009855711002
-0.7446470586456831
-0.7241506065664018
-0.7219503521270968
-0.7201650278455382
-0.7118492159893514
-0.7068086990818897
-0.6948068305355697
-0.6940371686250272
-0.6902466648770892
-0.6774638816059563
-0.6757942593487158
-0.6693075670541566
-0.6634691378137922
-0.6591414097894442
-0.44754204897815114
-0.446274936729043
-0.44360579709053577
-0.4380201800244987
-0.4373819505420895
-0.4181238419300063
-0.4163710129217403
-0.4105616428434144
-0.40183814652240857
-0.39897436659414337
-0.36951208226904736
-0.36661733774374544
-0.3648150837034152
-0.3408963006714564
-0.33942796572335393
-0.3342483021076939
-0.3303280547887257
-0.3282495332421242
-0.28520443916995697
-0.2837031595924898
-0.28203143382374374
-0.2809423207303187
-0.280647752970021
-0.21974760670697197
-0.21953948950760308
-0.21935890354855275
-0.2191300107829549
-0.21895627582403024
1.57420316120323
1.5895411083185678
1.6017250501811608
1.60885255225126
1.6118751244413163
1.6147773871939866
1.616876221005541
1.6207352309422953
1.6287664972975229
1.6371136628187477
1.648141243576656
1.6552739188547083
1.6622007332753204
1.6729345413773515
1.6795073191600662
1.6883188773533575
1.6960599182438556
1.7038262645613294
1.7227368917546964
1.729452856999891
1.7371954461541481
1.7443781103191285
1.7505514431450226
1.7618745099673259
1.7628847311875149
1.764858423111329
1.767271258121653
1.7705776984082353
2.0167090783085446
2.016885597913536
2.0176519384195233
2.018033185587356
2.018493475117915
2.04565581635625
2.04687693803683
2.048996262339184
2.0521882750678024
2.053025233954792
2.0624308152522306
2.0639248411147
2.0651867590877133
2.0770166284988405
2.079132759772594
2.083817650137865
2.0859757475128307
2.086426206306506
2.0984555510435547
2.099483034421151
2.1025496161517636
2.1098455577084834
2.12107842931936
2.6231334014581007
2.6311156170144594
2.6397165279159975
2.6488284458177254
2.6583262913505776
2.668124963868436
2.677975540745635
2.6877882425551043
2.697420697395034
2.706737365798593
2.715612015065656
2.7239287906437912
2.731581967894008
2.7384817352692044
2.7445244395138246
2.7496013143528604
2.753510917727551
2.7557204567045686
2.7605276189092534
2.762069579219665
2.7624191973081893
2.7626650227870457
2.7627251421256878
-2.636155056289725
-2.6268124199440224
-2.617306075769832
-2.607740057755966
-2.598229488938795
-2.5887153097929625
-2.5796215408849945
-2.570956904804964
-2.5628630540285737
-2.5554856848504843
-2.5525333359400326
-2.5489574255850482
-2.5478926691079318
-2.543591263211671
-2.543415833893096
-2.539835795818084
-2.5390257068164974
-2.537106345930014
-2.534974253808794
-2.5338638512586433
-2.5332598744981825
-2.5326206540567218
-2.5323845034847974
-1.8874237140494166
-1.8873328455962584
-1.8872803457619585
-1.8870598387664699
-1.886864049081869
-1.8668752874303678
-1.8664666313754077
-1.8656251562908468
-1.8653188822691096
-1.8653049572518545
-1.8555925795514727
-1.8519636649858848
-1.8495300466109172
-1.8469941130609229
-1.8458257779963498
-1.8428969461800493
-1.8423186985637823
-1.8413101827082796
-1.8323471714400972
-1.8215074495159538
-1.8095283607194494
-1.7972817194053674
-1.7854425481487965
-1.3176953953090047
-1.3143004045065754
-1.3098685229779732
-1.304724614365997
-1.2993575307532907
-1.2896907828699473
-1.2870142985400643
-1.2841376537246518
-1.2796195038394227
-1.276605030026636
-1.2723119135741254
-1.2683595314250826
-1.2637359351355286
-1.2532063364471602
-1.2483399032146154
-1.2429639838075042
-1.2374027778824852
-1.2316144633276191
-1.21264650707711
-1.208516973229143
-1.204394121168266
-1.200229763433386
-1.1959448967174946
-0.801912191650993
-0.7987594443514381
-0.7973122796942438
-0.7965494742238837
-0.7963039038734264
-0.7633858914443562
-0.7554262306659272
-0.7491278426190771
-0.7460988683218215
-0.7446494481993228
-0.7239823222680221
-0.722404295606117
-0.7198018965165395
-0.7120419317894335
-0.7066273782549076
-0.6956803504895621
-0.6928181765122633
-0.6906823047743414
-0.6773220727813921
-0.6759227643855257
-0.6692940969587888
-0.6634717768003395
-0.6591410342477576
-0.44744352689357514
-0.4464914674408524
-0.44335363484516876
-0.4387032742768848
-0.43680194960515667
-0.4188528342957651
-0.4151056798212354
-0.4113409234608961
-0.4011839373226016
-0.3994264945959352
-0.3690883341882495
-0.36743166610423633
-0.3644012007149294
-0.34129061823521323
-0.3388357346910033
-0.3345986142199948
-0.33009220996502103
-0.32834650369357593
-0.28519914952897046
-0.2837207102422203
-0.2819952294146896
-0.281000367229717
-0.2806136299258938
-0.21974767468915002
-0.21953920327635
-0.21935928448067213
-0.21912977838275982
-0.2189563455415198
1.5742031612032255
1.5895411083217963
1.6017250487805965
1.6088526839028896
1.6118742485865176
1.6147802270514306
1.6168730568177692
1.620736636052243
1.6287658664139195
1.6371142750662468
1.6481399630597848
1.6552764294600828
1.6621978782942257
1.67293872549986
1.6795020257734907
1.6883237386354346
1.6960558803637023
1.703828277022939
1.7227346237580288
1.7294570975969374
1.7371902664670322
1.744383662116409
1.750547248408136
1.7619187422493319
1.7628202414579608
1.7648856665459642
1.7672653372091889
1.770578065110062
2.0166986606674877
2.016903361573095
2.0176292760137224
2.0180545302273423
2.018487446015281
2.0456511466273426
2.046891603384923
2.0489726731509124
2.0522564464366364
2.0529678531140707
2.0624643604403694
2.063866902692818
2.065214503172829
2.0770133520607907
2.0791367673376127
2.0838139597976735
2.085984013284495
2.086420348959985
2.0984555666945326
2.09948302168529
2.102549617068913
2.109845557703842
2.121078429319362
2.6231334014581016
2.631115617014458
2.639716527915996
2.6488284458177263
2.658326291350578
2.6681249638684372
2.677975540745635
2.687788242555105
2.697420697395034
2.706737365798593
2.7156120150656564
2.723928790643791
2.7315819678940065
2.738481735269206
2.7445244395138246
2.7496013143528604
2.7535109177275507
2.755720456704569
2.7605276189092534
2.7620695792196646
2.7624191973081884
2.762665022787045
2.762725142125687
-2.6338400818520573
-2.6244472831856833
-2.6149158806797375
-2.6053524268428547
-2.595875415106787
-2.5864092029006507
-2.5774096891068057
-2.568874319478356
-2.5609456656196006
-2.5538524133489573
-2.553645147375015
-2.549027081701227
-2.547477142182338
-2.5446211321964003
-2.542203308722823
-2.540711238174634
-2.5381490254919274
-2.5375916387001043
-2.53455816417659
-2.5342876211666607
-2.532937135474263
-2.532845162951154
-2.5323408067681155
-1.8874255667159006
-1.8873325120979363
-1.8872697825789253
-1.886996141638371
-1.886841371570681
-1.8667345517579839
-1.8666779404894878
-1.8656342111190525
-1.8651154002998536
-1.8649513920095293
-1.8551097946099708
-1.8504780520230621
-1.850099150014204
-1.8475621708073422
-1.8456196553876034
-1.8426784842566966
-1.841469789404228
-1.8414442206753703
-1.8298271182416546
-1.8185769392210926
-1.8064648975182835
-1.7942577656489462
-1.7826240595251077
-1.3183629391097758
-1.315255129026789
-1.3110559242891453
-1.3060478856454791
-1.300694563674914
-1.2902853953731814
-1.2877089393375791
-1.2848537088473588
-1.2803486934916068
-1.2773814528872995
-1.2731850109689162
-1.2694007599568533
-1.2649559076361914
-1.2543501772204182
-1.2495969005262961
-1.244306506924778
-1.2388137372505146
-1.233081722086011
-1.213684211587299
-1.2095467478199982
-1.2054253275730193
-1.2012785642592385
-1.1970324619307464
-0.8031985767784989
-0.7993199328997052
-0.7975868887636184
-0.796685354615339
-0.796324692092079
-0.7651437492249554
-0.7574159607538627
-0.7503152040671643
-0.7464435864461171
-0.7450552422909115
-0.723820419451265
-0.7231616945499858
-0.7196990874661121
-0.7134331502812511
-0.7076123398331596
-0.6958548650970576
-0.6925310240033917
-0.6910212658849659
-0.6775637596318503
-0.6764939790391287
-0.670554975044231
-0.6648349005185124
-0.6600230494910472
-0.4473902006809256
-0.44634820474847775
-0.4430709799677697
-0.4390009343176527
-0.43653004399102063
-0.4190393944620995
-0.4143152939719144
-0.41188863365615963
-0.4003000014415233
-0.3998225265117358
-0.368772413457494
-0.3678631812552953
-0.3642767479369707
-0.3414290714286936
-0.3386563240430599
-0.3347596646777171
-0.3297105909566774
-0.32914663517990217
-0.2853618294071046
-0.28413717992278836
-0.28215119379506093
-0.2810597264458578
-0.280720992632271
-0.21981219563818008
-0.21958446131647488
-0.2194008173201445
-0.2191821711165604
-0.21899041613422893
1.5701122191529826
1.5859103841555249
1.5991212061226514
1.607595053790138
1.6113248695212605
1.6143603332408387
1.6162657622190253
1.6195094127658143
1.6268245282728564
1.6350343100308653
1.6462756993135583
1.6535417709941107
1.6604706359604384
1.671367568606007
1.677820516226322
1.686454765145504
1.6941421970107888
1.7018777286773887
1.7210896827478845
1.7277653421574717
1.7354275149969218
1.742697599338988
1.7491250148026758
1.7617226243588702
1.7625870509611086
1.7644815812841346
1.7666408955223234
1.7696179753940382
2.016729578468584
2.0169411063708287
2.0176152158371354
2.018058803735119
2.0184776784356933
2.045825968245426
2.047126216062718
2.0493773407881073
2.052211481333152
2.0529710135357804
2.062680294324824
2.0640887515273434
2.0653012773822534
2.077380987760177
2.07994188380402
2.084593557491089
2.0857186267831964
2.0865231449573756
2.0986190650266785
2.0999675841718846
2.103911131141641
2.1123718921911783
2.124244420811015
2.625065836418202
2.6332117094661496
2.6419512250953634
2.6511719254170885
2.6607451426165007
2.670583210701597
2.6804379154263054
2.690218688361631
2.6997845738362862
2.7090021684093553
2.7177477979994373
2.725908237038837
2.733379907167448
2.7400762476327913
2.7458895872038873
2.7507002648598653
2.7542567880409443
2.755892649912335
2.7610002377978358
2.762312845746237
2.762445898047073
2.762586328159811
2.762765694564705
-2.6338400818520586
-2.6244472831856873
-2.6149158806797375
-2.6053524268428516
-2.5958754151067835
-2.58640920290066
-2.577409689106798
-2.568874319478357
-2.5609456656196072
-2.5538524133489555
-2.5536451473750135
-2.5490270817012317
-2.5474771421823355
-2.5446211321963994
-2.5422033087228253
-2.540711238174634
-2.5381490254919252
-2.5375916387001087
-2.5345581641765893
-2.5342876211666634
-2.5329371354742647
-2.5328451629511544
-2.5323408067681052
-1.8874255670474047
-1.887332510784944
-1.8872697837214083
-1.8869961413909642
-1.8868413716571029
-1.8667345227073442
-1.866677973837776
-1.8656341927183238
-1.865115442215292
-1.8649513641816569
-1.8551097947068749
-1.8504780478585432
-1.8500991549416934
-1.8475621692188355
-1.8456196564397682
-1.8426784833337657
-1.8414698046830464
-1.8414442060114358
-1.8298271182416652
-1.818576939221095
-1.8064648975182853
-1.7942577656489487
-1.782624059525106
-1.3183629391098106
-1.3152551290232721
-1.311055924329951
-1.3060478853532402
-1.300694565021186
-1.2902852668955922
-1.2877094813467127
-1.284852749021962
-1.2803505152996044
-1.2773792222545608
-1.2731866944576689
-1.2693997621769872
-1.2649562090483215
-1.2543501018693461
-1.2495969638048086
-1.2443064793081617
-1.238813744971197
-1.2330817209433518
-1.2136842116390476
-1.2095467477673272
-1.2054253275955151
-1.2012785642546406
-1.1970324619311088
-0.8031985767570468
-0.7993199340630172
-0.7975868795875719
-0.7966853782907394
-0.7963246764224284
-0.7651437529914353
-0.7574159355151692
-0.7503150278552065
-0.7464459991953273
-0.7450526013340856
-0.7241616660822263
-0.7225675944363824
-0.7200619918647144
-0.7132149530108303
-0.7077747365567599
-0.6952474358525864
-0.6936092616639573
-0.6904683378537054
-0.6777716960480272
-0.6762967498433743
-0.670575524940179
-0.6648315759743771
-0.6600234120850492
-0.44747566910677594
-0.44615272368412645
-0.443329662019613
-0.43853785237617166
-0.43687441760242113
-0.41853945320091246
-0.41553100189740877
-0.4109572925468137
-0.40125083532309974
-0.39904765076081333
-0.36935308629829544
-0.36696905435800026
-0.36461306905917185
-0.3411065550948186
-0.33919229882730517
-0.3343955133393491
-0.33011068606999
-0.32888400225077846
-0.285367538369454
-0.2841228942625233
-0.28217700255033606
-0.28101151117106116
-0.28075199471923906
-0.2198121456992929
-0.21958469112107082
-0.21940049202794093
-0.21918236886040288
-0.21899036381656733
1.5701122191529844
1.5859103841548798
1.5991212063777562
1.6075950189525186
1.6113252337043626
1.6143586912222436
1.6162678605146146
1.6195084208509531
1.6268248700854646
1.635034061110052
1.6462761053063257
1.6535410552361316
1.6604713683567442
1.6713666515044023
1.6778215553991254
1.6864539970272325
1.6941426912682176
1.701877550422341
1.721089716607798
1.727765379415669
1.7354273412323091
1.7426978877528387
1.7491247469588573
1.7617287234492165
1.7625776817473595
1.7644860317667646
1.7666397300549972
1.7696180631383012
2.0166758476188975
2.017086536933896
2.017435758399367
2.0182297204279767
2.018394503053605
2.0458956854634964
2.0469476458484106
2.0496862068025616
2.051692190644067
2.0533067014110826
2.062528277184514
2.0643940521679442
2.0651299001963617
2.077389111594472
2.0799315369043896
2.0846140628253256
2.085690841152009
2.0865343543132933
2.0986190482685014
2.0999675953433243
2.103911130627699
2.112371892193003
2.1242444208110136
2.625065836418202
2.6332117094661482
2.6419512250953625
2.651171925417087
2.6607451426164994
2.6705832107015985
2.680437915426305
2.69021868836163
2.6997845738362867
2.709002168409357
2.717747797999439
2.7259082370388366
2.7333799071674467
2.740076247632794
2.745889587203889
2.7507002648598635
2.7542567880409425
2.7558926499123353
2.761000237797835
2.7623128457462376
2.7624458980470736
2.762586328159811
2.762765694564705
-2.6338400818520586
-2.6244472831856887
-2.614915880679738
-2.605352426842851
-2.595875415106782
-2.5864092029006525
-2.577409689106804
-2.568874319478358
-2.5609456656196103
-2.553852413348957
-2.553645147375014
-2.549027081701225
-2.547477142182341
-2.5446211321963963
-2.542203308722825
-2.5407112381746373
-2.538149025491929
-2.5375916387001003
-2.5345581641765835
-2.5342876211666647
-2.532937135474262
-2.532845162951154
-2.5323408067681177
-1.8874255671147726
-1.8873325105177845
-1.8872697839540609
-1.886996141340401
-1.8868413716748
-1.8667345152893178
-1.8666779823568236
-1.8656341879754934
-1.8651154530673923
-1.8649513569671443
-1.8551097947341186
-1.850478046648543
-1.8500991563770366
-1.8475621687483936
-1.8456196567551408
-1.8426784830523533
-1.8414698093693869
-1.8414442015132102
-1.8298271182416685
-1.8185769392210929
-1.8064648975182849
-1.794257765648949
-1.7826240595251077
-1.3183629391179554
-1.3152551289579881
-1.3110559246645654
-1.3060478839320218
-1.3006945695163616
-1.290285011377614
-1.2877104496904999
-1.2848512157133045
-1.2803529716102746
-1.2773765211461183
-1.2731884502097226
-1.2693988548877446
-1.2649564417090304
-1.2543500645596797
-1.2495969882834634
-1.2443064717663774
-1.2388137462035975
-1.2330817208940024
-1.213684211619366
-1.2095467477930197
-1.2054253275818732
-1.2012785642580535
-1.197032461930781
-0.8031985767594578
-0.7993199337819987
-0.7975868823472533
-0.7966853704286627
-0.796324681824314
-0.7651437419369564
-0.75741613902747
-0.7503120032974471
-0.7464613124498402
-0.7450389504133507
-0.724391696828187
-0.7218964599778669
-0.720594964334148
-0.7130463118139609
-0.7078775829786427
-0.6948872665328552
-0.6940254069249123
-0.690385603867823
-0.6777678397197417
-0.6763047876470195
-0.6705724997019953
-0.6648323935699788
-0.6600232920602507
-0.4475419713473903
-0.4459654849852455
-0.4435698981058709
-0.43777589687273216
-0.43754105354645595
-0.4178986177749639
-0.4164916285996935
-0.4104798813382819
-0.40162746400012933
-0.39879918302618533
-0.36953394791357475
-0.3665615472652642
-0.36485136200181656
-0.3409045010070021
-0.3394741902152468
-0.33424534332726114
-0.3302452741576524
-0.3288135711864979
-0.28536960918117876
-0.28411765311271664
-0.282186220839664
-0.2809912676866307
-0.28076619739718023
-0.2198121280272778
-0.2195847722748184
-0.21940037701850962
-0.21918243888389216
-0.218990345320682
1.5701122191529884
1.58591038415382
1.599121206847101
1.6075949498592434
1.6113259818607462
1.614355230846544
1.6162723690658667
1.6195062148311306
1.6268256886117163
1.6350334086947045
1.6462773249393872
1.6535386849595555
1.6604740554031103
1.6713626073858898
1.6778267606376827
1.686449298702389
1.6941464533963462
1.701875748350804
1.7210916170310873
1.7277619065196492
1.7354313064808375
1.7426940733813447
1.7491273193233838
1.7616925570283297
1.7626330719789194
1.7644601444596602
1.7666460393443417
1.7696176195239075
2.0166786702222854
2.0170752220346784
2.017448550227923
2.0182172429852394
2.018402680885589
2.0459045944084844
2.046926444304457
2.0497331541274564
2.0516229162244377
2.0533445106887838
2.0624988007992093
2.064481235575706
2.065068502736642
2.077391764910523
2.079927971632286
2.0846220307278878
2.0856800221336274
2.0865386211985943
2.0986190400660543
2.099967600937194
2.1039111303530422
2.1123718921941204
2.124244420811012
2.6250658364182033
2.6332117094661496
2.6419512250953616
2.651171925417085
2.660745142616502
2.670583210701598
2.6804379154263045
2.6902186883616284
2.6997845738362867
2.7090021684093566
2.717747797999438
2.7259082370388366
2.733379907167447
2.740076247632792
2.745889587203889
2.750700264859863
2.7542567880409448
2.7558926499123353
2.761000237797835
2.7623128457462363
2.7624458980470736
2.7625863281598115
2.7627656945647043
-2.6338400818520644
-2.6244472831856824
-2.6149158806797415
-2.605352426842856
-2.5958754151067835
-2.5864092029006582
-2.5774096891068012
-2.5688743194783594
-2.5609456656196024
-2.5538524133489577
-2.5536451473750144
-2.5490270817012313
-2.5474771421823412
-2.5446211321963994
-2.542203308722819
-2.540711238174634
-2.5381490254919283
-2.537591638700101
-2.534558164176591
-2.5342876211666683
-2.5329371354742607
-2.532845162951156
-2.532340806768115
-1.887425566783272
-1.887332511830788
-1.8872697828115685
-1.8869961415878123
-1.8868413715883754
-1.8667345443485988
-1.8666779489999104
-1.865634206376552
-1.8651154111549388
-1.8649513847916739
-1.8551097946372173
-1.850478050813093
-1.8500991514495129
-1.8475621703368994
-1.8456196557029771
-1.8426784839752808
-1.8414697940959346
-1.8414442161717763
-1.829827118241661
-1.818576939221095
-1.8064648975182864
-1.794257765648949
-1.7826240595251053
-1.3183629391179201
-1.315255128961504
-1.3110559246237588
-1.3060478842242609
-1.3006945681700939
-1.2902851399078152
-1.28770990801072
-1.2848521755856044
-1.2803511517802098
-1.2773787503322243
-1.2731867662593996
-1.269399852221561
-1.2649561402446652
-1.2543501399109938
-1.2495969250044692
-1.2443064993828936
-1.2388137384829052
-1.2330817220366617
-1.213684211567615
-1.20954674784569
-1.205425327559375
-1.2012785642626482
-1.197032461930416
-0.8031985767809124
-0.7993199326186847
-0.7975868915232225
-0.7966853467527106
-0.7963246974945988
-0.7651437381704465
-0.757416164263548
-0.7503121802461713
-0.7464589479337025
-0.7450415426012232
-0.7242163113895539
-0.7224842064861584
-0.7200790887843055
-0.7132635074107048
-0.7077102711810617
-0.6956986564353813
-0.692820129386135
-0.6908610191886664
-0.6775576342983741
-0.6765042265026016
-0.6705519794802428
-0.6648357197794341
-0.6600229295163064
-0.44747261273646066
-0.44616290009503584
-0.4433095514932628
-0.4385996690184064
-0.43681987806462597
-0.41869022645724835
-0.415212015236516
-0.4111952168708046
-0.4010069828537768
-0.399231695522352
-0.36913761628282005
-0.36735544712511603
-0.36443093818817945
-0.34130071502111925
-0.33888213551002455
-0.3345999098421785
-0.32990374936226396
-0.3290095758603485
-0.28536393321145986
-0.2841319608448127
-0.2821606949683537
-0.2810430842399302
-0.28073125608325095
-0.21981217798275343
-0.21958454265617847
-0.21940070223057473
-0.21918224103848913
-0.2189903976174857
1.5701122191529857
1.5859103841544662
1.5991212065919955
1.6075949846932824
1.61132561735626
1.614356867209978
1.6162702752364355
1.619507208199462
1.626825346836251
1.6350336576240223
1.6462769188216335
1.6535394005319148
1.6604733231738176
1.6713635237191247
1.6778257219098716
1.6864500669203262
1.694145959409078
1.7018759267156727
1.7210915831646754
1.7277618693197914
1.735431480328643
1.7426937850016697
1.7491275870388578
1.761687075963072
1.7626419578279149
1.764455571522657
1.7666471926475347
1.7696175316990939
2.0167351818020522
2.016931034823888
2.017627273975402
2.018048016951095
2.018480875216895
2.045833079937759
2.0471044022686518
2.0494168902509586
2.052115319196417
2.053045482236893
2.062643181756086
2.064156202864904
2.0652672833437555
2.0773836245127755
2.0799383298661316
2.084601232855922
2.0857079013375963
2.0865276165277664
2.0986190568241225
2.099967589765874
2.103911130866986
2.1123718921922925
2.1242444208110136
2.625065836418204
2.6332117094661496
2.6419512250953616
2.6511719254170862
2.660745142616499
2.6705832107015968
2.680437915426306
2.6902186883616297
2.6997845738362862
2.709002168409357
2.717747797999438
2.725908237038838
2.7333799071674467
2.7400762476327936
2.7458895872038873
2.750700264859863
2.7542567880409443
2.7558926499123357
2.7610002377978367
2.7623128457462363
2.762445898047074
2.7625863281598115
2.762765694564705
