-2.5989544882224145
-2.59008148172254
-2.5810033390997043
-2.571788539565928
-2.562514892307162
-2.55327601415995
-2.544198576794373
-2.5343215155310808
-2.525466465812868
-2.517007969601486
-2.5090742068718472
-2.5042803631218282
-2.501765409472292
-2.4989017409525975
-2.4952431596427167
-2.493736230496385
-2.4897939473547557
-2.4892101906415114
-2.4864679906796865
-2.483198319798047
-2.481232077182351
-2.4809838821120898
-2.479072430338105
-2.4787837473512977
-2.477729896097778
-2.4776771136169917
-1.7646612960603791
-1.7643059776378849
-1.763489215461427
-1.7634467037072081
-1.7632874075299914
-1.762962202429859
-1.7628969707591287
-1.7369709338228845
-1.7364401470871347
-1.7352972552258852
-1.734524501241973
-1.7321472404396059
-1.726029815384663
-1.7229484929716217
-1.7133595450354473
-1.713111077785166
-1.7116971307478632
-1.7109036425777822
-1.7102633499952302
-1.6986580267666276
-1.6973193501658852
-1.6928098063799912
-1.684452388045558
-1.6735984704664129
-1.6620030947813689
-1.6506757953844486
-1.168343213237233
-1.1680508373099678
-1.1665109438034684
-1.1626512338562769
-1.1569369151402202
-1.1496606540495182
-1.1411774536136037
-1.126388698803238
-1.1187199192250297
-1.1103771250143541
-1.102086178281153
-1.094388600886565
-1.0824764032588636
-1.075771461287975
-1.0700802677880326
-1.0653213572229878
-1.0609546099160503
-1.05641733756432
-1.0512289155620473
-1.010159146081448
-1.0081128525365046
-1.005859616132862
-1.0034657516040157
-1.0011056968214977
-0.9989408579659361
-0.9969810522183311
-0.6088134343147074
-0.6079249493497078
-0.6071830086736221
-0.6048124755313592
-0.6039434772143912
-0.6017279364381197
-0.6009052111313635
-0.5477165182754087
-0.5454777478015286
-0.5385334096450375
-0.5332630599309875
-0.5318038909496526
-0.4967224447787306
-0.4945840061248911
-0.4782532728556709
-0.47105042727541074
-0.46676150533225397
-0.4544430036516148
-0.4498637494508622
-0.4380357437522972
-0.4297440448672891
-0.41772284135412296
-0.4111486018049775
-0.4078996122930922
-0.398431470524893
-0.39620661859622214
-0.21411397823853806
-0.21361773985071308
-0.2105349024606668
-0.20886491322465742
-0.2077281230829992
-0.1904019330671046
-0.18963107874909543
-0.18070929113178846
-0.1788558888249178
-0.1756649540698359
-0.17429639853788376
-0.1723525032125104
-0.12555077375277185
-0.12548022739507314
-0.1230831786801352
-0.12289181662465601
-0.12178430021849743
-0.12109998345968724
-0.12027012269769506
1.6102667745574266
1.622259995929113
1.6347418648946195
1.6472528739938215
1.6593170937039563
1.6706765534083126
1.680711665903687
1.691701511274415
1.6996943224307977
1.7069243619625736
1.7136666972153327
1.7201654478156125
1.7317531347572512
1.737590781171884
1.7442679002812724
1.7508391205119938
1.7576848907863034
1.7648372915188026
1.772119221825485
1.9391266498015498
1.9402198327545581
1.9408009542407845
1.943361999146554
1.9442173986406786
1.9468079734136114
1.9473317471315421
2.002940644720272
2.0041965181977273
2.0088837495489464
2.0112523977313246
2.0156185146105976
2.024286700017597
2.027935643770068
2.0357042870845183
2.040200566298293
2.0444652556197243
2.0493955995488244
2.051415687342071
2.0696903799877147
2.0703267870961883
2.0734098183738663
2.0744747568940336
2.0760753022915615
2.0791082962892244
2.0848807796984934
2.591445349288358
2.5980405388559538
2.6051993434683434
2.6128967116840336
2.6210780739892865
2.629655587535663
2.638504651825421
2.6501112489854304
2.6598354783215217
2.669589686400119
2.6792332703193895
2.6886263302919615
2.6976442494240365
2.7061398468611486
2.7140227401965147
2.7211331736703195
2.727347067623697
2.732446799913968
2.7359334915923115
2.7425290230920853
2.7453093751591164
2.746417070293515
2.747119264409372
2.7472817638395504
2.747973632378389
2.7479819812056374
-2.5989544882224145
-2.5900814817225406
-2.581003339099706
-2.571788539565931
-2.5625148923071634
-2.55327601415995
-2.544198576794372
-2.5343215155310816
-2.5254664658128667
-2.517007969601485
-2.5090742068718463
-2.504280363121828
-2.501765409472292
-2.498901740952597
-2.495243159642716
-2.493736230496383
-2.4897939473547566
-2.4892101906415123
-2.4864679906796865
-2.4831983197980465
-2.4812320771823506
-2.4809838821120906
-2.479072430338106
-2.4787837473512964
-2.4777298960977783
-2.4776771136169913
-1.7646612941789488
-1.7643059869605364
-1.7634866251832175
-1.763450202484158
-1.7632862576852029
-1.7629628067950518
-1.7628966002987239
-1.7369709186734437
-1.7364401857447358
-1.735297190511407
-1.7345245497323984
-1.7321472318792301
-1.7260298189767922
-1.7229484894468545
-1.7133604957652715
-1.7131097919123799
-1.7116979646060484
-1.7109029114997365
-1.710263583619144
-1.6986580266095774
-1.6973193502760469
-1.6928098063746655
-1.6844523880456237
-1.6735984704664137
-1.6620030947813698
-1.6506757953844475
-1.1683432132374105
-1.1680508373097247
-1.1665109438035604
-1.1626512338562347
-1.1569369151402413
-1.149660654049506
-1.1411774536136017
-1.126388698803305
-1.118719919224782
-1.110377125014877
-1.1020861782803497
-1.0943886008872996
-1.0824764032584049
-1.07577146128721
-1.0700802677917227
-1.0653213572173257
-1.0609546099202403
-1.0564173375628627
-1.0512289155622356
-1.010159146081549
-1.0081128525361507
-1.0058596161333857
-1.0034657516035914
-1.0011056968217076
-0.9989408579658751
-0.9969810522183358
-0.6087801039601486
-0.6080625480044495
-0.6069977324313229
-0.605079781958695
-0.6036802907738589
-0.6018598098715766
-0.6008502138237215
-0.5477444528788875
-0.5454188958576666
-0.5386471632378433
-0.5328321583080652
-0.5321558610410639
-0.4963912809598886
-0.49499327718489167
-0.47751313714820975
-0.4727544554003548
-0.46515660537761944
-0.455831287227305
-0.44876416945804515
-0.4384890971730366
-0.4294854133211799
-0.4178940608701535
-0.41093743192984916
-0.40802308253044467
-0.3984173732133797
-0.39621277797689497
-0.21406161224809345
-0.21369329898053496
-0.21042074562660615
-0.20903467184589972
-0.20764797513081976
-0.19046118630900102
-0.18956387385047152
-0.18079449976049763
-0.17871884664964768
-0.1758009182568115
-0.17420712572886207
-0.17236695016616732
-0.12554478882534675
-0.1254866928886396
-0.12306800594521088
-0.12290887504983414
-0.12178043700203395
-0.12110169129001624
-0.1202699117243584
1.6102667745574244
1.622259995929113
1.634741864894617
1.6472528739938237
1.6593170937038928
1.6706765534089834
1.6807116658990626
1.691701511314683
1.6996943222350942
1.7069243625462471
1.7136666961184184
1.720165448981583
1.7317531328082862
1.7375907840429612
1.7442678978771298
1.7508391219298707
1.7576848902452396
1.764837291645059
1.7721192218111679
1.93914247709365
1.9401242062156148
1.9409167040564623
1.9432377442204312
1.9443267786812823
1.94675772313551
1.947360921703949
2.002988086776174
2.004103553127134
2.009168279119179
2.0108933922338026
2.015796773750107
2.0240810761380716
2.028164173402061
2.0354839242047027
2.0404904116786793
2.0442395097037047
2.0495489247943026
2.0513364931711275
2.069783358651832
2.0702094627404004
2.073497800371276
2.074397334968406
2.0760906426640253
2.0791077053295597
2.0848807823188675
2.5914453492883607
2.598040538855958
2.6051993434683394
2.612896711684036
2.6210780739892914
2.6296555875356575
2.6385046518254223
2.6501112489854255
2.6598354783215217
2.669589686400123
2.679233270319392
2.688626330291964
2.697644249424034
2.7061398468611504
2.714022740196515
2.721133173670311
2.7273470676237035
2.7324467999139643
2.735933491592316
2.7425290230920845
2.7453093751591187
2.746417070293522
2.747119264409373
2.7472817638395495
2.74797363237839
2.747981981205637
-2.5989544882224163
-2.5900814817225384
-2.581003339099706
-2.57178853956593
-2.562514892307164
-2.553276014159948
-2.544198576794372
-2.5343215155310816
-2.525466465812869
-2.517007969601486
-2.509074206871847
-2.504280363121828
-2.5017654094722914
-2.4989017409525993
-2.4952431596427163
-2.493736230496385
-2.4897939473547552
-2.489210190641511
-2.4864679906796874
-2.483198319798047
-2.4812320771823515
-2.48098388211209
-2.479072430338105
-2.4787837473512964
-2.477729896097778
-2.4776771136169917
-1.7646613003337444
-1.7643059557384912
-1.7634944319339592
-1.7634390528693036
-1.7632904748853842
-1.762960558043504
-1.7628979997819672
-1.7369708480101733
-1.7364403577606837
-1.7352969285052953
-1.7345247346940789
-1.7321472042540438
-1.7260298271516803
-1.7229484825310557
-1.7133617313772656
-1.713108131676703
-1.7116989914160983
-1.7109020383872713
-1.7102638566451391
-1.6986580264917719
-1.6973193503543986
-1.692809806371524
-1.6844523880456514
-1.6735984704664126
-1.6620030947813687
-1.6506757953844502
-1.1683432132373222
-1.168050837309851
-1.166510943803505
-1.1626512338562702
-1.1569369151402102
-1.14966065404954
-1.1411774536135684
-1.1263886988033873
-1.1187199192246482
-1.1103771250149281
-1.1020861782806162
-1.0943886008866623
-1.082476403260462
-1.075771461282254
-1.0700802677988668
-1.0653213572112938
-1.060954609922843
-1.0564173375624448
-1.0512289155622305
-1.0101591460815411
-1.008112852536243
-1.0058596161331268
-1.0034657516039176
-1.0011056968214735
-0.9989408579659712
-0.9969810522183207
-0.6087519872253663
-0.6081455344990724
-0.6068793268722701
-0.6052286739687673
-0.6035401807554792
-0.6019426475425211
-0.6008221258440597
-0.5477465021454373
-0.5454155494004628
-0.5386478888324367
-0.5328544137533201
-0.5321335907438239
-0.4965008584127191
-0.49485728469387613
-0.47784245711053447
-0.47204852196707814
-0.46586359926831156
-0.45510477033424623
-0.449361062723349
-0.43819032141430864
-0.4296679116277853
-0.4177592640555287
-0.41111382055983964
-0.40791682742151075
-0.398430308168689
-0.39620703257719647
-0.21416157388688245
-0.21354064374847267
-0.2106582989236524
-0.20863796515940788
-0.2078629866171295
-0.19029312467219117
-0.18975177034922244
-0.18055454795023584
-0.17908516192616813
-0.17541608788506638
-0.17447986023015147
-0.1723296828677727
-0.12556380984733426
-0.12546578192064167
-0.12311780823818577
-0.12285122201968374
-0.12179624917360744
-0.12109474058009274
-0.12027079128353527
1.6102667745574215
1.622259995929115
1.6347418648946181
1.647252873993826
1.6593170937038721
1.6706765534092478
1.6807116658970584
1.6917015113339193
1.6996943221349172
1.7069243628637687
1.7136666954876534
1.720165449688167
1.7317531315140045
1.737590786038033
1.7442678961184546
1.750839123020445
1.7576848898068624
1.7648372917530502
1.7721192217982205
1.9393171376409126
1.939659838796417
1.941650052074514
1.9424090405951013
1.9449480264460661
1.9463524617594237
1.9475300114968521
2.002745511359476
2.0046637338428486
2.007998632052584
2.012520764870801
2.014788086835359
2.0250100885810145
2.0272126947625413
2.036218982105078
2.0396333607965964
2.04482209437431
2.049167857872786
2.051514810505194
2.0696278643704087
2.0704109212602884
2.0733432027941587
2.0745305495604964
2.0760630217406377
2.079108715628336
2.084880778128108
2.5914453492883642
2.5980405388559564
2.60519934346834
2.6128967116840327
2.6210780739892896
2.6296555875356615
2.6385046518254245
2.6501112489854317
2.659835478321521
2.6695896864001196
2.679233270319397
2.688626330291963
2.6976442494240365
2.706139846861151
2.714022740196518
2.721133173670317
2.7273470676237
2.732446799913966
2.735933491592311
2.742529023092086
2.745309375159119
2.746417070293519
2.7471192644093683
2.7472817638395535
2.747973632378389
2.747981981205641
-2.5989544882224127
-2.590081481722541
-2.5810033390997047
-2.5717885395659303
-2.5625148923071634
-2.5532760141599504
-2.5441985767943716
-2.5343215155310803
-2.525466465812867
-2.517007969601485
-2.5090742068718486
-2.504280363121828
-2.5017654094722905
-2.498901740952599
-2.495243159642717
-2.4937362304963844
-2.4897939473547543
-2.4892101906415123
-2.4864679906796865
-2.4831983197980474
-2.4812320771823515
-2.4809838821120906
-2.4790724303381064
-2.478783747351297
-2.4777298960977774
-2.4776771136169904
-1.7646613022150162
-1.7643059464144304
-1.7634961527119521
-1.7634363489327336
-1.763291696497975
-1.762959932182731
-1.7628983946315533
-1.73697086316692
-1.7364403191040843
-1.7352969932370186
-1.7345246861784123
-1.7321472128141058
-1.726029823559561
-1.722948486055812
-1.713360792569752
-1.7131094060656382
-1.7116981583818207
-1.710902768591059
-1.7102636226331096
-1.6986580266488225
-1.6973193502442376
-1.6928098063768486
-1.684452388045583
-1.6735984704664135
-1.6620030947813662
-1.6506757953844489
-1.168343213237148
-1.1680508373100913
-1.1665109438034134
-1.162651233856309
-1.1569369151401863
-1.149660654049553
-1.1411774536135706
-1.1263886988033183
-1.118719919224898
-1.1103771250144019
-1.1020861782814166
-1.0943886008859292
-1.082476403260921
-1.0757714612830176
-1.0700802677951786
-1.0653213572169593
-1.0609546099186553
-1.0564173375638997
-1.0512289155620396
-1.0101591460814376
-1.008112852536602
-1.0058596161326059
-1.0034657516043437
-1.0011056968212644
-0.9989408579660313
-0.9969810522183135
-0.6087904862983313
-0.6080241254222265
-0.607054058405227
-0.6049953107246392
-0.6037674595383428
-0.6018079485706216
-0.6008710995776521
-0.5477186468323831
-0.545474345575644
-0.5385340665456505
-0.5332738421337442
-0.5317931385427683
-0.4967949012449748
-0.49448436109743893
-0.478491984274321
-0.4698563124098164
-0.46798923665731135
-0.4533896962913463
-0.45082904656957945
-0.43774305439796807
-0.4299360062139997
-0.41758521453532943
-0.41131924963410277
-0.40780355590323136
-0.3984443853482945
-0.39620092917269945
-0.21419396857287187
-0.2134829842889045
-0.210748836048201
-0.20838023015795598
-0.20805680045301114
-0.1901715027248271
-0.18988120970325198
-0.18042896229290478
-0.17925246608088496
-0.17520451781295102
-0.17465370960305251
-0.17231651637482384
-0.1255675115238602
-0.1254615974215183
-0.12312726861752397
-0.12283978293637852
-0.1218001596157147
-0.12109307958694496
-0.12027100346419006
1.6102667745574264
1.622259995929113
1.634741864894616
1.6472528739938195
1.6593170937039314
1.6706765534085768
1.6807116659016894
1.6917015112936475
1.6996943223306196
1.7069243622800954
1.7136666965845648
1.720165448522197
1.731753133462964
1.7375907831669613
1.7442678985225926
1.750839121602571
1.7576848903479236
1.7648372916267907
1.7721192218125437
1.9392764371703362
1.9397295582784708
1.9415220147015775
1.9425425035706891
1.9448791772866871
1.9464006263866707
1.9475162514372368
2.0027179955752055
2.0047567282219685
2.007834082771224
2.012927849655985
2.0144288789968043
2.025407624432321
2.0267963393285493
2.0365095593147613
2.039301185535967
2.045024500007842
2.0490168295286497
2.0515760118761226
2.069571850483257
2.0704932304581996
2.073268219296336
2.0745941600998385
2.076046545067031
2.0791093052608773
2.084880775507711
2.59144534928836
2.5980405388559564
2.6051993434683407
2.6128967116840336
2.62107807398929
2.6296555875356615
2.6385046518254236
2.6501112489854264
2.6598354783215195
2.6695896864001174
2.6792332703193904
2.688626330291964
2.6976442494240365
2.7061398468611513
2.7140227401965125
2.7211331736703195
2.727347067623702
2.7324467999139674
2.735933491592309
2.7425290230920814
2.7453093751591178
2.746417070293517
2.747119264409372
2.7472817638395512
2.747973632378387
2.747981981205639
-2.5967589631506325
-2.5878286253731257
-2.5787096040161037
-2.5694723308321623
-2.560197748585546
-2.550985333851119
-2.5419763827808097
-2.5320771119285053
-2.5233098909215723
-2.514969973712476
-2.507190374906625
-2.5056197517253023
-2.5002067896986726
-2.500089763688988
-2.494958783388075
-2.4937875131920166
-2.490268174530515
-2.48863557999878
-2.486701453753294
-2.482921873509182
-2.481866123184738
-2.480345412611467
-2.479532942948233
-2.4783990048636397
-2.477920635114206
-2.477582085989452
-1.7646037444478637
-1.7641778893718671
-1.7634667944048386
-1.7634155750391485
-1.7632380631202087
-1.7630084847393335
-1.7628710052648469
-1.736886856064912
-1.7365494140754794
-1.734908203517006
-1.7347787031707649
-1.7309958570621689
-1.7249371489310126
-1.7228855418176579
-1.713588288444555
-1.7125673596278965
-1.712017372642439
-1.7105160803876531
-1.7104393299480893
-1.6984557330691428
-1.6966285955895068
-1.691091570004737
-1.6818849896384618
-1.670722267890224
-1.6591148774287927
-1.647974124643129
-1.168460281270032
-1.1677207142066626
-1.167118839874739
-1.163802204859194
-1.1585226312641772
-1.1516029906581424
-1.1433942698194146
-1.1280864713275838
-1.1207338554686828
-1.1124824519806544
-1.104121510005783
-1.0962348051816317
-1.0843284210496806
-1.0773390834287166
-1.0713916571824948
-1.0664528813307035
-1.0620403019337776
-1.0575959391801188
-1.0526061298937517
-1.0106571001362223
-1.008638697570271
-1.006440042648084
-1.0040691012138179
-1.0016818408543484
-0.999460085313174
-0.9974577079810941
-0.6094463163546645
-0.6079710562627758
-0.6075031785168006
-0.6052098654908136
-0.6041771749854171
-0.6016927478695605
-0.601129236906763
-0.5478255592741301
-0.5464190861001703
-0.5395225501349113
-0.533649890987828
-0.5318905389998393
-0.49727133129909507
-0.49470913817088125
-0.47994159519219876
-0.471846449358097
-0.4672878310860598
-0.4555785392088905
-0.45023562358460884
-0.43896327960725845
-0.43215441503383023
-0.4189063824311105
-0.4122633663879253
-0.4085081540179439
-0.39895467367971815
-0.3967667250402543
-0.21403541305621987
-0.2135867113937152
-0.21052096280027335
-0.20882497091414978
-0.2077232877672783
-0.19034806316550001
-0.1896172849557861
-0.18052174816072286
-0.1784523673010034
-0.17550131884953274
-0.1740475292854173
-0.17166219381807027
-0.12554033286671482
-0.12544400493629798
-0.12311017066455918
-0.12272719031030092
-0.12161824322261736
-0.12091867788951192
-0.11999199480863518
1.6073932275138076
1.6191991537196477
1.631600242400372
1.6441485448406299
1.6563680998676278
1.6679725180995928
1.6783246272449992
1.689556525360594
1.6977779792822625
1.7051756080156648
1.712016337289722
1.7185485999214196
1.7303217608686134
1.7361100336777888
1.7426739436452439
1.7491688837508472
1.7559505266549607
1.763045990691259
1.7702842408615125
1.9393176246879409
1.9397474838248063
1.9415286986243727
1.9425208170998314
1.9448716815571727
1.9462853429015865
1.9474321231778557
2.002956107483205
2.00499914183138
2.0079833753258653
2.013039940394482
2.0144402684925105
2.0256421542941356
2.0269006428429805
2.037105645832621
2.0399050263670873
2.045633499938797
2.049478426851497
2.051813344707425
2.0696864858223445
2.0705680974661367
2.073509845317833
2.0747829177333177
2.0764967316909457
2.0801895343039862
2.0869307498418683
2.593040910677033
2.5997779180845066
2.607074788817536
2.614899516735786
2.6231895171003417
2.631848120774662
2.6407408877943004
2.6525319026055465
2.6622766854213458
2.6720164599647553
2.681610420175337
2.6909193867314465
2.6998213256087027
2.7081686007464882
2.715876213577985
2.722777080811414
2.728738509148328
2.7335010794684855
2.736436424790958
2.7433157168482034
2.745850447411091
2.746298149213751
2.747048864508953
2.747421788683318
2.7478530444239797
2.7480569741349736
-2.5967589631506343
-2.5878286253731275
-2.5787096040161015
-2.5694723308321548
-2.5601977485855483
-2.550985333851123
-2.5419763827808115
-2.5320771119285044
-2.5233098909215697
-2.5149699737124793
-2.507190374906628
-2.505619751725301
-2.500206789698679
-2.5000897636889863
-2.49495878338807
-2.493787513192014
-2.490268174530508
-2.488635579998778
-2.4867014537532888
-2.4829218735091843
-2.48186612318474
-2.480345412611461
-2.4795329429482265
-2.4783990048636433
-2.4779206351142062
-2.477582085989436
-1.7646037396530927
-1.7641779272819962
-1.7634583323880384
-1.763426951750217
-1.7632337729595715
-1.7630104331528547
-1.7628703992019346
-1.7368869232076
-1.736549302289263
-1.7349088046035699
-1.7347781389127448
-1.7309958674169441
-1.724937139313562
-1.7228855508743717
-1.7135880632127651
-1.7125684459582164
-1.7120162268297692
-1.7105184504930862
-1.710437242554977
-1.6984557331168375
-1.6966285955641867
-1.691091570005518
-1.6818849896384571
-1.6707222678902232
-1.6591148774287914
-1.6479741246431323
-1.1684602812701614
-1.167720714206194
-1.167118839875144
-1.1638022048591026
-1.1585226312642427
-1.15160299065809
-1.1433942698194586
-1.1280864713274952
-1.120733855468825
-1.112482451980611
-1.1041215100055242
-1.0962348051822184
-1.0843284210479955
-1.0773390834325718
-1.07139165717705
-1.0664528813353313
-1.0620403019317401
-1.0575959391804448
-1.0526061298937668
-1.010657100136249
-1.0086386975701582
-1.006440042648294
-1.0040691012136187
-1.0016818408544579
-0.9994600853131405
-0.9974577079810965
-0.6094337454127117
-0.6081223532484472
-0.6072776591019649
-0.6054537397227351
-0.6039572132204458
-0.6018325699883761
-0.60105228216054
-0.5478806103066216
-0.5463293129435242
-0.5396301142931343
-0.5333372954957131
-0.5321347074298041
-0.4969518441109864
-0.4951313226987994
-0.4792473322419852
-0.4734789513621885
-0.46558700866678854
-0.4570455555188711
-0.44908152927227113
-0.4395665013873188
-0.43182464711691465
-0.41906015231560273
-0.4120950800543077
-0.4085985454228128
-0.39894238064646736
-0.3967722518425546
-0.21397083965015046
-0.21367546597037668
-0.21040443494393585
-0.2090004101232741
-0.20763880768246418
-0.190411115420496
-0.18954640349860583
-0.18060207320553295
-0.17831089883597542
-0.17564314505047865
-0.17396619612985523
-0.17167206111799607
-0.12553334838144675
-0.125451759299251
-0.12309964219592148
-0.12274025180117891
-0.12161278055452726
-0.1209211019917887
-0.11999173031273148
1.6073932275138103
1.6191991537196442
1.6316002424003726
1.6441485448406283
1.6563680998676444
1.6679725180994078
1.678324627246443
1.6895565253465163
1.6977779793580048
1.7051756077662956
1.7120163378024669
1.7185485993339473
1.7303217620160443
1.7361100318451959
1.742673945296442
1.749168882721954
1.7559505270683324
1.7630459905898543
1.7702842408735733
1.939163754922791
1.940246581701734
1.9408013319252473
1.9433331918618062
1.9442075831290013
1.9466932046519796
1.94725811127778
2.0031688052931123
2.004451429621684
2.0089920281466256
2.011426590609729
2.015573614546075
2.0246098565566024
2.027929726834003
2.0364157397358533
2.04071326425289
2.0450996820167933
2.049888100858858
2.051626786031499
2.069784113706614
2.0704365191530867
2.0736072295409906
2.074707759634536
2.076510748871642
2.080189202660454
2.086930750870595
2.593040910677034
2.5997779180845058
2.6070747888175365
2.614899516735787
2.6231895171003434
2.631848120774662
2.6407408877943
2.6525319026055487
2.6622766854213458
2.672016459964754
2.6816104201753355
2.6909193867314456
2.699821325608702
2.7081686007464887
2.7158762135779857
2.7227770808114147
2.7287385091483287
2.7335010794684864
2.736436424790958
2.743315716848202
2.7458504474110903
2.746298149213751
2.7470488645089493
2.7474217886833188
2.7478530444239797
2.748056974134973
-2.596758963150638
-2.5878286253731253
-2.578709604016105
-2.5694723308321596
-2.5601977485855487
-2.5509853338511213
-2.5419763827808106
-2.5320771119285097
-2.523309890921568
-2.514969973712475
-2.5071903749066267
-2.5056197517253027
-2.5002067896986686
-2.500089763688987
-2.4949587833880753
-2.4937875131920113
-2.4902681745305153
-2.4886355799987787
-2.486701453753294
-2.482921873509182
-2.4818661231847403
-2.4803454126114635
-2.4795329429482296
-2.478399004863638
-2.477920635114206
-2.4775820859894413
-1.7646037378043855
-1.7641779415454926
-1.7634532893085675
-1.7634329950031364
-1.7632322792184594
-1.7630111229520304
-1.762870190555566
-1.7368869126569824
-1.736549320588895
-1.734908687348008
-1.7347782504006024
-1.730995864580932
-1.7249371431782374
-1.7228855468190383
-1.7135882165546652
-1.7125676755373231
-1.7120170576775111
-1.710516636635358
-1.7104388437157803
-1.6984557330583472
-1.6966285955975624
-1.691091570004224
-1.6818849896384716
-1.670722267890223
-1.6591148774287923
-1.6479741246431319
-1.1684602812703604
-1.1677207142055048
-1.1671188398757066
-1.1638022048589995
-1.1585226312642825
-1.151602990658076
-1.1433942698194586
-1.1280864713275778
-1.120733855468554
-1.1124824519811363
-1.104121510004782
-1.0962348051828608
-1.0843284210476511
-1.0773390834318528
-1.0713916571801656
-1.0664528813305294
-1.0620403019354065
-1.057595939179117
-1.0526061298939424
-1.0106571001362665
-1.0086386975701214
-1.0064400426482774
-1.004069101213708
-1.001681840854372
-0.9994600853131833
-0.9974577079810897
-0.6094246478489629
-0.6081935162881578
-0.6071485967672742
-0.6055953517666874
-0.6038410205209169
-0.6019090883943748
-0.6010173366986303
-0.5478841967969753
-0.5463243247575663
-0.5396309588897474
-0.5333508279768303
-0.5321210734142555
-0.4970530636874026
-0.4949962091166953
-0.47953869477145783
-0.472825791635701
-0.4663353116248179
-0.45628561049213046
-0.44970552877017456
-0.43917986955573396
-0.43204627611362784
-0.41894263377223667
-0.41223127106768204
-0.40852290523609586
-0.3989533678950101
-0.3967672321221977
-0.21407838720158104
-0.2135202950208685
-0.21061776826239056
-0.20865050975768876
-0.2078257074627986
-0.1902734570099738
-0.18969940162468618
-0.18043593617381623
-0.17859162813837448
-0.17535681833712533
-0.17413911625337547
-0.1716528260644389
-0.12554655008875182
-0.12543698500792005
-0.12312052866790317
-0.12271411772153078
-0.12162401350672206
-0.12091614424301879
-0.11999227562354231
1.6073932275138103
1.6191991537196426
1.631600242400373
1.6441485448406308
1.6563680998675991
1.667972518099864
1.6783246272432193
1.6895565253750506
1.697777979214811
1.705175608209814
1.7120163369395427
1.718548600272677
1.7303217603431276
1.7361100344010247
1.742673943105829
1.749168884021499
1.755950526572245
1.7630459907052187
1.7702842408605806
1.939177334283567
1.940161530345259
1.9409027822229485
1.9432306415992706
1.9442978774753688
1.9466536426934458
1.9472799505643887
2.003220594430748
2.004348363613074
2.0092920982510867
2.011049078473278
2.0157565645891666
2.0244054035751766
2.028146931271849
2.0362116708243523
2.0409956811332015
2.044872804602363
2.0500737993666323
2.0515216450723477
2.0698578895669106
2.070344188702325
2.073667893841838
2.0746587060374027
2.0765188881993093
2.0801889961148947
2.0869307515617854
2.5930409106770336
2.599777918084503
2.607074788817538
2.6148995167357887
2.6231895171003425
2.631848120774663
2.6407408877942986
2.6525319026055487
2.6622766854213444
2.6720164599647536
2.6816104201753364
2.6909193867314456
2.699821325608702
2.708168600746488
2.7158762135779875
2.7227770808114147
2.7287385091483274
2.733501079468487
2.7364364247909574
2.7433157168482025
2.745850447411089
2.746298149213751
2.7470488645089515
2.7474217886833197
2.74785304442398
2.7480569741349723
-2.5967589631506316
-2.587828625373125
-2.5787096040161
-2.569472330832159
-2.5601977485855465
-2.5509853338511252
-2.5419763827808084
-2.532077111928509
-2.5233098909215665
-2.5149699737124744
-2.507190374906629
-2.5056197517253067
-2.5002067896986695
-2.5000897636889885
-2.4949587833880718
-2.493787513192017
-2.4902681745305104
-2.488635579998779
-2.4867014537532945
-2.482921873509189
-2.4818661231847403
-2.4803454126114657
-2.479532942948229
-2.4783990048636464
-2.4779206351142045
-2.477582085989449
-1.7646037425992693
-1.7641779036391179
-1.7634642107827099
-1.7634192213577418
-1.7632365183918601
-1.7630091666473866
-1.7628707929699419
-1.7368868455080095
-1.7365494323803505
-1.7349080852394332
-1.7347788156816526
-1.7309958542261763
-1.72493715279566
-1.7228855377623562
-1.7135884416488814
-1.7125665865668276
-1.7120182060738247
-1.710514164188543
-1.710441033644359
-1.6984557330106547
-1.696628595622886
-1.6910915700034437
-1.6818849896384793
-1.6707222678902238
-1.6591148774287943
-1.647974124643131
-1.1684602812702336
-1.1677207142059751
-1.1671188398752994
-1.1638022048590935
-1.1585226312642185
-1.1516029906581242
-1.1433942698194135
-1.1280864713276666
-1.1207338554684116
-1.112482451981178
-1.1041215100050388
-1.0962348051822728
-1.0843284210493398
-1.0773390834279986
-1.0713916571856101
-1.0664528813259033
-1.0620403019374407
-1.0575959391787884
-1.0526061298939324
-1.0106571001362414
-1.008638697570242
-1.0064400426480666
-1.004069101213904
-1.0016818408542623
-0.9994600853132134
-0.9974577079810854
-0.6094376888730132
-0.6080814372700559
-0.6073468935820967
-0.6053694703962408
-0.6040355418911012
-0.6017769064279977
-0.6010816333760961
-0.5478295302193241
-0.546413742358091
-0.5395233317089135
-0.5336593301629639
-0.5318810317457332
-0.49734308297270635
-0.49460213554648835
-0.4801688894173375
-0.4707561445003315
-0.4684590788841281
-0.4545994292842674
-0.45113106097262595
-0.4385783510303306
-0.4324003881329351
-0.4187868494971629
-0.4123980205797535
-0.4084373460862058
-0.3989656417177794
-0.39676174934734487
-0.21411577217415487
-0.2134567745896798
-0.21071247369055937
-0.2084070379886123
-0.2080019952119515
-0.19016171921203504
-0.1898188661963783
-0.18033529131765888
-0.1787426306115813
-0.1751895833797135
-0.17425633746622096
-0.17164336930710447
-0.12555187021685074
-0.12543089205821945
-0.1231298922668887
-0.12270213647800934
-0.12162951465380206
-0.12091376836292705
-0.11999254098448146
1.6073932275138074
1.619199153719645
1.6316002424003713
1.6441485448406339
1.656368099867584
1.66797251810005
1.6783246272417849
1.6895565253891265
1.6977779791390695
1.7051756084591803
1.712016336426798
1.7185486008601525
1.7303217591956968
1.7361100362336226
1.7426739414546306
1.7491688850503873
1.7559505261588755
1.7630459908066245
1.7702842408485167
1.9393538503317325
1.9396864953441852
1.9416360314988468
1.9424098893390664
1.9449302107137696
1.9462444184891647
1.9474428758707072
2.002986822667689
2.004894563599217
2.0081647631158246
2.0126031451490656
2.014818171195538
2.0252458167708447
2.0273083413839355
2.036837869516006
2.0402236724969818
2.045423296245842
2.04965150176536
2.0517386202641252
2.0697363472890635
2.070498643722768
2.073564973114078
2.074740159614409
2.076505150485662
2.0801893278950385
2.08693075053306
2.5930409106770305
2.599777918084503
2.6070747888175374
2.614899516735789
2.623189517100341
2.6318481207746616
2.6407408877942995
2.6525319026055487
2.6622766854213467
2.6720164599647553
2.6816104201753377
2.690919386731446
2.699821325608704
2.7081686007464882
2.7158762135779857
2.7227770808114142
2.728738509148328
2.7335010794684873
2.7364364247909583
2.743315716848202
2.7458504474110903
2.7462981492137515
2.7470488645089515
2.7474217886833188
2.7478530444239806
2.7480569741349723
-2.5945476423511367
-2.5855639443152025
-2.576408429043216
-2.56715370679672
-2.557884316285808
-2.548706858480229
-2.5397822287213394
-2.5298519326301903
-2.521179966604656
-2.51296680730375
-2.5069638698528194
-2.5053552877207976
-2.5015329041338132
-2.4984863554822097
-2.4961795803895286
-2.4923848069435848
-2.4913820766324113
-2.4876130240276995
-2.4873584680104224
-2.4824865307008253
-2.4823397519180874
-2.4800507042478035
-2.4797605837399836
-2.4781802414623555
-2.478085587017742
-2.4775596344229993
-1.7645229012399568
-1.7640396211694565
-1.7634855204663378
-1.763365298391417
-1.7631928534298693
-1.7630091566277968
-1.7628706630052846
-1.7367157241470508
-1.7366892869076977
-1.7351990761889222
-1.7340812939311905
-1.7297591720701753
-1.7240003309449283
-1.7230638201030108
-1.713657043939059
-1.712496504664122
-1.7118791733899195
-1.7106866466491608
-1.710266675615494
-1.698188122031836
-1.6957016719100255
-1.689097692609813
-1.679201951989156
-1.6678208819163003
-1.6562567136121442
-1.6453447516142048
-1.1684460183674212
-1.1677701502063185
-1.1671199261433562
-1.1648328489243787
-1.1600067772086426
-1.1534630544267033
-1.1455508122655638
-1.1296542516651353
-1.1226937531232504
-1.1145816687619585
-1.106187339448161
-1.098136511842504
-1.086244474568634
-1.078979509561832
-1.072764323965311
-1.0676179054424324
-1.0631239755910407
-1.0587388907829132
-1.053927533431459
-1.011157212955332
-1.00915335529031
-1.0070084813097218
-1.004671339804508
-1.0022690007115664
-0.9999937148791823
-0.9979415157043787
-0.6105347226213623
-0.608029048481974
-0.6077113011745973
-0.605661091215757
-0.604353985795855
-0.6016265034124271
-0.6013542394103117
-0.5480195271868382
-0.5470752921220494
-0.5403214751046703
-0.5345615364559487
-0.5318359984754879
-0.49808914979755375
-0.4950085953023956
-0.481495853645102
-0.4728216070170275
-0.46763013870143616
-0.45685649634581393
-0.45067576427477685
-0.43967405667676973
-0.4342754158528683
-0.4199230475090427
-0.4135903400037251
-0.40909728225092795
-0.39951757728320214
-0.3973322104145762
-0.21394147715071085
-0.21354402873424902
-0.21053520013096794
-0.20875614265755782
-0.20773065544660507
-0.19027734349513564
-0.18958892440610658
-0.1802760009846048
-0.1780596730226804
-0.17543120236953155
-0.17363869319211914
-0.1709657133487725
-0.1255270720642102
-0.12538261867632183
-0.12310402029660597
-0.12252243947996366
-0.12145092866914306
-0.12072504908256904
-0.11965760393912361
1.60458116346204
1.6161757561744272
1.6284680437940817
1.641023562901207
1.653369846474017
1.6651970613498475
1.6758553316606344
1.6873479275155607
1.695809358545417
1.7033912341753858
1.7103476571895635
1.7169289403220265
1.7288954569625807
1.7346446964822968
1.7411008837009436
1.74751642134021
1.754231328248642
1.7612683669545737
1.7684576866345745
1.9393767171233183
1.939702663375732
1.941615622785039
1.9424085930143438
1.944916293345647
1.9461199656431658
1.947346531059972
2.0032310994300486
2.0051429490741848
2.0083183176073787
2.0126807429044393
2.014849456071535
2.0254666279593105
2.0273968049026316
2.0374723894963007
2.040828356111257
2.046033302598365
2.050024873861603
2.0519039408596305
2.0698576402640927
2.070613459590856
2.0737942152718825
2.0750068965594233
2.0770838184675093
2.0815059207854847
2.089203112673633
2.594671948671728
2.6015504155307947
2.60898337557144
2.6169315680913927
2.625324177755248
2.634055502000658
2.6429808799308456
2.6549609184468377
2.6647175915740533
2.674434111089148
2.6839697362595767
2.6931861658464467
2.70196425523033
2.71015536787732
2.717680494961956
2.7243626978382527
2.730056610525425
2.7344451536513454
2.7367522543549256
2.7440414400039934
2.746240396869681
2.7463503463635885
2.7468149232425887
2.747665560254939
2.7476933265288084
2.7480789246650303
-2.594547642351136
-2.585563944315198
-2.5764084290432154
-2.5671537067967147
-2.557884316285805
-2.548706858480223
-2.5397822287213425
-2.529851932630188
-2.521179966604654
-2.512966807303752
-2.5069638698528154
-2.505355287720795
-2.501532904133815
-2.4984863554822136
-2.4961795803895273
-2.492384806943595
-2.491382076632411
-2.4876130240277012
-2.4873584680104206
-2.4824865307008257
-2.4823397519180816
-2.4800507042478124
-2.4797605837399797
-2.478180241462355
-2.478085587017741
-2.4775596344229927
-1.7645229031692407
-1.7640395967697131
-1.7634864518347224
-1.7633632421409575
-1.7631947252896363
-1.7630081590308515
-1.7628709360950532
-1.7367157922418759
-1.7366892158353915
-1.7351990832041118
-1.7340812891156732
-1.7297591735623523
-1.7240003240231698
-1.723063827195437
-1.713656957192841
-1.7124969731969086
-1.7118786088310443
-1.7106870069919244
-1.71026649714721
-1.6981881220539785
-1.695701671900294
-1.6890976926101384
-1.679201951989152
-1.6678208819162998
-1.6562567136121513
-1.6453447516142057
-1.1684460183668992
-1.1677701502080178
-1.1671199261419112
-1.1648328489247086
-1.1600067772085594
-1.1534630544267255
-1.1455508122655698
-1.1296542516650327
-1.1226937531235692
-1.1145816687614043
-1.1061873394488777
-1.098136511841919
-1.0862444745689053
-1.0789795095624786
-1.0727643239627207
-1.0676179054464583
-1.063123975587857
-1.058738890784134
-1.053927533431287
-1.011157212955319
-1.0091533552903575
-1.0070084813096591
-1.0046713398045566
-1.0022690007115411
-0.9999937148791903
-0.997941515704377
-0.6105318956675418
-0.6081842621856839
-0.6074656910640664
-0.605872773140703
-0.6041842542046977
-0.6018005329338524
-0.6012314675152983
-0.548116451192228
-0.5469364045801799
-0.540440125767133
-0.5343465403100732
-0.5319793552328229
-0.4977931282335949
-0.49543272931814475
-0.48081004999249904
-0.47436149834286667
-0.465851290499953
-0.4584281616475744
-0.44948807246165606
-0.4404538614413372
-0.433837324041296
-0.4200720154290424
-0.4134463485312117
-0.4091641157449398
-0.3995067668244324
-0.3973371402299993
-0.2138681802538536
-0.21364003446785032
-0.21043474615476568
-0.20891330762860322
-0.2076500492365024
-0.19033249025551652
-0.18952778845419244
-0.1803376041522841
-0.17794318917194007
-0.17553700650453197
-0.1735894394313052
-0.17097121938322687
-0.12552328039600463
-0.12538706769016045
-0.12309848417198531
-0.12252995178749898
-0.12144666983506679
-0.12072683410498998
-0.11965744406638941
1.6045811634620395
1.616175756174425
1.6284680437940808
1.641023562901201
1.6533698464740476
1.6651970613495362
1.6758553316628595
1.6873479274955148
1.6958093586490008
1.703391233842639
1.71034765785994
1.7169289395744978
1.728895458387691
1.7346446942218459
1.7411008856887815
1.7475164201510651
1.754231328703393
1.7612683668490672
1.768457686646389
1.9393455638233155
1.939754302910572
1.9415286083085332
1.942497792901855
1.9448673281307856
1.9461543406459307
1.9473384501110285
2.003197755886779
2.005259120709753
2.0081208169383014
2.013140059942812
2.0144591587447334
2.0258559448683933
2.0270023881251342
2.0377181100029946
2.040522639779151
2.0462577490516214
2.049822107188706
2.0519939785938375
2.069815784902637
2.0706691859211626
2.0737569929755053
2.0750330611010277
2.0770799696513818
2.081505987130645
2.089203112490186
2.594671948671731
2.601550415530795
2.608983375571437
2.616931568091391
2.625324177755246
2.6340555020006584
2.642980879930845
2.6549609184468403
2.6647175915740524
2.674434111089148
2.6839697362595767
2.6931861658464453
2.701964255230332
2.710155367877322
2.7176804949619564
2.7243626978382522
2.730056610525426
2.7344451536513463
2.736752254354925
2.744041440003992
2.7462403968696805
2.746350346363589
2.7468149232425896
2.747665560254938
2.7476933265288084
2.7480789246650303
-2.5945476423511376
-2.5855639443152034
-2.5764084290432123
-2.5671537067967196
-2.557884316285809
-2.5487068584802235
-2.5397822287213367
-2.529851932630188
-2.5211799666046533
-2.512966807303752
-2.5069638698528185
-2.5053552877208003
-2.5015329041338137
-2.498486355482211
-2.4961795803895335
-2.492384806943583
-2.49138207663241
-2.487613024027701
-2.4873584680104237
-2.4824865307008253
-2.4823397519180843
-2.480050704247805
-2.4797605837399805
-2.4781802414623555
-2.478085587017737
-2.4775596344229958
-1.7645228987020345
-1.7640396546794108
-1.7634841341515175
-1.7633682939137745
-1.7631901059458697
-1.7630106763326243
-1.7628702506046297
-1.7367163783719248
-1.7366886062108529
-1.7351991324821532
-1.7340812597468658
-1.7297591795496439
-1.724000305261945
-1.7230638454143623
-1.7136568158068757
-1.7124976985905922
-1.7118777566550782
-1.7106875253309493
-1.7102662451050523
-1.698188122073532
-1.6957016718924973
-1.6890976926103372
-1.6792019519891492
-1.667820881916301
-1.65625671361215
-1.6453447516142035
-1.1684460183673195
-1.1677701502065623
-1.1671199261432186
-1.164832848924349
-1.1600067772087006
-1.1534630544266395
-1.1455508122656246
-1.1296542516649268
-1.1226937531237229
-1.1145816687613659
-1.1061873394486155
-1.0981365118424724
-1.086244474567483
-1.078979509565533
-1.0727643239585192
-1.0676179054500412
-1.0631239755862354
-1.0587388907844006
-1.0539275334312974
-1.011157212955274
-1.0091533552905112
-1.0070084813094167
-1.004671339804771
-1.0022690007114186
-0.9999937148792326
-0.9979415157043698
-0.6105299521546965
-0.6082460258621809
-0.6073342029098867
-0.6060036149658079
-0.604093180116623
-0.6018761901508489
-0.6011877055023206
-0.5481219063629955
-0.5469293630000749
-0.5404410544162029
-0.5343543340385566
-0.5319714715477052
-0.49788263498498536
-0.49530191435859483
-0.48108541296845486
-0.4737551481416823
-0.4666481845016378
-0.4576176239159504
-0.45012727163377186
-0.4399692164057737
-0.4341167303775245
-0.41996144634677834
-0.4135589509456276
-0.4091097739604002
-0.39951615637273574
-0.39733279059052784
-0.2139885218696972
-0.21347397047794162
-0.21062461660054557
-0.20858735141230725
-0.2078342293533869
-0.19021047570397745
-0.18966170743675284
-0.18021085887760777
-0.1781732914409615
-0.1753295176641037
-0.1736899950081239
-0.17096051897385048
-0.12552930420011058
-0.12537998596063815
-0.12310725368812518
-0.12251806382731692
-0.12145339407092699
-0.12072403712908453
-0.11965769345169386
1.6045811634620395
1.6161757561744288
1.628468043794081
1.641023562901202
1.6533698464740607
1.665197061349405
1.675855331663887
1.6873479274853218
1.6958093587055056
1.7033912336496373
1.7103476582708557
1.7169289390921187
1.7288954593958135
1.7346446925515768
1.7411008872308338
1.7475164191831187
1.7542313290926395
1.7612683667538747
1.768457686657644
1.9391888786798
1.9402521662910155
1.9408060922914216
1.9432999939974105
1.9441970606006724
1.9465687430897967
1.9471734406851748
2.0034000082220254
2.004720385093697
2.0090958832181176
2.011589141022918
2.0155375972302547
2.0249075724547465
2.0279329662583554
2.0371242962828853
2.0412542726229055
2.0457303827701137
2.0502781364023477
2.0517773803693276
2.0698921230176603
2.070569939439491
2.073818997359735
2.0749897795146195
2.0770860744037045
2.0815058867736194
2.0892031127449666
2.594671948671729
2.601550415530794
2.6089833755714387
2.616931568091392
2.6253241777552456
2.6340555020006584
2.642980879930845
2.65496091844684
2.664717591574053
2.67443411108915
2.6839697362595776
2.6931861658464453
2.7019642552303313
2.7101553678773214
2.7176804949619555
2.7243626978382527
2.7300566105254247
2.7344451536513446
2.736752254354925
2.744041440003991
2.74624039686968
2.746350346363588
2.746814923242588
2.7476655602549376
2.747693326528808
2.748078924665031
-2.5945476423511398
-2.5855639443152003
-2.5764084290432203
-2.567153706796719
-2.5578843162858087
-2.548706858480222
-2.5397822287213425
-2.529851932630191
-2.521179966604653
-2.5129668073037523
-2.50696386985282
-2.5053552877207994
-2.5015329041338172
-2.4984863554822128
-2.4961795803895317
-2.492384806943582
-2.491382076632409
-2.487613024027703
-2.4873584680104255
-2.4824865307008266
-2.4823397519180825
-2.4800507042478035
-2.4797605837399765
-2.4781802414623546
-2.478085587017746
-2.477559634422996
-1.7645228967726414
-1.7640396790660438
-1.7634831428801891
-1.7633703477178355
-1.7631882682048883
-1.7630116966505487
-1.7628699830376635
-1.736716313283453
-1.7366886742770138
-1.735199125467046
-1.7340812645620953
-1.7297591780574648
-1.7240003121839693
-1.7230638383216712
-1.7136569025963666
-1.7124972310860287
-1.7118783203139336
-1.7106871651670152
-1.710266423223023
-1.6981881220513868
-1.6957016719022278
-1.6890976926100112
-1.6792019519891541
-1.6678208819162983
-1.6562567136121513
-1.6453447516142052
-1.1684460183678385
-1.1677701502048672
-1.1671199261446648
-1.1648328489240163
-1.1600067772087788
-1.1534630544266198
-1.1455508122656206
-1.1296542516650314
-1.1226937531234062
-1.1145816687619234
-1.106187339447898
-1.098136511843057
-1.0862444745672148
-1.0789795095648853
-1.0727643239611104
-1.0676179054460178
-1.0631239755894262
-1.0587388907831807
-1.053927533431471
-1.0111572129552868
-1.0091533552904668
-1.007008481309481
-1.004671339804722
-1.0022690007114445
-0.9999937148792251
-0.9979415157043708
-0.6105327956978098
-0.60814276350611
-0.6075431296428191
-0.6057929034034797
-0.6042495796067735
-0.6017350470498278
-0.6012746681560144
-0.5480264029691774
-0.5470668704162407
-0.5403223234089535
-0.5345684278879796
-0.5318290560731883
-0.4981571153567038
-0.494897179967541
-0.4817197675714572
-0.47191053688392753
-0.4686696314661003
-0.4559300159441587
-0.4515085673896214
-0.43916450311746963
-0.4346166520663596
-0.4198104690572736
-0.41370379607094504
-0.409045208339899
-0.39952695085096834
-0.39732789463120477
-0.21402661455288893
-0.2134113898219839
-0.21070929558798443
-0.20835075231802885
-0.2080118226098465
-0.19011835318482853
-0.18975975742710352
-0.1801387324546024
-0.1782913216924308
-0.1752235787655263
-0.1737483051935427
-0.1709551310549481
-0.12553275978208048
-0.12537587138475853
-0.12311260878314582
-0.12251069264407262
-0.12145767361361262
-0.12072227273414715
-0.11965785354191684
1.604581163462039
1.6161757561744279
1.6284680437940802
1.641023562901206
1.6533698464740316
1.665197061349715
1.675855331661658
1.6873479275053678
1.6958093586019198
1.7033912339823836
1.7103476576004775
1.7169289398396443
1.7288954579707025
1.7346446948120227
1.7411008852429943
1.74751642037226
1.754231328637889
1.7612683668593796
1.7684576866458268
1.9392002515313178
1.9401808224999626
1.9408904039263866
1.943217950500386
1.9442693067216783
1.946538370381356
1.9471892695893875
2.003454782590759
2.0046085426277593
2.00940828069833
2.0111980305830968
2.0157234421489325
2.0247065110197084
2.0281390817710596
2.036935402200167
2.0415302634970174
2.0454968231884294
2.0505112042746387
2.0516346892050374
2.0699477367945365
2.070500958749802
2.0738580514342146
2.074961331006311
2.077089870551496
2.081505820416581
2.0892031129284154
2.59467194867173
2.601550415530795
2.6089833755714396
2.616931568091392
2.625324177755247
2.6340555020006584
2.642980879930846
2.654960918446838
2.6647175915740537
2.674434111089148
2.6839697362595767
2.6931861658464458
2.7019642552303313
2.710155367877322
2.7176804949619555
2.724362697838253
2.730056610525424
2.7344451536513454
2.7367522543549248
2.744041440003991
2.74624039686968
2.746350346363589
2.7468149232425896
2.7476655602549385
2.7476933265288093
2.74807892466503
-2.5923214881137113
-2.5832884892598664
-2.5741009982332215
-2.5648340680712667
-2.5555764103344276
-2.5464434665989013
-2.5376232288791605
-2.5276477720615156
-2.519078655956157
-2.511000723991347
-2.5082960808191257
-2.5036338748267846
-2.5028049214522063
-2.4977313771614305
-2.49662936128529
-2.492540852190251
-2.491049761758625
-2.488227045852788
-2.4868205013661107
-2.4829977585379286
-2.4816625379247497
-2.4806197277415336
-2.479238497877318
-2.4785063223024086
-2.4778449994232425
-2.477609186078733
-1.7644222128080909
-1.763890948880248
-1.7634960353318005
-1.7633554082753125
-1.7631494269745058
-1.7629571008058826
-1.7628891245998772
-1.7367786978493827
-1.7365111953045258
-1.7354004729152832
-1.7331856827057206
-1.728485041192975
-1.7233968151945045
-1.7233172078201031
-1.7135031035236266
-1.7128572640467077
-1.7114969341042543
-1.7108255230031104
-1.7101932725017184
-1.6978230796687666
-1.6944994400620814
-1.6868699730041083
-1.6764318121831703
-1.6649100179216552
-1.6534400750315346
-1.6427968031802223
-1.1683058882731459
-1.1681183809892004
-1.1666138787754772
-1.1657381919531036
-1.1613845434011394
-1.1552354156581408
-1.147641447462711
-1.1310641849737877
-1.1245844556554008
-1.1166641195861107
-1.1082753988414598
-1.1000889200827928
-1.0882193932482243
-1.0806924789861703
-1.0742027182923155
-1.0688245459141796
-1.064214625295301
-1.0598536948411548
-1.0551964243399117
-1.0116639728412367
-1.0096591418540408
-1.0075636873519385
-1.0052691850906013
-1.0028646234082752
-1.0005418866807785
-0.9984351795451549
-0.6120030374119919
-0.6082128694906633
-0.607792863079582
-0.6061015823947004
-0.6045212661346661
-0.6017165071234023
-0.6014109940950984
-0.5484162821366014
-0.5474764495383969
-0.5407278936171679
-0.5357706362903122
-0.5319141479818003
-0.49938146177671344
-0.4954584957230422
-0.4826554571953334
-0.47407368634202124
-0.46784074686554616
-0.45809713401181706
-0.4512553825064448
-0.44037806112343303
-0.43594921867118713
-0.42063422203952433
-0.4150556603325059
-0.4097937916885047
-0.4001712421310274
-0.39788281333660325
-0.2138556345602129
-0.2134723113170733
-0.21054963539765464
-0.20870031241722975
-0.20773417950526177
-0.19018909477256116
-0.18954301500779136
-0.1799420540827134
-0.17775903678547442
-0.1753854006936103
-0.173080027511092
-0.17032751249368713
-0.12551162163779617
-0.12528587058120608
-0.12304540796527236
-0.12229567543013517
-0.12129270521600916
-0.1205141716729484
-0.11925795387300459
1.6018358196697782
1.6131962415805334
1.6253525652769483
1.6378854807461392
1.6503290795538677
1.6623548907412227
1.6733052077625048
1.6850743917071482
1.6937849163606733
1.7015668929448013
1.7086563937169934
1.7153029128223447
1.7274700308775555
1.733193145894922
1.7395490009668846
1.7458826146625348
1.7525277771299979
1.7595049125394056
1.7666415439848202
1.9392096964918761
1.9401799618674118
1.9408794472682676
1.943196808656275
1.9442395483362704
1.9464150386818657
1.9470888118530136
2.003692465058004
2.004884504553007
2.009522919176203
2.0113365614699954
2.01569869876619
2.02498586383594
2.0281413955683316
2.037650903485296
2.042090495577416
2.0460839857315474
2.0508406514930186
2.0517025844846994
2.070053701810344
2.0706823700524555
2.074070757584907
2.075320611354578
2.07782815255112
2.083069457353038
2.091676743065282
2.5963385052408157
2.6033577021546455
2.6109243193401914
2.618991565890628
2.627480192906116
2.6362752363238857
2.64522134179157
2.6573961632064003
2.6671559942940286
2.67684044317254
2.6863090797004188
2.6954246005324896
2.7040710797383527
2.712098136712661
2.7194335359590647
2.725887139807238
2.731295293127024
2.735262564116124
2.736870283541015
2.7447060521711966
2.746305120201238
2.746597298403323
2.746760727062546
2.747500107005912
2.7478520806239013
2.748050166199079
-2.5923214881137087
-2.5832884892598624
-2.5741009982332255
-2.564834068071268
-2.5555764103344325
-2.5464434665989013
-2.537623228879157
-2.527647772061516
-2.5190786559561626
-2.511000723991346
-2.5082960808191186
-2.503633874826784
-2.502804921452205
-2.497731377161433
-2.4966293612852937
-2.4925408521902517
-2.491049761758622
-2.4882270458527884
-2.486820501366112
-2.4829977585379273
-2.48166253792475
-2.4806197277415367
-2.479238497877321
-2.47850632230241
-2.477844999423239
-2.4776091860787264
-1.7644222174262059
-1.7638908365933945
-1.763497789624087
-1.7633517980001396
-1.7631530376390756
-1.7629535968569212
-1.7628909815361367
-1.7367786671292993
-1.7365112408217753
-1.735400452051976
-1.7331856909124856
-1.7284850362063193
-1.7233970307686683
-1.7233169933999477
-1.7135032997570083
-1.7128568771894237
-1.711497465740399
-1.7108250523687656
-1.7101934038214506
-1.6978230796606675
-1.6944994400643887
-1.686869973004056
-1.6764318121831692
-1.6649100179216552
-1.653440075031535
-1.642796803180222
-1.1683058882689912
-1.1681183809947349
-1.1666138787717522
-1.1657381919556957
-1.1613845434007783
-1.1552354156582962
-1.147641447462636
-1.131064184973915
-1.1245844556552278
-1.116664119586138
-1.1082753988417378
-1.1000889200822515
-1.088219393249454
-1.080692478983715
-1.074202718295561
-1.0688245459114638
-1.0642146252965086
-1.059853694840979
-1.0551964243398888
-1.0116639728412715
-1.0096591418539411
-1.0075636873520448
-1.0052691850905604
-1.0028646234082745
-1.000541886680785
-0.998435179545156
-0.6120024544710166
-0.6083263488506554
-0.6075775175678423
-0.6062937138415669
-0.6043890996867799
-0.6018650086452129
-0.6013049592296326
-0.5485287569157566
-0.5473135502945352
-0.5408779892096255
-0.5355678996916184
-0.5320230671762325
-0.499143878682463
-0.4958414757396954
-0.48193006184007847
-0.47553236283426376
-0.46598879838873486
-0.45982755398432035
-0.4500327808580281
-0.44132388561003155
-0.43539873353390235
-0.42079179350313395
-0.4149135824226557
-0.4098478064005129
-0.40016181822699964
-0.39788700543309447
-0.21377541363289515
-0.21357577259169533
-0.21045450110026512
-0.20885222580237783
-0.2076530855494315
-0.1902394912306385
-0.1894879150202478
-0.17999426718999004
-0.1776588577837351
-0.17546348754123334
-0.17305222544937662
-0.1703309717706601
-0.1255103066364285
-0.1252875494732547
-0.12304310006884468
-0.12229904582552625
-0.12129053868665574
-0.12051496656947693
-0.11925789899768505
1.6018358196697793
1.6131962415805317
1.625352565276953
1.6378854807461423
1.6503290795538572
1.6623548907413175
1.6733052077617745
1.6850743917144662
1.6937849163190115
1.7015668930921766
1.7086563933921395
1.715302913213645
1.7274700300004304
1.733193147404066
1.7395489995355553
1.7458826155701128
1.752527776764095
1.7595049126287121
1.7666415439743144
1.9393836931166772
1.939707728547304
1.9415881000026767
1.942402658089785
1.944903806938526
1.9459821302660338
1.9472412062743343
2.0034796270824136
2.005410118958442
2.00846222400682
2.0127528584947187
2.0148838878337347
2.025673831039272
2.0274811781719455
2.0381158520404217
2.041442520663538
2.0466261448188106
2.050274488294562
2.0520299059543974
2.0699905391482347
2.0707600027396125
2.074033629013558
2.0753440039590947
2.0778257717407085
2.0830694859301184
2.091676743000613
2.5963385052408157
2.603357702154647
2.610924319340192
2.6189915658906298
2.627480192906116
2.636275236323886
2.645221341791571
2.657396163206399
2.66715599429403
2.676840443172539
2.6863090797004188
2.695424600532488
2.7040710797383514
2.7120981367126618
2.7194335359590633
2.725887139807239
2.7312952931270242
2.7352625641161232
2.7368702835410152
2.7447060521711975
2.7463051202012387
2.7465972984033233
2.7467607270625454
2.7475001070059135
2.7478520806239004
2.748050166199078
-2.592321488113707
-2.5832884892598615
-2.574100998233226
-2.564834068071268
-2.5555764103344285
-2.546443466598894
-2.5376232288791547
-2.5276477720615134
-2.51907865595616
-2.5110007239913488
-2.508296080819125
-2.503633874826781
-2.5028049214522063
-2.4977313771614345
-2.496629361285292
-2.4925408521902526
-2.491049761758619
-2.4882270458527844
-2.486820501366112
-2.4829977585379286
-2.4816625379247466
-2.4806197277415327
-2.47923849787732
-2.478506322302406
-2.477844999423233
-2.4776091860787313
-1.7644222196250077
-1.7638907843943419
-1.7634985689934006
-1.763350160575426
-1.763154662250958
-1.7629520011493502
-1.7628918606875281
-1.7367786691336065
-1.7365112376233147
-1.7354004539547259
-1.7331856898187128
-1.7284850373264644
-1.7233969601393102
-1.7233170640099484
-1.713503191195096
-1.7128570975291932
-1.711497144382606
-1.7108253451787394
-1.7101933198699626
-1.6978230796691258
-1.6944994400616467
-1.6868699730041437
-1.6764318121831652
-1.6649100179216536
-1.6534400750315377
-1.6427968031802214
-1.1683058882649278
-1.1681183810000704
-1.166613878768586
-1.165738191957747
-1.1613845434005898
-1.1552354156583344
-1.1476414474626377
-1.1310641849737721
-1.1245844556556177
-1.1166641195855207
-1.108275398842462
-1.1000889200816992
-1.088219393249669
-1.0806924789842967
-1.0742027182933762
-1.0688245459148595
-1.064214625293729
-1.0598536948420982
-1.0551964243397234
-1.0116639728411947
-1.0096591418542304
-1.0075636873515736
-1.0052691850909603
-1.002864623408068
-1.000541886680852
-0.9984351795451467
-0.6120020584989857
-0.6083749220035538
-0.6074490263900363
-0.6064199624789955
-0.6043180477837929
-0.6019290316347052
-0.6012660479516675
-0.5485346005470739
-0.547305958754611
-0.5408787619928418
-0.5355742994797393
-0.5320167839814758
-0.49921110992811674
-0.49572832755064095
-0.482214867604675
-0.4749583607679481
-0.4668465433355997
-0.45893369574289444
-0.4506850860812939
-0.4407546027043301
-0.43573276437051867
-0.42067770747219885
-0.4150211311263686
-0.4098050139260559
-0.40016978765996936
-0.3978834032698647
-0.21390512379394147
-0.21339883569755883
-0.21063753072349764
-0.20852636755421494
-0.20784538770075817
-0.1901174186019501
-0.18962038693191005
-0.17987292922568549
-0.17788332551393196
-0.17529071840692817
-0.17311714190905017
-0.17032304831076797
-0.12551354577850596
-0.12528340428270063
-0.12304880900115363
-0.1222906871125162
-0.12129592525859756
-0.12051300023026221
-0.11925803488694112
1.6018358196697788
1.6131962415805292
1.62535256527695
1.6378854807461407
1.6503290795538776
1.6623548907411028
1.6733052077633166
1.6850743917004698
1.693784916393225
1.7015668928453975
1.70865639390682
1.715302912624601
1.7274700312045146
1.7331931454193708
1.739549001330734
1.745882614484214
1.7525277771807888
1.759504912532158
1.7666415439850822
1.939358118816659
1.939749626009487
1.9415203637222822
1.9424714555803422
1.944864021710745
1.946010252742142
1.947235485281694
2.0034442001454753
2.0055384865630956
2.008248447741073
2.0132274202756317
2.0144876715035984
2.0260517153561315
2.0271031658496708
2.0383416640080663
2.041147207529163
2.04687464938418
2.0500347943959865
2.0521341203327497
2.0699576948031053
2.0708021641329477
2.074010464431124
2.075358505649616
2.077824191255866
2.08306950595467
2.091676742950839
2.5963385052408143
2.6033577021546455
2.6109243193401928
2.6189915658906306
2.627480192906117
2.636275236323887
2.6452213417915713
2.6573961632064007
2.6671559942940286
2.67684044317254
2.6863090797004188
2.695424600532489
2.7040710797383523
2.7120981367126626
2.7194335359590647
2.7258871398072384
2.731295293127025
2.7352625641161237
2.736870283541015
2.7447060521711966
2.7463051202012383
2.7465972984033225
2.746760727062546
2.7475001070059113
2.7478520806239017
2.748050166199078
-2.592321488113706
-2.5832884892598647
-2.574100998233221
-2.564834068071271
-2.5555764103344285
-2.5464434665989004
-2.5376232288791587
-2.527647772061515
-2.519078655956158
-2.511000723991346
-2.508296080819121
-2.5036338748267815
-2.5028049214522037
-2.4977313771614336
-2.4966293612852923
-2.4925408521902517
-2.4910497617586214
-2.4882270458527866
-2.48682050136611
-2.482997758537928
-2.481662537924744
-2.480619727741532
-2.479238497877326
-2.478506322302408
-2.4778449994232377
-2.4776091860787273
-1.7644222150070294
-1.7638908967556644
-1.7634968426023594
-1.7633537751566102
-1.7631510432897626
-1.7629555590328982
-1.7628899258314488
-1.7367786998530408
-1.7365111921066612
-1.7354004748180847
-1.7331856816119535
-1.728485042313118
-1.7233967441831612
-1.7233172788120905
-1.7135029948587135
-1.7128574844245867
-1.7114966124732196
-1.710825816080692
-1.7101931886207449
-1.6978230796772265
-1.6944994400593394
-1.686869973004196
-1.6764318121831685
-1.6649100179216558
-1.6534400750315355
-1.6427968031802251
-1.1683058882690815
-1.1681183809945326
-1.1666138787723086
-1.1657381919551548
-1.161384543400949
-1.1552354156581748
-1.147641447462716
-1.1310641849736462
-1.124584455655795
-1.1166641195854918
-1.1082753988421843
-1.1000889200822406
-1.0882193932484392
-1.080692478986754
-1.0742027182901281
-1.0688245459175791
-1.064214625292524
-1.059853694842275
-1.055196424339744
-1.0116639728411603
-1.0096591418543404
-1.0075636873514673
-1.005269185091008
-1.0028646234080723
-1.000541886680844
-0.9984351795451448
-0.6120026419759301
-0.6082915105423709
-0.6076553003973563
-0.6062155354149464
-0.6044433249600102
-0.6018051471450069
-0.6013456537435229
-0.5484239067681718
-0.5474671307941977
-0.5407285333354991
-0.5357766947048126
-0.5319082842579247
-0.49943753168200233
-0.4953537425920588
-0.4828870156097799
-0.47332758958705357
-0.4687528645380275
-0.45717860622085904
-0.4520585706042514
-0.43972509122952275
-0.4364134287120382
-0.4205170159591089
-0.4151660358956458
-0.4097523100666703
-0.40017920204097546
-0.39787923425987914
-0.21394424149483424
-0.21333455813299818
-0.2107193704856124
-0.20825689145910253
-0.2080592573923816
-0.19002963985393087
-0.18971282622110125
-0.17981195217189358
-0.17798424199149834
-0.17521814975501632
-0.1731474437672401
-0.1703196415263852
-0.12551481562865094
-0.1252817697818124
-0.12305107935170521
-0.12228733570019223
-0.12129810453253859
-0.12051221187535034
-0.11925808979892451
1.6018358196697806
1.61319624158053
1.6253525652769534
1.6378854807461385
1.6503290795538852
1.6623548907410104
1.6733052077640456
1.685074391693152
1.6937849164348853
1.7015668926980245
1.7086563942316777
1.7153029122333006
1.7274700320816414
1.7331931439102257
1.7395490027620644
1.7458826135766357
1.7525277775466905
1.7595049124428537
1.7666415439955883
1.9392004580275106
1.9402358443419314
1.940813714671312
1.9432596520741685
1.9441843739993176
1.9464373648669802
1.9470779058017667
2.0036358884068446
2.005004185030518
2.0091992241190897
2.011738412108416
2.015511480941257
2.0251818908039976
2.027945972643157
2.0378261985458246
2.0418181854551616
2.046331637443178
2.0505472355527425
2.051891623196661
2.070013930087522
2.070731235114224
2.0740471502150135
2.075335772443923
2.077826579841808
2.083069477378508
2.0916767430155097
2.5963385052408134
2.6033577021546463
2.610924319340192
2.6189915658906284
2.6274801929061176
2.6362752363238875
2.6452213417915718
2.6573961632064007
2.66715599429403
2.67684044317254
2.686309079700417
2.6954246005324882
2.7040710797383505
2.7120981367126618
2.7194335359590642
2.7258871398072384
2.731295293127023
2.7352625641161223
2.736870283541015
2.7447060521711952
2.7463051202012383
2.7465972984033233
2.7467607270625454
2.7475001070059126
2.7478520806239004
2.748050166199078
