-2.585070242313456
-2.5763366824983374
-2.567400317222021
-2.5583178250423657
-2.5491523314149953
-2.539975934073284
-2.5308763045300253
-2.5219656880426453
-2.5134128296192344
-2.5055704737722144
-2.499720335465947
-2.488046993438955
-2.4862982501630606
-2.482757495266656
-2.481363820428155
-2.4786118604425758
-2.473675365955303
-2.472248263625806
-2.4692229680735522
-2.468196775898526
-2.4652013839635276
-2.464681730501642
-2.4621471093552274
-2.46191028612394
-2.4603645640589606
-2.4602802167326847
-2.4597393508432415
-1.7218754062946935
-1.721365282067465
-1.7212086895996603
-1.72054871013912
-1.7200677242257256
-1.7178458237642655
-1.7150831220210592
-1.712940241379553
-1.7106381921916445
-1.7099366679957735
-1.7093688631855253
-1.681343847458132
-1.6809465704428197
-1.6805036405325675
-1.6803365003576027
-1.6796783499273513
-1.660757842781815
-1.659897613865785
-1.65927536369932
-1.658875482411451
-1.6576855553139902
-1.653499438166915
-1.645114032946056
-1.6364609162857133
-1.626165475869823
-1.6154368679339877
-1.6051726033370122
-1.1240593289578737
-1.1239607713973143
-1.1215431216573686
-1.1211466796446947
-1.1167240857774416
-1.1094146028192886
-1.1009112213790602
-1.0910389192588863
-1.0801456007703694
-1.0686221700820817
-1.056896426767762
-1.0435037630319886
-1.0340369667502545
-1.025612026900148
-1.018324644026245
-1.0119404989957366
-0.956759978013498
-0.9540279748782202
-0.9526755252072804
-0.9518114352955199
-0.9511164987840749
-0.9500209314385992
-0.9479672135856639
-0.9463035810410844
-0.9447356955227146
-0.9425762124844352
-0.9393255182853131
-0.5481055117134406
-0.5460630144826616
-0.5433827663370934
-0.5412690698144724
-0.5399183178414149
-0.5085887492182803
-0.5045636330229649
-0.5021404751372281
-0.4998516750267147
-0.49543925507253994
-0.4876816827190669
-0.43603336974788043
-0.4252090313655378
-0.4159990054678716
-0.40979618635980514
-0.405422784824929
-0.39228711656661197
-0.3847237808090268
-0.3734009871666663
-0.3653279307673597
-0.3576356267334409
-0.34806446627557497
-0.32913095344632354
-0.3252996794022464
-0.3217438013205668
-0.3206190760845912
-0.31426398614370743
-0.13969846889261098
-0.1380644711695601
-0.13786697967383707
-0.13686043133112732
-0.1358744471019158
-0.10327262045161477
-0.10263644846654288
-0.10121462706918527
-0.09961463553146815
-0.09640932308798664
-0.09320664679792193
-0.08743034137877745
-0.08649756571813379
-0.08513316006374914
-0.08285825341535585
-0.07999377756175466
1.6247472725017236
1.6348205055777845
1.6459576783901186
1.6578259438089187
1.6700474362873727
1.6837464519430385
1.6955619579788233
1.7065783017932297
1.7165903626308352
1.7255465581529743
1.7336353885068128
1.7434437146440178
1.7509175037067881
1.7583793146565299
1.7659991538741149
1.7738154725790618
1.9258314562227736
1.9264375739929476
1.9291316768175684
1.9304303071199644
1.9337938011373468
1.9400424939526963
1.9475929784400436
1.9497107471070765
1.95443702487747
1.9564004251459948
1.9593175608480506
2.015748959009618
2.019205799433977
2.0215232939667143
2.024793852867255
2.026989814585909
2.0456809459302643
2.048918159711838
2.05294265716884
2.055948647212004
2.059788611315101
2.0632026442416294
2.0670782027155163
2.069598935314325
2.071396063556858
2.074084243850475
2.0794166825702822
2.5841560586229924
2.590333806204314
2.5970474094286935
2.604303768408278
2.6120825754654935
2.6203442022856134
2.6289793659790615
2.6378767857665637
2.6468791651349006
2.6557865370284497
2.6643444891556545
2.6786022606434456
2.6878810783306046
2.6967312698059254
2.7050114334072877
2.7125703325851003
2.7207571299262807
2.726972256910129
2.732306102703259
2.7366933783049903
2.740011050258915
2.7411006036409247
2.743336281162479
2.743602322463377
2.744237919193102
2.744543959479496
2.74482162795365
-2.5850702423134555
-2.576336682498337
-2.567400317222023
-2.5583178250423657
-2.5491523314149953
-2.539975934073285
-2.530876304530026
-2.5219656880426444
-2.513412829619234
-2.505570473772213
-2.499720335465948
-2.4880469934389553
-2.486298250163061
-2.482757495266655
-2.481363820428154
-2.4786118604425775
-2.4736753659553052
-2.472248263625803
-2.469222968073553
-2.4681967758985275
-2.4652013839635267
-2.464681730501641
-2.462147109355228
-2.46191028612394
-2.46036456405896
-2.4602802167326847
-2.459739350843241
-1.7218752948721696
-1.7213671452225359
-1.7212062766752922
-1.720549962350847
-1.7200670853281448
-1.7178458975508912
-1.7150830570789837
-1.712940329571338
-1.7106379577739894
-1.7099369665887463
-1.7093687498353674
-1.6813472590094367
-1.6809312898193571
-1.6805399198133497
-1.6803100970312292
-1.6796803433340068
-1.6607575914618071
-1.659899019606556
-1.659272557446369
-1.6588772613961817
-1.6576854272348904
-1.6534994388230249
-1.6451140329437266
-1.636460916285749
-1.6261654758698216
-1.6154368679339868
-1.6051726033370142
-1.1240593289578946
-1.1239607713972894
-1.121543121657394
-1.1211466796446712
-1.116724085777445
-1.1094146028192873
-1.1009112213790608
-1.0910389192588856
-1.0801456007703678
-1.0686221700820808
-1.0568964267677619
-1.0435037630319874
-1.0340369667502562
-1.0256120269001474
-1.0183246440262435
-1.011940498995735
-0.9567599776432381
-0.954027954926687
-0.9526759543325504
-0.9518097347635297
-0.9511186012322667
-0.9500198855607187
-0.9479675880946041
-0.9463033907651962
-0.944735751895649
-0.942576206895038
-0.9393255184269326
-0.54810513221357
-0.546064994412042
-0.543376418701631
-0.5412793959425172
-0.5399126337132942
-0.5086360588633603
-0.5039324183298793
-0.5031143095195864
-0.499333156844056
-0.49557937390548445
-0.4876700720998223
-0.4360428769973213
-0.4251296147651907
-0.4163824845772518
-0.4085353517608834
-0.40653976450434454
-0.3918573707817049
-0.38511155085445486
-0.37313528968020204
-0.36554575930699706
-0.3575328423924038
-0.34809140422942697
-0.3291035112659763
-0.32535302013149203
-0.3216654243899962
-0.3206681766011339
-0.31426352608401065
-0.13969811438654092
-0.13808001869817696
-0.13784788450166877
-0.13686555457098304
-0.1358732249487081
-0.10329275314763937
-0.10259173743678769
-0.10125910866820835
-0.09958923840839157
-0.0964171138917433
-0.09320373473690173
-0.08743471642717467
-0.08649213164604362
-0.08513499234502946
-0.08285809065137627
-0.07999378324614821
1.624747272501725
1.6348205055777807
1.6459576783901155
1.657825943808921
1.6700474362873703
1.683746451943044
1.6955619579787629
1.7065783017935352
1.7165903626296428
1.7255465581561589
1.7336353885015938
1.7434437146518327
1.750917503697854
1.7583793146625237
1.7659991538717856
1.7738154725794761
1.9258198347817272
1.9264581190838008
1.9290988605449442
1.9304592126213793
1.9337896738885652
1.940036915113513
1.9476514761191461
1.9496231604272583
1.9545338270046169
1.956324809931787
1.9593301645029086
2.01573124574132
2.01935538409809
2.0212648302233074
2.0250589533604533
2.0268464569809783
2.0457927739670203
2.0486347867791026
2.0535620618353665
2.055299189318706
2.060174385737434
2.0629498905191626
2.0672144503095398
2.0695065911537838
2.0714281526483758
2.0740816533857602
2.079416699034489
2.58415605862299
2.590333806204311
2.597047409428692
2.60430376840828
2.61208257546549
2.6203442022856143
2.6289793659790632
2.637876785766565
2.646879165134901
2.655786537028448
2.664344489155656
2.678602260643448
2.687881078330605
2.696731269805924
2.705011433407289
2.7125703325851016
2.7207571299262794
2.7269722569101305
2.7323061027032542
2.736693378304987
2.740011050258913
2.741100603640924
2.7433362811624744
2.74360232246338
2.744237919193099
2.7445439594794854
2.744821627953648
-2.585070242313458
-2.5763366824983382
-2.56740031722202
-2.558317825042364
-2.549152331414994
-2.5399759340732855
-2.530876304530026
-2.521965688042646
-2.513412829619235
-2.505570473772213
-2.499720335465947
-2.4880469934389553
-2.4862982501630606
-2.4827574952666556
-2.481363820428157
-2.4786118604425758
-2.4736753659553035
-2.472248263625805
-2.4692229680735522
-2.468196775898528
-2.465201383963526
-2.464681730501641
-2.4621471093552274
-2.4619102861239397
-2.460364564058961
-2.4602802167326843
-2.459739350843241
-1.721875202654238
-1.7213686176833767
-1.7212043694960055
-1.7205509440891402
-1.7200665959188748
-1.717845949289561
-1.7150830166357256
-1.7129403794350908
-1.7106378389477634
-1.7099371127178142
-1.709368695977652
-1.6813468533780611
-1.6809333335378813
-1.6805352959904059
-1.6803133947403808
-1.6796800312615514
-1.6607577437567584
-1.6598981339827188
-1.6592743799836862
-1.6588760835536724
-1.6576855165171516
-1.653499438274297
-1.6451140329465084
-1.6364609162856867
-1.626165475869826
-1.6154368679339879
-1.6051726033370128
-1.1240593289579388
-1.12396077139724
-1.1215431216574347
-1.1211466796446357
-1.1167240857774465
-1.1094146028192868
-1.1009112213790586
-1.0910389192588879
-1.0801456007703678
-1.0686221700820815
-1.0568964267677614
-1.0435037630319863
-1.034036966750257
-1.0256120269001523
-1.0183246440262361
-1.0119404989957388
-0.9567599833025313
-0.9540275638500135
-0.9526798774028965
-0.9517978944203832
-0.9511307494419005
-0.9500152221520765
-0.94796878101091
-0.9463029044680155
-0.9447358726440844
-0.9425761972321851
-0.93932551861142
-0.548105282941528
-0.5460641732243551
-0.5433792072910274
-0.5412746773504876
-0.5399152935389494
-0.5086000895526364
-0.5044795255787472
-0.5022863524660794
-0.49976604605101466
-0.49545196169204775
-0.48768159563073915
-0.43602614841302517
-0.42528441231093733
-0.4154335167912624
-0.4110301946342484
-0.4043697898749409
-0.3930586126449283
-0.38392038111250204
-0.3741185435009543
-0.36464390799642166
-0.3580493649576921
-0.347942737814393
-0.3293172634667696
-0.32482976589297163
-0.322348962201193
-0.3203148373302871
-0.3142692886080201
-0.13969525489207013
-0.1381599253412209
-0.13773750997780893
-0.13690829709991284
-0.13586380202845083
-0.10338799345330404
-0.10228624397156608
-0.10157481059328576
-0.09945078617654729
-0.09646293986232878
-0.09318760406957499
-0.08745684032771588
-0.08646470981508485
-0.08514437731468157
-0.08285729267965644
-0.07999381010815398
1.6247472725017218
1.6348205055777834
1.6459576783901164
1.6578259438089213
1.6700474362873692
1.6837464519430592
1.6955619579787031
1.7065783017938703
1.7165903626282684
1.72554655816003
1.7336353884949391
1.7434437146624038
1.7509175036852003
1.7583793146714364
1.7659991538681488
1.7738154725801591
1.9256223285321905
1.9270908508383553
1.9280718739293379
1.931690516861846
1.9329920293030358
1.9403843856420693
1.9467263757776918
1.9511375752811615
1.953187865153558
1.957052984766513
1.9591692266958756
2.0157883678349133
2.0189626510278686
2.022025186882411
2.0243083787168636
2.0271840320872547
2.045563780312278
2.049258747408542
2.052428972319144
2.0564681582807602
2.059426783716216
2.0633892282492523
2.06697581547073
2.0696615745107314
2.0713733248373365
2.074085871175206
2.079416673501402
2.584156058622989
2.590333806204304
2.5970474094286957
2.604303768408274
2.612082575465491
2.620344202285612
2.6289793659790637
2.6378767857665633
2.6468791651348984
2.6557865370284466
2.664344489155658
2.678602260643444
2.6878810783306077
2.696731269805924
2.705011433407284
2.712570332585097
2.7207571299262803
2.7269722569101296
2.7323061027032605
2.736693378304989
2.740011050258917
2.7411006036409247
2.743336281162474
2.743602322463382
2.7442379191930977
2.7445439594794947
2.7448216279536406
-2.5850702423134586
-2.576336682498336
-2.5674003172220194
-2.5583178250423653
-2.5491523314149935
-2.539975934073285
-2.530876304530026
-2.521965688042645
-2.513412829619233
-2.505570473772212
-2.499720335465948
-2.488046993438955
-2.486298250163061
-2.4827574952666556
-2.4813638204281543
-2.4786118604425753
-2.473675365955302
-2.4722482636258034
-2.4692229680735527
-2.468196775898526
-2.465201383963526
-2.464681730501642
-2.4621471093552287
-2.4619102861239406
-2.4603645640589593
-2.460280216732684
-2.45973935084324
-1.7218753141964724
-1.7213667951475522
-1.721206743876008
-1.7205496914873573
-1.720067233015595
-1.7178458754999877
-1.7150830815787232
-1.7129402912441571
-1.7106380734373725
-1.7099368140892404
-1.7093688092889416
-1.681343426516993
-1.6809484646303317
-1.6804978867671823
-1.6803410879751466
-1.679678042729719
-1.6607579948777274
-1.6598967236928652
-1.6592771777485946
-1.6588743177554905
-1.6576856446458614
-1.6534994376181886
-1.6451140329488352
-1.63646091628565
-1.626165475869824
-1.6154368679339874
-1.6051726033370124
-1.1240593289579184
-1.123960771397264
-1.1215431216574103
-1.121146679644659
-1.1167240857774445
-1.1094146028192888
-1.1009112213790595
-1.0910389192588872
-1.0801456007703718
-1.068622170082079
-1.056896426767762
-1.0435037630319897
-1.0340369667502556
-1.025612026900155
-1.0183246440262343
-1.0119404989957392
-0.956759983672788
-0.9540275838379109
-0.9526794549033496
-0.9517996392183743
-0.9511286064948624
-0.9500162580272726
-0.947968406200918
-0.9463030946337314
-0.9447358162559661
-0.9425762028214468
-0.9393255184697977
-0.5481056623047569
-0.5460621917106431
-0.5433855400944023
-0.5412643356102702
-0.5399210098304594
-0.5085505169054031
-0.504853622656526
-0.5010498079999263
-0.5007940070023137
-0.49532440674442424
-0.48769329029168856
-0.43601656792850657
-0.4253593114653198
-0.41476117729869233
-0.4120168315163105
-0.403784719373545
-0.39345629537905213
-0.3835730679187324
-0.37438438709456967
-0.36443495254163966
-0.3581692690524704
-0.3479169740026735
-0.32934128901706955
-0.32476495904199243
-0.3224172540413498
-0.3202907340382858
-0.3142697520071236
-0.13969561328755836
-0.13815208816651062
-0.13774945377227046
-0.1369026574983723
-0.13586497767773392
-0.10337508584751214
-0.10234489619504597
-0.10151302161490594
-0.09947257877291787
-0.09645493164647655
-0.09319048116654148
-0.08745266918046903
-0.08646997922103196
-0.08514250409298185
-0.08285745514771556
-0.07999380442335743
1.6247472725017271
1.6348205055777825
1.645957678390118
1.6578259438089238
1.670047436287371
1.6837464519430465
1.6955619579787615
1.706578301793564
1.7165903626294585
1.725546558156845
1.73363538850016
1.7434437146545911
1.7509175036941316
1.758379314665439
1.7659991538704773
1.7738154725797464
1.9256275126784073
1.9270625955184142
1.9281039299363305
1.9316682059829624
1.933004567277327
1.9403905278534819
1.9466971425209136
1.9512469070872398
1.9530719953285804
1.9571000763059048
1.959152543934418
2.015807641681001
2.0188575672940607
2.0223456512350455
2.02398230083175
2.02728032726035
2.0454735831990245
2.049632537945226
2.0519167506859715
2.057070238084689
2.0589171524531564
2.0636068722155527
2.0668354888798386
2.0697486908986997
2.071337657141477
2.0740884378463105
2.079416657036398
2.584156058622991
2.5903338062043058
2.597047409428692
2.604303768408277
2.61208257546549
2.6203442022856134
2.628979365979067
2.637876785766566
2.6468791651348966
2.6557865370284457
2.6643444891556562
2.6786022606434443
2.6878810783306073
2.696731269805928
2.7050114334072854
2.712570332585096
2.720757129926279
2.7269722569101265
2.732306102703262
2.736693378304987
2.740011050258917
2.741100603640927
2.7433362811624744
2.7436023224633805
2.7442379191930932
2.7445439594794903
2.7448216279536517
-2.5829087873857155
-2.5741194776389507
-2.5651410575610902
-2.556031586696065
-2.5468562370333614
-2.5376900242120826
-2.528625704900056
-2.5197851496215127
-2.5113631167375456
-2.5038204468863214
-2.4990190027174704
-2.4865535869564472
-2.486275236503609
-2.4838453594918155
-2.4799513581100117
-2.4794618003570297
-2.4732136760062615
-2.4726727990725976
-2.469180716486928
-2.4681266696584756
-2.4654736962267774
-2.4643739018596604
-2.4624527238811886
-2.461601334545983
-2.4605909208200636
-2.4600974703192815
-2.4597668763838407
-1.7218604350398445
-1.7214942782846223
-1.720940570995303
-1.7206879654795195
-1.719961171329955
-1.717747203192276
-1.7147140521369595
-1.7123078955658244
-1.7102621119538786
-1.7101309127070647
-1.709353875629497
-1.6813348677651367
-1.6808976427247482
-1.6805189123226099
-1.6801646013332803
-1.679651426745015
-1.6605533023320458
-1.6597769520741439
-1.6591331709800556
-1.658800139774575
-1.656970497562408
-1.652016303471831
-1.643183195602531
-1.6339875129172816
-1.623484502695014
-1.6127973077483773
-1.602763796435683
-1.1242845346644867
-1.123517486162717
-1.1223990216725026
-1.1200470433343697
-1.1181279721238795
-1.1112378208257159
-1.1031727189650042
-1.0936177519938202
-1.0829436725694306
-1.071539480726671
-1.0598198221682362
-1.0459900317449502
-1.036317322282023
-1.0276093569896658
-1.020047632228181
-1.0134736882622062
-0.9577210351807758
-0.9545070213974665
-0.9529393260406369
-0.9520032023376978
-0.9512502391234121
-0.9502557270571291
-0.9483403049206045
-0.9467061341664875
-0.9451422507795776
-0.9432175494948807
-0.9401815274278752
-0.5483515827848052
-0.5465286714074159
-0.5441104110824695
-0.5415180313541053
-0.5399639224731396
-0.5086409238607469
-0.5052593343207805
-0.5025015890550828
-0.4999520792851321
-0.4953836408781585
-0.4876926653233031
-0.43693733457799383
-0.42709218697817697
-0.4174953341880596
-0.41002709695913214
-0.40561722298398933
-0.3931943709348012
-0.3864068470268785
-0.3755361313067101
-0.3669094340128587
-0.35916021052681857
-0.34807406590320505
-0.329142264524465
-0.3253774575934606
-0.3220850210125464
-0.3210165024317763
-0.31575381468487124
-0.1393399504047454
-0.13807352109577276
-0.1376609497081134
-0.136802443398636
-0.13586275215040897
-0.10327743381568227
-0.1023310470777132
-0.10122388526483572
-0.09909669248492452
-0.09627200455802623
-0.0932032314850045
-0.08725280390030149
-0.0863198838838443
-0.0846296077433938
-0.08223610351838931
-0.07930177654983676
1.6224282976375664
1.632190749940746
1.6430909033392527
1.6548104494456108
1.6669806280126567
1.6807126024076469
1.6926737322960177
1.703912333711188
1.7141875140435903
1.7234023059389423
1.7317010628476175
1.7415437591682452
1.749059483439002
1.7565034761647356
1.7640752023917088
1.7718498001570915
1.9255853833126797
1.9270404610510077
1.9280627016343748
1.931617812172889
1.9329077470071356
1.9403961776448604
1.946423270690725
1.9510602934806542
1.9528706404041376
1.9568428988506987
1.9590503927924925
2.016209628461522
2.0192664749614138
2.0227158705987898
2.0241880929232012
2.0273559836800663
2.0456186747065055
2.049893733393101
2.0524002311633667
2.057356410446533
2.0593035487055285
2.063648946363939
2.0672038126761194
2.0700537002125663
2.071844886898745
2.0751029231840667
2.0811713970742676
2.585651486320528
2.5919612908940506
2.5988109017092054
2.606200955619741
2.614103549186167
2.6224706782444787
2.6311845714593303
2.640124580696181
2.649123773784524
2.6579702338257873
2.666392317513664
2.6809544307885167
2.6901393049718934
2.698860353335344
2.706975212993007
2.7143264578126534
2.7223898359390395
2.7283908607011
2.7334943942934373
2.737632404869499
2.740601175470634
2.740803205527041
2.743341206671265
2.7436425188014253
2.7443568737632558
2.744469688914442
2.744828572481337
-2.5829087873857164
-2.57411947763895
-2.565141057561083
-2.556031586696066
-2.5468562370333667
-2.5376900242120795
-2.5286257049000476
-2.5197851496215127
-2.511363116737548
-2.5038204468863174
-2.4990190027174704
-2.486553586956448
-2.486275236503606
-2.483845359491813
-2.4799513581100157
-2.47946180035703
-2.473213676006266
-2.472672799072598
-2.469180716486923
-2.468126669658469
-2.465473696226778
-2.4643739018596595
-2.462452723881188
-2.461601334545982
-2.4605909208200574
-2.4600974703192753
-2.459766876383852
-1.7218605122984258
-1.7214939398725435
-1.7209418025379855
-1.7206867659994747
-1.7199614244787549
-1.7177471678134384
-1.7147140818228244
-1.7123078380154997
-1.710262937311602
-1.7101300612484118
-1.7093539409189797
-1.681335020290855
-1.6808968196165628
-1.6805203870111758
-1.6801636020029507
-1.6796516220254725
-1.6605532164225094
-1.6597773589827562
-1.6591323532214906
-1.6588006500154058
-1.6569704839137889
-1.6520163035804984
-1.6431831956016991
-1.633987512917305
-1.6234845026950202
-1.612797307748376
-1.602763796435683
-1.1242845346644745
-1.123517486162749
-1.1223990216724695
-1.1200470433343916
-1.1181279721238686
-1.1112378208257165
-1.1031727189650042
-1.0936177519938202
-1.0829436725694364
-1.0715394807266685
-1.0598198221682362
-1.0459900317449484
-1.0363173222820266
-1.027609356989673
-1.0200476322281757
-1.0134736882622075
-0.9577210351637846
-0.9545069974068304
-0.9529398031366478
-0.9520012318851021
-0.9512529628082589
-0.9502541689510162
-0.9483408487795778
-0.9467058733548971
-0.9451423285306975
-0.9432175402472448
-0.9401815276624857
-0.5483510722740252
-0.5465309886735402
-0.5441051374863144
-0.5415257864260277
-0.5399595199652101
-0.5087060802639192
-0.5047634771757132
-0.5032822529390828
-0.4994787146698545
-0.49551978837452165
-0.4876798033445575
-0.4369493763339417
-0.42701506186330845
-0.4178125656024605
-0.4087676982278019
-0.40684443827419214
-0.3925891817684412
-0.3869489982837924
-0.3752456769271809
-0.3671163944308237
-0.35907010155886665
-0.3480945768976494
-0.3291117666288801
-0.3254443971411525
-0.32197162174782945
-0.3210909355384914
-0.31575273465330284
-0.13933954456425862
-0.13807939351784698
-0.13765242337934314
-0.13680638535536582
-0.13586186960277152
-0.10327705527421113
-0.10233286684851678
-0.10122123248781228
-0.09909871106414382
-0.09627075734060671
-0.09320379978394595
-0.08725188353882614
-0.0863209497786287
-0.08462930262249484
-0.08223613669933547
-0.07930177518150927
1.622428297637565
1.6321907499407446
1.64309090333925
1.6548104494456108
1.6669806280126582
1.6807126024076402
1.6926737322960643
1.7039123337109392
1.7141875140446106
1.7234023059359977
1.731701062852872
1.7415437591596028
1.7490594834495448
1.756503476157181
1.7640752023948199
1.7718498001565086
1.9257734509070519
1.926434521873748
1.9290743672233184
1.9303919670789742
1.9336922187575551
1.940047499089133
1.9472665766475115
1.9496076838841219
1.954173529800121
1.9562038379105735
1.9591921625167956
2.0161517840851184
2.0196282889388404
2.0218348869772393
2.025073293838589
2.0270368920119215
2.045790250242701
2.0492937767132506
2.0533047559671216
2.0563330614535507
2.060108397369001
2.063292738103612
2.0673811898181946
2.06995488014279
2.0718773987015617
2.0751012794032966
2.0811714050356858
2.5856514863205304
2.591961290894049
2.598810901709203
2.6062009556197423
2.614103549186166
2.622470678244478
2.6311845714593294
2.6401245806961815
2.649123773784523
2.6579702338257873
2.666392317513666
2.6809544307885163
2.6901393049718907
2.698860353335342
2.7069752129930063
2.7143264578126525
2.7223898359390386
2.7283908607011003
2.7334943942934355
2.737632404869498
2.7406011754706343
2.740803205527041
2.7433412066712655
2.7436425188014253
2.7443568737632553
2.7444696889144407
2.7448285724813366
-2.5829087873857217
-2.5741194776389493
-2.5651410575610853
-2.556031586696061
-2.5468562370333636
-2.537690024212087
-2.5286257049000485
-2.519785149621508
-2.511363116737546
-2.503820446886319
-2.499019002717472
-2.4865535869564477
-2.4862752365036043
-2.4838453594918146
-2.479951358110011
-2.4794618003570363
-2.473213676006264
-2.472672799072597
-2.469180716486927
-2.4681266696584716
-2.465473696226781
-2.4643739018596644
-2.46245272388119
-2.4616013345459815
-2.460590920820056
-2.460097470319272
-2.4597668763838474
-1.7218604277735126
-1.721494315467177
-1.7209404044841836
-1.7206881414772774
-1.7199611258628387
-1.7177472134511522
-1.7147140383787365
-1.7123079315206853
-1.71026145790487
-1.710131596578441
-1.7093538194055922
-1.6813370864901802
-1.6808864779994812
-1.6805367967236269
-1.6801536402197934
-1.6796534497080469
-1.6605530602754526
-1.6597780692380932
-1.659130963675478
-1.6588015060419739
-1.6569704630114157
-1.6520163037140931
-1.643183195600999
-1.6339875129173158
-1.6234845026950195
-1.612797307748374
-1.602763796435683
-1.1242845346644823
-1.1235174861627293
-1.12239902167249
-1.1200470433343725
-1.1181279721238815
-1.1112378208257168
-1.1031727189650036
-1.0936177519938202
-1.0829436725694346
-1.0715394807266725
-1.059819822168236
-1.045990031744949
-1.0363173222820241
-1.0276093569896725
-1.0200476322281795
-1.0134736882622108
-0.9577210372327651
-0.9545068114287368
-0.9529422152713354
-0.9519928570928353
-0.9512630731036429
-0.9502492758277431
-0.9483421910437781
-0.9467053367898481
-0.9451424656575523
-0.9432175265456817
-0.9401815279326409
-0.5483512778050681
-0.5465300200966172
-0.54410745569667
-0.5415222062628635
-0.5399616097427665
-0.5086565715323095
-0.5051799085177463
-0.5026292043204927
-0.499876199295435
-0.49539591077737727
-0.48769255227778124
-0.4369286687281821
-0.42716034868663894
-0.4170927718771414
-0.4111052308833793
-0.4044855463205714
-0.3941716941976299
-0.38542580468058374
-0.3762667913189961
-0.36632081462504
-0.359485465281573
-0.3479878801584625
-0.3293276379275981
-0.3248181540074957
-0.32283305850736715
-0.32065106417241557
-0.31576429977280873
-0.13933540467048133
-0.13813124614661593
-0.1375695388379058
-0.13685093956416217
-0.13585248123828755
-0.10332712544622287
-0.10213431652112133
-0.10142792991027494
-0.09901373204041163
-0.09630751358001675
-0.09319171943574985
-0.0872646064176985
-0.0863069516229842
-0.08463301524277465
-0.08223577812430108
-0.07930178824046821
1.622428297637566
1.6321907499407462
1.6430909033392498
1.654810449445607
1.666980628012659
1.680712602407645
1.6926737322960217
1.7039123337111604
1.7141875140437486
1.7234023059383592
1.7317010628488585
1.7415437591658247
1.7490594834422994
1.7565034761621328
1.76407520239288
1.771849800156854
1.9257676723447228
1.9264446199009297
1.929063331579246
1.9303969977793634
1.9336972910635215
1.9400364410011528
1.9473358840959805
1.9495051676049306
1.9542827940248992
1.9561224740824423
1.9592051502377947
2.016133321807075
2.019798483455842
2.0215452631268764
2.0253848312007054
2.0268585479796446
2.045883034153256
2.049042297270862
2.0538702637226125
2.055730176369793
2.0604887143726396
2.0630547034734676
2.0674843846687447
2.0698920206177274
2.0718965920051478
2.0751002261339004
2.081171410418102
2.5856514863205295
2.5919612908940493
2.598810901709202
2.6062009556197427
2.614103549186167
2.62247067824448
2.6311845714593303
2.640124580696182
2.6491237737845257
2.6579702338257882
2.666392317513665
2.680954430788516
2.6901393049718916
2.6988603533353435
2.7069752129930085
2.714326457812654
2.722389835939039
2.728390860701099
2.7334943942934364
2.7376324048694993
2.740601175470634
2.740803205527041
2.7433412066712655
2.743642518801425
2.7443568737632553
2.7444696889144415
2.744828572481338
-2.5829087873857204
-2.574119477638952
-2.5651410575610814
-2.5560315866960632
-2.546856237033363
-2.537690024212082
-2.528625704900053
-2.51978514962151
-2.5113631167375523
-2.5038204468863183
-2.499019002717472
-2.4865535869564486
-2.486275236503606
-2.4838453594918146
-2.479951358110012
-2.47946180035703
-2.4732136760062677
-2.4726727990725967
-2.4691807164869255
-2.4681266696584725
-2.465473696226782
-2.464373901859662
-2.4624527238811904
-2.4616013345459833
-2.460590920820061
-2.460097470319278
-2.459766876383843
-1.721860350433448
-1.7214946533596414
-1.720939161646864
-1.7206893525193983
-1.7199608730461349
-1.7177472488312897
-1.7147140086922517
-1.7123079890661026
-1.7102606131227092
-1.7101324674182585
-1.709353754165172
-1.6813369371721334
-1.6808873512326696
-1.6805353253514426
-1.6801545860052576
-1.679653251323405
-1.6605531462580227
-1.6597776632234273
-1.659131784073388
-1.6588009921957387
-1.6569704766591171
-1.6520163036054263
-1.6431831956018284
-1.633987512917292
-1.6234845026950189
-1.6127973077483748
-1.602763796435684
-1.1242845346644934
-1.123517486162696
-1.122399021672522
-1.120047043334353
-1.118127972123891
-1.1112378208257137
-1.1031727189650051
-1.0936177519938195
-1.0829436725694364
-1.0715394807266712
-1.059819822168233
-1.045990031744948
-1.036317322282025
-1.0276093569896718
-1.0200476322281768
-1.013473688262208
-0.9577210372497554
-0.9545068354365694
-0.9529417425615632
-0.9519948648775914
-0.9512603245523615
-0.950250817830141
-0.9483416466148241
-0.946705597429119
-0.9451423878836203
-0.9432175357929814
-0.9401815276980269
-0.5483517880484081
-0.5465277008171399
-0.544112723942998
-0.5415144422283178
-0.5399660288417457
-0.5085866063335732
-0.505539329238483
-0.5017555846616568
-0.5005725934597566
-0.4952708336388921
-0.48770551533512746
-0.43691650779383734
-0.42723393037155555
-0.4166649147089547
-0.41187055815170615
-0.40380199598403554
-0.39470836811173543
-0.38497458445781285
-0.37657580013393877
-0.36612395807468423
-0.3595886354394123
-0.34796790270160943
-0.32935398560958934
-0.3247227847207496
-0.3229360523425048
-0.3206196246986997
-0.3157653976240717
-0.13933581795028135
-0.13812678422467783
-0.13757715983359625
-0.13684652070223222
-0.13585332808475833
-0.10332742823322234
-0.10213160839019468
-0.10143142962456142
-0.09901179936718014
-0.09630878643075133
-0.09319115652034916
-0.08726550277099031
-0.0863059077609401
-0.08463332256864219
-0.08223574496827736
-0.07930178960883909
1.6224282976375675
1.6321907499407462
1.6430909033392518
1.6548104494456082
1.6669806280126556
1.6807126024076529
1.6926737322959737
1.7039123337114122
1.7141875140427238
1.7234023059413037
1.7317010628436014
1.7415437591744667
1.749059483431758
1.7565034761696827
1.764075202389772
1.7718498001574374
1.9255825721184125
1.9270540623231385
1.9280492329711458
1.931616193552591
1.9329150819664687
1.9403843363920916
1.9464621035591878
1.9509295824861024
1.953005978576131
1.956791821725408
1.9590668213969917
2.016189549572867
2.0193809173992303
2.022349519502378
2.0245640825847877
2.027247263312785
2.0456973712697777
2.049572366572754
2.0528643744400914
2.0567898497894492
2.059784449753725
2.0634520153611775
2.0673098938363266
2.06999409920093
2.071865279000678
2.075101873369994
2.0811714024567585
2.585651486320526
2.591961290894049
2.598810901709204
2.6062009556197405
2.6141035491861664
2.622470678244479
2.6311845714593316
2.640124580696181
2.649123773784524
2.6579702338257865
2.6663923175136643
2.680954430788518
2.6901393049718916
2.6988603533353412
2.706975212993007
2.7143264578126542
2.722389835939039
2.7283908607010994
2.733494394293436
2.7376324048694984
2.740601175470634
2.7408032055270404
2.7433412066712655
2.743642518801425
2.744356873763256
2.7444696889144415
2.744828572481337
-2.5807321672781893
-2.5718904305226187
-2.5628735731398273
-2.553741180616807
-2.544560683035754
-2.53541033256744
-2.5263887927013027
-2.5176298289171384
-2.5093637394274038
-2.502216949091605
-2.4987936217301288
-2.486382759459529
-2.484846131168838
-2.4845615226407785
-2.480512578081503
-2.4788149892051576
-2.4739822518051287
-2.4715286202488698
-2.470194283112573
-2.467085510448476
-2.4663198024245596
-2.463760338042341
-2.4629180861271025
-2.4611181937851296
-2.460968514020118
-2.4599042945237017
-2.4598668380722137
-1.7218476862867216
-1.7215336238686467
-1.720913426318871
-1.7205927046852543
-1.719943060412246
-1.7175190042122872
-1.7142035169070857
-1.7116971881499732
-1.7104537464300074
-1.7099290404982208
-1.7093842619596886
-1.6813332960779213
-1.6808197336953528
-1.6805538266614513
-1.6799920649317879
-1.679675788240966
-1.6603892133614293
-1.65966025990671
-1.6590308235523052
-1.6586012936444725
-1.6560678960880169
-1.6503352768946091
-1.6410819601315938
-1.6314343100272009
-1.6207933851059648
-1.6101994769471548
-1.6004371298816455
-1.124349259490379
-1.1231054122832695
-1.122895630068782
-1.1194025501455178
-1.1188556588218515
-1.1128732622995339
-1.1053357185568844
-1.0961268806224842
-1.0856959382726479
-1.0744370152194997
-1.0627536500830244
-1.0485067501646224
-1.0386595111156778
-1.0296800708019895
-1.0218337734124139
-1.0150437823185177
-0.958830112902225
-0.9550890026908608
-0.9532430838612311
-0.9522121851152914
-0.9514006553148919
-0.9504507527240766
-0.948655295729057
-0.947118793789264
-0.9455290564675781
-0.9437859706890123
-0.9410008171940704
-0.5485692910107607
-0.546892988963213
-0.5448099536990431
-0.5420045321114033
-0.5400323582812561
-0.5089335950502804
-0.506113125990348
-0.502870118652406
-0.49973719081314866
-0.4954556880192992
-0.48768868749465466
-0.43768021418307756
-0.42881366783236413
-0.4194592324881991
-0.41056603346003256
-0.4058329925665568
-0.39416852756823634
-0.3878082973429894
-0.3776647768201536
-0.36871054441329276
-0.3604914117690241
-0.3480897976097827
-0.329136989797906
-0.32552539728869684
-0.3225432940648488
-0.32102634109180406
-0.31718391234452625
-0.13894208848513498
-0.13810035101931173
-0.13750035704763197
-0.13672334026270808
-0.135859111511661
-0.1032461967801546
-0.10220840680169434
-0.10092625941916794
-0.09865961033150582
-0.09618652585985123
-0.09320315678069191
-0.08707519402188256
-0.08601665342522019
-0.08408229873864378
-0.08158209382028347
-0.0785715424089022
1.62019640420487
1.629632446524848
1.6402755892612038
1.6518232534682937
1.6639172640566453
1.6776566459521074
1.6897407672702047
1.7011853573299367
1.7117174568828804
1.721196368922399
1.72972014330246
1.739621990255158
1.7471974135725448
1.7546362954939225
1.7621641198832816
1.769891733342785
1.9255240378523293
1.9270133565456486
1.928019190817842
1.9315329759591526
1.9328561963282982
1.9403581871746236
1.9461493120023048
1.950684648342435
1.9528009183076598
1.956510375164099
1.9589397060416904
2.016606860869398
2.019770960037179
2.0226277988632644
2.0247808366435107
2.0272875126469225
2.045856900083714
2.049932384923065
2.053336599814148
2.057151928112564
2.0601343858466077
2.0635114146451006
2.067666433255597
2.0703586257387223
2.0724667185161696
2.0762961947878873
2.0831418500308843
2.5871792785941046
2.5936226244038187
2.600608312367475
2.608130336976149
2.61615294635021
2.624619674665118
2.6334041637409453
2.6423762825838515
2.6513591172122797
2.6601278443109617
2.6683915515334715
2.6832864360724398
2.692368541336239
2.7009516075303837
2.708891509974499
2.716022083067614
2.723970629363374
2.7297533524983977
2.734622565602652
2.7385032083083103
2.7403859346551904
2.7410546537666396
2.743153712062759
2.7439680590920603
2.7441311889021245
2.744643522118133
2.7447830485046483
-2.5807321672781907
-2.5718904305226222
-2.5628735731398287
-2.5537411806168073
-2.5445606830357534
-2.5354103325674378
-2.5263887927013
-2.5176298289171464
-2.5093637394274024
-2.5022169490916046
-2.4987936217301323
-2.4863827594595307
-2.4848461311688346
-2.484561522640775
-2.4805125780814996
-2.478814989205158
-2.47398225180513
-2.4715286202488724
-2.4701942831125705
-2.4670855104484737
-2.4663198024245605
-2.463760338042342
-2.462918086127102
-2.461118193785127
-2.460968514020122
-2.4599042945237084
-2.459866838072208
-1.7218477469086602
-1.721533421224035
-1.7209140740763307
-1.720592013526034
-1.7199432627685987
-1.7175189774709454
-1.7142035520834116
-1.711697033325304
-1.7104542739098536
-1.709928470602293
-1.7093844338446185
-1.6813320552824391
-1.6808282107445156
-1.6805427805688398
-1.6799981990474437
-1.6796734638356292
-1.6603892976028474
-1.6596599314739133
-1.6590313056761177
-1.6586010522610743
-1.656067899685318
-1.6503352768655353
-1.6410819601318132
-1.6314343100272009
-1.620793385105965
-1.6101994769471535
-1.6004371298816453
-1.1243492594903701
-1.1231054122834754
-1.1228956300685655
-1.1194025501456402
-1.1188556588217422
-1.1128732622995403
-1.1053357185568833
-1.0961268806224893
-1.0856959382726437
-1.0744370152194993
-1.0627536500830244
-1.0485067501646224
-1.0386595111156842
-1.0296800708019882
-1.0218337734124148
-1.015043782318519
-0.9588301129346298
-0.9550889866592602
-0.9532434676602575
-0.9522103945697177
-0.9514034997670489
-0.9504488632601282
-0.9486560243812509
-0.947118446553829
-0.945529156487738
-0.9437859566203134
-0.9410008175834004
-0.5485685722426378
-0.5468961076572004
-0.5448043790392322
-0.5420109067224237
-0.5400290334545012
-0.5090142784162096
-0.5057421788543542
-0.5034349798185629
-0.4993297835353355
-0.49560247201062163
-0.4876745523120787
-0.437696466442701
-0.42872810578606396
-0.41973044322758646
-0.40946234533920317
-0.40700836971632715
-0.39336027926728706
-0.3885407164628386
-0.3773328450112296
-0.3689083843850267
-0.3604151630921308
-0.34810610230658184
-0.3291013553901747
-0.3256105558283329
-0.32242615192022855
-0.32109359077683536
-0.31718084171161837
-0.13893969381686974
-0.13811421621208883
-0.13747864446981276
-0.13673668868971456
-0.13585600363804098
-0.10325520975462439
-0.10217948892528543
-0.10095788480479533
-0.09864109725734782
-0.09619552684144972
-0.09320060290566805
-0.08707686352755797
-0.086014976304621
-0.08408269071121634
-0.08158205506622229
-0.07857154378912265
1.6201964042048707
1.6296324465248468
1.6402755892612035
1.6518232534682935
1.6639172640566493
1.6776566459521025
1.689740767270237
1.7011853573297764
1.7117174568835076
1.721196368920651
1.729720143305535
1.7396219902502383
1.7471974135783848
1.754636295489859
1.7621641198848972
1.769891733342498
1.9255248198343906
1.9270126701357577
1.9280160504872954
1.9315561537867079
1.9328310065575716
1.9403756390990032
1.9461020296608111
1.9508304120565219
1.9526522194915952
1.9565638967885455
1.9589239990571186
2.016628192298929
2.019645859658561
2.0230426310015126
2.024354099694819
2.0274076077264325
2.04579008262557
2.0502044975748492
2.0529195696612894
2.0576864105405086
2.0596778875572714
2.063689206862599
2.067589599146826
2.070397312420178
2.0724560141014963
2.0762965931844795
2.083141848340183
2.587179278594104
2.59362262440382
2.6006083123674752
2.6081303369761484
2.6161529463502107
2.624619674665118
2.633404163740944
2.642376282583851
2.6513591172122797
2.660127844310963
2.6683915515334737
2.68328643607244
2.69236854133624
2.7009516075303854
2.7088915099745
2.7160220830676143
2.7239706293633748
2.729753352498396
2.7346225656026513
2.73850320830831
2.740385934655191
2.7410546537666396
2.7431537120627585
2.7439680590920603
2.744131188902124
2.744643522118133
2.744783048504649
-2.580732167278191
-2.571890430522625
-2.562873573139833
-2.553741180616815
-2.5445606830357526
-2.5354103325674457
-2.5263887927013005
-2.5176298289171433
-2.509363739427402
-2.5022169490916077
-2.498793621730134
-2.4863827594595334
-2.4848461311688395
-2.484561522640779
-2.4805125780815054
-2.4788149892051594
-2.4739822518051318
-2.471528620248872
-2.470194283112573
-2.4670855104484777
-2.4663198024245587
-2.463760338042342
-2.462918086127101
-2.4611181937851265
-2.460968514020123
-2.4599042945237044
-2.459866838072213
-1.721847808811192
-1.7215332165865618
-1.7209147100007327
-1.7205913434004392
-1.719943454766426
-1.7175189544534843
-1.7142035785437522
-1.7116969284951409
-1.7104546117756017
-1.7099281138302904
-1.7093845390797173
-1.681332079678717
-1.6808279647288686
-1.6805431683783805
-1.6799979095092819
-1.6796735872131068
-1.660389256371212
-1.6596600985751568
-1.659031052344595
-1.6586011818552076
-1.6560678974977026
-1.6503352768884756
-1.6410819601315536
-1.631434310027204
-1.6207933851059624
-1.6101994769471548
-1.6004371298816469
-1.1243492594903532
-1.1231054122837223
-1.122895630068315
-1.119402550145737
-1.1188556588216638
-1.1128732622995416
-1.1053357185568808
-1.096126880622484
-1.0856959382726505
-1.0744370152194984
-1.0627536500830264
-1.0485067501646257
-1.0386595111156796
-1.0296800708019962
-1.0218337734124125
-1.0150437823185223
-0.9588301136529689
-0.9550889088184086
-0.9532447969469369
-0.9522050038583784
-0.9514111511043436
-0.9504443723786191
-0.9486574620279775
-0.9471178571169167
-0.945529303860417
-0.9437859387335396
-0.9410008179790481
-0.5485688652474218
-0.5468947934909781
-0.54480683031199
-0.5420079505574008
-0.5400306305177279
-0.5089532806629996
-0.5060441767982895
-0.5029671819728613
-0.4996763121651479
-0.4954690497060207
-0.48768853429423015
-0.4376690725674921
-0.4288840623213074
-0.41915711906977526
-0.4114918203644631
-0.4046712747812392
-0.3953382991911571
-0.3866400891357056
-0.37844561102192337
-0.36820893506616054
-0.3607354999774615
-0.3480276523215105
-0.32932124621524317
-0.32489061372789924
-0.3233125980136982
-0.3207000439536027
-0.3172074172737044
-0.13893041045282664
-0.1381611990106264
-0.13739796703184357
-0.13679072873746356
-0.13584493645978252
-0.10328314236551854
-0.10207648684062527
-0.10107034174458175
-0.09858046992534839
-0.09622617172666363
-0.09319200580403982
-0.08708268394618363
-0.0860090777256081
-0.08408410410554744
-0.08158191173052856
-0.07857154910711718
1.6201964042048689
1.6296324465248475
1.6402755892612035
1.651823253468294
1.6639172640566486
1.6776566459520972
1.6897407672702716
1.70118535732959
1.7117174568842703
1.7211963689184206
1.7297201433096594
1.739621990243231
1.7471974135871007
1.7546362954834913
1.7621641198875526
1.7698917333419975
1.9256941889548973
1.9264291540593685
1.9290120697356958
1.9303467304558886
1.9336083090867955
1.9400205084780073
1.9469031775713013
1.9494607408155376
1.953887745732766
1.9559806479992035
1.9590456564540162
2.0165697246615135
2.0200264525479037
2.022099885915916
2.025310094310253
2.0270624067153515
2.0459292086027143
2.049707739736603
2.053710634697186
2.0567506316270023
2.060425156712976
2.063375485873492
2.067714188199725
2.0703353157382227
2.0724726103965527
2.076295993541409
2.0831418507305366
2.5871792785941037
2.5936226244038187
2.600608312367474
2.608130336976149
2.61615294635021
2.6246196746651176
2.6334041637409453
2.64237628258385
2.651359117212278
2.660127844310962
2.6683915515334715
2.683286436072441
2.6923685413362404
2.700951607530384
2.7088915099745
2.7160220830676143
2.7239706293633734
2.7297533524983977
2.7346225656026526
2.73850320830831
2.7403859346551904
2.7410546537666396
2.743153712062759
2.7439680590920603
2.7441311889021236
2.744643522118134
2.7447830485046474
-2.580732167278187
-2.571890430522621
-2.5628735731398256
-2.5537411806168078
-2.5445606830357503
-2.535410332567437
-2.5263887927012942
-2.5176298289171433
-2.5093637394274015
-2.502216949091605
-2.4987936217301328
-2.4863827594595307
-2.4848461311688395
-2.484561522640777
-2.4805125780814947
-2.478814989205156
-2.4739822518051264
-2.4715286202488667
-2.4701942831125696
-2.467085510448474
-2.466319802424557
-2.4637603380423414
-2.462918086127102
-2.461118193785129
-2.4609685140201205
-2.4599042945237026
-2.459866838072213
-1.7218477482386523
-1.7215334193280023
-1.7209140643647296
-1.720592032479985
-1.7199432522225688
-1.7175189811944238
-1.7142035433681582
-1.7116970833535803
-1.710454084833165
-1.709928683284367
-1.7093843670645923
-1.681333320163057
-1.68081946970692
-1.6805542283974146
-1.6799917765797772
-1.6796759147897757
-1.6603891721106676
-1.6596604268635755
-1.6590305701633632
-1.658601423459511
-1.6560678939004212
-1.6503352769175452
-1.6410819601313344
-1.6314343100272108
-1.6207933851059662
-1.6101994769471544
-1.6004371298816462
-1.1243492594903652
-1.1231054122835178
-1.1228956300685318
-1.119402550145614
-1.1188556588217713
-1.1128732622995372
-1.1053357185568826
-1.0961268806224815
-1.0856959382726505
-1.0744370152194997
-1.062753650083025
-1.0485067501646275
-1.0386595111156756
-1.0296800708019906
-1.0218337734124117
-1.0150437823185194
-0.9588301136205652
-0.9550889248542405
-0.9532444150403481
-0.9522068174482284
-0.9514082996533484
-0.9504462450185905
-0.9486567325677314
-0.9471182040728578
-0.9455292038104082
-0.9437859528015285
-0.9410008175897175
-0.5485695834442113
-0.5468916709816918
-0.5448124033302575
-0.5420015743119574
-0.5400339630044642
-0.5088644620158551
-0.5063609222893428
-0.5023719334383175
-0.5001635601037818
-0.49533503042229066
-0.4877027883879956
-0.4376525944403713
-0.4289659021901903
-0.4188369403955904
-0.4121464709102221
-0.40388842680103676
-0.3960305600265954
-0.38606056466137156
-0.3788276221657964
-0.3680248564279017
-0.36082014579242133
-0.3480116060610008
-0.3293514950376156
-0.32474335989878045
-0.32346703861990767
-0.32066285810016054
-0.3172106274683162
-0.13893293339452104
-0.13814922695587423
-0.13741992850475793
-0.13677526837770926
-0.1358478859596081
-0.103275004372353
-0.10210898625282282
-0.10103497730257326
-0.09859851615694261
-0.09621694264032982
-0.09319453756026574
-0.08708103011165892
-0.08601073978546202
-0.08408371113941261
-0.08158195047316591
-0.07857154772687693
1.6201964042048693
1.6296324465248468
1.640275589261201
1.6518232534682953
1.6639172640566486
1.6776566459521025
1.6897407672702391
1.701185357329752
1.7117174568836433
1.7211963689201686
1.7297201433065843
1.739621990248153
1.7471974135812622
1.754636295487558
1.7621641198859366
1.7698917333422863
1.925692821400207
1.9264306814616456
1.9290205929057527
1.9303302830021793
1.9336216985829475
1.9400041818781553
1.9469800989073438
1.9493478196966063
1.9540055857234269
1.9558966183452913
1.9590585550207396
2.0165501576844016
2.0202235226672345
2.021774379028711
2.0256755702684446
2.0268405299831502
2.0460048418756718
2.0494881962493454
2.054220639442137
2.0561941136843016
2.060797644184154
2.063153245056426
2.067789188534566
2.070294904299866
2.07248299233689
2.0762955947100017
2.0831418524212304
2.587179278594104
2.5936226244038196
2.600608312367474
2.6081303369761493
2.6161529463502093
2.6246196746651176
2.6334041637409458
2.642376282583852
2.6513591172122783
2.660127844310961
2.668391551533471
2.683286436072441
2.692368541336241
2.7009516075303845
2.7088915099744995
2.7160220830676147
2.7239706293633748
2.7297533524983955
2.7346225656026513
2.7385032083083094
2.7403859346551904
2.7410546537666396
2.743153712062759
2.74396805909206
2.7441311889021254
2.744643522118133
2.7447830485046487
-2.5785411914607095
-2.569650413021636
-2.5605988302348974
-2.551447712267555
-2.542266985089039
-2.533138512704549
-2.524167908842091
-2.5155039718271497
-2.5074269822878152
-2.50082104604967
-2.4990371663718967
-2.4857931449625346
-2.4856938500435883
-2.4829171576665314
-2.481631633965154
-2.478286435949613
-2.4742196515016937
-2.471224616728485
-2.4703636074529447
-2.467217135798716
-2.4661070432492376
-2.4639939859802937
-2.4626642179929936
-2.4614101068634247
-2.460705093796651
-2.4600383676834117
-2.459784984514907
-1.7218648384579291
-1.7214387761675485
-1.721135644775336
-1.720195510550897
-1.7200571519570904
-1.7171357393203326
-1.713610977933056
-1.711133763480672
-1.7107546005119108
-1.7098221541881797
-1.709404025492663
-1.6813270630406247
-1.6807859943237475
-1.680501110976603
-1.6798896867055997
-1.679714462920122
-1.6602561164876506
-1.6595419961379376
-1.658981108104689
-1.6582273804113645
-1.6549671805335564
-1.648470745439793
-1.6388333739295147
-1.6288209485090654
-1.6181063957932367
-1.6076544486567481
-1.598201099620204
-1.1242451996096907
-1.123657307437875
-1.1221035068892757
-1.120542625679496
-1.1177783399729322
-1.1141204986140305
-1.1073867134245958
-1.098560192214399
-1.0883963408665216
-1.0773079215310772
-1.0656898106147346
-1.0510431810052743
-1.0410573969230075
-1.0318233499921972
-1.023687487279234
-1.016658213310592
-0.9600725689494514
-0.9557968889983118
-0.9535965060247148
-0.9524336632160114
-0.9515721752618352
-0.9506253853204344
-0.9488941854649402
-0.9475321746528492
-0.9459121779314347
-0.9442863453138889
-0.9417706195178909
-0.5487772133194495
-0.5471709952009467
-0.5454403288797871
-0.5426443157667429
-0.5402053140336108
-0.5098560296533323
-0.5067871641201527
-0.5028029090379714
-0.49981830920255277
-0.49549455194766406
-0.4876822274699483
-0.43832274003239285
-0.43037311186079014
-0.42159855203622965
-0.41173993105319034
-0.40595236648615235
-0.39523147811778325
-0.3889477234311474
-0.37966406850796214
-0.37065030761976253
-0.36169215457788056
-0.34811710254223543
-0.3291506715295078
-0.325727527996444
-0.3228397257972284
-0.32104250799287876
-0.31845446478552625
-0.1385615062304091
-0.13808380128819772
-0.13740463715114123
-0.1366271001786223
-0.13585832986713064
-0.10322482316408992
-0.10211328279120861
-0.10043284885633293
-0.09832407343047114
-0.09612875253065739
-0.09320616422323434
-0.08687636501356495
-0.08561817153508797
-0.08350052956442647
-0.0808960189168269
-0.07781198773460009
1.6180546941861336
1.6271499541838503
1.6375170813525022
1.6488703696378773
1.6608636191360906
1.6745848420752472
1.6867682919829947
1.6984006216090357
1.7091806513134375
1.718926311571671
1.7276881745350188
1.7376737610574833
1.7453271469621618
1.7527752975001125
1.7602657462562283
1.767943457250287
1.9255930556369198
1.9264156510695822
1.9289696064784136
1.930259122185755
1.933561378343353
1.9399373509183533
1.9465928294079584
1.949142939312968
1.9537015146634564
1.9556456441736232
1.9588862592882048
2.0169779597668884
2.0206168831392346
2.0219589973494747
2.025928281352342
2.0268058993420794
2.046163599516527
2.04996992586029
2.054612849159905
2.056677968807729
2.0610892968130248
2.0632506928327112
2.0681321684916902
2.070729047343132
2.073201844523128
2.0776818191462363
2.0853194928957084
2.5887399144548664
2.595317973499033
2.6024393906764893
2.6100911686055897
2.618229487137961
2.6267893615057996
2.6356357489866618
2.6446288747492326
2.653581389139129
2.662254385529571
2.6703352981199315
2.685596055207646
2.6945665953206723
2.7030027502816503
2.7107575576422036
2.717652718548729
2.7254983916725295
2.7310587569591296
2.7356893990013895
2.73930000725285
2.739950975782325
2.74122331708139
2.743141081509486
2.7438749565999223
2.7442716772690168
2.7446872415909214
2.7447604376722623
-2.5785411914607117
-2.5696504130216358
-2.5605988302348965
-2.551447712267555
-2.5422669850890394
-2.5331385127045465
-2.524167908842095
-2.5155039718271537
-2.50742698228781
-2.5008210460496705
-2.4990371663718975
-2.485793144962535
-2.485693850043588
-2.4829171576665274
-2.481631633965155
-2.4782864359496135
-2.4742196515016954
-2.4712246167284864
-2.4703636074529407
-2.4672171357987143
-2.4661070432492362
-2.4639939859802924
-2.4626642179929936
-2.461410106863428
-2.4607050937966553
-2.4600383676834157
-2.4597849845149087
-1.7218648051581398
-1.7214389892694182
-1.7211353577779847
-1.7201961755805038
-1.7200565852030525
-1.717135754565619
-1.7136109473568102
-1.7111342547051303
-1.7107539225344186
-1.7098225229817938
-1.7094038676995182
-1.6813270947318797
-1.6807858293413063
-1.6805012862376172
-1.6798896181484146
-1.6797144894939515
-1.6602561336399837
-1.6595419326383243
-1.6589811745047254
-1.6582273600055488
-1.6549671809085207
-1.6484707454345569
-1.638833373929599
-1.6288209485090632
-1.6181063957932358
-1.6076544486567461
-1.5982010996202063
-1.124245199609732
-1.1236573074377805
-1.12210350688939
-1.1205426256794029
-1.1177783399729615
-1.1141204986140245
-1.1073867134245954
-1.098560192214397
-1.0883963408665196
-1.0773079215310757
-1.0656898106147308
-1.0510431810052752
-1.0410573969230092
-1.0318233499921947
-1.023687487279233
-1.0166582133105917
-0.9600725689723416
-0.9557968808977426
-0.9535967558272896
-0.9524322661817068
-0.9515747238903176
-0.950623448774286
-0.9488950855460578
-0.9475317137544829
-0.9459123007906212
-0.9442863258633927
-0.941770620153519
-0.5487761884941335
-0.5471756625228212
-0.5454331646806575
-0.5426504904685922
-0.540202523060567
-0.5099170512644099
-0.5065391957378025
-0.5032611441981054
-0.4994106176612742
-0.4956462187622353
-0.4876667458781745
-0.43834572600944527
-0.4302680661943832
-0.42185574013812144
-0.41092086471459405
-0.4069228229252227
-0.3942350836835884
-0.38986624815836884
-0.3792760493448112
-0.3708426554672275
-0.36162970656687776
-0.34813010294036295
-0.3291108181762514
-0.3258259886299382
-0.32270997902562665
-0.3211192575629691
-0.3184456807327167
-0.13855459826056085
-0.13810337624159538
-0.13738033080825368
-0.13664280915662572
-0.13585425853661362
-0.10323449013434309
-0.10208387123737961
-0.10047233112252442
-0.09829016887422988
-0.09614711530520907
-0.09320139196518178
-0.08687874875539649
-0.08561585333247769
-0.0835011036549283
-0.08089595471694695
-0.07781199037371661
1.6180546941861353
1.6271499541838508
1.6375170813525013
1.64887036963788
1.6608636191360875
1.674584842075253
1.6867682919829652
1.6984006216091772
1.709180651312867
1.7189263115733602
1.7276881745317971
1.7376737610631203
1.7453271469550113
1.7527752975054423
1.760265746253969
1.7679434572507136
1.9254435701658579
1.92696918881487
1.927980738476737
1.9314421486686812
1.9328124841731158
1.940303366610374
1.9457934725609984
1.9503982432479312
1.952570617472954
1.956207527259078
1.9587839655621195
2.017036605006145
2.020121513198307
2.0228622474107345
2.0249616140225535
2.0273146473977377
2.046047264269141
2.050338693611788
2.0538395920103336
2.0575448808512466
2.0604661539866163
2.063571695500409
2.0680492547516285
2.070766960825679
2.0731941146951254
2.0776820250770514
2.0853194921914824
2.5887399144548637
2.595317973499033
2.602439390676488
2.6100911686055883
2.618229487137962
2.626789361505799
2.6356357489866604
2.644628874749233
2.653581389139132
2.662254385529572
2.670335298119932
2.685596055207645
2.6945665953206714
2.703002750281649
2.7107575576422045
2.7176527185487296
2.725498391672528
2.7310587569591296
2.7356893990013895
2.7393000072528495
2.739950975782325
2.74122331708139
2.7431410815094854
2.7438749565999223
2.744271677269017
2.744687241590923
2.7447604376722627
-2.578541191460712
-2.569650413021639
-2.560598830234901
-2.5514477122675547
-2.5422669850890376
-2.5331385127045483
-2.5241679088420965
-2.515503971827153
-2.507426982287812
-2.5008210460496705
-2.499037166371895
-2.4857931449625337
-2.4856938500435883
-2.4829171576665297
-2.481631633965154
-2.4782864359496135
-2.4742196515016923
-2.471224616728485
-2.470363607452939
-2.467217135798715
-2.466107043249236
-2.463993985980296
-2.4626642179929927
-2.461410106863426
-2.4607050937966544
-2.4600383676834148
-2.459784984514909
-1.721864833790914
-1.721438802902818
-1.7211356118408505
-1.7201955645257838
-1.7200571088204297
-1.7171357387383526
-1.7136109839277687
-1.71113360386626
-1.710754834976824
-1.7098220069315082
-1.709404092519935
-1.681326307672145
-1.6807913672467127
-1.6804938575442059
-1.6798959658547055
-1.6797108195511268
-1.6602561741867279
-1.6595417885774921
-1.6589813204253205
-1.6582273170143802
-1.6549671815751807
-1.6484707454276841
-1.6388333739296723
-1.6288209485090566
-1.6181063957932325
-1.607654448656749
-1.5982010996202074
-1.1242451996096938
-1.1236573074378684
-1.1221035068892562
-1.1205426256795303
-1.1177783399728995
-1.1141204986140445
-1.1073867134245883
-1.0985601922144006
-1.0883963408665236
-1.07730792153108
-1.0656898106147332
-1.0510431810052732
-1.0410573969230124
-1.0318233499922045
-1.0236874872792365
-1.0166582133105933
-0.9600725692206066
-0.9557968518879766
-0.9535974107046831
-0.9524290509200833
-0.9515800349488168
-0.9506198037385828
-0.9488965324988935
-0.9475310577214803
-0.9459124536320991
-0.9442863046574946
-0.9417706207210514
-0.5487766110523197
-0.5471736795731724
-0.5454363168090113
-0.5426476255833926
-0.540203874662889
-0.5098712278085151
-0.5067372140843729
-0.5028855004910474
-0.4997566841409892
-0.49550871040846056
-0.4876820018353231
-0.43830771468067914
-0.4304534724257073
-0.4213417420186245
-0.41248535689704174
-0.40483998672173827
-0.3965529714791974
-0.38760184298363726
-0.3805382618921942
-0.37020966772178815
-0.36187397104892566
-0.348071115045774
-0.3293326284659583
-0.32507019773602575
-0.32361820192158985
-0.3206941825562026
-0.3185130329548127
-0.1385175037365009
-0.13818873408466772
-0.13727175850931467
-0.13671971603025854
-0.13583765459949032
-0.10325946859870949
-0.1020013543880794
-0.10057814225370412
-0.09820487630554507
-0.09619407963222534
-0.09319015704934241
-0.0868838892409122
-0.08561094671065127
-0.08350228846889819
-0.08089582750313323
-0.07781199536443514
1.6180546941861353
1.6271499541838503
1.6375170813525037
1.6488703696378806
1.6608636191360886
1.6745848420752465
1.6867682919829918
1.6984006216090568
1.7091806513133276
1.7189263115720652
1.7276881745341448
1.7376737610592528
1.7453271469596883
1.752775297502116
1.7602657462553106
1.7679434572504744
1.9254427298615613
1.9269796741848186
1.9279628976654881
1.9314838154596325
1.9327720555919574
1.9403265858212728
1.945738479300882
1.9505531794315039
1.9524144149325104
1.9562622492837403
1.9587692344262286
2.0170597617594415
2.0199851483474434
2.0233234865288257
2.024488491293926
2.027443753316391
2.045991816892615
2.0505668033173863
2.053466517688212
2.0580507837710047
2.060031063928839
2.0637316401648804
2.067996028783985
2.0707908685887433
2.0731889387805347
2.0776821670253645
2.0853194916714886
2.5887399144548655
2.5953179734990335
2.6024393906764884
2.610091168605589
2.6182294871379614
2.6267893615057996
2.6356357489866626
2.644628874749233
2.6535813891391298
2.6622543855295726
2.6703352981199324
2.6855960552076468
2.6945665953206737
2.70300275028165
2.710757557642205
2.717652718548729
2.7254983916725286
2.73105875695913
2.7356893990013904
2.7393000072528495
2.7399509757823255
2.7412233170813907
2.7431410815094863
2.743874956599922
2.7442716772690163
2.7446872415909227
2.744760437672262
-2.5785411914607064
-2.569650413021639
-2.5605988302348996
-2.5514477122675574
-2.5422669850890354
-2.533138512704541
-2.5241679088420903
-2.515503971827153
-2.5074269822878104
-2.500821046049669
-2.4990371663718953
-2.4857931449625337
-2.485693850043587
-2.4829171576665274
-2.481631633965156
-2.478286435949613
-2.474219651501695
-2.4712246167284846
-2.4703636074529416
-2.467217135798713
-2.466107043249237
-2.4639939859802933
-2.462664217992993
-2.461410106863427
-2.460705093796649
-2.4600383676834015
-2.459784984514908
-1.7218648670795607
-1.7214385895227506
-1.72113589907565
-1.720194894626942
-1.7200576804954388
-1.7171357234931477
-1.7136110145026253
-1.7111331105547922
-1.7107555147751032
-1.7098216381110574
-1.7094042506075944
-1.6813262757720564
-1.6807915262651576
-1.6804936876490113
-1.679896033379547
-1.6797107948166732
-1.660256157038152
-1.659541852099341
-1.6589812540034827
-1.6582273374160108
-1.6549671812002154
-1.6484707454329213
-1.6388333739295884
-1.6288209485090654
-1.6181063957932322
-1.6076544486567454
-1.598201099620208
-1.1242451996096503
-1.1236573074379623
-1.1221035068891418
-1.1205426256796172
-1.11777833997287
-1.1141204986140516
-1.1073867134245903
-1.0985601922143966
-1.0883963408665218
-1.0773079215310735
-1.065689810614732
-1.0510431810052734
-1.0410573969230092
-1.0318233499922003
-1.0236874872792294
-1.0166582133105893
-0.9600725691977191
-0.9557968599892434
-0.9535971614825238
-0.9524304594994757
-0.9515774877072901
-0.9506217280232454
-0.9488956316885755
-0.9475315181350347
-0.9459123307364266
-0.9442863241067884
-0.9417706200854224
-0.5487776346423643
-0.5471690020309252
-0.5454434850063673
-0.542641453800669
-0.540206670171013
-0.5098061654028231
-0.5069649725119892
-0.5023610064222043
-0.500241600555725
-0.4953701898951457
-0.4876976218865054
-0.43828424995672377
-0.43055361228316474
-0.42105712799737904
-0.4130576452417284
-0.40397483421641706
-0.39740791070752846
-0.38686624916416906
-0.3810359151757939
-0.3700353245588064
-0.3619414444036825
-0.34805824303770777
-0.32936590714114905
-0.32488269948600407
-0.32381423160810163
-0.3206454307139452
-0.31852316498136685
-0.13852696156063843
-0.1381692643833029
-0.13729732928457972
-0.13670042001442895
-0.1358413934291376
-0.10325058520814565
-0.10203265642813601
-0.10053756778070688
-0.09823811426201619
-0.09617486080083346
-0.09319487079791167
-0.08688152071714646
-0.08561325011094466
-0.08350171328535903
-0.08089589168730825
-0.0778119927252845
1.6180546941861356
1.6271499541838503
1.637517081352502
1.6488703696378793
1.6608636191360915
1.6745848420752438
1.6867682919830178
1.698400621608915
1.7091806513138972
1.7189263115703748
1.7276881745373667
1.7376737610536142
1.7453271469668428
1.7527752974967883
1.7602657462575686
1.767943457250046
1.9255914711912243
1.926420793360232
1.9289437074872242
1.9302946601303346
1.9335404385950636
1.9399589577573713
1.946509854701557
1.9492632768842135
1.9535784585975955
1.9557299489816935
1.9588737767389202
2.016999079766229
2.020387007493254
2.0223239165547278
2.0255029787712804
2.0270790392687235
2.046102798921013
2.050159173124665
2.0541559329411685
2.057191376699691
2.0607276680738633
2.063455846164971
2.0680799909719703
2.0707537314576796
2.0731967396652835
2.0776819611430124
2.085319492375714
2.5887399144548686
2.595317973499032
2.60243939067649
2.610091168605589
2.6182294871379597
2.6267893615057987
2.635635748986663
2.6446288747492317
2.65358138913913
2.662254385529572
2.6703352981199333
2.6855960552076454
2.6945665953206706
2.703002750281648
2.710757557642204
2.7176527185487296
2.725498391672529
2.731058756959129
2.735689399001388
2.739300007252851
2.739950975782325
2.7412233170813898
2.743141081509486
2.7438749565999214
2.744271677269016
2.7446872415909214
2.744760437672263
