-2.5712768004947093
-2.562696850789683
-2.5539199102142964
-2.544993013157663
-2.535967339531523
-2.5269019075208834
-2.51786638612905
-2.5089457519712823
-2.5002489438168882
-2.4919304425269693
-2.484268346635884
-2.4788416090241117
-2.478162114433811
-2.4726859948923963
-2.472148852272529
-2.457603831637388
-2.4563974598678446
-2.45491358173007
-2.452268608561699
-2.4513361438807126
-2.4498363259714684
-2.447769767643598
-2.446151274959354
-2.444880418452243
-2.4436158827619425
-2.4429900775021687
-2.4419827654773023
-2.441825389739622
-1.6831447564402748
-1.6821782167394934
-1.679408852429054
-1.6776343794324333
-1.6765384466168454
-1.6760450852196465
-1.6749013296876079
-1.6734276592882265
-1.6730064008829226
-1.669585911333904
-1.6695046032860426
-1.6630913955395485
-1.6630739121763254
-1.6431017830468595
-1.643100869937586
-1.6223169281626562
-1.622257090122433
-1.6168887312187128
-1.616200117235675
-1.6133005398499596
-1.6119524675305228
-1.6099285940195251
-1.6059253872355825
-1.5988613588695846
-1.58975383764823
-1.5797484969577444
-1.569560561404433
-1.5603763897654133
-1.0859492152290835
-1.0849128031767314
-1.0839143479147904
-1.0810494375715667
-1.0794816223549533
-1.0727070852388039
-1.0639799553483664
-1.0536589805783092
-1.042108709623336
-1.0297041313776627
-1.0168416163170193
-1.003551330703803
-0.99104934934016
-0.9260629423600576
-0.9153623629606719
-0.9070039824371767
-0.9063108945425739
-0.9017976752394877
-0.8971674314794442
-0.8962262647363198
-0.8937437576402921
-0.8908157310360626
-0.8880369916017455
-0.8868201131155687
-0.8820037517125515
-0.881915807122235
-0.8731687141173908
-0.8731627725986879
-0.49203102866869636
-0.49156916424510727
-0.47170042935061796
-0.46937285441310755
-0.452476923895207
-0.44755174567607986
-0.43311918554374174
-0.42669733081184946
-0.4185910555135035
-0.4130099874929337
-0.4068535031328458
-0.3969229515027153
-0.39337125166453535
-0.37302151016299223
-0.37168306125887146
-0.3211111258129099
-0.3142775452793181
-0.30004604563583015
-0.2945764491911037
-0.2879090265611405
-0.2769510787275456
-0.2755671388974335
-0.2672549491313774
-0.2582081757426922
-0.24857616014601835
-0.24599147962684925
-0.21673889263741286
-0.2166279393744475
-0.060037066650804057
-0.06000876718172322
-0.05105132534553214
-0.05053403534102806
-0.04834751266971434
-0.0465854428707447
-0.04543884400443369
-0.044140964893797596
-0.043185499388926483
-0.03866260447711946
-0.03501342417133597
-0.026345127684790606
-0.023331239035442538
1.642107702045794
1.650440819908163
1.660864883036103
1.6716034406809306
1.6832286102269232
1.695393483853914
1.7077740729682367
1.720040223224099
1.7319100724055676
1.7431944098651622
1.7537976063843954
1.7646002933654854
1.7742149545077863
1.9111894167374546
1.9132907754082207
1.9165536495054354
1.9190322362946386
1.9240328617321556
1.9288937803073234
1.9328794710131825
1.939685203030097
1.9433696996679268
1.9511711858530087
1.9540113741703662
1.960689567026693
1.9641239115390081
1.984829192437808
1.9850481968951306
2.037740549134264
2.040854898058681
2.0443757000609826
2.0466141511545053
2.0516163281837017
2.054804630065285
2.058830335913861
2.0620599007667804
2.0648059248184025
2.06820949503329
2.069785167020861
2.073259643593176
2.0774659747743023
2.577539827547691
2.5832685150701815
2.589599457652873
2.5963499621471193
2.603643532600166
2.6114611249984345
2.619750119408159
2.628421443137816
2.6373504204811935
2.6463774738956163
2.6553061503099595
2.66392360546816
2.671887443166795
2.68084849316595
2.686901401204182
2.7057206362648984
2.713327956857808
2.7201999249679325
2.7262490900031846
2.731419148421681
2.7356642612673685
2.7389456622049857
2.7411599679739225
2.741545258388357
2.7425241830347584
2.7429484239953874
2.7446530910705036
2.7448571475872967
-2.57127680049471
-2.5626968507896817
-2.553919910214302
-2.544993013157663
-2.5359673395315268
-2.5269019075208834
-2.5178663861290502
-2.508945751971283
-2.5002489438168873
-2.4919304425269706
-2.4842683466358833
-2.4788416090241125
-2.478162114433811
-2.472685994892394
-2.472148852272529
-2.4576038316373876
-2.4563974598678433
-2.4549135817300693
-2.4522686085616985
-2.4513361438807135
-2.4498363259714693
-2.4477697676435977
-2.4461512749593535
-2.4448804184522435
-2.4436158827619416
-2.4429900775021696
-2.4419827654773045
-2.441825389739621
-1.6831447580596215
-1.6821782087324932
-1.6794091323111258
-1.6776282649371965
-1.6765831259912864
-1.6759790480094983
-1.6749468568701549
-1.673362636540301
-1.6730544111285988
-1.669551797929692
-1.6695374183577492
-1.663089666152637
-1.6630756240670421
-1.6431016426270364
-1.6431010103434671
-1.6223169679311222
-1.6222570488832129
-1.6168887677772346
-1.6162000699994485
-1.6133005705655363
-1.6119524443794686
-1.6099285988093774
-1.605925387025227
-1.5988613588729572
-1.5897538376481701
-1.5797484969577484
-1.5695605614044328
-1.5603763897654148
-1.0859492152290846
-1.0849128031767319
-1.083914347914789
-1.0810494375715678
-1.0794816223549561
-1.0727070852388048
-1.0639799553483633
-1.053658980578306
-1.0421087096233381
-1.0297041313776625
-1.0168416163170186
-1.0035513307038033
-0.9910493493401616
-0.9260629423672156
-0.915362362043388
-0.9070043927136706
-0.9063103037095233
-0.9017983368993834
-0.8971634029995089
-0.8962295954352971
-0.8937465148418183
-0.8908086978975721
-0.8880495933897489
-0.8868111422696245
-0.8820184520286677
-0.8819019630015662
-0.8731700671603358
-0.8731614259429564
-0.49203102440519614
-0.4915691690911371
-0.47170034553688167
-0.46937298344312267
-0.4524760583753491
-0.447553393425442
-0.4331133495876297
-0.42670658926848215
-0.41859832382493417
-0.41296375462983737
-0.40691789804097805
-0.3968287898284012
-0.39344079754831035
-0.37297977135424526
-0.3717200294577766
-0.32109830568749625
-0.3143112686321608
-0.2998345194662645
-0.2949900393898887
-0.28750511384932426
-0.27789477465777895
-0.27468979998502774
-0.26739281581439106
-0.2581789252312378
-0.24858709949537694
-0.24598621365147502
-0.2167390755855526
-0.2166277608331807
-0.06003760680632737
-0.06000821771561062
-0.05106023760489286
-0.05051880070761372
-0.048369386747282694
-0.046533516055761615
-0.04549785622969334
-0.044107700905830355
-0.04319621416201429
-0.03866252095386817
-0.03501342912880431
-0.026345127658462055
-0.023331239039233457
1.6421077020457995
1.650440819908163
1.6608648830361028
1.6716034406809306
1.683228610226924
1.6953934838539186
1.7077740729682362
1.7200402232241
1.7319100724055658
1.7431944098651684
1.7537976063843859
1.764600293365491
1.7742149545077848
1.9111874517431893
1.9133018305757716
1.91650476440456
1.91911644842506
1.9239013971508323
1.929176788751435
1.9325494445413363
1.9401625651311327
1.9428955990270478
1.9516684618442204
1.9535769446268512
1.9607987371705913
1.964082135195676
1.9848473649293248
1.9850305791025633
2.0377607729357643
2.0407457609576345
2.0449105614185394
2.045997069540253
2.0521787360708754
2.054207544683994
2.059286511473507
2.0616731528316463
2.0649947454077977
2.0681242891160037
2.069819550339812
2.0732580024916953
2.077466010309431
2.577539827547694
2.5832685150701837
2.589599457652871
2.5963499621471167
2.6036435326001643
2.61146112499843
2.6197501194081583
2.628421443137816
2.6373504204811913
2.646377473895616
2.655306150309957
2.6639236054681588
2.6718874431667987
2.680848493165947
2.686901401204182
2.7057206362648976
2.713327956857809
2.720199924967931
2.726249090003185
2.7314191484216863
2.7356642612673747
2.7389456622049857
2.7411599679739225
2.7415452583883577
2.742524183034759
2.742948423995385
2.7446530910705036
2.7448571475872985
-2.5712768004947093
-2.562696850789682
-2.5539199102143004
-2.5449930131576615
-2.535967339531526
-2.5269019075208825
-2.5178663861290502
-2.508945751971282
-2.500248943816886
-2.491930442526971
-2.4842683466358855
-2.4788416090241125
-2.4781621144338115
-2.4726859948923945
-2.4721488522725306
-2.4576038316373885
-2.4563974598678437
-2.45491358173007
-2.452268608561699
-2.4513361438807126
-2.449836325971469
-2.447769767643597
-2.446151274959354
-2.444880418452243
-2.4436158827619416
-2.4429900775021687
-2.441982765477303
-2.441825389739621
-1.6831447572657718
-1.6821782128653742
-1.679408966126242
-1.6776322374067247
-1.676553675452448
-1.6760244230693482
-1.6749133091431687
-1.673414792378867
-1.673014906064225
-1.6695844347312523
-1.6695059242044736
-1.6630917559213847
-1.663073554421323
-1.643102069847314
-1.6431005831362802
-1.6223171292583873
-1.6222568825721368
-1.616888862685886
-1.6161999530324886
-1.613300633838609
-1.6119524003138337
-1.6099286069550438
-1.6059253867346814
-1.5988613588762597
-1.5897538376481328
-1.579748496957748
-1.5695605614044323
-1.5603763897654133
-1.085949215229084
-1.0849128031767292
-1.0839143479147928
-1.0810494375715658
-1.0794816223549553
-1.0727070852388043
-1.0639799553483633
-1.0536589805783056
-1.0421087096233386
-1.0297041313776638
-1.0168416163170202
-1.0035513307038046
-0.9910493493401602
-0.926062942362471
-0.9153623633013525
-0.9070033120190865
-0.906311967008152
-0.9017950990969855
-0.8972243283679848
-0.8961320228260791
-0.8938140163101254
-0.8907539158646149
-0.8881081762253842
-0.8867767013840443
-0.882045254612017
-0.8818775906077474
-0.8731714325212598
-0.8731600701929824
-0.4920310351292674
-0.4915691568022688
-0.4717006600608604
-0.4693724727368343
-0.4524815215059415
-0.4475409409054234
-0.4332082157123473
-0.4263796641370335
-0.4193960577343356
-0.4114281689386739
-0.40821788302355616
-0.39564025152368676
-0.39433539446984384
-0.37272091364946913
-0.3719508885069076
-0.321066089250581
-0.31438989785205995
-0.29928964240120554
-0.29586203829824353
-0.2867497100714974
-0.2789667890734193
-0.2737853243403963
-0.2676434819594641
-0.2581329074927207
-0.24860363884614972
-0.24597840333160426
-0.21673931686769576
-0.2166275254753733
-0.06003885159725162
-0.0600069497271454
-0.051082059790549805
-0.05047950689551153
-0.048426896107378735
-0.046360801199006506
-0.04568734513156543
-0.04401788196474735
-0.043229473248931144
-0.03866227757679851
-0.03501344384753171
-0.026345127578142134
-0.023331239050835666
1.6421077020457966
1.6504408199081657
1.6608648830361008
1.671603440680931
1.683228610226924
1.6953934838539162
1.7077740729682327
1.7200402232241074
1.7319100724055492
1.7431944098651977
1.7537976063843532
1.7646002933655154
1.774214954507772
1.9112073105712097
1.9132022425780741
1.9170399036573447
1.9183531203410493
1.925055705287408
1.9274189756092637
1.9345187507038528
1.9378839294195913
1.9448838769403365
1.9498061869314047
1.9549767680866994
1.9603430821223973
1.964234552243369
1.9847986922101084
1.9850774375330058
2.0377225349834176
2.040957981963961
2.0440700252207575
2.046984334721705
2.0512700111168995
2.055163742465463
2.0585460309478494
2.0622730043652973
2.0646881858505104
2.0682537022236094
2.0697667606317327
2.07326041181335
2.0774659596568785
2.5775398275476893
2.5832685150701846
2.589599457652871
2.5963499621471167
2.603643532600165
2.6114611249984288
2.6197501194081574
2.6284214431378174
2.637350420481191
2.646377473895619
2.6553061503099595
2.66392360546816
2.6718874431667956
2.6808484931659486
2.686901401204181
2.7057206362648962
2.7133279568578117
2.720199924967927
2.7262490900031855
2.7314191484216837
2.73566426126737
2.7389456622049835
2.741159967973919
2.741545258388355
2.7425241830347455
2.742948423995385
2.744653091070506
2.7448571475872954
-2.5712768004947057
-2.562696850789682
-2.5539199102142995
-2.5449930131576624
-2.535967339531526
-2.526901907520884
-2.5178663861290502
-2.508945751971284
-2.5002489438168882
-2.4919304425269715
-2.484268346635884
-2.478841609024112
-2.478162114433809
-2.472685994892394
-2.47214885227253
-2.457603831637387
-2.456397459867845
-2.4549135817300707
-2.452268608561699
-2.4513361438807135
-2.4498363259714693
-2.447769767643599
-2.4461512749593535
-2.4448804184522444
-2.443615882761943
-2.442990077502169
-2.4419827654773028
-2.441825389739622
-1.6831447556464172
-1.6821782208723237
-1.679408686084106
-1.6776382538494878
-1.6765016227411818
-1.6760961913953145
-1.6748687362757995
-1.6734712166868633
-1.6729762775250272
-1.6696019106270972
-1.6694897494925873
-1.6630931494446346
-1.6630721783946885
-1.6431021395633005
-1.6431005134342331
-1.6223170897102712
-1.6222569235910191
-1.616888826139212
-1.6162000002573746
-1.6133006031241157
-1.6119524234633682
-1.6099286021651156
-1.6059253869450352
-1.5988613588728875
-1.5897538376481917
-1.579748496957747
-1.569560561404434
-1.5603763897654144
-1.085949215229084
-1.0849128031767292
-1.0839143479147904
-1.081049437571567
-1.0794816223549564
-1.0727070852388063
-1.0639799553483664
-1.0536589805783076
-1.042108709623337
-1.0297041313776651
-1.0168416163170195
-1.0035513307038024
-0.9910493493401609
-0.9260629423553135
-0.9153623642186375
-0.9070028999758157
-0.9063125594887046
-0.9017944361089721
-0.8972278589242733
-0.8961292079297056
-0.8938113381154759
-0.890761032035841
-0.888095998117118
-0.8867850727374403
-0.8820355928689293
-0.8818863934970856
-0.8731704845417347
-0.8731610117852321
-0.49203103939254106
-0.4915691519564668
-0.4717007438423365
-0.46937234373557263
-0.4524823840478761
-0.4475392938489747
-0.43321381106328394
-0.4263701404244621
-0.4193927346740175
-0.4115039837136205
-0.4081243547925057
-0.39582647025975987
-0.3941699492441116
-0.3727844077105407
-0.37189212169075564
-0.3210791181121734
-0.3143563225118971
-0.29957501333252445
-0.2954144877615674
-0.2871477012122779
-0.2784053086815384
-0.27426142885724375
-0.26749076659181253
-0.25816173201793846
-0.24859272640688151
-0.2459836162780189
-0.21673913469230363
-0.21662770324388875
-0.060038355796436405
-0.060007454838761014
-0.05107416618023137
-0.050493961362784966
-0.04840611794193597
-0.04643034799972831
-0.0456127649796947
-0.04404933349956824
-0.04321718450401639
-0.03866236107078782
-0.035013438889937396
-0.026345127604473814
-0.02333123904704536
1.6421077020457964
1.6504408199081688
1.6608648830361008
1.6716034406809328
1.6832286102269267
1.6953934838539166
1.707774072968236
1.7200402232241074
1.7319100724055552
1.7431944098651884
1.7537976063843632
1.7646002933655074
1.7742149545077774
1.9112093718277912
1.913192064460555
1.9171398698566984
1.918226863998489
1.9253172152691465
1.9270919970037517
1.9349602811117563
1.9373961914287274
1.9452575542419712
1.949429005186041
1.9552117239681415
1.9602224032124083
1.964270426992931
1.9847860454680684
1.9850895292075392
2.037703435993444
2.041089260446688
2.0437478154959354
2.047432674125418
2.0508052545158546
2.0557175052212404
2.058048544733645
2.062641295924218
2.064442729461433
2.068338081898167
2.06972810915677
2.0732620458715907
2.0774659241181292
2.577539827547694
2.5832685150701837
2.5895994576528722
2.596349962147117
2.6036435326001666
2.6114611249984327
2.6197501194081574
2.6284214431378183
2.637350420481191
2.6463774738956136
2.655306150309963
2.6639236054681574
2.6718874431667983
2.6808484931659446
2.6869014012041847
2.7057206362648984
2.713327956857809
2.7201999249679294
2.7262490900031833
2.7314191484216828
2.735664261267371
2.738945662204987
2.7411599679739265
2.741545258388355
2.7425241830347566
2.742948423995383
2.744653091070501
2.7448571475872963
-2.569152620376696
-2.5605194492640067
-2.5517003667382667
-2.542743698959685
-2.533702197840668
-2.5246372110910844
-2.5156217062274733
-2.506745576780355
-2.498126201592874
-2.489937017817037
-2.4825275463517262
-2.4800173283796827
-2.4773728333104463
-2.472984070448058
-2.471933478286411
-2.45766005294511
-2.456239796080947
-2.455035869372459
-2.45228311115923
-2.4512405218935096
-2.448812719634826
-2.448612254415578
-2.4455215658960228
-2.445405672068434
-2.4433373596994077
-2.4431900460302933
-2.4419219752910757
-2.4418682903278652
-1.6829566342505546
-1.6818536701807512
-1.6788990452164996
-1.67748748864588
-1.6764949332909038
-1.675990306872753
-1.6748524015021862
-1.673399226506719
-1.6730021909702057
-1.6696198276315823
-1.6694707787733132
-1.6630931417590646
-1.6630715368865072
-1.6431019822533177
-1.6431003395783932
-1.6223069064606623
-1.6222249939136633
-1.6167324312228744
-1.6159701963962834
-1.6129682056511905
-1.6115847424142038
-1.6092227183498748
-1.6044180659395173
-1.5967291184620656
-1.5872981351086801
-1.5772183860203148
-1.567175066259303
-1.5582602194784059
-1.085999269799467
-1.0848513053161937
-1.084028212382667
-1.080840825946914
-1.0796890224250433
-1.0745979890842399
-1.0663251762728605
-1.0563688978147898
-1.0450911409368449
-1.0328631477206496
-1.020078753143475
-1.0067432520727575
-0.9941248789390892
-0.9288664737232841
-0.9178756698617155
-0.9069413293406098
-0.9061207859886374
-0.9037042882607207
-0.8974033139934618
-0.8963342688653986
-0.8943350625286265
-0.891312207264655
-0.8881114765500356
-0.8872786960098071
-0.8820264952039951
-0.8819542047185285
-0.8731713738388485
-0.8731614902168324
-0.49207649096994455
-0.4917412237056627
-0.47211251752409356
-0.470070644037241
-0.453335337040227
-0.4490451668756283
-0.4352046460142125
-0.42710235763648724
-0.41881485110996486
-0.41285648375935063
-0.4069334078442209
-0.3972012129758675
-0.39356809433894246
-0.373192956933586
-0.3717614651238133
-0.3224298870785571
-0.3160343689682634
-0.3010245271532699
-0.2951267659791545
-0.28884816745645575
-0.27805697985747835
-0.27557864777699315
-0.26885590407163673
-0.2601835002906265
-0.24868290131537898
-0.24725313520750636
-0.2167440237886209
-0.21668033069901582
-0.06002519443576308
-0.06000690168445666
-0.05089623775313722
-0.05050059564081175
-0.047966670853487325
-0.046323582096978955
-0.04549088056814544
-0.04415597570267101
-0.04268438982867023
-0.03788680602959001
-0.03395685516606286
-0.02553941820662317
-0.022708335611768486
1.6402459084451446
1.648227593326817
1.6583497883372806
1.6688253931385477
1.6802612056698647
1.6923186678211433
1.70467729634913
1.7170010211325168
1.7289922677552814
1.740436365849342
1.7512109091876336
1.7621140127479102
1.7718593608768836
1.9103510129205978
1.9128772697356256
1.917062467775281
1.9180520711323057
1.925231242183054
1.926978707130814
1.9347033369576434
1.9372539536377953
1.945037332831679
1.9491817530419044
1.9551822201451843
1.9594843233545784
1.9634824880283244
1.9847698952625938
1.9850202061882192
2.038428122778597
2.041861624266144
2.043800708049638
2.0475882829964127
2.0512940679651326
2.0560100646434782
2.05852411896929
2.062962475781076
2.064889854964572
2.068694090892358
2.0700439735656415
2.0740316446836773
2.0790196990825627
2.5789287666394984
2.5847753976315575
2.5912364200965894
2.598122528725182
2.6055502256387
2.613492041819893
2.6218863763483102
2.630635170818368
2.6396049914255517
2.64862742378032
2.6574958390301675
2.6659878966906523
2.6737342174065364
2.682493332366902
2.6881739791802373
2.7076872528691887
2.715117076087989
2.721791574244356
2.7276260517384467
2.732568643386664
2.7365766840777024
2.7396073184281096
2.7414303307448544
2.7414731837349944
2.742530020858375
2.7431068214690484
2.744717205835299
2.7448965049302485
-2.5691526203767037
-2.5605194492640084
-2.551700366738271
-2.542743698959686
-2.5337021978406664
-2.524637211091081
-2.5156217062274737
-2.50674557678035
-2.4981262015928727
-2.4899370178170335
-2.482527546351727
-2.4800173283796862
-2.477372833310442
-2.4729840704480575
-2.471933478286413
-2.4576600529451103
-2.456239796080942
-2.455035869372451
-2.4522831111592285
-2.4512405218935083
-2.4488127196348217
-2.44861225441558
-2.445521565896021
-2.445405672068434
-2.4433373596994103
-2.4431900460302955
-2.4419219752910744
-2.4418682903278643
-1.6829566348158156
-1.6818536664007604
-1.6788993799806093
-1.677481923526348
-1.676529051107063
-1.6759419733039769
-1.6748857048222454
-1.6733487561650044
-1.6730398581884425
-1.6696098412850007
-1.66947973129036
-1.6630917426025098
-1.663072919028088
-1.6431017318748475
-1.6431005899448834
-1.6223068361166308
-1.622225067036389
-1.6167323862743486
-1.6159702513104997
-1.6129681772147226
-1.6115847606381284
-1.60922271572941
-1.6044180660117604
-1.5967291184611052
-1.5872981351086972
-1.577218386020316
-1.5671750662593036
-1.5582602194784045
-1.0859992697994671
-1.084851305316189
-1.0840282123826608
-1.080840825946914
-1.0796890224250428
-1.0745979890842408
-1.066325176272858
-1.0563688978147867
-1.045091140936848
-1.0328631477206505
-1.020078753143478
-1.0067432520727548
-0.9941248789390901
-0.9288664737258393
-0.9178756696503817
-0.9069416442329095
-0.9061202264969478
-0.9037046755060152
-0.8974036978252744
-0.8963312372502975
-0.8943405127262335
-0.8913056954579132
-0.8881251196321854
-0.8872680115526047
-0.8820394055386303
-0.8819418976747574
-0.8731721153806414
-0.8731607537145266
-0.49207648353784317
-0.4917412318738346
-0.47211240030208396
-0.47007081586553834
-0.4533342228382538
-0.4490470896636541
-0.4352001694451912
-0.4271106367333232
-0.4188163065855709
-0.41281978609113196
-0.4069926352138205
-0.3971110608201916
-0.39363470833291325
-0.3731523613220503
-0.37179728299477316
-0.32241609380110153
-0.3160667483029277
-0.3008370678413219
-0.29553141020393586
-0.2884299660206611
-0.2788154274460222
-0.27483325392605246
-0.26905297315730875
-0.26015102659171324
-0.24869667352509414
-0.24724380484918815
-0.21674430079115517
-0.21668005745555202
-0.060025740307771525
-0.060006350080365284
-0.050901488258193316
-0.05049303830873818
-0.047976394260461845
-0.04629652299846031
-0.04551722515528198
-0.04414805630926358
-0.04268562079568041
-0.037886797934579754
-0.03395685534778506
-0.025539418210817153
-0.022708335610769737
1.640245908445145
1.6482275933268178
1.6583497883372798
1.6688253931385462
1.6802612056698638
1.6923186678211413
1.704677296349132
1.717001021132512
1.7289922677552931
1.740436365849319
1.7512109091876575
1.7621140127478894
1.7718593608768896
1.9103416054814075
1.9129406654808205
1.9165330920955546
1.9187893693678495
1.9240120709976887
1.928736094455632
1.9326887073311618
1.9394761487261423
1.9431682341155474
1.9509025807015006
1.9539288008893674
1.960040269405785
1.9633189901709232
1.984817014210973
1.9849746182826704
2.03847040920548
2.0415391542354393
2.044495451230565
2.046841437920392
2.052018030739187
2.0551898433522595
2.05921832892114
2.062449693774991
2.065201444844316
2.0685832278584058
2.070091651405824
2.07403035696169
2.079019716801474
2.5789287666395024
2.5847753976315566
2.5912364200965885
2.5981225287251837
2.605550225638698
2.6134920418198937
2.621886376348308
2.630635170818368
2.639604991425551
2.648627423780322
2.6574958390301644
2.665987896690652
2.673734217406536
2.6824933323669025
2.688173979180237
2.707687252869189
2.715117076087988
2.7217915742443566
2.7276260517384463
2.7325686433866654
2.7365766840777024
2.7396073184281104
2.741430330744859
2.7414731837349904
2.742530020858379
2.743106821469048
2.744717205835299
2.7448965049302476
-2.569152620376699
-2.560519449264006
-2.5517003667382667
-2.542743698959685
-2.5337021978406735
-2.524637211091076
-2.5156217062274684
-2.5067455767803546
-2.498126201592873
-2.489937017817039
-2.482527546351727
-2.4800173283796867
-2.477372833310445
-2.4729840704480637
-2.47193347828641
-2.457660052945111
-2.456239796080945
-2.455035869372456
-2.45228311115923
-2.4512405218935114
-2.448812719634825
-2.448612254415577
-2.445521565896021
-2.445405672068433
-2.4433373596994103
-2.443190046030294
-2.441921975291079
-2.4418682903278657
-1.6829566362362123
-1.6818536575212348
-1.6789000439327069
-1.6774713041942504
-1.6765805679379846
-1.675864717653187
-1.6749419570062754
-1.6732226805203012
-1.6731467787456498
-1.6695947445738846
-1.669493449906861
-1.6630901898749608
-1.663074454427386
-1.6431016229109283
-1.6431006988961971
-1.6223068479476062
-1.6222250545945252
-1.6167324000487584
-1.6159702333964703
-1.6129681887814804
-1.6115847525185192
-1.6092227170781725
-1.6044180659633607
-1.596729118462048
-1.587298135108673
-1.5772183860203173
-1.5671750662593031
-1.558260219478405
-1.0859992697994676
-1.0848513053161948
-1.084028212382664
-1.0808408259469178
-1.079689022425042
-1.0745979890842385
-1.066325176272858
-1.0563688978147883
-1.0450911409368446
-1.0328631477206507
-1.0200787531434772
-1.0067432520727577
-0.9941248789390899
-0.9288664737241749
-0.9178756699414676
-0.9069405493862871
-0.9061223736691147
-0.9037025552415366
-0.8974407944642968
-0.8962592837805494
-0.8943954195672307
-0.8912718022450641
-0.8881704833421485
-0.8872361619628482
-0.8820589361991221
-0.8819237572125295
-0.8731728915442568
-0.8731599840845378
-0.49207650228290467
-0.49174121115184205
-0.4721128352415485
-0.47007014859962915
-0.4533409648708318
-0.4490336135944953
-0.43526004149510183
-0.4268711711569839
-0.41948985156561797
-0.4113193985371676
-0.4083483069789218
-0.39586950751260414
-0.394565093376715
-0.3728904872646514
-0.37202920199648526
-0.32237919773607027
-0.316147410950316
-0.30034387121707323
-0.2963900491412313
-0.2876137175823929
-0.27987942479245265
-0.27381450748824815
-0.2694597270086041
-0.2600978613564711
-0.248717800194551
-0.24722972918049843
-0.2167446575615042
-0.21667970569728934
-0.06002625841399737
-0.06000582598748559
-0.05090821666794959
-0.050483041080200367
-0.04799103549808018
-0.04624734171354827
-0.045567398718884156
-0.04413303004943684
-0.042688317000915486
-0.03788676743380569
-0.03395685720534913
-0.02553941819517541
-0.022708335613349086
1.6402459084451453
1.6482275933268162
1.6583497883372786
1.6688253931385453
1.6802612056698634
1.692318667821144
1.704677296349131
1.717001021132514
1.7289922677552887
1.7404363658493258
1.75121090918765
1.7621140127478958
1.7718593608768858
1.9103405803146964
1.9129483707759278
1.9164856976907534
1.9188716258411063
1.9238793474289722
1.9290330727672713
1.932344155524105
1.9399718512169073
1.9426746935823678
1.951403254203116
1.9534819483503343
1.9601716602465107
1.963269879232731
1.984841065138988
1.9849510514369448
2.038494289395902
2.041397920028247
2.045031226359092
2.0462674147001128
2.052530346608307
2.0546414046716572
2.059635595253569
2.062100408328913
2.065371420309096
2.068508346037769
2.0701211950502976
2.074029458891912
2.079019729578579
2.5789287666394993
2.5847753976315566
2.591236420096592
2.5981225287251832
2.605550225638699
2.613492041819895
2.621886376348311
2.6306351708183695
2.6396049914255513
2.6486274237803213
2.657495839030165
2.6659878966906527
2.6737342174065364
2.6824933323669042
2.6881739791802377
2.70768725286919
2.715117076087989
2.7217915742443557
2.7276260517384476
2.7325686433866654
2.736576684077701
2.739607318428111
2.741430330744861
2.7414731837349886
2.7425300208583767
2.743106821469049
2.744717205835299
2.744896504930248
-2.5691526203767046
-2.5605194492640058
-2.551700366738274
-2.542743698959682
-2.5337021978406686
-2.524637211091078
-2.5156217062274773
-2.50674557678035
-2.498126201592875
-2.4899370178170384
-2.4825275463517285
-2.480017328379684
-2.4773728333104477
-2.4729840704480623
-2.4719334782864144
-2.4576600529451103
-2.456239796080943
-2.4550358693724568
-2.4522831111592325
-2.4512405218935096
-2.4488127196348293
-2.4486122544155795
-2.4455215658960214
-2.4454056720684356
-2.4433373596994152
-2.4431900460302947
-2.441921975291079
-2.4418682903278652
-1.6829566356709518
-1.6818536613012856
-1.678899710098431
-1.677477122036803
-1.6765523156797673
-1.6759095647702482
-1.6749068512141168
-1.6733184942324475
-1.6730629406233015
-1.6696069347964988
-1.669482290760752
-1.663091818094601
-1.6630728432223707
-1.6431019106061735
-1.6431004112129375
-1.6223069182704302
-1.622224981493011
-1.616732444995395
-1.6159701784840634
-1.6129682172177975
-1.6115847342948348
-1.609222719698644
-1.6044180658911127
-1.596729118463008
-1.5872981351086588
-1.5772183860203182
-1.5671750662593011
-1.5582602194784054
-1.085999269799467
-1.0848513053161895
-1.0840282123826621
-1.080840825946914
-1.079689022425043
-1.0745979890842405
-1.0663251762728585
-1.056368897814785
-1.045091140936849
-1.0328631477206502
-1.0200787531434756
-1.0067432520727564
-0.9941248789390907
-0.9288664737216226
-0.9178756701528011
-0.9069402331700029
-0.9061229340815884
-0.9037021682592442
-0.8974404859725242
-0.8962624134597863
-0.8943898705246345
-0.8912783129160075
-0.8881576840786289
-0.8872459303455142
-0.8820501742773341
-0.881931914816196
-0.8731722490892618
-0.8731606215000074
-0.49207650971409506
-0.4917412029845809
-0.4721129523947626
-0.4700699768350384
-0.45334207391588155
-0.4490316936609607
-0.4352644277303435
-0.4268625555596225
-0.41949051326857095
-0.41138661129889936
-0.4082608650789307
-0.3960514825205064
-0.39440271472955624
-0.37295041079630004
-0.371974009469723
-0.32239325396795393
-0.31611505883218677
-0.30058604048406967
-0.29597763468902427
-0.2880215883287952
-0.2793413078475642
-0.27434853551928146
-0.26921749844664017
-0.26012964586113174
-0.24870426015537797
-0.24723881194268016
-0.2167443835851817
-0.21667997591453741
-0.06002574207221765
-0.060006348061384496
-0.05090319841663769
-0.05049038089883191
-0.04798149859932677
-0.04627718327408349
-0.045538313754074994
-0.04414071668853382
-0.04268707545568717
-0.037886775528447054
-0.033956857023626524
-0.025539418190981225
-0.022708335614347392
1.6402459084451453
1.6482275933268187
1.6583497883372806
1.6688253931385475
1.6802612056698638
1.6923186678211417
1.7046772963491312
1.7170010211325182
1.7289922677552727
1.7404363658493476
1.7512109091876253
1.762114012747916
1.771859360876883
1.9103499671813207
1.9128845138152122
1.91696304046946
1.9181785758997894
1.9249645075800372
1.9273173888501265
1.934260268897769
1.937744504930458
1.944647340645795
1.9495743131291856
1.9549156409703559
1.9596361028526403
1.963441521340575
1.9847835927670547
1.9850069930335061
2.0384504263410372
2.041670767151303
2.0441779284342676
2.0471738957782173
2.0517159713687256
2.0555058244193383
2.058971458510811
2.0626326764556957
2.0651026308153217
2.068619881742341
2.0700768151020172
2.0740307486217473
2.0790197118600844
2.5789287666394984
2.5847753976315566
2.591236420096589
2.598122528725183
2.6055502256387015
2.6134920418198924
2.6218863763483102
2.6306351708183695
2.6396049914255486
2.6486274237803222
2.657495839030165
2.665987896690651
2.673734217406536
2.682493332366902
2.6881739791802373
2.7076872528691927
2.7151170760879895
2.721791574244357
2.727626051738447
2.732568643386665
2.7365766840777
2.73960731842811
2.741430330744857
2.741473183734992
2.7425300208583776
2.7431068214690484
2.7447172058352987
2.744896504930248
-2.567014120736301
-2.558330469070013
-2.549472172978345
-2.540489043073961
-2.531435532598645
-2.5223755273575788
-2.513385611649439
-2.504561208981508
-2.4960297148202275
-2.487989250662686
-2.4813857288761465
-2.480817305518418
-2.4772826761083344
-2.472927667015522
-2.471977593702845
-2.4574389254340225
-2.4567774951280676
-2.454255738476201
-2.453221394214568
-2.450228642766981
-2.4494924643461515
-2.447856361260288
-2.4462198011552183
-2.4447344651345686
-2.4437778359660043
-2.4428863651730297
-2.442038060742959
-2.441795424955068
-1.6827327632451428
-1.681504907713736
-1.6783916888319699
-1.6773869468938323
-1.676622584570746
-1.6757329557302403
-1.6748607906693094
-1.67337352795377
-1.672988472716498
-1.66961856410602
-1.6694687716717733
-1.6630880453827448
-1.6630756743673272
-1.6431014651451807
-1.643100300869578
-1.622295200474467
-1.622180734389355
-1.6165712032718453
-1.615699903090823
-1.6126324089417814
-1.611168851939157
-1.608330471771131
-1.6027256139102835
-1.59448915682993
-1.5848021710572342
-1.5747033415529958
-1.564842652886851
-1.5562324678848787
-1.0858762437860414
-1.0853448228531126
-1.0832465001359701
-1.0820347252096614
-1.0781931043079143
-1.0763614605682597
-1.0685651446363396
-1.0589961631806295
-1.0480142671489316
-1.035987096767046
-1.0233057053649253
-1.009950584711097
-0.9972368562338453
-0.9316552020150453
-0.9205310692574348
-0.9068463407702098
-0.9067186902114047
-0.9048529916759512
-0.8983661047404544
-0.8963799786755823
-0.8944357604516455
-0.8919573126237742
-0.8881948253195795
-0.8876433466232758
-0.8820772182496522
-0.8819638478986043
-0.8731717602976308
-0.873162413398128
-0.49210749637004925
-0.49187055196197665
-0.4724572990987198
-0.4706829129666989
-0.4541512548114557
-0.4503653928023918
-0.43711975328038527
-0.42861336341076683
-0.41863024619156636
-0.4132419364121773
-0.40681549619791474
-0.3977362988001828
-0.3936837584410289
-0.37336468412691104
-0.3719090683565834
-0.32351549743332914
-0.31775975804728257
-0.30201872243338707
-0.2957656639887894
-0.2897103422130842
-0.2797490545375522
-0.27560435458102167
-0.26982863234203364
-0.2625804242785039
-0.2487463999127683
-0.24798470371631973
-0.21674604939585135
-0.21671099463064233
-0.060017277261151705
-0.06000648622478805
-0.050757619106582864
-0.050512506686950995
-0.04748606092121674
-0.046339248140652704
-0.045358563128245585
-0.04413199202460253
-0.041997667499165385
-0.037002503026190334
-0.032888773536368335
-0.024758691358901172
-0.02215833072893501
1.638474652540434
1.6460998227360366
1.6559102243274075
1.6661067299293362
1.6773338540308917
1.6892626655730862
1.7015781602357238
1.7139406582989585
1.7260393505179523
1.7376361482613334
1.748581736634189
1.7595928378696952
1.7694721233694815
1.9093158878158178
1.9124633123204318
1.9169094175591652
1.9180124908911633
1.9248522719311127
1.927204259902016
1.9339587348834146
1.9375794070649275
1.9444042377224864
1.9492129789985306
1.9547439090086018
1.9590663732819238
1.9626401053314169
1.98477547139743
1.9849686160380309
2.03919789024135
2.0422879303749264
2.0443394474392167
2.0474340108406643
2.052189847125041
2.055872843570684
2.0594379652826724
2.063016638775746
2.0655615524307898
2.0689720386641297
2.070400654185968
2.074977827742814
2.0807785047915073
2.5803459698132576
2.586313606969003
2.5929070015329807
2.5999290776801502
2.6074892494038244
2.6155514181475903
2.624044959680724
2.6328628817571484
2.641863027746739
2.650867982234399
2.6596602378914747
2.6680073970957325
2.6755084292985103
2.684054773108926
2.6893384425370006
2.7096116544515487
2.716858418427647
2.723330962589184
2.728947196462534
2.7336596921736485
2.7374283710021614
2.740196379405221
2.7413132079987172
2.741625333784143
2.742612570984899
2.743233903373909
2.7447709273349203
2.7449369404444743
-2.5670141207363084
-2.558330469070013
-2.5494721729783394
-2.5404890430739537
-2.5314355325986435
-2.5223755273575814
-2.5133856116494417
-2.5045612089815092
-2.496029714820221
-2.487989250662686
-2.4813857288761456
-2.480817305518418
-2.477282676108337
-2.4729276670155236
-2.4719775937028463
-2.4574389254340194
-2.456777495128072
-2.454255738476197
-2.453221394214571
-2.4502286427669833
-2.449492464346149
-2.447856361260288
-2.4462198011552214
-2.4447344651345677
-2.443777835966006
-2.442886365173032
-2.4420380607429593
-2.441795424955071
-1.682732761876007
-1.6815049185550892
-1.6783896393414701
-1.6774050182055475
-1.6765681874673486
-1.6758141235273158
-1.6747917120875482
-1.6734464165800231
-1.6729403863191905
-1.66963004410779
-1.6694587490422221
-1.663089881237471
-1.6630738554921745
-1.643101553136902
-1.643100212889317
-1.6222951978751878
-1.6221807372077264
-1.6165711986280538
-1.61569990929164
-1.6126324048649785
-1.6111688545790057
-1.608330471423013
-1.6027256139220003
-1.594489156829645
-1.5848021710572444
-1.574703341552995
-1.564842652886852
-1.5562324678848778
-1.08587624378604
-1.0853448228531155
-1.0832465001359746
-1.0820347252096592
-1.0781931043079132
-1.076361460568257
-1.0685651446363367
-1.058996163180628
-1.0480142671489308
-1.0359870967670448
-1.0233057053649208
-1.009950584711094
-0.997236856233843
-0.931655202016071
-0.9205310692005658
-0.9068482542736075
-0.9067165542473593
-0.9048532619245856
-0.8983667195937406
-0.8963763724139024
-0.8944422610614261
-0.891951167559231
-0.8882094382939899
-0.8876308882893911
-0.8820840272366218
-0.8819574684132963
-0.8731723920347705
-0.8731617856497945
-0.49210748287958445
-0.4918705663990942
-0.47245712786543803
-0.47068315293908825
-0.4541497580064095
-0.4503678044448144
-0.43711551033752316
-0.4286207253603398
-0.4186291817619279
-0.41321548306922845
-0.4068673243006583
-0.3976549368423137
-0.39374184874511614
-0.37332331957429604
-0.37194566957303093
-0.3234997644862775
-0.3177923668027191
-0.30185025861270565
-0.2961593352219929
-0.2892777829395269
-0.2803118877090774
-0.2750339827463352
-0.2700636233365538
-0.26254004794613306
-0.24876311833521478
-0.24797100352458293
-0.2167464486902251
-0.2167105982891417
-0.06001927817478611
-0.060004470594385975
-0.05078177836406867
-0.05048172265106266
-0.047536271440538354
-0.0462131491115277
-0.04546906530739821
-0.044101286530275424
-0.04200044390387435
-0.037002454792520525
-0.03288877671669913
-0.024758691320590578
-0.022158330736026504
1.6384746525404348
1.646099822736036
1.6559102243274066
1.6661067299293335
1.6773338540308933
1.6892626655730858
1.7015781602357254
1.7139406582989574
1.7260393505179525
1.7376361482613292
1.7485817366341938
1.759592837869691
1.769472123369483
1.9093163812684442
1.9124585253058721
1.9170076382851455
1.9178868306304393
1.925118937431771
1.9268592877882424
1.934396205844432
1.937094105875448
1.9448145745575087
1.9488039492085798
1.9550336339010073
1.9588860712910223
1.9626876678989007
1.984761820618759
1.9849818512046489
2.0391711786282634
2.0425607822574445
2.043892246717702
2.0478123446742726
2.051808925722995
2.0563245680774624
2.0590425746569188
2.063307598554537
2.0653799637013757
2.069036592772942
2.070373604256543
2.07497826407499
2.080778500406298
2.580345969813257
2.586313606969003
2.592907001532982
2.5999290776801494
2.607489249403825
2.615551418147588
2.6240449596807234
2.632862881757152
2.641863027746739
2.650867982234401
2.659660237891473
2.6680073970957343
2.6755084292985094
2.6840547731089264
2.6893384425370006
2.7096116544515483
2.7168584184276465
2.723330962589185
2.7289471964625345
2.7336596921736485
2.73742837100216
2.740196379405221
2.741313207998716
2.7416253337841443
2.742612570984899
2.74323390337391
2.7447709273349195
2.7449369404444734
-2.567014120736304
-2.5583304690700106
-2.5494721729783367
-2.5404890430739555
-2.5314355325986475
-2.52237552735758
-2.5133856116494377
-2.504561208981514
-2.49602971482022
-2.4879892506626873
-2.481385728876147
-2.4808173055184177
-2.477282676108332
-2.472927667015523
-2.4719775937028423
-2.4574389254340216
-2.456777495128071
-2.454255738476199
-2.4532213942145717
-2.450228642766984
-2.449492464346149
-2.44785636126029
-2.4462198011552205
-2.444734465134569
-2.443777835966004
-2.442886365173027
-2.442038060742956
-2.4417954249550697
-1.6827327622972403
-1.681504914902258
-1.6783904903775475
-1.6773972329530187
-1.67659388868398
-1.675775042419514
-1.6748261884518414
-1.6734079695671493
-1.6729656008507194
-1.6696226208552105
-1.6694652598806952
-1.6630882702054746
-1.6630754524175713
-1.6431013117879087
-1.6431004542277892
-1.6222951682419187
-1.6221807683755929
-1.61657117810486
-1.6156999342860892
-1.6126323924007384
-1.6111688617879376
-1.6083304706413046
-1.6027256139409451
-1.594489156829338
-1.5848021710572509
-1.574703341552992
-1.5648426528868509
-1.55623246788488
-1.0858762437860416
-1.085344822853123
-1.083246500135979
-1.082034725209664
-1.0781931043079138
-1.0763614605682563
-1.0685651446363362
-1.058996163180627
-1.0480142671489299
-1.0359870967670446
-1.0233057053649215
-1.0099505847110946
-0.9972368562338437
-0.9316552020154155
-0.9205310692784635
-0.9068379284865279
-0.9067282178830655
-0.9048512911258021
-0.8983770518198354
-0.8963454933501965
-0.8944793746258753
-0.8919269218335842
-0.8882464543358155
-0.8876013546770267
-0.8820944028132399
-0.8819479177971424
-0.8731729763503824
-0.8731612058160025
-0.4921075169550884
-0.49187052978382456
-0.47245775616811864
-0.4706822376915363
-0.45415846212669614
-0.4503519463431467
-0.43716420801464295
-0.42845989017521413
-0.4192258264490143
-0.4119018455547865
-0.408072446037391
-0.3965543030639766
-0.3945068284094054
-0.3730404992862992
-0.37219694901399963
-0.3234551959141715
-0.3178790177239299
-0.30138952830207766
-0.29701972676683425
-0.28837164205300864
-0.2813234860542585
-0.27399398503286737
-0.2706214432290805
-0.26246843007221704
-0.24879036203181792
-0.24794899709908386
-0.21674701632203763
-0.21671003506482014
-0.06001976459611605
-0.06000398016694321
-0.050785816167861264
-0.050476525284449944
-0.04754337602476235
-0.0461943919480673
-0.04548483441362106
-0.04409810800519517
-0.04200067029387883
-0.03700245410746468
-0.03288877657363164
-0.02475869132731249
-0.022158330734452197
1.6384746525404328
1.646099822736034
1.6559102243274058
1.6661067299293335
1.677333854030891
1.6892626655730825
1.7015781602357254
1.7139406582989536
1.7260393505179656
1.737636148261311
1.748581736634214
1.7595928378696746
1.769472123369489
1.909312198846186
1.9124970689042713
1.9165277141235417
1.9185633968467344
1.9239647086297476
1.9285734362126818
1.932449505282876
1.9392403448109998
1.942947600004566
1.9504999947137796
1.9537671642925207
1.9595193242631337
1.9625000592996216
1.9848085386021477
1.9849364103674483
2.0392208423686378
2.042126942824985
2.0446639372568933
2.0471405990948774
2.052452290325099
2.0555976688243365
2.0596500907302584
2.0628608550061323
2.0656437653740305
2.0689416517406345
2.0704123609151868
2.0749776496150747
2.0807785063355575
2.5803459698132576
2.5863136069690036
2.592907001532982
2.599929077680149
2.6074892494038244
2.61555141814759
2.624044959680724
2.632862881757148
2.6418630277467394
2.650867982234399
2.6596602378914755
2.6680073970957325
2.67550842929851
2.684054773108927
2.6893384425370006
2.7096116544515474
2.716858418427647
2.7233309625891837
2.7289471964625345
2.733659692173648
2.7374283710021596
2.740196379405221
2.7413132079987186
2.741625333784141
2.742612570984901
2.7432339033739095
2.7447709273349203
2.7449369404444743
-2.5670141207363066
-2.558330469070009
-2.549472172978334
-2.5404890430739537
-2.5314355325986444
-2.522375527357579
-2.513385611649445
-2.5045612089815146
-2.496029714820223
-2.487989250662683
-2.481385728876147
-2.48081730551842
-2.4772826761083366
-2.472927667015525
-2.4719775937028454
-2.457438925434022
-2.4567774951280748
-2.454255738476203
-2.453221394214568
-2.4502286427669837
-2.449492464346147
-2.4478563612602864
-2.4462198011552214
-2.44473446513457
-2.443777835966003
-2.442886365173032
-2.44203806074296
-2.441795424955067
-1.6827327636663663
-1.6815049040608228
-1.6783925305508092
-1.677378567685984
-1.6766460877388258
-1.675692763896135
-1.6748981041860858
-1.6733259531597355
-1.6730238873347383
-1.6696100501677806
-1.669476375785072
-1.6630857423880245
-1.663077963255741
-1.6431011544258898
-1.643100611578351
-1.6222951708426387
-1.6221807655557894
-1.6165711827489129
-1.6156999280850344
-1.6126323964775662
-1.6111688591480575
-1.6083304709894206
-1.6027256139292247
-1.594489156829626
-1.5848021710572395
-1.5747033415529987
-1.5648426528868484
-1.5562324678848796
-1.0858762437860403
-1.0853448228531197
-1.0832465001359708
-1.0820347252096607
-1.0781931043079147
-1.0763614605682545
-1.0685651446363413
-1.0589961631806302
-1.0480142671489274
-1.0359870967670441
-1.0233057053649217
-1.0099505847110934
-0.997236856233841
-0.9316552020143892
-0.9205310693353296
-0.9068355969461793
-0.9067307712812951
-0.9048510214545057
-0.8983764505578001
-0.8963492022937756
-0.8944728416283327
-0.8919330104024986
-0.8882331952222687
-0.8876124322052794
-0.8820885673363303
-0.8819533233528187
-0.873172413900808
-0.8731617642767475
-0.49210753044140493
-0.4918705153508559
-0.4724579272395692
-0.47068199787293435
-0.45415994919219727
-0.450349541605852
-0.437168391955779
-0.42845237410525494
-0.41922810880267114
-0.41194414046806144
-0.4080081043501885
-0.3966799421656224
-0.394400180476117
-0.37310351868617525
-0.37213864357573406
-0.3234713132475165
-0.31784627211080885
-0.3016013566948271
-0.296635087307603
-0.288797507220647
-0.2808340873830627
-0.27452780122417886
-0.2703051645202625
-0.26250727268748925
-0.24877452908266284
-0.2479618045379063
-0.2167466294552355
-0.21671041897874246
-0.06001792808351124
-0.060005831396370564
-0.05076260141664813
-0.0505063786609264
-0.04749394902651607
-0.04632313193071571
-0.045371164381825584
-0.04412854465251621
-0.041997892267380384
-0.03700250234106151
-0.03288877339330195
-0.024758691365622264
-0.022158330727363056
1.638474652540431
1.6460998227360357
1.6559102243274066
1.6661067299293346
1.6773338540308917
1.6892626655730878
1.7015781602357243
1.7139406582989583
1.7260393505179592
1.737636148261315
1.7485817366342087
1.759592837869678
1.7694721233694903
1.9093117092466252
1.9125020523875769
1.916482408274342
1.9186427508339157
1.9238321547238966
1.9288838149075465
1.9320916580983978
1.9397477938927166
1.9424385530814752
1.9509848795511004
1.9533315575212
1.959672392799683
1.9624403685250922
1.984836464956797
1.9849088994361486
2.039249941006428
2.041953824371349
2.0451808406746057
2.046627735817852
2.0529132047367957
2.0551019261109675
2.060026153086087
2.062549854927991
2.0657946373124427
2.068876289397419
2.070437036372793
2.0749772128399924
2.080778510720725
2.5803459698132576
2.586313606969004
2.59290700153298
2.5999290776801494
2.6074892494038258
2.6155514181475903
2.6240449596807234
2.63286288175715
2.6418630277467394
2.650867982234399
2.659660237891474
2.668007397095733
2.6755084292985103
2.6840547731089255
2.6893384425370006
2.709611654451548
2.716858418427646
2.7233309625891855
2.728947196462533
2.733659692173649
2.737428371002161
2.74019637940522
2.7413132079987195
2.741625333784141
2.7426125709849005
2.7432339033739086
2.7447709273349217
2.744936940444474
-2.5648619712250604
-2.5561306270351576
-2.5472361175500904
-2.5382299452384545
-2.5291684007257014
-2.52011813579732
-2.5111597173001714
-2.502394853280918
-2.4939630541756905
-2.486095674324599
-2.4827040151539728
-2.4793839330348155
-2.477865091939065
-2.4725495533463135
-2.4722572915470202
-2.45728859957086
-2.456973316580531
-2.454126306537655
-2.4532853783208752
-2.450403498669857
-2.4492428902364716
-2.446971930329243
-2.4469674511162114
-2.4443121134384236
-2.4441190613925063
-2.4428024515017857
-2.4420759717758305
-2.4417805128399075
-1.6824726404434247
-1.681138958236006
-1.677953315580839
-1.6772994156053123
-1.67664307463091
-1.6756366047539963
-1.6747898070056992
-1.6733547917778557
-1.672975051585267
-1.6695869596758648
-1.6694916501902002
-1.6630843002596212
-1.663077944861211
-1.6431010225921174
-1.6430997790091817
-1.6222795679027238
-1.62212160010586
-1.6163971428104877
-1.6153867682954766
-1.6122962454004242
-1.61067481425975
-1.6072326574941933
-1.6008667888118107
-1.5921597891379633
-1.5822809042836716
-1.5722155127356143
-1.5625733481025224
-1.554299933722597
-1.085728318524035
-1.0855828502354743
-1.0830723372128466
-1.0822346098623996
-1.077991790915934
-1.0765564519851825
-1.0706942947084457
-1.0615350668876824
-1.0508721678593296
-1.0390698203657185
-1.0265162431323744
-1.0131671270605165
-1.0003806977288525
-0.9344020716410197
-0.9232735471590722
-0.9088059233243793
-0.9065650128558584
-0.9046856020742794
-0.8999258846851462
-0.8963096776945926
-0.8942546609066104
-0.8927843138536395
-0.8883492028122241
-0.88788977504302
-0.8821435013453266
-0.8819607528439867
-0.8731702154216873
-0.8731654176940482
-0.49212921549980837
-0.4919646945371739
-0.4727336087111494
-0.4712234494114842
-0.45498502649147105
-0.4514969253002712
-0.43880834415848896
-0.43069039607323306
-0.41914057710674557
-0.4134097960740563
-0.4067116209145237
-0.398498238617093
-0.3937910781584495
-0.37355884943115225
-0.3720977655624844
-0.32435939703974165
-0.3193948194263341
-0.30303236872317263
-0.29655102514349274
-0.29052871935142754
-0.28167149122124796
-0.2758132787658861
-0.27037034272944105
-0.2650510782531816
-0.24878900212586888
-0.24837375834502362
-0.21674638824416934
-0.21672880466201638
-0.060011549804204055
-0.06000725342833935
-0.050641901238074154
-0.05053497123113872
-0.046982539650631025
-0.04640470512032457
-0.04533309731318585
-0.04386657160610681
-0.041184354247070065
-0.03603648580789216
-0.031830377112743245
-0.024018300801251568
-0.021687835502681375
1.636794172764789
1.6440593666650476
1.653549593019245
1.6634518384503214
1.6744516472189588
1.686230861601251
1.698481832314872
1.7108634748403844
1.7230542306479573
1.7347948635894244
1.7459096156506135
1.7570357376162113
1.7670526898600856
1.9081013745591004
1.9119368686102491
1.9164931076522738
1.9184435533580693
1.9237498602755405
1.9287271779703534
1.931786807024793
1.9394773378829684
1.9421829112119466
1.950436059864472
1.9531024317634607
1.959296571378958
1.9616443686686682
1.9848325650264538
1.9848908302167776
2.04000022179481
2.0424005807138936
2.045372298034805
2.0470819320323317
2.0533256004887726
2.0555902421845618
2.060456948845506
2.06302341485392
2.066270184468836
2.069226667928817
2.0707882792539807
2.0761192458167437
2.082735609749021
2.58179228610579
2.5878837394749548
2.5946114648500282
2.601769395130972
2.6094598480740845
2.6176379317148246
2.62622398802651
2.635102151610362
2.644121548761566
2.653095506512813
2.6617947105736723
2.669976098893497
2.677201152049097
2.6855262802345705
2.690390181990336
2.7114923625341723
2.7185507421417725
2.7248171077459116
2.730211787116648
2.734691743681653
2.738218474772292
2.7406802096792062
2.7412376043010553
2.7416273195764105
2.742770708561936
2.7433325995425433
2.7448164463148
2.744979226190289
-2.564861971225062
-2.556130627035153
-2.5472361175500913
-2.5382299452384522
-2.5291684007257036
-2.520118135797321
-2.5111597173001705
-2.502394853280926
-2.49396305417569
-2.486095674324594
-2.4827040151539737
-2.479383933034814
-2.4778650919390635
-2.4725495533463167
-2.4722572915470193
-2.4572885995708664
-2.45697331658053
-2.454126306537656
-2.453285378320889
-2.45040349866986
-2.4492428902364702
-2.4469719303292434
-2.446967451116211
-2.4443121134384294
-2.4441190613925046
-2.4428024515017857
-2.4420759717758314
-2.4417805128399093
-1.6824726401262389
-1.681138961843367
-1.6779510449377832
-1.677311376954198
-1.6766192406946792
-1.6756712920238424
-1.6747564047266232
-1.6733929264129233
-1.6729489877002761
-1.6695964850081253
-1.6694828976265608
-1.6630864855102654
-1.6630757710234851
-1.643101166072155
-1.6430996355380492
-1.6222795804401235
-1.6221215867295178
-1.6163971520305696
-1.6153867570783966
-1.6122962507313112
-1.6106748115560645
-1.6072326577170597
-1.6008667888064743
-1.59215978913807
-1.582280904283668
-1.5722155127356137
-1.5625733481025255
-1.5542999337225991
-1.085728318524037
-1.0855828502354736
-1.0830723372128468
-1.0822346098623983
-1.0779917909159331
-1.0765564519851838
-1.0706942947084495
-1.0615350668876835
-1.0508721678593291
-1.0390698203657147
-1.0265162431323755
-1.0131671270605151
-1.000380697728855
-0.9344020716414786
-0.9232735471413182
-0.9088059407085471
-0.9065649430937858
-0.904685659360331
-0.8999261534548358
-0.8963067928642456
-0.8942630890990009
-0.892776674547781
-0.8883618740938688
-0.8878786143887255
-0.8821468209839947
-0.8819577416965387
-0.873171103833144
-0.8731645324473007
-0.49212919026684304
-0.49196472100720456
-0.47273334419326596
-0.4712238041144806
-0.4549830082309198
-0.45150006467599757
-0.4388035768938075
-0.4306976643812567
-0.4191358585919975
-0.4133939063721072
-0.40675657841232227
-0.39842766299867155
-0.3938386667142159
-0.37351669154924844
-0.37213527376887273
-0.3243397659855086
-0.3194308203925131
-0.3028703372220128
-0.29694703856555754
-0.2900641030025225
-0.28214170728590243
-0.2753531749664964
-0.2706331557037495
-0.264989945206488
-0.2488092819134799
-0.24835552248599954
-0.21674698963491326
-0.21672820554222216
-0.06001450776437889
-0.06000428321213123
-0.05067826377257133
-0.0504938636242654
-0.047065644402914546
-0.046259517491625476
-0.04541587835429043
-0.04384946220806415
-0.04118555312213061
-0.036036452885723706
-0.03183037976317408
-0.024018300747469717
-0.021687835514911984
1.6367941727647892
1.644059366665043
1.6535495930192443
1.6634518384503179
1.6744516472189601
1.6862308616012531
1.6984818323148707
1.7108634748403877
1.7230542306479462
1.7347948635894361
1.7459096156505935
1.7570357376162267
1.7670526898600776
1.9081031637601866
1.9119147246706456
1.916877206848879
1.917868317697205
1.9247091576166966
1.9270772981705682
1.9336110470799812
1.9373789617244213
1.9441403859221433
1.9487380619928159
1.9544321954376758
1.9586497470919724
1.9618792326550922
1.9847740408427448
1.9849482974609376
2.039937247660602
2.042770837137935
2.0445891296175023
2.0477721235203483
2.0526909801848845
2.0562665938877145
2.0599439935404034
2.0634265601041055
2.066070624888198
2.0693082904995412
2.0707597136963094
2.076119510107009
2.082735607813572
2.5817922861057894
2.587883739474958
2.5946114648500274
2.6017693951309706
2.609459848074083
2.6176379317148255
2.6262239880265104
2.6351021516103614
2.644121548761566
2.653095506512812
2.6617947105736723
2.669976098893497
2.6772011520490957
2.685526280234571
2.6903901819903364
2.7114923625341705
2.7185507421417716
2.7248171077459116
2.730211787116647
2.7346917436816516
2.7382184747722933
2.7406802096792098
2.7412376043010447
2.7416273195764203
2.742770708561933
2.7433325995425455
2.7448164463148
2.744979226190289
-2.5648619712250547
-2.556130627035154
-2.5472361175500926
-2.5382299452384536
-2.5291684007257023
-2.5201181357973215
-2.5111597173001723
-2.5023948532809195
-2.4939630541756888
-2.486095674324597
-2.4827040151539737
-2.479383933034813
-2.4778650919390675
-2.4725495533463184
-2.472257291547021
-2.45728859957086
-2.456973316580528
-2.454126306537657
-2.453285378320886
-2.4504034986698535
-2.4492428902364716
-2.4469719303292363
-2.4469674511162163
-2.444312113438427
-2.4441190613925006
-2.442802451501781
-2.442075971775831
-2.4417805128399106
-1.6824726386739046
-1.681138976336936
-1.6779437904086283
-1.6773442892811359
-1.6765499024475563
-1.6757610827899507
-1.674677478050372
-1.6734709005988258
-1.6729022818343393
-1.6696110661410346
-1.669469835009178
-1.6630884616039943
-1.6630738113995975
-1.643101230969063
-1.6430995706515648
-1.6222795803920689
-1.6221215868306336
-1.6163971507013375
-1.6153867589720385
-1.6122962494207251
-1.6106748123333423
-1.6072326576324667
-1.6008667888095147
-1.5921597891379762
-1.582280904283674
-1.5722155127356159
-1.562573348102529
-1.5542999337225976
-1.085728318524037
-1.0855828502354739
-1.0830723372128463
-1.082234609862405
-1.077991790915934
-1.0765564519851831
-1.070694294708454
-1.061535066887683
-1.0508721678593296
-1.0390698203657152
-1.026516243132376
-1.0131671270605167
-1.0003806977288532
-0.9344020716411893
-0.9232735471653454
-0.9088058438643741
-0.9065655797616875
-0.9046845616008153
-0.8999291249734955
-0.8962921245026366
-0.8942949724273463
-0.8927523246602235
-0.8883881885488392
-0.8878565151201705
-0.882151531669345
-0.8819535340470398
-0.8731717360233243
-0.873163903349042
-0.49212925399370777
-0.4919646539696301
-0.472734302710349
-0.47122247688208374
-0.4549942402603038
-0.45148061348591634
-0.43885149323435846
-0.43057735969478256
-0.4196050287995641
-0.412295800152675
-0.4078698217020293
-0.3974521841449324
-0.3944450029439685
-0.37321031289547346
-0.3724090400993801
-0.3242822641999742
-0.31953020874088733
-0.30241991554039294
-0.29781942212146245
-0.28904196922298053
-0.28312959903816337
-0.2743887456927066
-0.271272277937206
-0.26488038196587194
-0.24884178585240257
-0.24832670594776576
-0.21674787773791346
-0.21672732111169177
-0.06001623987398075
-0.06000253944325093
-0.050700276891806145
-0.050467670705979614
-0.04712110067105083
-0.04613467272866424
-0.04550210543491297
-0.043835877304851015
-0.0411865137864013
-0.03603642813628457
-0.03183038165086817
-0.02401830071316955
-0.021687835522438047
1.636794172764789
1.6440593666650467
1.6535495930192448
1.6634518384503185
1.6744516472189581
1.686230861601254
1.6984818323148696
1.7108634748403877
1.723054230647951
1.7347948635894324
1.745909615650602
1.7570357376162222
1.7670526898600813
1.9081033846524966
1.9119118009204437
1.9169737399402
1.9177443770554623
1.9249704566950134
1.926731669929529
1.9340377683567316
1.9369054907350183
1.9445731862983509
1.948313119283331
1.9547254725570775
1.9584552466601501
1.961934145652945
1.984761088560679
1.98496089769861
2.039904959374112
2.0431094978207502
2.0440967222327555
2.0481098877955013
2.0523505110467846
2.0566644338885878
2.0596006778254847
2.0636789156272206
2.0659181230448285
2.06936365729024
2.0707385132074148
2.0761197011315624
2.0827356063488183
2.5817922861057907
2.5878837394749556
2.594611464850029
2.60176939513097
2.60945984807408
2.617637931714826
2.62622398802651
2.6351021516103623
2.6441215487615644
2.6530955065128117
2.661794710573672
2.6699760988934975
2.677201152049096
2.685526280234572
2.690390181990336
2.7114923625341714
2.718550742141772
2.724817107745912
2.730211787116647
2.734691743681653
2.7382184747722937
2.7406802096792116
2.7412376043010376
2.7416273195764247
2.742770708561931
2.743332599542546
2.7448164463148
2.744979226190288
-2.5648619712250555
-2.5561306270351527
-2.5472361175500846
-2.538229945238449
-2.5291684007257036
-2.5201181357973215
-2.511159717300169
-2.5023948532809244
-2.4939630541756936
-2.4860956743245937
-2.4827040151539723
-2.479383933034812
-2.477865091939066
-2.472549553346316
-2.47225729154702
-2.457288599570863
-2.4569733165805285
-2.4541263065376557
-2.4532853783208854
-2.450403498669857
-2.44924289023647
-2.446971930329238
-2.446967451116218
-2.444312113438425
-2.4441190613925032
-2.442802451501783
-2.4420759717758314
-2.4417805128399093
-1.6824726389910931
-1.6811389727296993
-1.6779461830801543
-1.6773334724284572
-1.6765752593255512
-1.6757270387259449
-1.6747088558426686
-1.6734378532854324
-1.6729218525234035
-1.6696035427993017
-1.6694765832711298
-1.6630870514796512
-1.663075210110787
-1.6431011009162164
-1.6430997006954975
-1.6222795678546564
-1.622121600206987
-1.616397141481226
-1.6153867701891444
-1.6122962440898339
-1.6106748150370298
-1.6072326574095965
-1.6008667888148431
-1.5921597891378692
-1.5822809042836739
-1.5722155127356172
-1.5625733481025235
-1.5542999337225984
-1.0857283185240385
-1.0855828502354743
-1.083072337212846
-1.0822346098624018
-1.0779917909159353
-1.076556451985184
-1.070694294708448
-1.061535066887682
-1.0508721678593305
-1.0390698203657187
-1.0265162431323769
-1.0131671270605167
-1.0003806977288558
-0.9344020716407324
-0.9232735471830967
-0.9088058264767092
-0.9065656494798481
-0.9046845043621354
-0.8999288570983038
-0.8962950673997842
-0.8942867162252692
-0.8927597432295995
-0.888376603826647
-0.8878665791785812
-0.8821483576093151
-0.8819563994372068
-0.8731710269120924
-0.8731646092955548
-0.49212927920618116
-0.4919646275200916
-0.47273456679458237
-0.47122212259890267
-0.4549962405738181
-0.45147748794040804
-0.43885620013116355
-0.4305700351516527
-0.4196098527589755
-0.4123210184712442
-0.4078203605162957
-0.39754080907998024
-0.39437460578328914
-0.3732775235372379
-0.37234642889440434
-0.32430258220848124
-0.3194937562339282
-0.30262138055688625
-0.29744079849607663
-0.2895172201445126
-0.2826495695191456
-0.2748866247144606
-0.27091851858508226
-0.2649368094948486
-0.24882394281490225
-0.24834250177335876
-0.21674733115954803
-0.21672786541910474
-0.06001443608014715
-0.060004355493254585
-0.05067494933913444
-0.05049777762834471
-0.04705496783210588
-0.04628137361525562
-0.045401372315256004
-0.04385242159618222
-0.04118531262882705
-0.03603646105755821
-0.03183037900042974
-0.024018300766947588
-0.021687835510208472
1.6367941727647892
1.6440593666650465
1.6535495930192432
1.6634518384503152
1.6744516472189588
1.686230861601254
1.698481832314871
1.7108634748403801
1.7230542306479595
1.7347948635894157
1.7459096156506175
1.7570357376162085
1.7670526898600836
1.9081015947890885
1.911933875581432
1.9165360920420196
1.9183675363170503
1.9238811900063966
1.9284031959117942
1.932157540564504
1.9389667267721606
1.942700811636645
1.949978798899916
1.953507447667997
1.9591261358307317
1.9617178421390997
1.9848046221342988
1.9849184211950053
2.0399641508730064
2.0425940363909283
2.0449011582982055
2.0475199618722972
2.052917460749938
2.0560298028627497
2.060124103645236
2.0632953545941892
2.066138390101799
2.0692831582393523
2.070768597310615
2.076119436919358
2.0827356082842696
2.581792286105789
2.5878837394749565
2.594611464850026
2.601769395130971
2.609459848074082
2.6176379317148264
2.626223988026509
2.635102151610364
2.6441215487615652
2.6530955065128117
2.6617947105736723
2.669976098893496
2.6772011520490966
2.6855262802345705
2.6903901819903364
2.711492362534172
2.718550742141771
2.7248171077459094
2.730211787116648
2.734691743681652
2.7382184747722924
2.740680209679208
2.74123760430105
2.741627319576416
2.7427707085619337
2.743332599542545
2.7448164463147995
2.744979226190288
