-3.347944177437729
-3.3479441773576757
-3.0825126534460625
-3.0825126495729345
-2.8356059509024005
-2.8356058624965246
-2.6065104519092253
-2.606509223571394
-2.3946556425727095
-2.3946439946517293
-2.1996758386774395
-2.199595065096481
-2.0215722467425734
-2.0211395321001753
-1.8611215817975983
-1.8593071574514102
-1.7209863638366232
-1.7144245150826807
-1.603482711062157
-1.589248700530564
-1.5081245067855595
-1.4708649312037705
-1.4082234743651534
-1.3629640414316753
-1.3240805073401427
-1.2251745103665623
-1.2131001456543151
-1.0090504875000592
-1.0062653254734528
-0.9126319802847923
-0.9116108419581196
0.19035072248270302
0.19055987259581586
0.3823506895910501
0.38337298610379755
0.636043579487307
0.6508241271611129
0.7110633102012052
0.7480218213303191
0.8180479729533661
0.8753063544243996
0.9160314601032076
0.991316769828377
1.011807339336074
1.106611822342036
1.1171494759134464
1.2386972262180251
1.24189374715735
1.386404494364898
1.38718633385416
1.54895574757809
1.549109823748925
1.7261778338410765
1.7262023567397022
1.9183592343548297
1.918362187098142
2.1261199064429093
2.1261201528291167
2.350339630871634
2.3503396433905546
2.592078554867882
2.5920785551585883
-3.3479441774844565
-3.347944177310954
-3.082512654337083
-3.0825126486819143
-2.8356059519751198
-2.8356058614237996
-2.6065103456889513
-2.606509329794619
-2.394654466815817
-2.3946451706579097
-2.199670366687645
-2.1996005438221293
-2.021565233489408
-2.021146546149568
-1.8611772197281031
-1.8592486434494568
-1.7213054216275687
-1.714059088292978
-1.6043884907183565
-1.5881410732496892
-1.50897971217518
-1.46990212778577
-1.4089315234547037
-1.362415381396691
-1.3242989083870123
-1.225109585101229
-1.2131460865457515
-1.0090478428650111
-1.0062678610352662
-0.9126317647318543
-0.9116110437957458
0.19035058489784518
0.19056001080739396
0.3823504203663388
0.3833732540815887
0.6360629776737337
0.6507870225531736
0.7111496684412247
0.7478917883900229
0.818228091000922
0.8749908611303415
0.9163225325590278
0.9910272944774413
1.0120112098643204
1.1066392592808136
1.1171078796736913
1.238828989062445
1.241766478606851
1.3864802616347804
1.387111461497294
1.548977434433302
1.549088194807077
1.7261807929978596
1.7261993991074205
1.9183593494514837
1.9183620720131593
2.1261198880999332
2.126120171172012
2.350339628290838
2.3503396459713453
2.5920785547656933
2.5920785552607835
-3.347944177524367
-3.3479441772710468
-3.082512656013643
-3.0825126470053474
-2.835605981695673
-2.8356058317031714
-2.606510617612325
-2.6065090578646215
-2.394655619811359
-2.3946440174869164
-2.19967008026869
-2.1996008331216452
-2.021539364652645
-2.021172644082532
-1.8610484108911391
-1.8593817537065476
-1.7210032767120345
-1.7143939649671711
-1.603911891686418
-1.5886830441030575
-1.508712507728874
-1.470127789119533
-1.4088468846115434
-1.3624353426715483
-1.324305301082523
-1.2250971862881053
-1.2131557265763493
-1.0090468883513044
-1.0062687640100108
-0.912631939536856
-0.911610870502631
0.19035067241412132
0.19055992296921517
0.3823502806632992
0.3833733995093173
0.636053053196614
0.6508044984254596
0.7111219449678352
0.7479220118468716
0.8182189441960206
0.8749491367393085
0.9164133618748332
0.9907650499106917
1.012264602245439
1.1063781431939426
1.1173356082635646
1.2386956868745005
1.2418925178348768
1.386447713839441
1.387143503703105
1.5489774166930097
1.549088205260348
1.7261831232692593
1.7261970694291193
1.9183598896085927
1.9183615318803608
2.126119940860706
2.126120118411532
2.3503396307660296
2.350339643496158
2.5920785548055285
2.592078555220935
-3.347944177498299
-3.3479441772971126
-3.0825126555147913
-3.0825126475042013
-2.8356059810529812
-2.8356058323458604
-2.606510690612342
-2.606508984861649
-2.3946565984478774
-2.3946430386011124
-2.19967559154492
-2.199595315109556
-2.021547332754163
-2.0211646751848025
-1.86098309944976
-1.8594499405630627
-1.7206478462670953
-1.7147956650876877
-1.6029332396949518
-1.589862081309887
-1.5078499456028325
-1.471098011013598
-1.408139615182909
-1.3629847563033
-1.3240868703838953
-1.2251622027272084
-1.2131096915546087
-1.0090495347105854
-1.0062662267237223
-0.912632155018745
-0.9116106687360502
0.19035081011469054
0.19055978464192422
0.38235054981312705
0.3833731316064106
0.6360336956597604
0.6508415729648696
0.7110356998090214
0.7480519582675201
0.8180387717059023
0.8752639662402663
0.9161226703950139
0.9910494025711521
1.0120661311212078
1.106352286544324
1.117375649754492
1.2385736406973127
1.2420100676051167
1.3863777325190394
1.3872125900867227
1.5489557337962165
1.549109830243753
1.7261794927499172
1.7262006984239604
1.9183597103127885
1.9183617111644933
2.1261199746346655
2.126120084637654
2.350339635888194
2.350339638373993
2.5920785549585617
2.59207855506791
-3.347944177434784
-3.347944177360635
-3.082512653488171
-3.0825126495308255
-2.8356059529123794
-2.835605860486533
-2.606510480025704
-2.6065091954541404
-2.394655857120149
-2.394643780055449
-2.199676646462187
-2.1995942563974307
-2.02157056402505
-2.02114124739671
-1.8610776535823168
-1.8593530231801612
-1.7207295787996293
-1.7147173344122517
-1.602533619672728
-1.5904118819646966
-1.5070921628430982
-1.472151367043978
-1.4070687163963298
-1.3640369095196203
-1.323596384101216
-1.225409932839485
-1.2129232788674835
-1.0090984432829666
-1.0062179446771269
-0.9126498588771937
-0.9115936604444486
0.19034735073132414
0.19056325986276945
0.3823343894700581
0.3833895002117449
0.635856944506182
0.6511569946244177
0.7104773832001182
0.7488078090790968
0.8171183551981674
0.876921083395968
0.9144951691955773
0.9933853379237879
1.0100779122717733
1.1075491986903547
1.1163608032662569
1.2389600073632503
1.2416470433771527
1.3864451423273298
1.387146407413207
1.548958688393565
1.5491068962857046
1.7261777033861356
1.7262024871805826
1.9183591925431867
1.9183622289069138
2.1261199046890327
2.1261201545829844
2.3503396310787195
2.350339643183466
2.5920785548853584
2.5920785551411036
-3.3479441774623866
-3.3479441773330243
-3.0825126532922775
-3.0825126497267092
-2.835605927828777
-2.835605885570182
-2.6065100333558266
-2.606509642132374
-2.39465223527956
-2.3946474025106084
-2.1996587236690437
-2.199612200002064
-2.0215138581806973
-2.0211982813521145
-1.8609754059440529
-1.8594570488172866
-1.7207130096054348
-1.714724952353094
-1.6028699438043286
-1.589986636175741
-1.5074854217886728
-1.471682991838913
-1.4074339615763864
-1.363739342711247
-1.3237101818730632
-1.2253750099348795
-1.212947650628987
-1.0090971712271664
-1.0062191602203703
-0.91264973721666
-0.9115937752431724
0.19034718748871077
0.19056342397158796
0.38233356126252016
0.38339033686119134
0.6358669434971618
0.6511355888420286
0.7105392217802792
0.7487026805465747
0.8172857978756134
0.8765702297019857
0.9148511340703918
0.9928824659152169
1.0104929253870485
1.107424186760309
1.1164542274069837
1.2390378847714147
1.2415700372251053
1.3865131384911729
1.3870790647694
1.5489809296597028
1.5490847087907487
1.726181220630651
1.7261989716305821
1.9183594204253536
1.9183620010431377
2.1261198957075362
2.1261201635644587
2.3503396286861618
2.350339645576025
2.5920785547720686
2.5920785552543997
-3.3479441775252337
-3.3479441772701777
-3.0825126559919855
-3.082512647027007
-2.8356059802814326
-2.835605833117418
-2.6065105877762353
-2.606509087701742
-2.3946552338042357
-2.394644403585936
-2.1996665823078843
-2.199604335795408
-2.0215168235725307
-2.0211953417004915
-1.8609383044348053
-1.8594952953530661
-1.72064226059883
-1.7147995216257987
-1.6029059934045125
-1.5899134140998095
-1.5076755860356281
-1.471400456176549
-1.4077336989342015
-1.3634479681529184
-1.3238422125824236
-1.2253160791247708
-1.2129909709766227
-1.0090906950703111
-1.0062254794078458
-0.9126482721777001
-0.9115951730414893
0.1903471671035034
0.190563444516939
0.3823331308444515
0.3833907747107791
0.6358637841474902
0.6511398951940746
0.7105443417863093
0.7486808917408827
0.8173529035201785
0.8763726254573958
0.9150965198179983
0.9923733545194626
1.0109573420561888
1.1070655288736164
1.1167660069177547
1.2388985699231885
1.2417018896582452
1.3864946996161265
1.3870971590068717
1.5489880341475657
1.5490776105081678
1.7261851477000516
1.7261950455413395
1.9183600804689016
1.9183613410269968
2.1261199463698977
2.1261201129023704
2.350339630617927
2.3503396436442587
2.5920785547947207
2.5920785552317427
-3.347944177513699
-3.3479441772817116
-3.082512656073438
-3.082512646945562
-2.835605990981658
-2.835605822417143
-2.606510805630961
-2.6065088698386685
-2.3946575610208516
-2.3946420757547457
-2.199681541759663
-2.1995893555321353
-2.0215727564184647
-2.0211390807438745
-1.8610452472346115
-1.8593865746669105
-1.7206591399868014
-1.7147915912433378
-1.6025726933057833
-1.5903358259364577
-1.5072864146155183
-1.4718659691893763
-1.4073698382450976
-1.3637438345014083
-1.323727327241377
-1.2253512159633102
-1.2129663755410618
-1.0090919726635874
-1.0062242583265875
-0.9126483941588344
-0.911595057922125
0.1903473303150936
0.19056328043914303
0.3823339583676688
0.3833899387456476
0.6358537914130995
0.6511612956158375
0.7104824710169059
0.7487859958237383
0.817185110453307
0.876720869420539
0.9147428450955629
0.9928535965784205
1.0105655873990127
1.107183237875192
1.1166799834942305
1.2388277958224765
1.2417717919284619
1.386430068900248
1.3871611361907026
1.5489634784312953
1.5491021124532738
1.7261801320176453
1.7262000595292286
1.9183596922934643
1.9183617291840445
2.1261199617525652
2.12612009751972
2.350339634349786
2.350339639912403
2.5920785549361764
2.5920785550902914
-3.3479441774666725
-3.3479441773287384
-3.082512654493899
-3.082512648525091
-2.835605969193967
-2.835605844204909
-2.6065106700801732
-2.6065090053935047
-2.3946577363634267
-2.394641900243233
-2.1996932058812635
-2.199577661540585
-2.021694209060953
-2.021016133365618
-1.8618038114252256
-1.85858872639906
-1.7235837785085644
-1.7113082338910486
-1.6106986396369387
-1.578956806307859
-1.5186875189203808
-1.455658635155596
-1.4224018597247146
-1.3499374694118984
-1.3318746486947484
-1.2216612812018945
-1.2159575128195121
-1.0083055478362972
-1.0070037807564052
-0.9123551433752568
-0.9118798615074298
0.19040689537865177
0.19050351325472337
0.3826251361465054
0.3830959534170336
0.6392831375530421
0.6459766076482223
0.7202059226837602
0.7369713641622838
0.8310357088060717
0.8578882336638217
0.9309033858508058
0.9755514437744881
1.0224679252711186
1.1002236035812638
1.12189082729094
1.2370125605536355
1.2434150199945784
1.3860877043286686
1.3874953727404342
1.5489114484035589
1.5491539156299026
1.726173241684435
1.7262069456244267
1.9183588713315947
1.918362550090775
2.1261198857144237
2.1261201735574535
2.350339630258596
2.3503396440035895
2.592078554870183
2.592078555156281
-3.347944177460972
-3.347944177334442
-3.0825126533929943
-3.0825126496259956
-2.8356059353886125
-2.835605878010334
-2.606510217781398
-2.606509457704237
-2.3946543613067157
-2.394645276139051
-2.1996770913895793
-2.1995938052921784
-2.0216428737072394
-2.021068000221498
-1.8616943719013268
-1.8587031097363214
-1.7234389418988547
-1.7114737148373245
-1.6105701939749213
-1.5791060405998332
-1.518615609621954
-1.4557059197197126
-1.4223742313417502
-1.3499621109870994
-1.3318530022413888
-1.221684757022942
-1.2159362458567113
-1.0083148795270325
-1.006994497954357
-0.9123584371615641
-0.9118766295767443
0.19040676548239435
0.1905036435351347
0.3826239407691315
0.38309715552887574
0.6392927450364598
0.645962740173648
0.7202734423303615
0.7368852887735042
0.8312051666265501
0.8576712041834459
0.931086907255358
0.9753647896576633
1.0225597014618164
1.100190227591053
1.1219043140798965
1.237039314791883
1.2433893573393686
1.3861111575219842
1.3874724123596858
1.5489205111985866
1.549144893114191
1.7261750755209806
1.7262051130953369
1.9183590278159457
1.9183623936217196
2.126119881680948
2.1261201775909284
2.3503396285767755
2.350339645685412
2.5920785547796767
2.592078555246787
-3.3479441775115846
-3.3479441772838334
-3.0825126554439812
-3.08251264757501
-2.8356059699905005
-2.8356058434083766
-2.606510480894591
-2.6065091945862275
-2.394654898910241
-2.3946447385008183
-2.1996731096582716
-2.1995977955312953
-2.021611278143608
-2.021099948856461
-1.861582476033357
-1.8588208140796083
-1.7232111225538322
-1.7117440402763409
-1.6102622737913121
-1.5795157382262588
-1.5183548759510623
-1.4559178142353626
-1.4222744509181091
-1.349899897930287
-1.3319203834834712
-1.2216245049511
-1.2159896604649898
-1.0083035705956958
-1.007005702542625
-0.9123554406554482
-0.9118795657314962
0.19040665298035794
0.1905037564367904
0.38262171313123694
0.38309940028535294
0.6392640544556424
0.6459981778484354
0.7202456170645413
0.7369006376382763
0.8313337658260654
0.8574594683553589
0.9313895416734636
0.9749567208686687
1.0228398281025624
1.099931088482848
1.1220893947416957
1.2369465246954408
1.2434709450491797
1.3860955944971283
1.387487389117427
1.5489232989156692
1.5491421074602785
1.726177434197231
1.7262027555692565
1.918359592198735
1.9183618292730558
2.1261199382233666
2.126120121048845
2.3503396308067592
2.3503396434554302
2.5920785547992407
2.5920785552272236
-3.3479441775148455
-3.347944177280566
-3.0825126560745013
-3.0825126469444895
-2.835605990891196
-2.83560582250761
-2.6065108185572496
-2.6065088569116104
-2.3946580565556856
-2.394641580016265
-2.1996904064478495
-2.199580469481819
-2.021667903006919
-2.0210427925001118
-1.8617004735174538
-1.8586978743993476
-1.7233622734491485
-1.7115723115389716
-1.6103932395543907
-1.5793643902196421
-1.5184264948526494
-1.455870574408727
-1.4223018507404432
-1.3498750952815433
-1.3319421898963584
-1.2216005806382826
-1.216011376745621
-1.0082940751362717
-1.0070151491137749
-0.9123521056357344
-0.9118828388958423
0.19040678257383858
0.19050362645915928
0.38262289722940623
0.3830982094527109
0.6392545517067197
0.6460119427990503
0.7201782906908972
0.7369865095316471
0.8311622934533045
0.8576781291175719
0.9312044755976139
0.975144204598497
1.0227490602364349
1.0999641960007218
1.1220762753887334
1.2369204571360437
1.2434959200933922
1.3860726338165181
1.3875098569700417
1.5489140235675993
1.549151342529035
1.7261753051155524
1.7262048833434795
1.9183593682378295
1.9183620532186736
2.1261199449070523
2.126120114365162
2.350339633382485
2.3503396408797053
2.592078554905031
2.5920785551214327
-3.3479441774683067
-3.3479441773271104
-3.082512654466152
-3.0825126485528433
-2.8356059677226453
-2.8356058456762336
-2.6065106485811413
-2.6065090268933098
-2.3946575739913927
-2.3946420626641127
-2.199692632819708
-2.1995782355164337
-2.0216952711419243
-2.0210150387032244
-1.8618274103857462
-1.8585631858864522
-1.7237081761858943
-1.711146502360877
-1.6110789286380955
-1.5782898676291723
-1.5194492181165071
-1.4541761645793891
-1.4238543615285648
-1.348463220338195
-1.3330005574827861
-1.2211660120060353
-1.2163966199046146
-1.0081916770594017
-1.0071170768916133
-0.9123127949911187
-0.9119215132106822
0.19041500311355733
0.19049539000436458
0.38266453852500065
0.3830563370747687
0.6397834945664624
0.6453482922665488
0.7215188471749766
0.7355116085883957
0.8327608421565194
0.855890710182881
0.9323177597900073
0.9741231225280719
1.0232163442589537
1.0997232264181176
1.1222211292774076
1.2368884754446563
1.2435228528516349
1.3860664226555792
1.3875159325624113
1.548909626301474
1.5491557243795846
1.7261733373815917
1.7262068499413301
1.9183589056878627
1.918362515737378
2.126119887234412
2.1261201720374796
2.350339630075539
2.3503396441866466
2.5920785548543663
2.592078555172102
-3.3479441774834076
-3.347944177312006
-3.0825126544016372
-3.082512648617353
-2.835605955959024
-2.8356058574398904
-2.6065104412102174
-2.6065092342707863
-2.3946558518715584
-2.3946437852577698
-2.1996845522421
-2.1995863312783044
-2.021673923608442
-2.021036590403748
-1.8618050734758382
-1.858585803785396
-1.7237472864336965
-1.7110893432593604
-1.6112548245298448
-1.5779815137785584
-1.5197675418820904
-1.4536420216330923
-1.4243209782816972
-1.3481311854085116
-1.333237672824972
-1.2211295215289049
-1.2164271870304477
-1.0081995996464674
-1.0071091506594527
-0.9123165520909037
-0.9119178111142462
0.1904149276171655
0.1904954656454281
0.3826646352052159
0.3830562374412167
0.6398216275393709
0.6453002882379347
0.7216532061028456
0.7353583148334151
0.8329652086601406
0.8556589205925805
0.9324473847571346
0.9740263518973145
1.0232338340161808
1.0997655172557015
1.122179192074987
1.2369461443940972
1.2434699380746743
1.386096708745439
1.3874863807820372
1.5489188500515345
1.5491465450510635
1.7261748188808257
1.7262053695795407
1.918358972801315
1.9183624486325013
2.126119874760815
2.126120184511016
2.3503396281862865
2.3503396460759
2.5920785547730976
2.5920785552533725
-3.3479441775106085
-3.347944177284804
-3.082512655468639
-3.082512647550353
-2.8356059716292785
-2.8356058417695937
-2.6065105154527033
-2.606509160027081
-2.3946553085189497
-2.394644328800206
-2.19967604813611
-2.199594852340498
-2.02162599418129
-2.0210850762735957
-1.8616424175183912
-1.8587574316616093
-1.7233972082151063
-1.711511989938652
-1.610711968088404
-1.5787706710125977
-1.5191479131609347
-1.4544530611832809
-1.4236805145324796
-1.3485006610864816
-1.3329833577001322
-1.2211657766831567
-1.2163964001005014
-1.0082005570798467
-1.007108194248104
-0.9123172216940602
-0.9119171498723271
0.19041507496573257
0.19049531821443935
0.38266273676749607
0.38305815129077997
0.6397664704869296
0.6453677335180674
0.7215358337145077
0.7354778853745191
0.8329540959856331
0.8556215494292084
0.932617801601623
0.9737560716485365
1.0234385675108602
1.0995456439663467
1.122339940281606
1.2368503116933567
1.2435547658334773
1.3860738313028926
1.3875085109217227
1.5489185347042702
1.5491468489690239
1.726176514295025
1.726203674928448
1.918359474553698
1.9183619469111497
2.1261199331783462
2.126120126093839
2.350339630959388
2.350339643302796
2.592078554810288
2.592078555216174
-3.347944177499618
-3.3479441772957914
-3.0825126555160076
-3.082512647502985
-2.835605980950421
-2.8356058324484197
-2.6065107052542325
-2.606508970219003
-2.3946571592729042
-2.3946424775724306
-2.199685522932885
-2.199585362359471
-2.02165086236889
-2.021060003924491
-1.8616673119760712
-1.8587322564007078
-1.7233551577683814
-1.7115720082717358
-1.6105287389483776
-1.5790831099281324
-1.51882963372571
-1.4549720811665656
-1.4232314900726593
-1.3488237268620358
-1.3327560248532337
-1.2212018144884238
-1.2163662876040848
-1.0081926485776018
-1.0071161063954484
-0.9123134772340984
-0.9119208393289105
0.19041515074025833
0.19049524229524034
0.3826626410330059
0.38305824997860555
0.639729232483305
0.6454148516012654
0.7214037528643821
0.7356289147632212
0.8327495620659575
0.855853361464673
0.9324874608426077
0.9738534297113794
1.0234213507182064
1.099503969513115
1.1223812420824295
1.236794085187587
1.2436062348436971
1.3860444459682162
1.38753716191805
1.5489093340492504
1.5491560052024855
1.7261748670401174
1.7262053210459154
1.9183593818558293
1.9183620396004448
2.1261199548297283
2.126120104442522
2.3503396343273106
2.3503396399348793
2.592078554919643
2.5920785551068213
