-2.9111266861472855
-2.911126686104317
-2.686477311768278
-2.6864773094715066
-2.4710875214932733
-2.471087474703147
-2.2658614537200776
-2.265860952587499
-2.071740199363701
-2.0717372469291715
-1.8897717958059725
-1.8897612015357168
-1.7212449099308813
-1.7211255967205858
-1.5680526938825612
-1.5670771160428596
-1.43349569988985
-1.4286003193551609
-1.322520140919899
-1.3060668467882504
-1.2345750429379163
-1.202180754253506
-1.1636391226721918
-1.1020783416273567
-1.0815591509317353
-1.0468424554037838
-1.0381563814576253
-0.8746430631438021
-0.8744189340704113
0.47736241849407096
0.47741391845105063
0.7315608439746131
0.7333227535776294
0.8271162679658455
0.8349419082310237
0.9151969425391142
0.9344520455005403
0.9994744468391131
1.0418411869415576
1.0776438635809331
1.1539500825656583
1.1726661715252154
1.280899074111947
1.2879204313090364
1.420012150459416
1.4221991294749345
1.5706625437222264
1.5712286784026566
1.7320011374732087
1.7321213593157
1.9030872141512178
1.9031076597743564
2.0829762065319457
2.082978945144093
2.2707698685348285
2.270770151987017
2.4656115929441023
2.465611614547923
2.666660306164676
2.6666603072384993
2.8730705419186067
2.8730705419443674
-2.911126686129675
-2.911126686121926
-2.6864773111856963
-2.6864773100540926
-2.4710875164839883
-2.471087479712438
-2.2658614861644386
-2.2658609201424613
-2.071741360341965
-2.0717360858335403
-1.8897827980385202
-1.8897501948127715
-1.7212542809378581
-1.7211162566305827
-1.5677778950960473
-1.5673574509252548
-1.4317396802647298
-1.4304879483014619
-1.31764306775254
-1.3121353362574182
-1.224437310301494
-1.2152534501981624
-1.156088342989814
-1.1108928654409291
-1.0715655296554447
-1.0540726931457984
-1.035390917474699
-0.8747623605914223
-0.8743011886726724
0.47736548662060174
0.47741084633026176
0.7316611136483564
0.7332161036040445
0.8273422496291203
0.8346936934442496
0.9152234157591104
0.9345222407921072
0.9991797912703615
1.04237709313096
1.0772317429700975
1.1542852100041818
1.1724215338432753
1.280972017499543
1.2878597614724048
1.4200046620601297
1.4222067465575459
1.5706552861392793
1.5712358670714222
1.7319996476417463
1.7321228450318051
1.9030871120819342
1.9031077617779764
2.082976209022792
2.0829789426533227
2.2707698679604444
2.2707701525614006
2.4656115927381235
2.4656116147539007
2.6666603061543444
2.6666603072488333
2.8730705419185636
2.8730705419444083
-2.911126686146465
-2.911126686105134
-2.6864773110352083
-2.6864773102045767
-2.4710875027300174
-2.4710874934664195
-2.265861362629262
-2.265861043678858
-2.071741098021377
-2.0717363481585305
-1.8897881930121438
-1.8897447938323126
-1.7213245684536573
-1.7210456233921927
-1.5682318531851607
-1.56689501327174
-1.4334801472166785
-1.4286435362839724
-1.321168862944372
-1.3080574642183709
-1.2300442843646182
-1.2090540342924936
-1.1582911413753145
-1.109089050826797
-1.073377278985476
-1.0528572902982103
-1.0356528308457777
-0.874767897392733
-0.8742957032891386
0.47734472659288396
0.4774316397753824
0.7309991246875205
0.7339399804174008
0.8249599588984268
0.837631768299819
0.9114376761336682
0.9390793278459688
0.9961849812733818
1.0454751385828525
1.0754963573478522
1.1548968670395032
1.1720478175133302
1.2809718655279902
1.2878657330067302
1.4199909037787728
1.4222198490016917
1.5706562159028898
1.5712349278789273
1.7320006643137282
1.7321218306244412
1.9030872527764406
1.903107621159832
2.082976208835301
2.082978942841065
2.2707698671898253
2.2707701533320135
2.4656115927928184
2.465611614699205
2.666660306160454
2.6666603072427195
2.873070541918498
2.8730705419444775
-2.911126686155356
-2.9111266860962406
-2.6864773117020904
-2.6864773095377004
-2.471087513288535
-2.471087482907896
-2.265861293268682
-2.265861113040102
-2.0717396528834904
-2.071737793413775
-1.8897817662014635
-1.8897512251333834
-1.7213201686976118
-1.721049992230654
-1.5683610536423878
-1.566760274043196
-1.4343838929755104
-1.4276072593821154
-1.3242536827792208
-1.3037161516262106
-1.2372448155663527
-1.1983386688196411
-1.1662709615783704
-1.0994635264670076
-1.0839476015346101
-1.0457001383927773
-1.038796339664427
-0.8746540294180044
-0.8744080192106509
0.47734305026001933
0.47743332010251127
0.730944873215895
0.7340006399635092
0.8248276652490719
0.8377874446305229
0.911407046981065
0.9390046596153888
0.9964582778005826
1.0449184520494357
1.0759564128500443
1.154549682473694
1.1723061641891244
1.2808989959498904
1.287926333204297
1.419998300557131
1.4222123235363044
1.57066349741246
1.5712277152835759
1.7320021797175926
1.7321203193359318
1.9030873562693364
1.9031075177325973
2.082976206344794
2.0829789453314937
2.2707698677611043
2.270770152760736
2.465611592999845
2.46561161449218
2.666660306170905
2.6666603072322697
2.8730705419185396
2.873070541944436
-2.9111266861554164
-2.9111266860961846
-2.686477311705807
-2.6864773095339793
-2.4710875134314776
-2.471087482764955
-2.265861298991078
-2.26586110731768
-2.071739720726932
-2.071737725567197
-1.8897820238567449
-1.8897509673043642
-1.721321117150479
-1.7210490384370387
-1.5683648211247032
-1.5667563678789196
-1.4344028230596242
-1.4275848461675609
-1.3243335460892394
-1.303584815068393
-1.2374965022598383
-1.1977977629150018
-1.1667898761000008
-1.0983834117428157
-1.0851131151500761
-1.0448705403459062
-1.0393661768528852
-0.8746227485272492
-0.8744390673368178
0.47736649877539644
0.4774098334274438
0.7317220287574918
0.7331505146924364
0.8278692888790807
0.8340506665537937
0.9167458634093589
0.9325240407550277
1.0010646874782194
1.0397205039321575
1.0790634671758272
1.1527770059238551
1.1735413580647909
1.2804215237507188
1.2883416858986925
1.4198638735771971
1.4223412371195416
1.5706262042230965
1.5712645949162667
1.731993827271323
1.7321286504721218
1.9030859585922517
1.9031089147472124
2.0829760279351075
2.082979123728893
2.2707698495984046
2.270770170923295
2.4656115915925834
2.4656116158994403
2.666660306101834
2.666660307301341
2.873070541916961
2.873070541946013
-2.911126686147401
-2.9111266861042
-2.686477311772481
-2.686477309467304
-2.4710875215869343
-2.4710874746094866
-2.2658614558229733
-2.265860950484569
-2.0717402478096285
-2.0717371984796458
-1.8897726821582435
-1.889760314952832
-1.721247825393225
-1.721122673943257
-1.5680591160485549
-1.5670705772633728
-1.433507271768896
-1.428587778943603
-1.3225370285594178
-1.30604493664756
-1.234603037391804
-1.202135661782821
-1.1636777786063646
-1.1020087732740285
-1.081639690447114
-1.0467771255263973
-1.03819532696748
-0.8746390074163374
-0.8744229602825649
0.4773700773735873
0.4774062514578396
0.7318023462135345
0.7330661538736883
0.8280400580714733
0.8338685386115551
0.9167209762983042
0.9326213113427558
1.0008080540729045
1.0401431495208342
1.07875442576937
1.1530379660672256
1.1733549248800754
1.2804877372353933
1.2882867247148597
1.4198626463571757
1.4223427921853344
1.5706207316749097
1.571270015903099
1.731992355893973
1.732130117630768
1.9030858123412198
1.9031090609037074
2.0829760294841067
2.0829791221797334
2.270769850071463
2.270770170450242
2.4656115914444268
2.465611616047596
2.666660306087227
2.66666030731595
2.873070541916815
2.873070541946157
-2.911126686130121
-2.91112668612148
-2.6864773111929527
-2.6864773100468358
-2.471087516604239
-2.4710874795921858
-2.265861487736228
-2.26586091857065
-2.0717413778710134
-2.071736068302282
-1.8897830026850575
-1.889749990005678
-1.7212565970330855
-1.7211139330907368
-1.5677965675410785
-1.5673386123862272
-1.431796843897557
-1.4304298656238603
-1.317605905122608
-1.312186512834304
-1.223962392703278
-1.2158195316975706
-1.1558294456967593
-1.1112586482084466
-1.0709367374784566
-1.05462574853314
-1.0352554884281844
-0.8747744976766382
-0.8742892468463529
0.4773445975806481
0.4774317686776482
0.7310543986481511
0.7338768056159111
0.8253295616172344
0.837118421290584
0.9125188110107209
0.937517727535106
0.9977956032176987
1.0431665471075173
1.0771906672331935
1.1536466788211268
1.1729941490829392
1.280511475875118
1.2882719155782751
1.4198532721196682
1.422351746976009
1.57062066254458
1.5712700695793553
1.7319930112200788
1.7321294637414237
1.9030859499347081
1.90310892338355
2.082976038086579
2.082979113578114
2.2707698496691537
2.27077017085255
2.465611591407533
2.4656116160844896
2.6666603060898417
2.666660307313333
2.8730705419169267
2.873070541946049
-2.911126686146519
-2.9111266861050855
-2.686477311043145
-2.6864773101966386
-2.471087503183668
-2.471087493012771
-2.2658613654202204
-2.265861040887873
-2.071741114415543
-2.071736331762604
-1.8897882958867225
-1.889744690854048
-1.7213253758471845
-1.7210448105282787
-1.568237739426727
-1.5668889388523837
-1.4335105093425524
-1.428609762841619
-1.3212641100382083
-1.3079354240120822
-1.230251679246503
-1.2087968610221922
-1.1584357147688888
-1.1089489064206763
-1.0735372540987838
-1.0527430875500827
-1.0356828140751084
-0.8747676612590933
-0.8742959314116578
0.47734299596478835
0.47743337366492344
0.731017536626963
0.7339177287371184
0.8252442551583982
0.8372156703720481
0.9125249891591075
0.9374328657150786
0.9980297700625009
1.0427428376012926
1.0775274633131262
1.1533781266148717
1.1731896426278607
1.2804449912299813
1.288327154021513
1.4198544890440798
1.4223502021989622
1.5706261340474512
1.5712646496378784
1.7319944970062786
1.732127982173926
1.9030860979592839
1.9031087754535152
2.082976036528923
2.08297911513593
2.2707698491972783
2.2707701713244197
2.465611591555241
2.465611615936782
2.666660306104516
2.66666030729866
2.8730705419170723
2.8730705419459004
-2.911126686146225
-2.9111266861053755
-2.6864773110094844
-2.686477310230303
-2.4710875014347
-2.471087494761734
-2.265861355304721
-2.265861051003453
-2.071741039166161
-2.0717364070204733
-1.8897877419449793
-1.8897452453473975
-1.721321746760711
-1.7210484620156399
-1.5682191428985102
-1.566908058109198
-1.4334457668788962
-1.4286805517620405
-1.3211401211537621
-1.3080816277526508
-1.2301455919851587
-1.2088723442840688
-1.1584813573678832
-1.1087928791947872
-1.0738334422655291
-1.052468702229021
-1.035773344210828
-0.8747577819322143
-0.8743056593817417
0.4773586746894223
0.4774176673088982
0.7313445677713173
0.7335588528409708
0.825936537158883
0.8364393873471415
0.9123520350710163
0.9383464325110615
0.995808054379946
1.0473466089157655
1.073574466674463
1.1572816698307582
1.1700336023124323
1.2823007642163382
1.2866483119502645
1.4204488282707874
1.4217761681216963
1.5707731160502152
1.5711190650284317
1.7320244821111055
1.7320980604281895
1.9030912457210734
1.903103629641928
2.082976749188028
2.0829784025159817
2.270769923778165
2.270770096744001
2.465611597149411
2.4656116103426164
2.6666603063807215
2.6666603070224526
2.87307054192379
2.8730705419391867
-2.9111266861552387
-2.911126686096361
-2.6864773116938836
-2.686477309545906
-2.471087512944337
-2.4710874832520946
-2.2658612806034393
-2.2658611257054004
-2.071739532807776
-2.0717379134943803
-1.8897813115966138
-1.8897516800592356
-1.7213177437995544
-1.72105243221453
-1.568349476250985
-1.5667722576561183
-1.434346378661205
-1.4276498972272271
-1.3241872934805936
-1.303802214908829
-1.2371956137349502
-1.198331787283591
-1.1663509095943851
-1.0990591881540421
-1.0844341688314447
-1.0452756849730322
-1.0390896611630265
-0.8746294869824084
-0.8744323807878682
0.4773651620739364
0.47741117254350107
0.7314103660519302
0.7334881476309456
0.82602130564391
0.8363530597200063
0.9122719087099778
0.9385365033602844
0.9955226979667804
1.0478931537215788
1.0731368670495014
1.1576076742453585
1.1697724289766998
1.2823754472675344
1.2865816958655094
1.4204410859934795
1.4217840015672016
1.5707648349848988
1.571127300560681
1.7320222905711786
1.7321002485772823
1.9030909559403166
1.9031039193311752
2.0829767358382156
2.082978415865033
2.270769924131102
2.2707700963910655
2.465611597035716
2.465611610456311
2.6666603063591765
2.6666603070440007
2.873070541923207
2.873070541939769
-2.911126686147126
-2.911126686104474
-2.686477311760637
-2.6864773094791476
-2.4710875212728465
-2.4710874749235763
-2.265861449099513
-2.265860957208115
-2.0717401132450353
-2.071737333053649
-1.8897701259514657
-1.8897628717244008
-1.7212398065854446
-1.7211307130475966
-1.5680355316504344
-1.5670946567681832
-1.4334306402161134
-1.428672995984757
-1.3223232685461543
-1.306345840810634
-1.2341005267560992
-1.2029627265974014
-1.162987941552037
-1.1030695745810937
-1.0804678336487912
-1.047635687098947
-1.0377165814810678
-0.8746708834806846
-0.8743913608821252
0.4773422716976795
0.4774341009694835
0.7308278489200849
0.7341358565115486
0.824098068334967
0.8388492491203986
0.9092231378841751
0.9424497941597252
0.9927258962017445
1.0513304892736677
1.070774177138582
1.1584242103737559
1.1691677991139955
1.2824169309183513
1.2865479770444226
1.4204338076545424
1.4217910597915098
1.5707664843657154
1.5711256530799882
1.7320232073311024
1.7320993331507704
1.9030911040696772
1.903103771246268
2.082976750555054
2.0829784011488086
2.2707699252169458
2.2707700953052266
2.4656115970327406
2.4656116104592845
2.6666603063543515
2.6666603070488244
2.8730705419232083
2.8730705419397657
-2.911126686128113
-2.911126686123486
-2.6864773111672786
-2.686477310072515
-2.471087516203143
-2.4710874799932823
-2.265861481794384
-2.2658609245125834
-2.071741300108358
-2.0717361460747967
-1.88978215357488
-1.8897508397375185
-1.7212489074856123
-1.7211216449090565
-1.5677388089560014
-1.5673968439299535
-1.4315137748495468
-1.4307189783336451
-1.3171685709119019
-1.3126632375011358
-1.222985255035433
-1.216868119609029
-1.1555835129895655
-1.1115229303266545
-1.070545817378469
-1.0549500879061975
-1.0351862661016564
-0.8747787392196116
-0.8742850787229459
0.47733870320034205
0.47743767684771093
0.7307864460250443
0.7341821883348439
0.8240377561242367
0.8389113308319612
0.9092822159010283
0.9422678302960135
0.9930065691365934
1.0506886717814197
1.0713234016846205
1.1580651385125182
1.1694630763490335
1.2823410314903978
1.2866158132989447
1.4204414667191843
1.4217833095577608
1.5707748449062366
1.5711173380725305
1.7320254548367855
1.7320970890359226
1.9030914009546855
1.903103474452771
2.0829767641468617
2.0829783875577634
2.27076992485952
2.2707700956626513
2.4656115971463843
2.4656116103456407
2.666660306375584
2.666660307027594
2.8730705419237887
2.8730705419391867
-2.9111266861270977
-2.911126686124505
-2.6864773111596727
-2.686477310080113
-2.4710875160802095
-2.471087480116218
-2.2658614801888826
-2.265860926118102
-2.071741282046622
-2.071736164138753
-1.8897819376702283
-1.8897510558027257
-1.7212462993298094
-1.7211242605094683
-1.5677128156235445
-1.5674230033519534
-1.4314040519557374
-1.4308296198972048
-1.3172142677383707
-1.3126035696560439
-1.2236002581009704
-1.2161628849543675
-1.155843199859219
-1.111158337214984
-1.0711913980684669
-1.0543793960513663
-1.0353195890101106
-0.8747668175977126
-0.8742968050851317
0.47735556017143693
0.47742078656916687
0.7312356583300296
0.7336788419558238
0.825472143033097
0.8370472988278006
0.9113376060797402
0.9398168064324756
0.9943861078114838
1.0498886424244656
1.071509775170337
1.1591530988775995
1.1684340503918225
1.2833201390301616
1.2856845132787271
1.4207959799614263
1.421435178427563
1.5708559531650461
1.5710366508678528
1.7320407273568652
1.7320818342278317
1.9030941063098121
1.9031007696392963
2.082977172884496
2.0829779788315506
2.2707699683904017
2.270770052131909
2.4656116002118034
2.4656116072802208
2.666660306524037
2.666660306879138
2.87307054192772
2.8730705419352542
-2.911126686146173
-2.9111266861054266
-2.686477311000847
-2.6864773102389434
-2.471087500691265
-2.4710874955051745
-2.2658613523246203
-2.265861053983578
-2.0717410222354276
-2.0717364239529634
-1.889787636372544
-1.8897453510235203
-1.7213209176549886
-1.7210492965917468
-1.5682130831726022
-1.5669143060072392
-1.4334144902658272
-1.4287152383066102
-1.3210427389597748
-1.3082057457789023
-1.229936425745972
-1.2091313604837657
-1.1583370107076418
-1.1089337115644975
-1.0736750487862199
-1.0525810428840077
-1.0357427138425195
-0.8747580281176774
-0.8743054212073177
0.4773614023067816
0.4774149364300919
0.7313200755629266
0.7335871751126863
0.8256096111368504
0.8368970343512531
0.9112989969842922
0.9399941180907359
0.9940615455038339
1.0506628496732047
1.070852640868732
1.1596910430376353
1.1679760313889311
1.2834548479546541
1.285558893911695
1.4207610466269205
1.4214700040675767
1.5708379994935087
1.5710545416545973
1.7320374214356113
1.7320851368615962
1.9030937649403417
1.903101110946133
2.082977148523073
2.0829780031924496
2.2707699654598232
2.270770055062483
2.4656115998894963
2.4656116076025287
2.6666603065033914
2.666660306899783
2.873070541926984
2.87307054193599
-2.911126686155179
-2.9111266860964187
-2.686477311690123
-2.6864773095496646
-2.4710875127966596
-2.471087483399774
-2.2658612733987407
-2.265861132910124
-2.071739447573299
-2.0717379987319977
-1.8897810413213016
-1.8897519505082874
-1.7213167709103943
-1.7210534104444348
-1.5683456325116891
-1.566776240072922
-1.434327080561151
-1.427672676429037
-1.3241058952649845
-1.3039347668208543
-1.236939988163662
-1.1988659273530988
-1.1658413333529993
-1.100059504576843
-1.0833458659431303
-1.0460524663156754
-1.0385769162695173
-0.8746591451283472
-0.8744029554072478
0.4773423941504102
0.47743397862672354
0.7307808721612428
0.7341907537945008
0.8238040609513134
0.8392930114727796
0.9083688870496469
0.9438979810484079
0.9911886478688936
1.0549761507407893
1.0675756413970294
1.1607944435175186
1.1670763886129825
1.2834511735273777
1.2855672635738429
1.4207381122389509
1.4214924821428458
1.5708435791511075
1.5710489699215457
1.7320397329820523
1.732082827476423
1.9030939901755621
1.903100885758398
2.0829771455674337
2.082978006148103
2.2707699665330137
2.270770053989293
2.465611600167969
2.465611607324056
2.6666603065036876
2.6666603068994896
2.873070541926459
2.8730705419365137
-2.9111266861470075
-2.911126686104591
-2.686477311756392
-2.6864773094833954
-2.471087521177911
-2.4710874750185137
-2.2658614469386227
-2.2658609593690344
-2.0717400599308937
-2.071737386371386
-1.8897682248301104
-1.8897647730763705
-1.7212364351408296
-1.721134091807187
-1.5680287766249752
-1.567101528403774
-1.4334186604815609
-1.4286859436638528
-1.3223058269646937
-1.30636826345398
-1.2340715885650673
-1.2030078943776927
-1.1629498658268687
-1.1031336403962886
-1.0803918030532451
-1.0476967084976816
-1.037683268316861
-0.8746740446145015
-0.8743882292640752
0.47733875280681337
0.4774376279740586
0.7307245190050062
0.7342543890080685
0.8237029728462456
0.8394077202209069
0.9083932376038396
0.943717770331085
0.9915110522195917
1.0538871382613417
1.0685648482756933
1.1601278045637595
1.1676642914335384
1.2833171479693828
1.2856922020410593
1.4207707399711689
1.4214599621080817
1.5708627199044247
1.5710298920530021
1.7320434623018315
1.732079101444132
1.9030943563907057
1.9031005196058872
2.082977169751518
2.082977981964542
2.2707699695407557
2.2707700509815574
2.4656116005179634
2.4656116069740635
2.666660306524365
2.6666603068788093
2.8730705419271065
2.8730705419358697
