-2.4463702876508098
-2.368955044526856
-1.6375138419906723
-0.8403263403978474
-0.1253972552832216
0.12539725528322127
0.8403263403978476
1.6375138419906736
2.368955044526857
2.4463702876508098
-2.4520065096692223
-2.361231307567522
-1.6444802205463178
-0.8199416798866755
-0.1887623758042869
0.1887623758042865
0.8199416798866753
1.644480220546318
2.3612313075675213
2.4520065096692227
-2.4627586841212916
-2.345317010441181
-1.6609148416949262
-0.7631401972775843
-0.3054287351528311
0.3054287351528322
0.7631401972775839
1.6609148416949264
2.3453170104411796
2.462758684121291
-2.47125345870795
-2.3314747555144475
-1.6768982693565118
-0.6816641920824781
-0.42482694204172183
0.4248269420417208
0.6816641920824765
1.6768982693565122
2.331474755514448
2.47125345870795
-2.474353415139189
-2.3261015560930534
-1.6834103416744954
-0.6180339887498947
-0.5009893591921488
0.5009893591921489
0.6180339887498952
1.6834103416744965
2.3261015560930525
2.4743534151391886
-2.4712534587079507
-2.3314747555144475
-1.676898269356512
-0.6816641920824772
-0.4248269420417209
0.4248269420417203
0.6816641920824761
1.6768982693565126
2.331474755514447
2.47125345870795
-2.462758684121291
-2.3453170104411805
-1.6609148416949255
-0.7631401972775838
-0.305428735152831
0.3054287351528307
0.7631401972775839
1.6609148416949258
2.345317010441179
2.4627586841212916
-2.4520065096692223
-2.361231307567522
-1.6444802205463176
-0.8199416798866758
-0.1887623758042865
0.18876237580428673
0.8199416798866753
1.6444802205463185
2.3612313075675204
2.4520065096692227
-2.4463702876508098
-2.3689550445268557
-1.637513841990673
-0.8403263403978471
-0.12539725528322196
0.12539725528322132
0.8403263403978478
1.637513841990671
2.368955044526857
2.44637028765081
-2.4463702876508098
-2.368955044526856
-1.637513841990672
-0.8403263403978487
-0.12539725528322176
0.12539725528322163
0.8403263403978481
1.637513841990672
2.368955044526856
2.4463702876508093
-2.455488974671929
-2.3562551690117126
-1.6493470010413367
-0.8046139282555896
-0.22558007532413504
0.22558007532413546
0.8046139282555893
1.649347001041338
2.3562551690117117
2.4554889746719284
-2.4654230190840196
-2.341106348181609
-1.665638315983866
-0.7432362952073405
-0.33787455258913585
0.33787455258913607
0.7432362952073397
1.6656383159838652
2.3411063481816083
2.4654230190840205
-2.47125345870795
-2.3314747555144475
-1.6768982693565124
-0.6816641920824766
-0.4248269420417215
0.4248269420417209
0.681664192082479
1.6768982693565126
2.3314747555144475
2.47125345870795
-2.4712534587079493
-2.3314747555144475
-1.6768982693565124
-0.6816641920824766
-0.4248269420417211
0.42482694204172106
0.6816641920824769
1.6768982693565126
2.3314747555144475
2.4712534587079507
-2.4654230190840196
-2.341106348181609
-1.665638315983866
-0.74323629520734
-0.33787455258913596
0.33787455258913573
0.7432362952073406
1.665638315983867
2.341106348181607
2.4654230190840196
-2.4554889746719293
-2.3562551690117126
-1.6493470010413367
-0.8046139282555894
-0.22558007532413527
0.22558007532413568
0.8046139282555895
1.6493470010413362
2.3562551690117117
2.455488974671929
-2.44637028765081
-2.3689550445268557
-1.6375138419906714
-0.8403263403978475
-0.12539725528322151
0.12539725528322138
0.8403263403978488
1.6375138419906725
2.368955044526856
2.4463702876508098
-2.441641539532178
-2.375142778500412
-1.6325240383044302
-0.8540046973164497
-0.05123100123861721
0.051231001238618665
0.8540046973164491
1.6325240383044306
2.375142778500411
2.441641539532176
-2.4463702876508107
-2.3689550445268575
-1.637513841990669
-0.8403263403978474
-0.12539725528322168
0.1253972552832215
0.8403263403978474
1.6375138419906718
2.368955044526855
2.4463702876508093
-2.4554889746719293
-2.3562551690117117
-1.6493470010413367
-0.8046139282555888
-0.22558007532413574
0.22558007532413574
0.8046139282555891
1.6493470010413371
2.356255169011712
2.4554889746719284
-2.462758684121291
-2.34531701044118
-1.6609148416949269
-0.7631401972775836
-0.3054287351528316
0.30542873515283203
0.7631401972775844
1.660914841694926
2.34531701044118
2.462758684121291
-2.46542301908402
-2.3411063481816083
-1.665638315983866
-0.7432362952073401
-0.3378745525891368
0.3378745525891364
0.7432362952073389
1.6656383159838664
2.3411063481816092
2.46542301908402
-2.462758684121291
-2.345317010441181
-1.6609148416949264
-0.7631401972775836
-0.3054287351528314
0.305428735152832
0.7631401972775842
1.660914841694926
2.34531701044118
2.46275868412129
-2.4554889746719293
-2.3562551690117117
-1.6493470010413376
-0.8046139282555886
-0.22558007532413551
0.22558007532413585
0.8046139282555895
1.6493470010413362
2.3562551690117126
2.4554889746719293
-2.44637028765081
-2.3689550445268566
-1.6375138419906714
-0.8403263403978483
-0.12539725528322127
0.12539725528322115
0.8403263403978471
1.6375138419906716
2.368955044526856
2.44637028765081
-2.4416415395321787
-2.3751427785004124
-1.6325240383044306
-0.8540046973164487
-0.05123100123861766
0.05123100123861795
0.854004697316449
1.6325240383044293
2.3751427785004124
2.4416415395321787
-2.4416415395321787
-2.3751427785004133
-1.6325240383044293
-0.8540046973164486
-0.05123100123861784
0.05123100123861841
0.854004697316448
1.6325240383044308
2.3751427785004116
2.4416415395321778
-2.44637028765081
-2.368955044526856
-1.6375138419906716
-0.8403263403978489
-0.12539725528322151
0.12539725528322074
0.8403263403978488
1.637513841990673
2.3689550445268557
2.4463702876508098
-2.452006509669222
-2.361231307567522
-1.6444802205463178
-0.8199416798866748
-0.18876237580428612
0.1887623758042875
0.8199416798866759
1.644480220546318
2.361231307567521
2.4520065096692214
-2.455488974671929
-2.3562551690117126
-1.6493470010413371
-0.8046139282555883
-0.22558007532413538
0.2255800753241354
0.8046139282555883
1.6493470010413376
2.3562551690117117
2.455488974671929
-2.455488974671929
-2.356255169011712
-1.6493470010413367
-0.8046139282555901
-0.2255800753241352
0.22558007532413457
0.8046139282555885
1.6493470010413378
2.356255169011713
2.4554889746719297
-2.4520065096692223
-2.3612313075675226
-1.6444802205463178
-0.8199416798866749
-0.18876237580428648
0.1887623758042866
0.8199416798866757
1.644480220546319
2.361231307567522
2.452006509669222
-2.4463702876508093
-2.368955044526856
-1.6375138419906716
-0.840326340397848
-0.12539725528322102
0.12539725528322151
0.8403263403978476
1.6375138419906732
2.368955044526855
2.4463702876508093
-2.4463702876508093
-2.368955044526856
-1.6375138419906725
-0.8403263403978474
-0.12539725528322057
0.12539725528322174
0.8403263403978465
1.637513841990673
2.3689550445268557
2.446370287650809
-2.4463702876508093
-2.368955044526856
-1.6375138419906718
-0.8403263403978478
-0.12539725528322138
0.1253972552832217
0.8403263403978471
1.6375138419906718
2.368955044526857
2.44637028765081
-2.4463702876508084
-2.368955044526855
-1.637513841990672
-0.8403263403978474
-0.12539725528322118
0.12539725528322154
0.840326340397847
1.6375138419906716
2.3689550445268552
2.4463702876508093
-2.4463702876508098
-2.3689550445268557
-1.6375138419906723
-0.8403263403978474
-0.1253972552832214
0.1253972552832208
0.8403263403978456
1.6375138419906727
2.3689550445268557
2.4463702876508098
-2.4463702876508098
-2.3689550445268552
-1.6375138419906718
-0.8403263403978468
-0.1253972552832212
0.12539725528322132
0.8403263403978468
1.6375138419906723
2.368955044526855
2.446370287650809
-2.4463702876508093
-2.368955044526856
-1.6375138419906723
-0.8403263403978473
-0.12539725528322215
0.12539725528322127
0.8403263403978476
1.637513841990673
2.368955044526855
2.4463702876508093
-2.4463702876508098
-2.368955044526856
-1.6375138419906723
-0.8403263403978474
-0.12539725528322185
0.1253972552832218
0.8403263403978477
1.6375138419906727
2.3689550445268557
2.4463702876508098
-2.44637028765081
-2.368955044526856
-1.6375138419906723
-0.840326340397847
-0.12539725528322088
0.12539725528322215
0.8403263403978459
1.6375138419906725
2.3689550445268566
2.4463702876508107
-2.452006509669222
-2.361231307567522
-1.6444802205463178
-0.8199416798866761
-0.18876237580428723
0.18876237580428587
0.8199416798866757
1.644480220546319
2.361231307567523
2.4520065096692223
-2.4554889746719293
-2.3562551690117126
-1.6493470010413371
-0.8046139282555894
-0.22558007532413477
0.22558007532413551
0.8046139282555899
1.6493470010413365
2.3562551690117126
2.4554889746719293
-2.4554889746719293
-2.3562551690117126
-1.6493470010413371
-0.8046139282555881
-0.22558007532413563
0.22558007532413488
0.8046139282555886
1.6493470010413358
2.356255169011713
2.4554889746719293
-2.4520065096692223
-2.3612313075675226
-1.6444802205463178
-0.8199416798866757
-0.18876237580428656
0.18876237580428687
0.8199416798866762
1.6444802205463178
2.3612313075675226
2.452006509669221
-2.44637028765081
-2.3689550445268557
-1.6375138419906723
-0.8403263403978468
-0.12539725528322102
0.12539725528322185
0.8403263403978475
1.6375138419906734
2.3689550445268552
2.4463702876508093
-2.441641539532178
-2.3751427785004124
-1.6325240383044302
-0.8540046973164489
-0.05123100123861771
0.05123100123861851
0.8540046973164493
1.6325240383044295
2.3751427785004116
2.441641539532179
-2.441641539532178
-2.3751427785004124
-1.6325240383044306
-0.8540046973164483
-0.05123100123861811
0.05123100123861815
0.8540046973164481
1.63252403830443
2.375142778500413
2.441641539532178
-2.4463702876508107
-2.368955044526856
-1.6375138419906716
-0.8403263403978469
-0.1253972552832216
0.12539725528322176
0.8403263403978464
1.6375138419906747
2.3689550445268575
2.4463702876508093
-2.4554889746719297
-2.356255169011712
-1.649347001041337
-0.8046139282555883
-0.2255800753241355
0.22558007532413513
0.8046139282555895
1.649347001041337
2.356255169011713
2.4554889746719293
-2.4627586841212916
-2.3453170104411805
-1.660914841694926
-0.763140197277584
-0.3054287351528317
0.3054287351528323
0.7631401972775832
1.660914841694927
2.345317010441179
2.462758684121291
-2.4654230190840196
-2.3411063481816092
-1.6656383159838652
-0.7432362952073409
-0.33787455258913546
0.33787455258913546
0.7432362952073401
1.6656383159838664
2.341106348181609
2.4654230190840205
-2.4627586841212907
-2.3453170104411805
-1.6609148416949264
-0.7631401972775838
-0.305428735152831
0.30542873515283114
0.7631401972775828
1.660914841694927
2.3453170104411805
2.4627586841212903
-2.4554889746719297
-2.356255169011712
-1.6493470010413374
-0.8046139282555895
-0.2255800753241353
0.22558007532413532
0.8046139282555891
1.649347001041338
2.3562551690117117
2.4554889746719284
-2.4463702876508093
-2.3689550445268557
-1.6375138419906712
-0.8403263403978478
-0.12539725528322138
0.12539725528322093
0.840326340397848
1.6375138419906716
2.368955044526856
2.4463702876508093
-2.4416415395321778
-2.3751427785004124
-1.6325240383044304
-0.8540046973164482
-0.05123100123861789
0.05123100123861809
0.8540046973164497
1.63252403830443
2.3751427785004116
2.441641539532178
-2.446370287650811
-2.3689550445268552
-1.6375138419906714
-0.8403263403978481
-0.1253972552832213
0.1253972552832211
0.8403263403978485
1.6375138419906707
2.3689550445268557
2.4463702876508115
-2.4554889746719293
-2.356255169011712
-1.649347001041337
-0.8046139282555893
-0.22558007532413524
0.22558007532413535
0.8046139282555889
1.6493470010413385
2.356255169011712
2.455488974671928
-2.46542301908402
-2.341106348181609
-1.665638315983865
-0.7432362952073391
-0.3378745525891361
0.3378745525891361
0.7432362952073389
1.6656383159838661
2.3411063481816083
2.465423019084019
-2.47125345870795
-2.331474755514447
-1.6768982693565122
-0.6816641920824765
-0.4248269420417213
0.42482694204172045
0.6816641920824766
1.676898269356513
2.331474755514446
2.47125345870795
-2.47125345870795
-2.3314747555144475
-1.6768982693565122
-0.6816641920824767
-0.42482694204172156
0.4248269420417218
0.6816641920824771
1.676898269356512
2.3314747555144466
2.4712534587079507
-2.4654230190840205
-2.341106348181609
-1.665638315983865
-0.7432362952073399
-0.3378745525891353
0.33787455258913524
0.7432362952073415
1.6656383159838646
2.341106348181608
2.46542301908402
-2.4554889746719284
-2.356255169011712
-1.6493470010413374
-0.8046139282555881
-0.22558007532413527
0.22558007532413518
0.8046139282555889
1.6493470010413345
2.3562551690117117
2.4554889746719297
-2.4463702876508093
-2.3689550445268557
-1.6375138419906714
-0.8403263403978476
-0.12539725528322127
0.12539725528322074
0.8403263403978479
1.6375138419906712
2.3689550445268566
2.4463702876508115
