-2.5252188761284318
-2.5096427951971965
-2.4982377265767757
-2.4891713684834604
-2.4811014506850753
-2.4731569915114897
-2.465130976856362
-2.4570327025269543
-2.4489040231157153
-2.440803915365989
-2.4392682092398523
-2.4328108417601104
-2.42502650540797
-2.424016401032667
-2.4175826190919154
-2.413049592523631
-2.4106579405142283
-2.4049386996686257
-2.4045334336039543
-2.400301911304168
-2.3986572800777153
-2.395493636830756
-2.3921672297933987
-2.3884587494366496
-2.38447194683234
-2.380225424884785
-2.375714640619285
-2.3709146305447657
-2.3657951814297933
-2.360329506561349
-2.354493692023634
-2.3482629504991808
-1.5666239951589427
-1.5568854848300073
-1.5477318015226096
-1.5391429894908983
-1.531103843097143
-1.523603485680271
-1.516635154929322
-1.5101961965705804
-1.5042882957931676
-1.498918013901842
-1.494097247603648
-1.4898512769939127
-1.486204969579821
-1.4832233129499415
-1.4814400141265658
-1.4799919316363108
-1.477210314969975
-1.4760432592159922
-1.472876819242732
-1.4685446613901727
-1.4667374124680992
-1.4607471695819005
-1.4578076544462233
-1.4512792971228752
-1.4463213264566384
-1.4391775801785707
-1.431247856185957
-1.4243325778524625
-1.4110399213860987
-1.3952885819975296
-1.3776822055414377
-1.3552935796881014
-1.0172839503907978
-0.9904775118089761
-0.9651465655687376
-0.9402191466277546
-0.9149472460110709
-0.8893358493314769
-0.8637925848614908
-0.8387653607213392
-0.8146894445583961
-0.7923203838892504
-0.7765947560075377
-0.7660923776383226
-0.7486069794063479
-0.736755970308457
-0.7273116773084667
-0.7144900226858302
-0.7039390836152716
-0.6977268010716889
-0.6789360880152577
-0.6786245577682263
-0.6603503179554603
-0.6573724238397187
-0.6453605998190116
-0.6374865237517969
-0.6268648526831956
-0.6163955506275738
-0.6056496470687724
-0.5953664868203001
-0.5853121186119834
-0.5785292660743949
-0.5671159084371794
-0.565357704732966
-0.2178730044787556
-0.2076752903757654
-0.20154865862403742
-0.18335133301931292
-0.17618437222173114
-0.1672922793192154
-0.16043574556790396
-0.1551891011944014
-0.1489937774506944
-0.13935901378473278
-0.136188596676604
-0.12499972018279132
-0.11726410573217615
-0.10776778058817314
-0.09449425861074084
-0.08627879921044772
-0.07049348949789443
-0.05922043303105974
-0.0447294722474516
-0.028063499084769787
-0.015233779151235534
0.00436106670712723
0.02023331665439972
0.038307824308684874
0.06018585002713601
0.07743668498145365
0.10071620328520872
0.12507509398024208
0.14560894690491027
0.173648487754104
0.2064318288459551
0.24002746834532554
0.27278743085789875
1.6866491770520853
1.7195174394015595
1.751600494508071
1.7817090545527476
1.8095151618081984
1.8349795102072943
1.8581623353827934
1.8791524229500949
1.8980314655686519
1.9148268715670522
1.9292366983551867
1.9380906511455775
1.9450496385594298
1.955043443447056
1.9611600335869532
1.9661203371910068
1.9719131533501248
1.9765685409394733
1.9822485803133263
1.98795133718468
1.9930449743469685
1.9983670934798172
2.0047645560435585
2.011092589173055
2.016600317327458
2.024144563426055
2.0336121483608105
2.044359708010359
2.0562288047272026
2.0690344671119454
2.0822141346454814
2.093137405516181
2.1013102553512493
2.531538378378138
2.5458459176265604
2.558823351701074
2.5704755401592574
2.5808311601079144
2.58993111422038
2.597842213478761
2.604815470808824
2.611467367895923
2.6184049832429572
2.6258541877948955
2.633792841848782
2.642071762818456
2.6463298667180837
2.6504513408774963
2.658579009812997
2.6653358338802295
2.667582706488438
2.673125080880127
2.679167959403726
2.685878162584373
2.6933181955830263
2.7014060792590935
2.710108539093327
2.7193974072434925
2.729241541609843
2.73960209296848
2.750426384354837
2.7616374604930685
2.7731120651591556
2.7846266551007015
2.7957161109485433
-2.5252188761284318
-2.509642795197195
-2.498237726576777
-2.4891713684834618
-2.4811014506850735
-2.4731569915114897
-2.465130976856364
-2.4570327025269494
-2.4489040231157144
-2.4408039153659944
-2.439268209239851
-2.4328108417601046
-2.4250265054079723
-2.4240164010326697
-2.417582619091916
-2.413049592523631
-2.410657940514228
-2.4049386996686266
-2.404533433603951
-2.4003019113041657
-2.398657280077712
-2.395493636830754
-2.392167229793395
-2.3884587494366483
-2.3844719468323388
-2.380225424884783
-2.375714640619283
-2.370914630544766
-2.3657951814297933
-2.360329506561349
-2.3544936920236332
-2.3482629504991817
-1.5666239951589418
-1.5568854848300075
-1.547731801522609
-1.5391429894908983
-1.5311038430971524
-1.5236034856800378
-1.5166351549339807
-1.510196196499118
-1.5042882966848465
-1.4989180045615766
-1.4940973314567818
-1.4898506262528557
-1.486209366690708
-1.4831957270132465
-1.4815065519741997
-1.4799274501428732
-1.4772606855315604
-1.476011409625871
-1.472880420505212
-1.4685440296553043
-1.4667376319689414
-1.4607471684088915
-1.4578076533462614
-1.451279297300456
-1.4463213264256576
-1.4391775801802698
-1.4312478561858755
-1.4243325778524654
-1.4110399213860971
-1.3952885819975285
-1.377682205541437
-1.3552935796880996
-1.0172839503907967
-0.9904775118089758
-0.9651465655687379
-0.9402191466277541
-0.9149472460110714
-0.8893358493314762
-0.8637925848614916
-0.8387653607213424
-0.8146894445583143
-0.7923203838933555
-0.7765947559280444
-0.7660923780067999
-0.7486069754599005
-0.73675599633806
-0.7273116016763227
-0.714490276529467
-0.7039382340696284
-0.6977277949572414
-0.678904353738144
-0.6786563622329154
-0.6603497947837191
-0.6573718623928926
-0.6453628338698867
-0.6374838357234816
-0.6268667726727384
-0.6163942871612981
-0.6056503679093376
-0.5953661138916886
-0.585312301969908
-0.578529193248652
-0.5671159289510829
-0.5653576927325232
-0.2178730055440134
-0.20767526561268268
-0.20154873394636827
-0.18334905579296992
-0.17619709766367023
-0.16721951065829202
-0.16069189968551795
-0.1547221460784482
-0.14944429587568342
-0.138460619987514
-0.1369930141825988
-0.12485521381724198
-0.11734603215577002
-0.10774178973400957
-0.09450231176659904
-0.08627545021416996
-0.070494029959656
-0.05922026198774772
-0.044729500964921606
-0.02806349436533223
-0.015233780121055458
0.004361066779179744
0.020233316646530455
0.0383078243088126
0.06018585002721204
0.07743668498143326
0.10071620328521123
0.125075093980241
0.14560894690491072
0.17364848775410383
0.20643182884595493
0.24002746834532543
0.2727874308578989
1.6866491770520862
1.7195174394015582
1.7516004945080708
1.7817090545527479
1.809515161808199
1.8349795102072934
1.8581623353828074
1.879152422949513
1.898031465591909
1.9148268705966418
1.929236744700402
1.9380900387174091
1.9450526764329428
1.9550103634642242
1.961358905665764
1.9656480404588033
1.9735890754221215
1.974553834187481
1.984279099669955
1.9859266501305501
1.9942956875669593
1.997577643709587
2.005014835544277
2.0109923577225346
2.0166293683578265
2.024140903080572
2.033612453547916
2.0443596853879256
2.0562288062363763
2.0690344670186
2.082214134651505
2.093137405515648
2.10131025535129
2.531538378378139
2.5458459176265595
2.5588233517010726
2.570475540159259
2.5808311601078997
2.589931114220486
2.5978422134782373
2.604815470810495
2.6114673678923026
2.6184049832489866
2.625854187785845
2.633792841863759
2.6420717627730217
2.6463298667945496
2.6504513408228063
2.6585790098418913
2.6653358338275894
2.6675827065333872
2.673125080871465
2.679167959405529
2.6858781625840766
2.693318195583063
2.7014060792590904
2.710108539093328
2.7193974072434925
2.729241541609842
2.7396020929684806
2.7504263843548378
2.76163746049307
2.7731120651591565
2.784626655100701
2.795716110948544
-2.5252188761284304
-2.5096427951971934
-2.4982377265767766
-2.4891713684834604
-2.481101450685076
-2.4731569915114884
-2.465130976856362
-2.457032702526953
-2.4489040231157144
-2.4408039153659953
-2.4392682092398528
-2.4328108417601078
-2.4250265054079763
-2.424016401032669
-2.4175826190919096
-2.4130495925236297
-2.410657940514234
-2.404938699668625
-2.4045334336039517
-2.4003019113041675
-2.3986572800777126
-2.3954936368307553
-2.3921672297933965
-2.388458749436649
-2.38447194683234
-2.3802254248847836
-2.3757146406192824
-2.3709146305447653
-2.3657951814297937
-2.3603295065613468
-2.3544936920236346
-2.348262950499181
-1.5666239951589422
-1.5568854848300062
-1.547731801522609
-1.5391429894908961
-1.531103843097168
-1.5236034856797591
-1.51663515493733
-1.5101961964696995
-1.5042882968406945
-1.4989180048197803
-1.4940973135599778
-1.4898508810851927
-1.4862068839253795
-1.4832160204682217
-1.4814505770538313
-1.4799885248559388
-1.4772008275173876
-1.4760533154543267
-1.4728742398294883
-1.468545756744096
-1.466736858720107
-1.460747210657355
-1.4578076419064763
-1.4512792977526954
-1.446321326379294
-1.4391775801816078
-1.4312478561858493
-1.4243325778524656
-1.4110399213860974
-1.395288581997528
-1.377682205541437
-1.3552935796881014
-1.0172839503907976
-0.9904775118089756
-0.9651465655687381
-0.9402191466277541
-0.9149472460110697
-0.8893358493314768
-0.8637925848614906
-0.8387653607213437
-0.8146894445582782
-0.7923203838935778
-0.7765947559417996
-0.7660923778862746
-0.7486069778654726
-0.7367559745196463
-0.7273116817175691
-0.7144899089114405
-0.7039398551159564
-0.6977255249726291
-0.67901959947023
-0.6785385312514375
-0.6603833983098094
-0.6573338036338402
-0.6453794967017368
-0.6374711809206083
-0.6268727927673948
-0.6163913384109758
-0.6056516861557943
-0.5953655566376596
-0.5853125311193903
-0.5785291120562298
-0.5671159479506118
-0.5653576819270556
-0.2178730031017305
-0.20767532660390664
-0.20154854099325298
-0.18335544795327083
-0.1761603088078484
-0.16742635415704202
-0.15984683526302457
-0.15608989165146897
-0.14818963567279986
-0.14042137468759533
-0.1353575491577279
-0.12523735884477896
-0.11714378788977317
-0.1078037065356057
-0.09448452679219514
-0.0862826091143211
-0.070492913270282
-0.05922061795795375
-0.044729437990670626
-0.028063506110559733
-0.015233777306050952
0.004361066476578486
0.020233316702643927
0.038307824302400185
0.06018585002777112
0.07743668498136022
0.10071620328521551
0.12507509398024116
0.1456089469049103
0.17364848775410413
0.20643182884595584
0.24002746834532543
0.27278743085789847
1.686649177052085
1.719517439401559
1.7516004945080723
1.7817090545527463
1.8095151618081993
1.8349795102072934
1.8581623353827947
1.8791524229500807
1.8980314655691264
1.9148268715508208
1.9292366990247445
1.9380906429311593
1.9450496773921817
1.9550430357050588
1.9611622935854789
1.9661144184411938
1.971926275003859
1.976549750379961
1.9822686438875199
1.9879306901845026
1.9930618275952936
1.9983578892655893
2.004768290469538
2.0110910769564585
2.0166007925047214
2.0241444990369706
2.033612154349753
2.0443597075065734
2.056228804765889
2.0690344671091667
2.0822141346456915
2.09313740551616
2.1013102553512515
2.5315383783781393
2.5458459176265595
2.5588233517010717
2.5704755401592596
2.5808311601079077
2.5899311142204335
2.5978422134784904
2.6048154708097
2.6114673678939977
2.618404983246216
2.6258541877899195
2.633792841857167
2.6420717627925447
2.6463298667621062
2.650451340845724
2.658579009830081
2.6653358338486495
2.6675827065155335
2.6731250808748444
2.6791679594048388
2.685878162584188
2.6933181955830507
2.7014060792590917
2.7101085390933273
2.719397407243493
2.7292415416098423
2.739602092968481
2.7504263843548364
2.76163746049307
2.7731120651591556
2.784626655100702
2.7957161109485433
-2.52521887612843
-2.5096427951971947
-2.4982377265767752
-2.489171368483458
-2.4811014506850726
-2.4731569915114866
-2.465130976856358
-2.457032702526952
-2.4489040231157158
-2.4408039153659886
-2.439268209239854
-2.4328108417601064
-2.42502650540797
-2.42401640103267
-2.417582619091916
-2.41304959252363
-2.4106579405142234
-2.4049386996686257
-2.4045334336039526
-2.4003019113041657
-2.3986572800777126
-2.3954936368307536
-2.3921672297933956
-2.3884587494366496
-2.3844719468323383
-2.380225424884783
-2.375714640619282
-2.3709146305447644
-2.3657951814297915
-2.360329506561346
-2.354493692023631
-2.34826295049918
-1.5666239951589438
-1.5568854848300093
-1.547731801522612
-1.5391429894908986
-1.531103843097162
-1.5236034856799927
-1.5166351549326746
-1.5101961965411663
-1.5042882959490196
-1.4989180141600429
-1.4940972297051192
-1.4898515316350822
-1.4862024729903849
-1.4832427386131488
-1.481380880445357
-1.4800562693046835
-1.4771482084641323
-1.4760881659590226
-1.4728706632678548
-1.4685463886426235
-1.4667366395460995
-1.4607472118304616
-1.457807643006429
-1.4512792975751139
-1.446321326410277
-1.4391775801799076
-1.4312478561859296
-1.4243325778524623
-1.4110399213860971
-1.395288581997528
-1.377682205541437
-1.3552935796880998
-1.0172839503907982
-0.9904775118089764
-0.9651465655687387
-0.9402191466277543
-0.9149472460110706
-0.8893358493314771
-0.8637925848614899
-0.8387653607213411
-0.8146894445583609
-0.7923203838894737
-0.7765947560212946
-0.7660923775177966
-0.7486069818119162
-0.7367559484898524
-0.7273117573487156
-0.7144896550434053
-0.703940704246928
-0.697724531424401
-0.679037390912009
-0.6785206692539253
-0.6603839207259903
-0.6573343683378956
-0.6453772666706266
-0.6374738646276431
-0.6268708716711611
-0.6163926014195268
-0.6056509651916206
-0.5953659295332151
-0.5853123477561913
-0.5785291848792934
-0.5671159274368972
-0.5653576939272735
-0.2178730020364717
-0.20767535136606283
-0.20154846566918058
-0.1833577159655818
-0.17614741352741042
-0.16749300611163123
-0.1594472539186511
-0.15662178126782794
-0.14776338037035455
-0.14093663402164075
-0.13498773693762461
-0.12538665422795323
-0.11706565035400597
-0.10783015314457713
-0.09447648588605753
-0.08628596663896054
-0.070492372896343
-0.05922078901727839
-0.04472940927363747
-0.028063510830004645
-0.01523377633623174
0.004361066404525797
0.020233316710515804
0.038307824302273086
0.06018585002769515
0.07743668498137955
0.10071620328521311
0.12507509398024189
0.14560894690491044
0.17364848775410385
0.20643182884595485
0.24002746834532562
0.27278743085789886
1.6866491770520855
1.7195174394015593
1.7516004945080705
1.7817090545527479
1.8095151618081993
1.8349795102072934
1.8581623353827805
1.8791524229506633
1.8980314655458692
1.9148268725212318
1.9292366526808782
1.9380912555720902
1.9450466426937307
1.9550768341119709
1.9609825896418147
1.9666522200520404
1.970933002712334
1.9784326245103157
1.9803243554052128
1.9899833328975653
1.9912537849413403
1.9989772127301244
2.0044985798837773
2.0111882991129213
2.0165712466612353
2.0241481518424345
2.033611849115655
2.044359730128768
2.0562288032567126
2.0690344672025143
2.082214134639667
2.093137405516692
2.1013102553512115
2.5315383783781384
2.54584591762656
2.558823351701073
2.570475540159257
2.580831160107922
2.5899311142203265
2.5978422134790153
2.604815470808028
2.611467367897619
2.6184049832401866
2.62585418779897
2.6337928418421894
2.64207176283798
2.646329866685639
2.650451340900414
2.6585790098011897
2.66533583390129
2.6675827064705846
2.673125080883506
2.679167959403036
2.6858781625844834
2.693318195583012
2.701406079259095
2.7101085390933264
2.7193974072434925
2.7292415416098437
2.73960209296848
2.7504263843548373
2.761637460493069
2.7731120651591548
2.7846266551007
2.795716110948544
-2.5229652430283753
-2.5074762030477076
-2.4961776576846275
-2.4871882833949894
-2.4791263109184793
-2.4711590688055765
-2.4631118364225064
-2.455001384045638
-2.4468736096295505
-2.4412018001702496
-2.4387920727159593
-2.4308406310608084
-2.4257828635581697
-2.4231276491550684
-2.4157942678790727
-2.414609280948736
-2.409037090875891
-2.4062070827335105
-2.4032137115047365
-2.4005134591857855
-2.3983960794599253
-2.395378895168739
-2.3920556967649236
-2.388375254217498
-2.3844186621809986
-2.3801978971952313
-2.3757036197655554
-2.370911333529434
-2.3657944700842526
-2.3603294016501657
-2.3544936825271656
-2.3482629501006125
-1.566623995158939
-1.5568854848300075
-1.5477318015226513
-1.5391429894913478
-1.5311038431008877
-1.5236034857019558
-1.516635155051267
-1.5101961974591687
-1.5042882915772475
-1.498918048475691
-1.494097537414001
-1.4898466886693695
-1.486223897236216
-1.4832448808713015
-1.4810521254016045
-1.4799991848891023
-1.4777333629889917
-1.4744176347696574
-1.4736165493559708
-1.468281171195085
-1.466139655425014
-1.4608329643143523
-1.4572948826961833
-1.4508106505926794
-1.446340590900111
-1.438065774500781
-1.431551230695072
-1.4229540418868474
-1.4091624130046323
-1.3933745765676477
-1.3757848390245977
-1.3530589438604863
-1.017285582476784
-0.99050952418535
-0.9653656155798731
-0.9409383481257338
-0.9163783636130814
-0.8914532725677199
-0.8664550791473178
-0.8418128817298135
-0.8179490813256465
-0.7954241607021106
-0.7767895257511213
-0.7671540410537372
-0.751194495101697
-0.7363854779421093
-0.7280280129720622
-0.7168439123831274
-0.7027572093631411
-0.6997276545408471
-0.683599978406055
-0.6752764674751833
-0.6645136127089534
-0.6550437294607946
-0.647333503995853
-0.6376965408650938
-0.6277195612954655
-0.6170230047704931
-0.6062318977247283
-0.595826263423764
-0.5856347511109891
-0.5787154519115252
-0.567246244384916
-0.565367209641484
-0.22299076893293976
-0.20767596029979912
-0.20154557722740998
-0.183365734038387
-0.17623886608207545
-0.1679128569421015
-0.1616248809119554
-0.15554868285893944
-0.14913812886053374
-0.14063561558396298
-0.13599408939082075
-0.12458512063831881
-0.11954412793539171
-0.10638411451400376
-0.09702282659789326
-0.08561969330601021
-0.07085172522723976
-0.06078389410331771
-0.0436962107248722
-0.030149679119124712
-0.01482245418167131
0.0042547074926195805
0.018682530798473696
0.03922776179899173
0.05907711655897048
0.07697431600695462
0.10162132245795799
0.12393665444683019
0.14551745622629955
0.17501749519788015
0.20770397218352557
0.2407447477116066
0.27296977596438676
1.6857958221371225
1.717882145485211
1.7494856133519443
1.7793223763428176
1.806993625350388
1.8324178659815813
1.855629817627685
1.8767032430810713
1.895714388707415
1.9127069880150631
1.927556928928846
1.9384514926581877
1.9442504003312786
1.9538830867322574
1.9613281720097182
1.9660932970180043
1.9705716271690652
1.9782429754062751
1.9799736313732805
1.9899084182846416
1.9908797578092086
1.998536756477947
2.003969490251804
2.0112135586937567
2.016925069502196
2.023743057146704
2.0329430376024433
2.0436637326913636
2.055616268085994
2.0686275208294647
2.082266800792754
2.0944863057752934
2.1019501785415295
2.5324838554308977
2.547123398623927
2.5602899489766155
2.572045845073598
2.5824484647482846
2.591555310540924
2.5994505488883015
2.6064285180969295
2.613154515688499
2.62021713698121
2.6277970515452145
2.6358385931623562
2.644121847717564
2.6441685416427845
2.652524729417456
2.6604989438444986
2.665435279282317
2.6682505712729827
2.6741502489733615
2.680140680794336
2.686937467296641
2.6944313487542417
2.702552732918514
2.7112711543168997
2.7205570428804005
2.7303770513032437
2.7406892077965836
2.751436488956225
2.762535670704499
2.7738539796848767
2.7851535954737963
2.7959607234273722
-2.5229652430283727
-2.507476203047708
-2.4961776576846275
-2.48718828339499
-2.4791263109184807
-2.471159068805576
-2.463111836422506
-2.455001384045636
-2.4468736096295585
-2.4412018001702496
-2.438792072715967
-2.430840631060806
-2.4257828635581715
-2.423127649155066
-2.4157942678790825
-2.4146092809487363
-2.409037090875889
-2.4062070827335096
-2.403213711504741
-2.4005134591857855
-2.3983960794599253
-2.395378895168738
-2.3920556967649222
-2.3883752542174967
-2.3844186621809977
-2.3801978971952296
-2.3757036197655528
-2.3709113335294334
-2.3657944700842495
-2.360329401650165
-2.3544936825271625
-2.348262950100612
-1.5666239951589394
-1.5568854848300093
-1.547731801522651
-1.5391429894913484
-1.531103843100868
-1.5236034857022915
-1.5166351550468113
-1.5101961975052627
-1.5042882912124595
-1.4989180504594384
-1.4940975342098362
-1.4898466101573549
-1.486225022982435
-1.4832357750171166
-1.4810952281361198
-1.4799467710345935
-1.4777586768753586
-1.474391131899783
-1.4736357566473095
-1.468280080369906
-1.4661401305250517
-1.4608329253467385
-1.4572948907377852
-1.4508106501653764
-1.4463405909550116
-1.438065774499671
-1.4315512306951255
-1.4229540418868483
-1.409162413004632
-1.3933745765676488
-1.3757848390245977
-1.3530589438604879
-1.017285582476785
-0.9905095241853503
-0.9653656155798732
-0.9409383481257346
-0.916378363613083
-0.8914532725677196
-0.8664550791473191
-0.8418128817298154
-0.8179490813255921
-0.7954241607043759
-0.7767895256738016
-0.7671540414072994
-0.7511944925757539
-0.7363855050845134
-0.7280279300877747
-0.7168441075150602
-0.7027556898779302
-0.6997293847859206
-0.6835988521288012
-0.6752777706613715
-0.6645130357586679
-0.6550428488931673
-0.6473356620286622
-0.637694214456198
-0.6277213901775786
-0.6170218495298334
-0.6062325539591121
-0.5958259285007899
-0.5856349139847857
-0.578715387521716
-0.5672462620770355
-0.5653671995951639
-0.22299076915907473
-0.20767594417314145
-0.20154563095631628
-0.18336418169520416
-0.17624704040914518
-0.16787710014356502
-0.1617093446785222
-0.15543229021148391
-0.14923558186240624
-0.14055952297068197
-0.13603950092293934
-0.1245744458581954
-0.11954986339378627
-0.10638253316474473
-0.09702399221755928
-0.08561916061930298
-0.07085195533987462
-0.06078378983313
-0.04369623222922336
-0.030149672258300536
-0.014822455555424894
0.004254707712431733
0.018682530749857932
0.03922776180353653
0.059077116558415944
0.07697431600702069
0.10162132245795462
0.1239366544468307
0.1455174562262992
0.17501749519787968
0.20770397218352532
0.24074474771160653
0.2729697759643862
1.6857958221371214
1.7178821454852122
1.7494856133519447
1.7793223763428188
1.8069936253503882
1.832417865981581
1.8556298176276962
1.8767032430806232
1.895714388723994
1.9127069873937284
1.927556955045073
1.9384507960752408
1.944253360146465
1.9538603515762583
1.961526992519986
1.965544339996211
1.9715107114154888
1.9763533857818822
1.9819592356559657
1.9877127244528443
1.9928779234050276
1.9978635122071227
2.004238216799399
2.011126895808538
2.016953601206932
2.023738359158406
2.032943421594531
2.0436637063142187
2.0556162697042493
2.0686275207391294
2.0822668007977536
2.0944863057749243
2.101950178541566
2.532483855430898
2.5471233986239277
2.5602899489766147
2.5720458450735997
2.5824484647482735
2.5915553105409983
2.5994505488879405
2.606428518098069
2.6131545156860185
2.6202171369855005
2.6277970515381357
2.6358385931772212
2.6441218447707873
2.644168544592229
2.6525247293955587
2.6604989438683733
2.665435279246668
2.6682505712972793
2.6741502489687794
2.680140680795327
2.686937467296486
2.6944313487542617
2.7025527329185137
2.7112711543169
2.7205570428803996
2.7303770513032455
2.7406892077965828
2.751436488956225
2.7625356707044992
2.7738539796848753
2.785153595473794
2.7959607234273736
-2.522965243028374
-2.5074762030477085
-2.4961776576846284
-2.4871882833949903
-2.4791263109184802
-2.4711590688055765
-2.4631118364225038
-2.4550013840456386
-2.446873609629557
-2.4412018001702473
-2.438792072715959
-2.4308406310608213
-2.42578286355817
-2.4231276491550604
-2.4157942678790745
-2.414609280948735
-2.409037090875892
-2.40620708273351
-2.4032137115047343
-2.4005134591857846
-2.3983960794599226
-2.3953788951687365
-2.392055696764921
-2.388375254217496
-2.384418662180999
-2.3801978971952304
-2.375703619765554
-2.370911333529433
-2.3657944700842495
-2.3603294016501644
-2.3544936825271634
-2.3482629501006107
-1.5666239951589427
-1.5568854848300104
-1.5477318015226522
-1.5391429894913502
-1.5311038431008732
-1.5236034857021301
-1.5166351550506023
-1.5101961974426912
-1.5042882920306946
-1.498918041608055
-1.4940976153722572
-1.4898459704000364
-1.48622921854202
-1.4832122643027301
-1.4811745334478812
-1.4798586145446007
-1.477797309322081
-1.474359880487322
-1.4736575964334173
-1.468279336226712
-1.4661403974102143
-1.4608329135875764
-1.4572948919167716
-1.4508106502206788
-1.4463405909367693
-1.4380657745005743
-1.4315512306950489
-1.42295404188685
-1.409162413004632
-1.3933745765676482
-1.3757848390245986
-1.3530589438604876
-1.0172855824767835
-0.9905095241853485
-0.9653656155798723
-0.9409383481257332
-0.9163783636130804
-0.8914532725677197
-0.8664550791473167
-0.8418128817298149
-0.8179490813255661
-0.7954241607045444
-0.7767895256888018
-0.7671540412887176
-0.7511944940692392
-0.7363854812507652
-0.7280280193532424
-0.7168438317094958
-0.7027587976906813
-0.69972551893881
-0.6836033549524272
-0.6752695524600647
-0.6645253700254057
-0.6550245099915379
-0.6473530748185018
-0.6376836004834164
-0.6277271286278473
-0.6170191621047967
-0.6062337515559963
-0.5958254293802592
-0.5856351168160241
-0.5787153160773565
-0.5672462783958164
-0.5653671906015811
-0.22299076858110617
-0.20767599506797002
-0.2015454446370469
-0.18337162294857393
-0.1762009531909557
-0.168112022316356
-0.16094569109436058
-0.1565794555682289
-0.1480277407914043
-0.1418515648218386
-0.13518212930120244
-0.1249541566780635
-0.11934052381433002
-0.10641484607639769
-0.09701306981342728
-0.08562113187159771
-0.07085169420554109
-0.060783837233940145
-0.04369623252968669
-0.03014967136989753
-0.014822455759721326
0.004254707733902808
0.018682530748291504
0.03922776180316285
0.059077116558531095
0.07697431600699882
0.1016213224579571
0.123936654446833
0.14551745622629966
0.17501749519788048
0.2077039721835264
0.2407447477116071
0.2729697759643868
1.6857958221371212
1.7178821454852107
1.7494856133519439
1.7793223763428174
1.8069936253503882
1.8324178659815795
1.8556298176277077
1.8767032430801707
1.8957143887404966
1.9127069867783688
1.92755698082156
1.9384501102935139
1.944256275390469
1.953838275091113
1.9617563280718704
1.9650471266389629
1.9728715764477367
1.974645836200508
1.9839252859161938
1.985738653402096
1.9942473968954781
1.9969584819433526
2.004480050062155
2.0110396548429397
2.0169812506182487
2.023733725632605
2.0329437996876556
2.0436636802864636
2.0556162713052224
2.0686275206494518
2.0822668008027376
2.094486305774556
2.1019501785416037
2.5324838554308977
2.547123398623929
2.560289948976615
2.572045845073602
2.582448464748255
2.5915553105411364
2.599450548887267
2.6064285181002362
2.613154515681224
2.620217136993935
2.62779705152395
2.635838593207615
2.644121838614844
2.6441685507545043
2.6525247293487713
2.6604989439205085
2.6654352791677436
2.6682505713514995
2.6741502489583806
2.6801406807976127
2.686937467296118
2.6944313487543092
2.7025527329185066
2.7112711543169006
2.7205570428804
2.730377051303244
2.7406892077965823
2.7514364889562244
2.7625356707044992
2.7738539796848753
2.785153595473794
2.7959607234273727
-2.52296524302837
-2.5074762030477062
-2.4961776576846275
-2.4871882833949894
-2.4791263109184785
-2.4711590688055725
-2.4631118364225055
-2.4550013840456377
-2.446873609629549
-2.4412018001702482
-2.438792072715965
-2.4308406310608013
-2.4257828635581697
-2.4231276491550684
-2.4157942678790745
-2.4146092809487345
-2.409037090875886
-2.4062070827335087
-2.403213711504736
-2.400513459185785
-2.398396079459922
-2.3953788951687356
-2.39205569676492
-2.388375254217495
-2.3844186621809964
-2.380197897195228
-2.37570361976555
-2.370911333529433
-2.36579447008425
-2.360329401650162
-2.354493682527164
-2.34826295010061
-1.5666239951589414
-1.5568854848300082
-1.5477318015226507
-1.5391429894913478
-1.5311038431008916
-1.5236034857017904
-1.5166351550550565
-1.5101961973965965
-1.5042882923954826
-1.498918039624297
-1.4940976185764199
-1.4898460489804777
-1.4862280988862404
-1.4832216854849292
-1.4811363280483931
-1.4799067201130978
-1.4777711964200342
-1.4743877070696731
-1.473636954264824
-1.468280426893535
-1.4661399221134865
-1.460832952554832
-1.4572948838751505
-1.4508106506479816
-1.446340590881867
-1.4380657745016843
-1.4315512306949936
-1.4229540418868507
-1.409162413004632
-1.3933745765676484
-1.375784839024598
-1.3530589438604854
-1.0172855824767852
-0.9905095241853498
-0.9653656155798728
-0.9409383481257345
-0.9163783636130819
-0.8914532725677206
-0.8664550791473185
-0.8418128817298148
-0.8179490813256225
-0.7954241607022803
-0.776789525766127
-0.7671540409351562
-0.7511944965951803
-0.7363854541080868
-0.7280281022362908
-0.7168436365685726
-0.7027603137328174
-0.6997237920395968
-0.6836044801636851
-0.6752682495289801
-0.6645259477814929
-0.6550253952706557
-0.6473509155232832
-0.6376859252459997
-0.62772529856822
-0.617020316969815
-0.6062330952177192
-0.5958257642765741
-0.585634953938048
-0.5787153804651276
-0.5672462607038206
-0.5653672006477506
-0.22299076835497403
-0.20767601119407503
-0.2015453909067084
-0.18337316795120076
-0.17619263801250823
-0.16814465054383632
-0.1608379599416051
-0.1567061798316572
-0.14793156224133247
-0.14192914175901908
-0.1351496438485125
-0.12496479508588763
-0.11933534500007983
-0.10641643181146443
-0.09701190694737198
-0.08562166481676686
-0.07085146410146628
-0.06078394150592016
-0.04369621102534101
-0.030149678230718794
-0.014822454385968504
0.0042547075140910275
0.018682530796906256
0.03922776179861792
0.059077116559085936
0.07697431600693347
0.1016213224579599
0.12393665444683022
0.14551745622629936
0.17501749519788032
0.20770397218352568
0.2407447477116063
0.2729697759643863
1.6857958221371214
1.7178821454852113
1.7494856133519443
1.779322376342818
1.806993625350388
1.832417865981581
1.855629817627697
1.8767032430806205
1.8957143887239158
1.9127069873997027
1.9275569547049425
1.9384508065376216
1.944253313012956
1.9538607388935199
1.96152317601179
1.965553762203726
1.9714917374213847
1.9763815810118854
1.981928465582661
1.9877439185504093
1.992851968086707
1.9978774202011778
2.0042335166415244
2.011128459430775
2.016953111732074
2.023738436709943
2.0329434157732793
2.0436637066639456
2.0556162696869693
2.068627520739788
2.082266800797739
2.094486305774923
2.1019501785415655
2.5324838554308986
2.5471233986239272
2.5602899489766155
2.5720458450736006
2.5824484647482655
2.591555310541062
2.599450548887627
2.6064285180990967
2.6131545156837035
2.620217136989647
2.6277970515310285
2.6358385931927515
2.6441218415608434
2.6441685478058363
2.652524729370667
2.6604989438966333
2.665435279203392
2.6682505713272033
2.6741502489629623
2.6801406807966237
2.6869374672962736
2.69443134875429
2.70255273291851
2.7112711543169
2.7205570428804005
2.730377051303246
2.740689207796584
2.7514364889562253
2.762535670704499
2.773853979684876
2.785153595473794
2.7959607234273727
-2.520699613747451
-2.5053045619275456
-2.4941166906578967
-2.485202228475679
-2.477144849679716
-2.4691551660091693
-2.4610886482516006
-2.4529688985121485
-2.4448459874893715
-2.443149059357209
-2.4367882434663604
-2.4288851708624337
-2.4275757553168456
-2.4212522747313128
-2.4162095094683242
-2.4140413681532835
-2.40755412731293
-2.4074702703190565
-2.4020934530131615
-2.4011736650989786
-2.398057118552468
-2.3953122324378664
-2.3919558818644044
-2.388308303916634
-2.384377848137126
-2.380178156670439
-2.37569621636761
-2.3709092504044302
-2.3657940445765013
-2.3603293418848685
-2.3544936773517993
-2.348262949892129
-1.5666239951589402
-1.5568854848300109
-1.5477318015226773
-1.539142989491639
-1.5311038431033541
-1.5236034857193228
-1.5166351551118389
-1.5101961980879848
-1.504288295689393
-1.4989179785651947
-1.494098228200426
-1.4898449043188646
-1.48621003160801
-1.4833143170276737
-1.4810517190642087
-1.4792176490945002
-1.478237221073517
-1.4745696504142083
-1.4724246589713628
-1.4691727529603424
-1.4646599257065922
-1.4614788359546078
-1.4564526233009463
-1.450856312615069
-1.4458507715945481
-1.437246697806479
-1.4316929700942709
-1.4213534081210648
-1.407277416401797
-1.39147538489085
-1.3738834804654203
-1.350776506012895
-1.0172862222759247
-0.9905247812936893
-0.9654928985299199
-0.9414397361432547
-0.91751985278864
-0.893287055171057
-0.8688720315675731
-0.8446593978120037
-0.8210618889509198
-0.798550993003142
-0.7784204458639898
-0.7667919482636532
-0.7537294910415409
-0.737416797165623
-0.7276433727495537
-0.7181709159200109
-0.7063301451034532
-0.696379458121477
-0.6884039777687646
-0.6717767532908271
-0.6691026215172206
-0.6537085657879105
-0.6493841040377947
-0.6380838429054257
-0.6285428882773448
-0.6176611197566022
-0.6068183952911674
-0.5962865783105923
-0.5859657530291934
-0.5788978915936959
-0.5673879017005478
-0.5653762207270121
-0.22829617478172742
-0.20767633762338794
-0.20153949849487882
-0.1833833961326123
-0.1763496664258583
-0.16886688432253968
-0.16284598415344945
-0.15557623559723094
-0.14956162542734097
-0.1418921802400921
-0.1349244010745454
-0.12671550364305537
-0.11905806845295615
-0.10631856305453945
-0.09902781210346653
-0.08439591006882674
-0.07308971081965959
-0.06040237664499307
-0.043732949640193336
-0.031918886581810926
-0.013838019928525432
0.0027956834173437587
0.01838333875416289
0.039877522896142374
0.057370632830781136
0.07742301197330052
0.10211661035769207
0.12251575591359408
0.14609515283586139
0.17644601596534085
0.20888039354313995
0.24135572486303908
0.2731090000591043
1.6850336380817772
1.7163503103073117
1.747462627861274
1.7770131312594228
1.8045355966807133
1.829906825693119
1.8531358087571292
1.874280601069784
1.8934099887972697
1.9105745487430854
1.925732181078787
1.9380642412328646
1.944229869001153
1.9526059727360796
1.961310426375525
1.9655329719890309
1.9708916680116397
1.9762033106202295
1.9815883929480729
1.9875360037859877
1.9927227919973083
1.9974704095885927
2.0036269693353024
2.0108488766213855
2.017435884241191
2.023596420072967
2.032317478050978
2.042949934726166
2.0549582844139667
2.068146728708259
2.0821680178894937
2.0956189543772985
2.1030535523114673
2.5334704738263176
2.5484393054988077
2.561788738322811
2.573641730003902
2.5840851999007004
2.5931937154474145
2.601071049687479
2.6080602682242917
2.614871214402459
2.622063013935481
2.6297693120830314
2.637902766487922
2.6418262771791605
2.6462673883654113
2.6545765321509434
2.6623002952535435
2.6646841789641953
2.669459994370672
2.6750773037775373
2.681107061211433
2.687990424852569
2.695531341870104
2.7036822486627723
2.712412863068623
2.721692102667681
2.7314844052115173
2.741744693847644
2.7524116539144017
2.7633959222065694
2.7745555955235464
2.785640188930541
2.7961749672323584
-2.5206996137474538
-2.505304561927546
-2.4941166906578967
-2.4852022284756776
-2.4771448496797133
-2.4691551660091666
-2.461088648251598
-2.452968898512146
-2.444845987489364
-2.44314905935721
-2.436788243466361
-2.428885170862424
-2.427575755316846
-2.421252274731308
-2.416209509468325
-2.414041368153283
-2.407554127312931
-2.4074702703190534
-2.4020934530131623
-2.401173665098978
-2.3980571185524684
-2.3953122324378655
-2.391955881864405
-2.388308303916635
-2.3843778481371265
-2.3801781566704387
-2.3756962163676114
-2.3709092504044302
-2.3657940445765013
-2.3603293418848668
-2.354493677351799
-2.348262949892126
-1.5666239951589407
-1.55688548483001
-1.5477318015226773
-1.5391429894916393
-1.5311038431033548
-1.523603485719406
-1.5166351551091617
-1.5101961981383345
-1.504288294983162
-1.4989179865410345
-1.4940981531626054
-1.4898455031997178
-1.486206025995974
-1.4833331669946233
-1.480992742334744
-1.4793279349685304
-1.4781617963256057
-1.4745840467961207
-1.4724179765343817
-1.4691739029607518
-1.4646597704177506
-1.4614788691551805
-1.4564526214658926
-1.4508563126784988
-1.4458507715975522
-1.4372466978059972
-1.4316929700943375
-1.4213534081210617
-1.4072774164017967
-1.391475384890849
-1.3738834804654199
-1.3507765060128922
-1.0172862222759256
-0.990524781293691
-0.9654928985299196
-0.9414397361432563
-0.917519852788641
-0.893287055171057
-0.8688720315675734
-0.8446593978120052
-0.8210618889508806
-0.7985509930044996
-0.778420445813427
-0.7667919486286541
-0.7537294891313595
-0.7374168174342266
-0.7276432851887519
-0.7181711218865691
-0.7063296541851214
-0.6963804577269435
-0.6884029530110206
-0.671779119414584
-0.6691005961998625
-0.6537069339900516
-0.6493868125147874
-0.6380817310628001
-0.6285446324713382
-0.6176600554856606
-0.6068189960383186
-0.5962862757113359
-0.5859658986033385
-0.5788978343750937
-0.56738791706794
-0.5653762122809255
-0.22829617485849976
-0.20767632038973105
-0.20153956208633514
-0.18338119715073795
-0.17636186194025286
-0.1688241220673577
-0.16291704066935095
-0.15550874895673508
-0.14957533786488966
-0.1419637538233996
-0.13480944670103917
-0.12681828081529292
-0.11900011949012605
-0.10634399439467844
-0.09901444524903025
-0.08439862434456996
-0.07308872640314351
-0.06040260310357818
-0.043732908450388054
-0.03191889750118445
-0.013838018805339535
0.0027956832523212335
0.018383338773929555
0.03987752289533874
0.057370632830782156
0.0774230119733103
0.10211661035769035
0.12251575591359425
0.14609515283586094
0.17644601596533965
0.2088803935431387
0.24135572486303833
0.27310900005910344
1.6850336380817779
1.7163503103073123
1.7474626278612757
1.7770131312594226
1.8045355966807148
1.82990682569312
1.8531358087571195
1.8742806010701425
1.8934099887851652
1.9105745491510038
1.9257321661538749
1.938064796738228
1.9442269365664189
1.952622551755281
1.9611416832866109
1.9660868296650245
1.9699890894078154
1.9780119461334542
1.979653558377002
1.9896484410925617
1.9907402926739985
1.9981905460024438
2.0033502084005788
2.0109244437087503
2.0174114893775217
2.0236018612266444
2.0323169975546573
2.0429499655572774
2.0549582826683053
2.0681467287969415
2.08216801788522
2.095618954377553
2.1030535523114398
2.5334704738263167
2.548439305498806
2.561788738322809
2.573641730003899
2.5840851999007244
2.5931937154472378
2.601071049688367
2.6080602682214087
2.614871214409047
2.6220630139229733
2.6297693121078307
2.637902766397961
2.6418262773263743
2.6462673882626864
2.6545765322109642
2.6623002951058776
2.664684179119604
2.6694599943208597
2.675077303790809
2.68110706120855
2.6879904248530253
2.6955313418700446
2.703682248662779
2.712412863068623
2.7216921026676815
2.7314844052115177
2.7417446938476457
2.7524116539144026
2.7633959222065707
2.774555595523547
2.785640188930541
2.7961749672323597
-2.5206996137474524
-2.5053045619275456
-2.4941166906578967
-2.4852022284756785
-2.4771448496797146
-2.4691551660091706
-2.4610886482515992
-2.4529688985121503
-2.4448459874893738
-2.443149059357211
-2.4367882434663617
-2.428885170862423
-2.427575755316846
-2.4212522747313012
-2.416209509468326
-2.4140413681532773
-2.4075541273129297
-2.407470270319059
-2.4020934530131623
-2.4011736650989794
-2.3980571185524684
-2.3953122324378664
-2.391955881864404
-2.3883083039166344
-2.3843778481371265
-2.3801781566704405
-2.3756962163676096
-2.370909250404431
-2.3657940445765004
-2.360329341884868
-2.3544936773517993
-2.3482629498921255
-1.5666239951589414
-1.5568854848300107
-1.5477318015226762
-1.5391429894916404
-1.5311038431033372
-1.5236034857197909
-1.5166351551037405
-1.5101961981996568
-1.5042882944238862
-1.4989179906200003
-1.49409813048788
-1.4898455834681903
-1.4862060471610332
-1.4833309966799693
-1.4810053505871166
-1.4792979643756554
-1.4781850978109188
-1.4745769539434495
-1.4724220015707241
-1.4691729869044476
-1.464659948906945
-1.4614788191557593
-1.4564526260790984
-1.4508563122408475
-1.4458507716409068
-1.4372466978049832
-1.4316929700944183
-1.4213534081210644
-1.4072774164017976
-1.3914753848908512
-1.3738834804654219
-1.3507765060128945
-1.0172862222759251
-0.990524781293689
-0.9654928985299198
-0.941439736143255
-0.9175198527886397
-0.8932870551710563
-0.8688720315675734
-0.8446593978120064
-0.8210618889508623
-0.7985509930046287
-0.7784204458232682
-0.7667919484952779
-0.7537294902288577
-0.7374167994324843
-0.7276433837368211
-0.7181708303177416
-0.7063305974705726
-0.6963778771366883
-0.6884064718769497
-0.671757430116479
-0.6691253344359086
-0.65368386293434
-0.6494108153661967
-0.6380723059452843
-0.6285501061589943
-0.6176575857909538
-0.6068200907332094
-0.596285825733937
-0.585966079376015
-0.5788977711577852
-0.5673879311952466
-0.5653762047589533
-0.22829617469068456
-0.20767637006024084
-0.20153935960702363
-0.18339141160454517
-0.1762911483822389
-0.1691343230006598
-0.16210281224220263
-0.15682566975880338
-0.14771897349301388
-0.14368698025283738
-0.13371668087836353
-0.1274813302697106
-0.11876819381858983
-0.10641154916272286
-0.0989865537077129
-0.08440230923109833
-0.07308779324763257
-0.06040273456479938
-0.04373290146405527
-0.0319188963415539
-0.013838019434529423
0.0027956834336962015
0.01838333873653422
0.039877522899291466
0.057370632830153534
0.07742301197336607
0.10211661035768807
0.12251575591359552
0.14609515283586094
0.1764460159653402
0.20888039354313873
0.24135572486303836
0.273109000059103
1.6850336380817772
1.7163503103073123
1.7474626278612748
1.7770131312594233
1.8045355966807144
1.8299068256931188
1.8531358087571295
1.8742806010697741
1.8934099887976852
1.9105745487264354
1.9257321817603474
1.9380642140184352
1.944230017062025
1.9526051102151143
1.9613201343189972
1.9655053947649668
1.9709440615177878
1.9761259565632545
1.9816764170212793
1.9874458572481706
1.9928035351258244
1.997423669970611
2.0036419475713743
2.0108444832928507
2.0174372740937594
2.0235961096830897
2.032317505085048
2.0429499330278955
2.054958284506942
2.068146728703766
2.0821680178896957
2.0956189543772874
2.1030535523114686
2.5334704738263185
2.548439305498807
2.5617887383228095
2.5736417300039
2.5840851999007084
2.5931937154473443
2.6010710496878433
2.608060268223084
2.614871214405275
2.6220630139300263
2.629769312094087
2.6379027664469055
2.6418262772470023
2.6462673883174994
2.6545765321795645
2.6623002951816956
2.664684179040278
2.6694599943459854
2.675077303784208
2.681107061209962
2.687990424852806
2.6955313418700713
2.7036822486627763
2.712412863068623
2.7216921026676806
2.731484405211517
2.7417446938476444
2.7524116539144026
2.763395922206569
2.7745555955235472
2.7856401889305413
2.7961749672323606
-2.520699613747452
-2.5053045619275482
-2.4941166906578967
-2.4852022284756803
-2.4771448496797137
-2.4691551660091706
-2.461088648251602
-2.4529688985121476
-2.444845987489372
-2.4431490593572107
-2.436788243466354
-2.4288851708624337
-2.4275757553168478
-2.4212522747313017
-2.4162095094683247
-2.4140413681532853
-2.40755412731293
-2.4074702703190582
-2.4020934530131637
-2.401173665098978
-2.398057118552468
-2.395312232437867
-2.3919558818644053
-2.3883083039166344
-2.3843778481371287
-2.380178156670439
-2.3756962163676114
-2.3709092504044302
-2.3657940445765
-2.360329341884869
-2.354493677351799
-2.3482629498921277
-1.5666239951589414
-1.556885484830009
-1.5477318015226778
-1.53914298949164
-1.5311038431033344
-1.5236034857197063
-1.5166351551064166
-1.510196198149306
-1.5042882951301164
-1.4989179826441887
-1.4940982055271366
-1.4898449846238648
-1.4862100520633343
-1.4833120854638673
-1.481063465198796
-1.4791844181988716
-1.478264661777944
-1.474562571527922
-1.472428714036456
-1.4691718380126104
-1.4646601042123961
-1.4614787859571645
-1.4564526279141599
-1.4508563121774178
-1.4458507716379019
-1.437246697805465
-1.4316929700943535
-1.4213534081210644
-1.4072774164017972
-1.3914753848908508
-1.3738834804654214
-1.3507765060128947
-1.0172862222759242
-0.9905247812936896
-0.9654928985299189
-0.9414397361432552
-0.9175198527886393
-0.8932870551710562
-0.8688720315675735
-0.8446593978120046
-0.8210618889509005
-0.7985509930032706
-0.7784204458738336
-0.7667919481302784
-0.7537294921390401
-0.737416779163735
-0.7276434712953369
-0.7181706243428043
-0.7063310882939826
-0.6963768771147127
-0.6884074969567233
-0.6717550268414265
-0.6691273970516972
-0.6536855153308411
-0.6494080885880211
-0.6380744171701599
-0.6285483607687521
-0.6176586497465149
-0.6068194898977708
-0.5962861283114635
-0.5859659337984978
-0.5788978283748212
-0.567387915827932
-0.5653762132049412
-0.22829617461391216
-0.2076763872932846
-0.2015392960133536
-0.1833935957384686
-0.17627859256353642
-0.16917292035886547
-0.16202093395043726
-0.15689920085181092
-0.14772967744768029
-0.1436150479216282
-0.13383281853513915
-0.12736648955805507
-0.11882250724094834
-0.1063860341106368
-0.09899978171841141
-0.08439959328285652
-0.0730887774291782
-0.060402508097168066
-0.04373294265377775
-0.03191888542218056
-0.013838020557715068
0.002795683598718704
0.018383338716767963
0.03987752290009528
0.057370632830149884
0.0774230119733551
0.10211661035768908
0.1225157559135954
0.14609515283586189
0.17644601596534076
0.2088803935431396
0.24135572486303894
0.2731090000591043
1.6850336380817772
1.7163503103073119
1.7474626278612742
1.7770131312594224
1.8045355966807137
1.829906825693118
1.8531358087571381
1.874280601069415
1.8934099888097902
1.9105745483185186
1.925732196685386
1.9380636587477735
1.9442329528673865
1.9525886576808396
1.9615159319115976
1.9650212893337484
1.9721102593064277
1.9746422154475836
1.9835689997568497
1.9855404403964012
1.994351257519832
1.9963187270179985
2.0038902334671063
2.010767014504817
2.0174614293582813
2.0235906494328626
2.0323179854448092
2.042949902196277
2.0549582862526017
2.0681467286150834
2.082168017893969
2.095618954377033
2.103053552311497
2.533470473826316
2.548439305498807
2.5617887383228095
2.5736417300039016
2.5840851999006853
2.593193715447521
2.6010710496869547
2.608060268225967
2.6148712143986876
2.6220630139425336
2.6297693120692878
2.6379027665368673
2.641826277099789
2.646267388420224
2.654576532119542
2.662300295329361
2.6646841788848694
2.669459994395797
2.6750773037709363
2.681107061212846
2.687990424852349
2.6955313418701317
2.7036822486627696
2.712412863068623
2.7216921026676806
2.7314844052115173
2.7417446938476457
2.752411653914402
2.7633959222065694
2.7745555955235477
2.7856401889305413
2.79617496723236
-2.5184226428989067
-2.5031286224570812
-2.4920552804648164
-2.483213096138737
-2.475157174056362
-2.46714569265793
-2.459062041338049
-2.450936127617871
-2.445107571408417
-2.4428223357466723
-2.4347939570338726
-2.429392434899137
-2.426946428750289
-2.4194029880010492
-2.4178465965228786
-2.4123277815354722
-2.408958983013702
-2.4059702256947095
-2.4024088695856722
-2.400787100511596
-2.3979825203279184
-2.395213845063901
-2.3918775464348316
-2.388254800406156
-2.3843473736265035
-2.3801643075306664
-2.3756913397670307
-2.3709079551221137
-2.3657937932892565
-2.3603293081882755
-2.354493674555119
-2.348262949783829
-1.5666239951589433
-1.55688548483001
-1.5477318015226935
-1.5391429894918327
-1.531103843104911
-1.5236034857324008
-1.5166351551732036
-1.5101961980612573
-1.504288302586161
-1.49891795821927
-1.494097919287191
-1.489849836824418
-1.4861872139523598
-1.4832923408281615
-1.4812041510513807
-1.478926967910322
-1.4776883483392906
-1.4753359961609545
-1.4707991580174231
-1.4699080632486474
-1.4640827146893947
-1.4615637096697098
-1.4558669929277825
-1.4511072424657063
-1.4449857397422035
-1.437007658069022
-1.4312761616708891
-1.4196433861948352
-1.4053936441049535
-1.3895920882635335
-1.3719756719996437
-1.3484499037412683
-1.017286450652755
-0.990531446270874
-0.965560875638848
-0.9417647476171545
-0.9183847813512437
-0.8948260890397267
-0.8710253137349939
-0.8472865111549537
-0.8240057807964991
-0.8016109659493601
-0.7808840173911282
-0.7660648775607515
-0.7556939787029707
-0.7394342250089223
-0.7271437516497361
-0.7184268638154258
-0.709276329078358
-0.6935222191264601
-0.6922452469530996
-0.6739184337143416
-0.6682315793409663
-0.6560020408548922
-0.6487884460931492
-0.639199129829948
-0.629141079068341
-0.618360293300308
-0.6073976357370512
-0.5967529326906083
-0.5863057658477281
-0.5790780765897237
-0.5675423528879473
-0.5653848023467994
-0.23378099340402195
-0.20767659589448198
-0.20153208913926673
-0.18340736769405888
-0.17658923882612743
-0.17026954000655106
-0.16374604816806035
-0.15553960557809235
-0.15034510501681922
-0.14209211044270512
-0.1347091466975921
-0.12871297730733894
-0.11773687991376958
-0.10860190141390104
-0.09863928849111285
-0.08430775143700014
-0.0750801872944861
-0.059307261013088974
-0.04545631877031722
-0.032092922010940876
-0.013330600322890842
0.0008405910118792048
0.01907608951922798
0.039634077373571795
0.05601417725195527
0.07834008234637134
0.10188018667077672
0.12140284671747657
0.14712705135800755
0.17786806822054194
0.20994923186295228
0.24186605397740787
0.2732128602295059
1.6843575161385782
1.7149208379917718
1.7455318679394176
1.7747822177898767
1.8021422808368939
1.8274478124428706
1.850681966293063
1.8718865809514253
1.8911215999150945
1.9084389380136952
1.9238366090712846
1.9369633401995394
1.9447676099747306
1.9514376271938774
1.9606710628512067
1.9653984693501927
1.9714493921393244
1.9744649390858724
1.9832291288081196
1.9853038674952521
1.9946066273410872
1.995676950236917
2.003292892609496
2.010267742782815
2.0177392529382407
2.0238364824008666
2.0317938410489114
2.042232690228114
2.0542610990954087
2.0675995956358464
2.0819460038910926
2.096375152433226
2.104733501344926
2.5344996297128226
2.5497940812076365
2.5633196359275723
2.5752628375609476
2.585740911632687
2.594846031620207
2.602704351588363
2.609712876738314
2.616619098202177
2.6239422532112107
2.6317687674657932
2.639445544893052
2.6399817859838253
2.6483634920708807
2.6565978479907315
2.66311912925327
2.664507862925359
2.6706177536029903
2.6759219409771555
2.6820790006103525
2.689034871787485
2.696617420446886
2.704794092669359
2.713533211468
2.722802212642984
2.732563310033233
2.7427683440200794
2.7533517697064513
2.764218229743366
2.7752171390827325
2.7860872245118156
2.79636098380983
-2.5184226428989076
-2.50312862245708
-2.4920552804648164
-2.4832130961387366
-2.4751571740563643
-2.4671456926579287
-2.4590620413380506
-2.4509361276178763
-2.445107571408416
-2.442822335746659
-2.4347939570338775
-2.429392434899138
-2.426946428750294
-2.419402988001052
-2.4178465965228786
-2.412327781535483
-2.4089589830137026
-2.4059702256947113
-2.4024088695856722
-2.4007871005115944
-2.397982520327919
-2.395213845063901
-2.391877546434833
-2.388254800406156
-2.384347373626503
-2.380164307530666
-2.3756913397670316
-2.370907955122114
-2.3657937932892588
-2.360329308188274
-2.354493674555121
-2.34826294978383
-1.5666239951589418
-1.5568854848300129
-1.5477318015226948
-1.5391429894918303
-1.5311038431049326
-1.523603485731982
-1.5166351551794126
-1.5101961979866632
-1.5042883033209113
-1.498917952224605
-1.4940979596960287
-1.4898496164460335
-1.4861881585636474
-1.483289781200191
-1.4812068041437332
-1.4789288098760873
-1.4776834981833413
-1.4753388706514112
-1.4707964905227002
-1.4699100879793332
-1.4640825940474484
-1.4615637568741875
-1.4558669896312706
-1.45110724291225
-1.4449857397150232
-1.4370076580700424
-1.4312761616708145
-1.4196433861948365
-1.405393644104955
-1.3895920882635353
-1.371975671999644
-1.3484499037412687
-1.0172864506527557
-0.9905314462708754
-0.9655608756388483
-0.9417647476171556
-0.9183847813512445
-0.8948260890397278
-0.8710253137349937
-0.8472865111549556
-0.8240057807964695
-0.8016109659502405
-0.7808840173624599
-0.7660648779737614
-0.7556939769782185
-0.7394342381736144
-0.7271436635611129
-0.7184271157317287
-0.7092759291547456
-0.6935269714724218
-0.6922403824135611
-0.6739195543918833
-0.6682307666329765
-0.6560011789413985
-0.6487904505757532
-0.6391970422993517
-0.6291426863089862
-0.6183592967745162
-0.6073981876529044
-0.5967526574088569
-0.5863058967512221
-0.5790780254791658
-0.5675423663304949
-0.5653847952186551
-0.2337809934326453
-0.20767657476373186
-0.20153217719571298
-0.18340270486032123
-0.17662121643212136
-0.1701653511758536
-0.16394099637634027
-0.15509743731079925
-0.15085207357572206
-0.1417300664110339
-0.1350053765345615
-0.1285740243938049
-0.11776500077495423
-0.10859522678729651
-0.0986393048241863
-0.08430848425559295
-0.07507973430234333
-0.05930737424013231
-0.04545628018966254
-0.03209293191758642
-0.013330598743593831
0.000840590624825386
0.01907608956639162
0.03963407736799942
0.05601417725282745
0.07834008234631556
0.10188018667077813
0.12140284671747571
0.1471270513580073
0.1778680682205416
0.20994923186295156
0.2418660539774076
0.273212860229505
1.6843575161385798
1.714920837991773
1.7455318679394185
1.7747822177898773
1.802142280836895
1.8274478124428724
1.8506819662930554
1.8718865809517373
1.8911215999053077
1.9084389383168041
1.923836599212546
1.9369637046247272
1.9447640880060975
1.951453077576392
1.9605312675667812
1.9659074955807316
1.9702561660490483
1.975947237503087
1.9812589245643473
1.9872895870933651
1.9926364449114997
1.9971978001969346
2.002993274016937
2.01034794121079
2.0177164735635045
2.0238425532991067
2.0317931607951745
2.0422327317551434
2.0542610969360453
2.0675995957352495
2.0819460038869164
2.0963751524334198
2.1047335013449096
2.5344996297128204
2.5497940812076387
2.5633196359275723
2.575262837560946
2.5857409116327075
2.5948460316200515
2.602704351589143
2.609712876735769
2.616619098208198
2.6239422531986394
2.631768767497964
2.6394455443105738
2.6399817865727004
2.648363492018637
2.656597848050849
2.6631191290254135
2.6645078631386188
2.6706177535714994
2.675921940986972
2.682079000608362
2.6890348717877925
2.696617420446846
2.7047940926693625
2.713533211467998
2.722802212642987
2.732563310033235
2.742768344020078
2.75335176970645
2.7642182297433666
2.7752171390827325
2.7860872245118156
2.7963609838098304
-2.5184226428989076
-2.5031286224570826
-2.492055280464818
-2.483213096138739
-2.4751571740563643
-2.4671456926579314
-2.459062041338054
-2.4509361276178723
-2.4451075714084207
-2.442822335746663
-2.4347939570338806
-2.4293924348991403
-2.426946428750288
-2.41940298800105
-2.41784659652288
-2.41232778153548
-2.4089589830137053
-2.405970225694708
-2.402408869585673
-2.400787100511596
-2.397982520327919
-2.395213845063902
-2.3918775464348343
-2.3882548004061563
-2.3843473736265035
-2.380164307530666
-2.3756913397670316
-2.3709079551221146
-2.365793793289259
-2.3603293081882764
-2.3544936745551204
-2.3482629497838303
-1.5666239951589411
-1.5568854848300129
-1.5477318015226946
-1.53914298949183
-1.531103843104939
-1.5236034857319707
-1.5166351551780963
-1.5101961980213776
-1.5042883027657685
-1.498917958941895
-1.494097893943648
-1.4898501484685072
-1.4861845232240112
-1.483307218195488
-1.4811653196668189
-1.479005714783557
-1.4776185617628308
-1.4753566197942947
-1.4707889211898564
-1.4699152704009746
-1.4640824210287664
-1.4615638117190402
-1.4558669872424148
-1.4511072431167586
-1.444985739710321
-1.4370076580698645
-1.4312761616708476
-1.4196433861948359
-1.4053936441049546
-1.3895920882635342
-1.371975671999644
-1.3484499037412672
-1.0172864506527546
-0.9905314462708747
-0.9655608756388491
-0.9417647476171551
-0.9183847813512451
-0.8948260890397287
-0.8710253137349946
-0.8472865111549569
-0.8240057807964557
-0.8016109659503419
-0.7808840173677278
-0.7660648778079169
-0.755693977958199
-0.7394342266271098
-0.7271437674397204
-0.7184267489370288
-0.7092766648698786
-0.6935127576237927
-0.6922556122116476
-0.6739102440938746
-0.6682437687895338
-0.6559863930954024
-0.6488060718834728
-0.6391876294057068
-0.6291476973646916
-0.6183569855088068
-0.6073991921839781
-0.596752248685394
-0.586306058959392
-0.5790779692178131
-0.5675423786579306
-0.5653847888987095
-0.23378099338190392
-0.20767662076736973
-0.20153197544637239
-0.18341523781560093
-0.1765275294847463
-0.1704776416567098
-0.1632664105827109
-0.15653353010107182
-0.14890461169367852
-0.14345424555903497
-0.13334976616918254
-0.1296345774168619
-0.11750127599555206
-0.1087132223311574
-0.09860542108708631
-0.08431649206893564
-0.0750768756454213
-0.05930776540715867
-0.045456189844080404
-0.032092948791893304
-0.013330596951499745
0.0008405903006176058
0.019076089592128743
0.03963407736640697
0.056014177252922674
0.07834008234632177
0.1018801866707776
0.12140284671747584
0.14712705135800708
0.17786806822054219
0.2099492318629511
0.2418660539774069
0.273212860229505
1.6843575161385795
1.7149208379917726
1.745531867939419
1.7747822177898787
1.8021422808368939
1.827447812442873
1.8506819662930463
1.8718865809520298
1.891121599896149
1.9084389385982188
1.9238365901134709
1.9369640395726582
1.9447608651132904
1.9514672883732527
1.9604139962951135
1.966522088197727
1.969281341911578
1.9776539899417482
1.9794094336199946
1.9892251736097724
1.9907732801941007
1.99799083078389
2.0026818258106247
2.0104187471212493
2.017695689062796
2.0238480357514286
2.0317925442644933
2.0422327693883324
2.054261094977551
2.067599595825534
2.0819460038831124
2.0963751524335965
2.104733501344892
2.5344996297128226
2.549794081207637
2.5633196359275736
2.575262837560944
2.5857409116327386
2.5948460316198165
2.602704351590338
2.6097128767318143
2.616619098217674
2.6239422531785666
2.6317687675501378
2.639445543350971
2.639981787543915
2.6483634919309553
2.656597848153532
2.663119128630688
2.6645078635091837
2.670617753516038
2.6759219410044666
2.6820790006047655
2.689034871788358
2.6966174204467723
2.704794092669371
2.7135332114679978
2.7228022126429865
2.7325633100332345
2.742768344020079
2.7533517697064496
2.7642182297433666
2.7752171390827325
2.7860872245118142
2.796360983809831
-2.518422642898909
-2.5031286224570826
-2.4920552804648164
-2.4832130961387366
-2.475157174056362
-2.4671456926579296
-2.459062041338049
-2.4509361276178754
-2.4451075714084203
-2.4428223357466616
-2.4347939570338792
-2.4293924348991403
-2.4269464287502895
-2.4194029880010453
-2.4178465965228773
-2.4123277815354824
-2.408958983013705
-2.4059702256947078
-2.4024088695856722
-2.400787100511594
-2.3979825203279184
-2.395213845063903
-2.3918775464348316
-2.3882548004061555
-2.3843473736265035
-2.380164307530667
-2.375691339767031
-2.370907955122116
-2.3657937932892583
-2.3603293081882737
-2.3544936745551186
-2.34826294978383
-1.5666239951589425
-1.5568854848300122
-1.5477318015226948
-1.5391429894918323
-1.5311038431049178
-1.523603485732388
-1.5166351551718869
-1.5101961980959717
-1.5042883020310156
-1.498917964936526
-1.494097853532398
-1.4898503687365057
-1.4861835751543606
-1.4833097380398736
-1.481162671881401
-1.4790042030423334
-1.477623175412323
-1.4753536917072363
-1.4707916170063786
-1.4699132152843568
-1.4640825416648051
-1.4615637645109765
-1.4558669905389214
-1.4511072426702167
-1.4449857397375026
-1.4370076580688445
-1.4312761616709253
-1.4196433861948363
-1.4053936441049544
-1.3895920882635338
-1.3719756719996448
-1.3484499037412674
-1.0172864506527541
-0.9905314462708745
-0.9655608756388472
-0.9417647476171552
-0.9183847813512437
-0.8948260890397278
-0.8710253137349926
-0.8472865111549541
-0.8240057807964841
-0.8016109659494599
-0.7808840173963962
-0.7660648773949053
-0.7556939796829508
-0.7394342134623643
-0.7271438555250409
-0.7184264970037043
-0.7092770647783337
-0.6935078932090953
-0.6922605887026375
-0.673909120322042
-0.6682445847027537
-0.6559872591407483
-0.6488040660277693
-0.6391897155202496
-0.6291460892068675
-0.618357981747748
-0.6073986401932824
-0.5967525239491641
-0.5863059280531334
-0.579078020327154
-0.5675423652154316
-0.5653847960267853
-0.2337809933532813
-0.20767664189739207
-0.20153188738634076
-0.18341985890846207
-0.176494036628975
-0.17057378728955785
-0.16304702337143342
-0.15687313954166895
-0.14839160694335626
-0.14390434472315
-0.1330004535196523
-0.12987965533510987
-0.11747442311393429
-0.10872015949735933
-0.09860541174343973
-0.08431575901034694
-0.07507732826653547
-0.05930765217260665
-0.045456228424053925
-0.03209293888520345
-0.013330598530794765
0.0008405906876738171
0.01907608954496519
0.0396340773719779
0.056014177252049505
0.07834008234637743
0.10188018667077477
0.12140284671747673
0.14712705135800735
0.17786806822054263
0.2099492318629521
0.24186605397740782
0.273212860229505
1.6843575161385793
1.7149208379917722
1.7455318679394192
1.7747822177898767
1.8021422808368952
1.8274478124428715
1.8506819662930563
1.87188658095172
1.891121599905937
1.9084389382951112
1.923836599972164
1.9369636750667458
1.94476438090726
1.9514517624608552
1.9605429136618704
1.965858139991559
1.9703496483381184
1.9758183041107464
1.981409383979389
1.9871356586533937
1.9927831941610339
1.9971049946213464
2.003022781408161
2.0103405351722343
2.017718618756507
2.02384198346676
2.031793224764897
2.042232727862124
2.054261097136918
2.0675995957261324
2.08194600388729
2.0963751524334024
2.104733501344911
2.534499629712823
2.5497940812076365
2.5633196359275723
2.5752628375609454
2.585740911632718
2.5948460316199715
2.6027043515895576
2.6097128767343616
2.616619098211653
2.623942253191139
2.6317687675179684
2.6394455439334465
2.6399817869550413
2.648363491983199
2.656597848093413
2.6631191288585434
2.6645078632959245
2.6706177535475297
2.6759219409946513
2.6820790006067567
2.68903487178805
2.696617420446812
2.7047940926693665
2.7135332114679973
2.722802212642987
2.7325633100332336
2.7427683440200785
2.75335176970645
2.764218229743367
2.775217139082732
2.7860872245118133
2.79636098380983
