-2.493314267275039
-2.4860572112963206
-2.478939060756697
-2.472100783805875
-2.465772025123071
-2.447692579356288
-2.4401303044102907
-2.432480229924144
-2.4247689324031927
-2.4170549897838822
-2.4090101225823797
-2.401453487802807
-2.399457242865884
-2.394499684636432
-2.393302565527675
-2.3879376027862422
-2.387219606058479
-2.382978221268785
-2.382077184374496
-2.3751434998290764
-2.3734261992899883
-2.369690190325375
-2.3676603580938274
-2.367496320087042
-2.3505904556375556
-2.3498109585066427
-2.34972339272208
-2.3496864746540735
-2.349385849392169
-2.321002124478493
-2.320799798342824
-2.320655127982877
-2.320563004691078
-2.320529033300962
-1.484534596317143
-1.484514504622669
-1.48450851812999
-1.4844889761766222
-1.484469524978488
-1.4454612986519348
-1.4451351362105629
-1.4449491328943154
-1.444545782933456
-1.444353849157871
-1.4201320331874632
-1.4196522916310836
-1.4182515342364652
-1.4163582188984396
-1.4147384678740587
-1.4104186363593498
-1.4059140963605168
-1.4023204939672012
-1.3991318113143267
-1.3965820583421762
-1.3956811679803154
-1.3898583245403227
-1.389759188964367
-1.386616016204345
-1.3627663609878853
-1.361226431683289
-1.353215575011315
-1.3420887398022285
-1.3311295975211295
-1.304162731958669
-1.2986081023457539
-1.2941325259557854
-1.291095789911951
-1.28922973076461
-0.8751978409609702
-0.8743916385630913
-0.8742103995441601
-0.8731739659845137
-0.8724294928352655
-0.7737551472499345
-0.7724726289581476
-0.7705412260983456
-0.7652939154992384
-0.7529162890498473
-0.6952269198395715
-0.6833669082130577
-0.6655653251709409
-0.645260947279981
-0.6260140509033634
-0.5881694091281023
-0.5866835386706548
-0.5794719164549826
-0.5730966348061827
-0.5581220757553289
-0.5432904596901956
-0.5355113828100709
-0.5336823111910325
-0.5202388663926797
-0.4804731778491228
-0.47266304850180185
-0.4684275071029357
-0.4655347141522024
-0.46251265249169227
-0.43204173763630077
-0.4293005736168148
-0.42759250240539104
-0.42615227839919456
-0.4243443861251451
-0.06782945066547767
-0.06137919194278627
-0.055847102454022315
-0.049812255187881224
-0.044048176677009186
-0.03903074395153893
-0.03433409665531284
-0.03151260927101776
-0.026765996187696546
-0.00033549677203657276
0.005388523360304545
0.01157388798019977
0.016593392166703375
0.01937301382433635
0.06114543347830116
0.06434396487661205
0.06594230166000592
0.0692530019202785
0.0765266787323559
0.1636631717429352
0.1666587403189571
0.1700138929455974
0.17312166941610782
0.1756074036892575
0.31208991279233894
0.31226964626180587
0.31250343864524444
0.3127656123426814
0.3130368872146705
1.8210132879492655
1.8247407774017432
1.8292243132087882
1.8345102858371904
1.8406249029344302
1.9062200498093198
1.9119649636927334
1.9182123770046178
1.9249194635415994
1.9318941957142843
1.9676989158683513
1.9738786794522556
1.9794651806136774
1.9838362189268086
1.9880947284160673
2.0053452296185266
2.007408486505452
2.0109037051345853
2.013931407107916
2.021267920343155
2.0273168710460627
2.0301951131536833
2.032413764722027
2.0337879952128115
2.0620970960460534
2.0647728668626892
2.067359652283037
2.0698804845439076
2.0722653505020023
2.5175983801554223
2.5189845960465185
2.5193414340334765
2.519677614494964
2.5197764875213045
2.575678564027005
2.5807796627747703
2.5861753133274457
2.5919962017901192
2.5983534827351766
2.6160713426031057
2.6225381689208573
2.62956429770595
2.637009057588891
2.6449637141858036
2.6533500932977865
2.6603473520655663
2.666054360249999
2.6697582072667796
2.6816915738876257
2.686078760053443
2.6894708130020892
2.6924315322951684
2.6957367444722675
2.7206090372108385
2.725461777932454
2.730066578624185
2.7343686182420814
2.738265216809295
2.7742231257979637
2.777796216706474
2.78078312002839
2.783213861785116
2.7851309598831007
-2.493314267275039
-2.4860572112963166
-2.4789390607566966
-2.4721007838058773
-2.4657720251230675
-2.4476925793562874
-2.440130304410293
-2.432480229924146
-2.4247689324031962
-2.4170549897838827
-2.4090101225823792
-2.4014534878027995
-2.3994572428658816
-2.3944996846364295
-2.3933025655276756
-2.3879376027862436
-2.387219606058477
-2.382978221268788
-2.382077184374496
-2.375143499829072
-2.37342619928999
-2.369690190325376
-2.3676603580938225
-2.3674963200870427
-2.3505904556375574
-2.3498109585067644
-2.349723392721638
-2.3496864746544013
-2.349385849392159
-2.321002124478494
-2.3207997983428195
-2.320655127982873
-2.3205630046910795
-2.3205290333009603
-1.4845346124159422
-1.4845143152342104
-1.484508737240495
-1.4844889187746548
-1.4844695365596146
-1.445461302315327
-1.4451351083045407
-1.4449491714913039
-1.444545755545978
-1.4443538621943797
-1.4201315272252004
-1.419653277920536
-1.4182505505299818
-1.416359210202906
-1.4147378836716544
-1.4104187940353674
-1.4059139606279991
-1.4023206530986332
-1.399131629726266
-1.3965822968818573
-1.3956810229802419
-1.3898583784156862
-1.389759138239596
-1.3866160163010786
-1.3627663609879486
-1.361226431683242
-1.3532155750113146
-1.3420887398022263
-1.3311295975211297
-1.3041627319586695
-1.298608102345757
-1.2941325259557817
-1.291095789911952
-1.2892297307646066
-0.8751978409609608
-0.8743916385632539
-0.8742103995439958
-0.8731739659845488
-0.8724294928352568
-0.77375514725254
-0.772472628952247
-0.7705412261023779
-0.7652939154984192
-0.7529162890499225
-0.695226919843577
-0.6833669081907199
-0.665565325280246
-0.6452609466289921
-0.6260140543065602
-0.5881552744078908
-0.5867052871619027
-0.5794532478846235
-0.5731126963683771
-0.5581089290684375
-0.5433366845412705
-0.5352820174242089
-0.5338812144246476
-0.520230440989077
-0.48050068993267014
-0.4724242256539718
-0.4689646286872751
-0.46501901278774177
-0.4627043195997673
-0.43200488797527486
-0.4294429256820818
-0.4273646143609594
-0.42629208232495935
-0.4243259910615552
-0.06782942976395602
-0.06137938663458633
-0.05584694157856559
-0.049807683427222436
-0.044080911367935835
-0.038918603566408035
-0.03456854070924161
-0.031314248989887265
-0.026815683734549425
-0.0003177330749959526
0.005348973231321071
0.011622896248029209
0.016550450197929858
0.019390574261811632
0.061144028750091776
0.0643495031864725
0.06593724385229315
0.06925391881347712
0.0765266525401112
0.16366317175386536
0.16665874029129393
0.17001389297429695
0.1731216694006175
0.17560740369293015
0.31208991279247705
0.31226964626140535
0.3125034386457087
0.3127656123424249
0.3130368872147292
1.821013287949268
1.8247407774017423
1.82922431320879
1.8345102858371916
1.8406249029344293
1.9062200498016475
1.9119649637519154
1.9182123767981367
1.9249194639431568
1.9318941953393611
1.9676990470159443
1.973877288508803
1.979472293195686
1.9838211496982767
1.9881077523738193
2.005048546539765
2.008522760702872
2.0096405703988
2.0145222528550515
2.0209801095746385
2.027936036478095
2.0294257100511053
2.033005035164777
2.033485647763592
2.0620972362517955
2.0647726102830823
2.067359841044341
2.069880418730695
2.0722653598562673
2.5175983801546957
2.5189845960819577
2.519341433922327
2.5196776147162643
2.5197764873764417
2.5756785640274753
2.580779662772031
2.5861753133344574
2.5919962017800775
2.598353482742843
2.616071342580445
2.622538168982496
2.629564297607269
2.637009057711773
2.6449637140453883
2.653350093488202
2.660347351781635
2.6660543606077205
2.6697582070490418
2.681691573989397
2.6860787598897904
2.689470813143289
2.6924315322356467
2.695736744480876
2.720609037210825
2.7254617779324692
2.730066578624179
2.734368618242082
2.738265216809295
2.7742231257979633
2.7777962167064745
2.7807831200283886
2.7832138617851188
2.7851309598831016
-2.4933142672750375
-2.4860572112963153
-2.4789390607567
-2.4721007838058755
-2.465772025123072
-2.447692579356289
-2.4401303044102964
-2.432480229924149
-2.4247689324031927
-2.417054989783878
-2.409010122582383
-2.4014534878028067
-2.3994572428658847
-2.3944996846364295
-2.393302565527675
-2.387937602786243
-2.3872196060584776
-2.3829782212687864
-2.3820771843744963
-2.3751434998290772
-2.3734261992899897
-2.3696901903253798
-2.367660358093821
-2.367496320087046
-2.3505904556375565
-2.349810958506852
-2.3497233927213155
-2.349686474654643
-2.3493858493921547
-2.321002124478493
-2.3207997983428257
-2.32065512798288
-2.3205630046910772
-2.3205290333009616
-1.484534611869976
-1.4845143220534784
-1.4845087293430472
-1.484488920822902
-1.4844695361355005
-1.445461335133515
-1.4451348871920993
-1.4449494579847817
-1.4445455768637456
-1.4443539426830956
-1.4201313800515565
-1.4196535398046297
-1.418250360050314
-1.416359308714033
-1.4147378722691055
-1.4104187630035072
-1.4059140213259131
-1.4023205434622807
-1.399131804832238
-1.396581996574728
-1.3956812242724108
-1.3898582142056441
-1.3897592956508875
-1.3866160156340235
-1.362766360987974
-1.3612264316832268
-1.3532155750113073
-1.342088739802229
-1.3311295975211308
-1.3041627319586677
-1.2986081023457545
-1.2941325259557865
-1.2910957899119526
-1.2892297307646081
-0.8751978409609523
-0.8743916385633029
-0.8742103995439363
-0.8731739659845594
-0.8724294928352533
-0.7737551472470124
-0.7724726289653087
-0.7705412260928285
-0.7652939155007867
-0.752916289049501
-0.6952269198512739
-0.6833669081584282
-0.6655653253891081
-0.6452609461990451
-0.6260140557533164
-0.5881543491961655
-0.5867064290143046
-0.5794534283032389
-0.573111683559694
-0.5581114065198703
-0.5433222408256072
-0.5353765991126911
-0.5337953702071436
-0.5202348508601312
-0.48047391601692097
-0.47268168862573284
-0.4683374631232489
-0.46564641054708145
-0.4624712445119257
-0.4320752050695593
-0.42912297321072984
-0.42784270614490993
-0.4260231293752835
-0.42436807501143897
-0.06782947800720353
-0.06137843297825937
-0.055853159293608665
-0.04977852105128754
-0.04417775091485846
-0.03866998806243236
-0.03493070300611926
-0.03106917146232463
-0.02687543215629564
-0.00030961734564498343
0.005334455635630305
0.01163678624670914
0.016540896042174173
0.019393844570378724
0.06114435225321038
0.06434805578882523
0.06593864274705982
0.06925363677932085
0.07652666244908644
0.16366317173480835
0.16665874034208122
0.17001389291837507
0.1731216694325628
0.17560740368499353
0.31208991279274056
0.31226964626063164
0.3125034386465984
0.31276561234193334
0.3130368872148364
1.8210132879492662
1.8247407774017443
1.8292243132087889
1.8345102858371933
1.840624902934431
1.906220049806659
1.9119649637126255
1.9182123769376038
1.9249194636669134
1.9318941956021758
1.9676989461457561
1.9738783748509658
1.979466657962019
1.98383320976995
1.9880972222606115
2.0052892143636716
2.007543149500451
2.0107484971730605
2.0140259569149004
2.0212319698180754
2.0273737614589367
2.0301190447308666
2.0324697897064676
2.0337684206274305
2.062097101696235
2.0647728579766556
2.067359657783018
2.0698804829799307
2.072265350676647
2.517598380156352
2.5189845960009345
2.519341434176604
2.519677614209699
2.5197764877080964
2.575678564026287
2.5807796627790056
2.5861753133164362
2.5919962018061447
2.5983534827227217
2.616071342641768
2.622538168813822
2.629564297880595
2.637009057367038
2.6449637144447236
2.6533500929388296
2.660347352610676
2.6660543595529878
2.669758207695109
2.681691573681221
2.686078760389065
2.6894708127100206
2.6924315324192074
2.6957367444541784
2.7206090372108678
2.725461777932428
2.7300665786241973
2.734368618242077
2.738265216809295
2.7742231257979633
2.7777962167064767
2.7807831200283895
2.7832138617851188
2.785130959883101
-2.49331426727504
-2.4860572112963175
-2.478939060756694
-2.4721007838058777
-2.465772025123069
-2.447692579356287
-2.4401303044102898
-2.432480229924146
-2.4247689324031954
-2.417054989783879
-2.409010122582378
-2.401453487802804
-2.3994572428658794
-2.3944996846364304
-2.393302565527674
-2.38793760278624
-2.3872196060584745
-2.382978221268784
-2.382077184374496
-2.3751434998290715
-2.3734261992899865
-2.3696901903253726
-2.3676603580938225
-2.367496320087046
-2.350590455637556
-2.349810958506719
-2.349723392721758
-2.3496864746543085
-2.349385849392161
-2.3210021244784915
-2.320799798342817
-2.320655127982871
-2.320563004691077
-2.320529033300961
-1.4845345957689557
-1.484514510979171
-1.4845085106823606
-1.484488978238934
-1.4844695245554924
-1.4454613314719358
-1.4451349151697324
-1.4449494193282841
-1.4445456042553837
-1.4443539296285242
-1.4201318865008385
-1.4196525531770599
-1.4182513436841493
-1.4163583173583374
-1.4147384564453496
-1.4104186053274586
-1.4059141570562286
-1.4023203843269825
-1.399131986411609
-1.396581757962747
-1.395681369360706
-1.3898581601605478
-1.3897593465454177
-1.3866160155372904
-1.3627663609879106
-1.3612264316832774
-1.3532155750113115
-1.3420887398022294
-1.3311295975211304
-1.3041627319586655
-1.2986081023457567
-1.2941325259557857
-1.2910957899119513
-1.2892297307646092
-0.8751978409609681
-0.8743916385631528
-0.8742103995441023
-0.8731739659845273
-0.8724294928352622
-0.7737551472444048
-0.7724726289712104
-0.7705412260887955
-0.7652939155016082
-0.752916289049423
-0.6952269198472679
-0.6833669081807647
-0.6655653252798043
-0.6452609468500342
-0.6260140523501202
-0.5881685069396377
-0.5866846583195874
-0.5794720936370482
-0.573095623432143
-0.5581245492609727
-0.5432757695586551
-0.5355874555323457
-0.5336152165477512
-0.5202432869163541
-0.480445973285417
-0.4728851582601356
-0.46754590877737084
-0.46640861260277927
-0.46232329299592717
-0.43210880811464963
-0.4288844304699055
-0.4281250895852669
-0.4259259133058912
-0.42438882453700383
-0.0678294989077123
-0.06137823816335687
-0.05585332082680599
-0.04978318277310492
-0.04414653249685021
-0.038793851944263325
-0.03470987782658205
-0.0312431044861819
-0.026823223310918944
-0.0003274467128168023
0.005373963469880724
0.011587767209263827
0.01658388151302856
0.019376359948329366
0.06114575750823994
0.06434252512554658
0.06594369269303238
0.06925271957468432
0.07652668864108432
0.16366317172388042
0.16665874036974368
0.17001389288967642
0.1731216694480549
0.17560740368131875
0.3120899127926039
0.3122696462610347
0.31250343864613417
0.31276561234219064
0.3130368872147824
1.821013287949266
1.8247407774017448
1.8292243132087873
1.8345102858371936
1.84062490293443
1.9062200498143294
1.911964963653442
1.9182123771440882
1.92491946326536
1.9318941959770988
1.967698815010395
1.9738797668133994
1.9794595674394908
1.9838483091676933
1.9880841498888757
2.0058343941928545
2.0065651702100236
2.0120154827060497
2.013058136608218
2.0215216880394995
2.0269143378378103
2.030973267595984
2.0317606689277157
2.033930476645378
2.062096961508262
2.0647731145615005
2.0673594690036516
2.069880548788299
2.072265341322189
2.517598380157079
2.5189845959654966
2.5193414342877545
2.5196776139883994
2.5197764878529587
2.5756785640258166
2.580779662781745
2.586175313309425
2.5919962018161855
2.598353482715055
2.6160713426644278
2.6225381687521847
2.629564297979276
2.6370090572441565
2.6449637145851383
2.6533500927484135
2.6603473528946076
2.666054359195267
2.6697582079128463
2.6816915735794518
2.6860787605527174
2.689470812568823
2.692431532478729
2.695736744445568
2.7206090372108793
2.725461777932415
2.730066578624203
2.7343686182420766
2.738265216809296
2.774223125797963
2.7777962167064727
2.78078312002839
2.783213861785117
2.785130959883099
-2.4914926080040485
-2.484260204037873
-2.477196207622876
-2.4704590744900794
-2.4643099327678355
-2.445811025946919
-2.438225314466158
-2.4305566213523084
-2.4228371405426703
-2.415141666167876
-2.4071047049140337
-2.400815864223526
-2.3996011421880614
-2.3952567192843515
-2.3922328680722766
-2.389328819403587
-2.385622536713326
-2.384070524349647
-2.381511665212233
-2.375317416358477
-2.3724428446436368
-2.3689464570706886
-2.3680470146637833
-2.3673100285006616
-2.3503238496902967
-2.349730934512517
-2.349707154038824
-2.3496828041050115
-2.3492444186089316
-2.3209441673060156
-2.3207590833708402
-2.3206267368633404
-2.3205493137555515
-2.3205277921907594
-1.484533369052877
-1.4845204365969424
-1.4845015652266298
-1.484493847630967
-1.4844680739345504
-1.445447207356027
-1.445245340251611
-1.4448046921944306
-1.444670743148125
-1.4443210205615409
-1.4208455082903937
-1.4199024685644313
-1.4174526373979932
-1.417069626856105
-1.4146103987024836
-1.412124049600058
-1.4066140999640409
-1.4033271468045194
-1.3996173352391172
-1.3974357948238236
-1.3941695985254445
-1.3913742184987068
-1.3886949375782727
-1.3868045329003573
-1.362897228124174
-1.3597761492531921
-1.3505609965640255
-1.3392428231041682
-1.3286724658652522
-1.3027132367632221
-1.2973642748491847
-1.2932372875802611
-1.2905456666361759
-1.288843963081021
-0.8751106328974252
-0.8746948762971896
-0.8740759493321126
-0.8729307165779172
-0.8723275316004668
-0.773376607466761
-0.7732087670057055
-0.7695310928823228
-0.7676227994736585
-0.7564264862788049
-0.6967225135828152
-0.6870494720677579
-0.6703696022002985
-0.6503980886167634
-0.6302873349750407
-0.5929854165629048
-0.5858690075427563
-0.5776292427497611
-0.5742901018362412
-0.5582429638419029
-0.5422759448976557
-0.5374264404170408
-0.5334178281013787
-0.5226270165257934
-0.480731649834876
-0.47261239482394934
-0.4686621767211571
-0.4658003922894778
-0.46258770697300716
-0.4320061009712175
-0.42932144737363154
-0.42746468699676227
-0.4259872363347231
-0.4242080280934611
-0.0698614147068715
-0.06278632110100664
-0.05728897241000416
-0.05121421893578046
-0.04421917056100237
-0.0386907933153522
-0.034704407032268715
-0.03142758251181163
-0.026880833851592893
-0.0017311834486395887
0.003918412768655787
0.010043520771964546
0.01565436952727078
0.01925218884303216
0.06116524148162547
0.06409429137876206
0.0668114307186998
0.06777148056623596
0.07457331764709096
0.164338968707328
0.1674899872922779
0.17083391096238632
0.1738086108249122
0.17611932197828006
0.31212803597601
0.3123241817054427
0.3125671283961104
0.3128333093043229
0.3131036275332047
1.8201931619631124
1.8237401267536486
1.8280297608386364
1.833111670118954
1.8390182833548652
1.9048607073333634
1.9104848058592965
1.9166025541211487
1.9232087191091274
1.930149944871991
1.9662606104532119
1.9723934127556964
1.9781590676438794
1.982931641155744
1.9875327124993964
2.005717363530638
2.006300576111259
2.0118922884438764
2.012743794375431
2.0214127785527642
2.026868506641403
2.030927121467749
2.031833068324007
2.0341196720975163
2.0615849624731792
2.0641541949493902
2.0667121538373148
2.06926453026012
2.071704491727733
2.517137437092186
2.5187054322944213
2.519490582166518
2.5195670193812743
2.519803975057802
2.576932100520413
2.5820957130207094
2.5875858790050814
2.593531024130302
2.6000293640029706
2.617632739242565
2.6242448115160264
2.6313955327965064
2.638901636067124
2.6468989297745633
2.655177534577216
2.6619272183122
2.667181922818042
2.670323527975448
2.6828894043520743
2.687003294589108
2.6902224857925296
2.6931953952776593
2.696671508928142
2.7218454645636054
2.7266369904225276
2.7311741451101983
2.735384910555309
2.7391640930461003
2.775172565349131
2.778596928501064
2.7814415025887533
2.783739353911664
2.785536108228906
-2.49149260800405
-2.4842602040378727
-2.4771962076228706
-2.4704590744900754
-2.4643099327678346
-2.4458110259469192
-2.43822531446616
-2.430556621352304
-2.4228371405426734
-2.4151416661678784
-2.4071047049140333
-2.4008158642235258
-2.399601142188068
-2.3952567192843497
-2.392232868072274
-2.3893288194035875
-2.385622536713327
-2.3840705243496445
-2.3815116652122335
-2.3753174163584734
-2.372442844643634
-2.368946457070686
-2.368047014663784
-2.3673100285006603
-2.350323849690299
-2.3497309345107125
-2.349707154042364
-2.349682804103248
-2.349244418608937
-2.3209441673060165
-2.3207590833708434
-2.3206267368633413
-2.320549313755553
-2.3205277921907563
-1.4845333603116473
-1.4845204639171308
-1.4845015048156225
-1.4844938926454667
-1.4844680707520983
-1.4454471370306154
-1.4452455207567707
-1.4448041505350055
-1.4446712410568556
-1.4443209541226971
-1.4208456182112756
-1.4199021701541612
-1.4174550408550357
-1.4170671295630057
-1.414610775234598
-1.4121239490060813
-1.4066140971771266
-1.4033271768038191
-1.39961727347255
-1.3974358545587031
-1.3941695701909145
-1.3913742311116364
-1.388694933783476
-1.3868045336331736
-1.3628972281241543
-1.3597761492532021
-1.3505609965640282
-1.339242823104167
-1.3286724658652533
-1.3027132367632246
-1.2973642748491867
-1.2932372875802662
-1.2905456666361734
-1.2888439630810204
-0.8751106328974068
-0.8746948762972397
-0.8740759493320648
-0.8729307165779442
-0.8723275316004546
-0.7733766075028381
-0.7732087669660446
-0.7695310928905253
-0.7676227994688851
-0.756426486278964
-0.6967225135887444
-0.6870494720427429
-0.6703696022904188
-0.6503980882108947
-0.630287336807945
-0.5929847082378068
-0.5858732121317309
-0.577608864324133
-0.574311051817314
-0.5582317514237163
-0.5423475024536157
-0.5372756235886835
-0.5335143924592918
-0.5226161820854588
-0.48075531161891494
-0.4723732061599667
-0.4691872791501462
-0.4653335636728311
-0.4627465339303806
-0.43197194662127225
-0.4294433126920183
-0.42727493994560145
-0.42610549266377595
-0.4241909064129663
-0.06986133318293321
-0.06278807802593828
-0.0572787514410675
-0.05125139763523409
-0.044063867812543026
-0.039123207258191586
-0.033827639312402825
-0.03211058980522231
-0.026765954563190524
-0.001748797341129649
0.003948714481247156
0.010017996746245308
0.015668716246714228
0.019247781616832032
0.061165000559871674
0.06409522288631869
0.06680940119470415
0.06777283829760035
0.07457330017718078
0.16433896872458162
0.16748998724337727
0.17083391102056808
0.17380861078905097
0.17611932198777036
0.3121280359757624
0.3123241817061973
0.3125671283951986
0.31283330930484277
0.31310362753308574
1.8201931619631142
1.8237401267536466
1.8280297608386336
1.8331116701189507
1.8390182833548652
1.904860707327069
1.9104848059072188
1.9166025539577278
1.923208719417953
1.9301499445911963
1.9662607019359464
1.9723925276951118
1.9781632938282978
1.9829224605727995
1.9875412074372512
2.0051780760326277
2.007205194526857
2.0106905355067313
2.01369884872069
2.0211516150631694
2.027289265230558
2.030155483698545
2.032454185795343
2.0339891969842876
2.06158515854444
2.064153839479877
2.066712407849885
2.0692644450674824
2.0717045034241717
2.5171374370914474
2.5187054323131575
2.5194905816166537
2.5195670200300126
2.5198039749409276
2.576932100521639
2.5820957130134663
2.5875858790240502
2.59353102410221
2.6000293640255143
2.6176327391707703
2.624244811718382
2.6313955324525207
2.638901636529796
2.6468989291872878
2.6551775354907274
2.6619272167609025
2.667181924962963
2.6703235266720426
2.682889404856917
2.6870032937444623
2.690222486498934
2.6931953950021152
2.696671508963997
2.7218454645635495
2.7266369904225867
2.731174145110169
2.735384910555318
2.7391640930461
2.77517256534913
2.778596928501062
2.7814415025887524
2.783739353911663
2.785536108228906
-2.491492608004047
-2.484260204037872
-2.4771962076228773
-2.470459074490075
-2.464309932767831
-2.4458110259469192
-2.4382253144661608
-2.430556621352307
-2.4228371405426743
-2.4151416661678757
-2.4071047049140324
-2.400815864223522
-2.39960114218806
-2.3952567192843484
-2.3922328680722695
-2.3893288194035875
-2.385622536713326
-2.3840705243496454
-2.3815116652122303
-2.375317416358474
-2.37244284464364
-2.3689464570706877
-2.368047014663782
-2.367310028500661
-2.350323849690294
-2.3497309345124084
-2.3497071540390104
-2.3496828041049147
-2.3492444186089294
-2.3209441673060174
-2.3207590833708416
-2.32062673686334
-2.3205493137555537
-2.3205277921907554
-1.4845333919377492
-1.48452036429841
-1.4845017226384156
-1.484493731134775
-1.4844680824326204
-1.44544712136286
-1.445245559263849
-1.444804045496292
-1.4446713346268518
-1.4443209427540233
-1.4208454794027272
-1.4199025835819792
-1.4174507080855228
-1.4170718308118593
-1.4146098116173642
-1.4121243393002036
-1.4066139357476095
-1.4033273414577483
-1.3996171123601668
-1.397435970327526
-1.3941695323607843
-1.3913742436942695
-1.3886949309268046
-1.386804534079069
-1.3628972281241714
-1.3597761492531912
-1.3505609965640308
-1.3392428231041704
-1.328672465865251
-1.302713236763225
-1.2973642748491834
-1.2932372875802574
-1.2905456666361736
-1.2888439630810193
-0.8751106328974031
-0.8746948762972556
-0.8740759493320578
-0.8729307165779512
-0.8723275316004536
-0.7733766074203937
-0.7732087670572085
-0.7695310928690005
-0.76762279948238
-0.7564264862781898
-0.6967225136002553
-0.6870494720043437
-0.6703696023875665
-0.6503980879171507
-0.630287337663295
-0.5929846342530928
-0.5858733943759787
-0.5776094001933538
-0.574309922207252
-0.5582338490658325
-0.5423248077388321
-0.5373309955850574
-0.5334751804337858
-0.5226215719225547
-0.4807325643938898
-0.4726289245935567
-0.4685839178257049
-0.46589427753162793
-0.4625542969078038
-0.4320363317960124
-0.42918205482317473
-0.42766428546229895
-0.4258759905844944
-0.4242293810635349
-0.06986134566173154
-0.06278766006644715
-0.05728190795409376
-0.05123693654627897
-0.04414225674674248
-0.03888052736773444
-0.03443481395040988
-0.03159128342428697
-0.026857457250160078
-0.0017217775427142063
0.003894556347369237
0.010072725935598584
0.0156316285614041
0.019260685972271856
0.06116309217141602
0.06410120598927133
0.066798420353842
0.06777977324147767
0.07457323376664882
0.16433896873508905
0.16748998721519204
0.1708339110521614
0.17380861077061233
0.17611932199244237
0.31212803597588756
0.3123241817058139
0.3125671283956609
0.31283330930457753
0.31310362753314486
1.820193161963114
1.8237401267536466
1.8280297608386367
1.8331116701189516
1.8390182833548667
1.9048607073180477
1.9104848059748545
1.9166025537309601
1.9232087198387662
1.9301499442157206
1.9662608132269388
1.972391468362243
1.9781682936698994
1.9829117700943013
1.9875509771372422
2.0048911895664783
2.00825594035796
2.009491950218081
2.0142718571934872
2.0208764600933016
2.0278900994019784
2.0294158987869677
2.032936670338688
2.0337791839434347
2.0615853483115867
2.064153497514307
2.0667126507688587
2.069264364045614
2.071704514485512
2.5171374370911703
2.5187054323201616
2.5194905814114237
2.51956702027211
2.519803974897333
2.5769321005220465
2.582095713011094
2.587585879030185
2.5935310240932403
2.600029364032613
2.6176327391489984
2.6242448117788744
2.6313955323512657
2.638901636663785
2.646898929020157
2.6551775357460374
2.661927216333727
2.667181925546812
2.6703235263197054
2.6828894049896395
2.687003293524429
2.6902224866816424
2.6931953949313208
2.6966715089731363
2.7218454645635344
2.7266369904226013
2.7311741451101628
2.735384910555321
2.7391640930460994
2.7751725653491324
2.7785969285010643
2.781441502588753
2.7837393539116633
2.7855361082289045
-2.4914926080040463
-2.4842602040378763
-2.4771962076228693
-2.4704590744900785
-2.4643099327678355
-2.4458110259469157
-2.4382253144661683
-2.4305566213523035
-2.4228371405426716
-2.4151416661678744
-2.4071047049140315
-2.4008158642235236
-2.3996011421880596
-2.3952567192843492
-2.392232868072273
-2.389328819403588
-2.385622536713325
-2.384070524349647
-2.3815116652122326
-2.375317416358475
-2.3724428446436354
-2.3689464570706873
-2.3680470146637793
-2.367310028500664
-2.3503238496902923
-2.3497309345142066
-2.3497071540354715
-2.349682804106679
-2.349244418608928
-2.3209441673060196
-2.320759083370839
-2.3206267368633386
-2.320549313755556
-2.320527792190758
-1.4845334005968616
-1.484520336796432
-1.4845017811762968
-1.4844936882496447
-1.4844680856227301
-1.4454471917079181
-1.4452453787637047
-1.4448045878332945
-1.4446708360259664
-1.4443210091827776
-1.4208453694193552
-1.419902881944877
-1.417448247372822
-1.4170743851476075
-1.4146094353604464
-1.4121244399414368
-1.406613938535897
-1.403327311459198
-1.3996171741305667
-1.3974359105877998
-1.3941695606947773
-1.391374231081206
-1.3886949347215907
-1.386804533346251
-1.3628972281241936
-1.3597761492531806
-1.3505609965640297
-1.3392428231041706
-1.3286724658652536
-1.3027132367632244
-1.2973642748491832
-1.2932372875802591
-1.2905456666361752
-1.288843963081021
-0.8751106328974215
-0.8746948762972044
-0.8740759493320985
-0.872930716577924
-0.8723275316004628
-0.7733766073843199
-0.7732087670968704
-0.7695310928607969
-0.7676227994871592
-0.756426486278031
-0.6967225135943259
-0.6870494720293573
-0.6703696022974495
-0.6503980883230179
-0.6302873358303908
-0.5929853426093924
-0.5858691899108157
-0.5776297692586236
-0.5742889808081602
-0.5582450583707024
-0.5422522911936483
-0.5374805914185941
-0.5333807786928425
-0.5226324274099919
-0.4807085928575373
-0.47283001377595935
-0.46785634723439967
-0.46657206579757404
-0.4624253874012157
-0.4320677133714023
-0.4290148132174098
-0.42786978627656147
-0.4257881473477537
-0.42424848530331505
-0.06986142718457511
-0.06278590250865915
-0.05729211176878177
-0.05119954725401339
-0.04429172994507027
-0.03839352131061302
-0.03519693367699294
-0.031073969411067263
-0.026981938605365456
-0.0017039550348514154
0.003864324486806101
0.010098136205308084
0.015617174951722419
0.019265032685638114
0.061163332510077974
0.06410027126414317
0.06680042734623946
0.06777844184112054
0.07457325123780945
0.16433896871783646
0.1674899872640887
0.17083391099397593
0.17380861080647517
0.17611932198295327
0.31212803597613337
0.31232418170505927
0.312567128396571
0.31283330930405545
0.3131036275332637
1.8201931619631129
1.8237401267536475
1.8280297608386329
1.8331116701189516
1.8390182833548667
1.9048607073243409
1.9104848059269341
1.916602553894381
1.9232087195299419
1.9301499444965164
1.9662607217349635
1.9723923528356706
1.9781640570417807
1.982920934081581
1.987542506389027
2.0051449316083114
2.00728154430354
2.010605493400466
2.0137492202981964
2.0211352949983215
2.0273114984878444
2.0301288797115413
2.0324707980991508
2.0339843604248053
2.061585152203764
2.0641538529775176
2.0667123967910053
2.069264449246273
2.071704502789358
2.5171374370919084
2.5187054323014264
2.5194905819612834
2.519567019623374
2.5198039750142076
2.5769321005208194
2.58209571301834
2.5875858790112156
2.5935310241213303
2.6000293640100702
2.6176327392207934
2.6242448115765216
2.631395532695251
2.638901636201112
2.646898929607432
2.6551775348325246
2.6619272178850206
2.6671819234018894
2.670323527623111
2.6828894044847975
2.687003294369074
2.6902224859752373
2.6931953952068635
2.696671508937284
2.721845464563592
2.726636990422543
2.731174145110192
2.7353849105553127
2.739164093046098
2.775172565349131
2.778596928501064
2.7814415025887502
2.7837393539116646
2.785536108228905
-2.4896749634929876
-2.4824734588615134
-2.475473301982094
-2.4688532668106182
-2.4629105977970793
-2.443923366032202
-2.436315053971486
-2.4286296785811206
-2.420906178470606
-2.4132457175634388
-2.405208532256389
-2.402120409413353
-2.3977734668535375
-2.396649162590663
-2.3907647513087853
-2.39052898882875
-2.3852865068913194
-2.384089126627563
-2.381536171257805
-2.375027021824018
-2.371464466928409
-2.368538381654084
-2.368323734881187
-2.367278885167657
-2.3501050462909743
-2.3497272865684757
-2.349688496405301
-2.3496118354198416
-2.349096657857294
-2.3208917277309484
-2.3207214268167147
-2.3206017953484572
-2.3205393234454266
-2.3205282682742974
-1.484533111400087
-1.484521425675769
-1.4845054231976438
-1.4844914566540748
-1.4844675648098835
-1.4454433840233516
-1.4452843679449712
-1.4448275863412647
-1.444671994152884
-1.4443297189571294
-1.4221352721196852
-1.419554649228969
-1.4179059115899038
-1.4166078696338944
-1.4148455244030211
-1.413676284162583
-1.4075000837043583
-1.4042940647672721
-1.400382586746819
-1.3978177912368053
-1.393018949489512
-1.3920576984898043
-1.3878285535480333
-1.3873141317131652
-1.3627481882355026
-1.3579038497486111
-1.347788405029211
-1.3364462547004756
-1.3263911863220885
-1.3012946902238791
-1.2961995147537582
-1.2924349260977002
-1.2900613682347255
-1.2884476374307599
-0.8750101750804942
-0.8749311867533339
-0.8737572001374052
-0.8727263545341019
-0.8722471301654736
-0.7738391601353509
-0.7724835609345405
-0.7696058247601302
-0.76861762660885
-0.7596729259169352
-0.6974734455884606
-0.6903008808324459
-0.6749708816753527
-0.6555316299190912
-0.6349947779107107
-0.5984353358321362
-0.5841571081570567
-0.5785202069055249
-0.5746519793028279
-0.5579391795115102
-0.5419448948042801
-0.5388637688077617
-0.532406252608053
-0.5252908730459042
-0.48107228515014483
-0.47265659299544094
-0.4687163289387253
-0.46633281308935537
-0.46251120821367303
-0.43202068084806244
-0.42917503642968063
-0.4275234371169419
-0.42582898277983244
-0.4239412244622864
-0.07204223847833988
-0.06430586919861107
-0.05867654887662063
-0.05269182271400537
-0.04447682506101503
-0.038385615178147016
-0.03507501291280275
-0.031117579716560217
-0.027119797319852198
-0.003217636787249017
0.002447206065501985
0.00851937996280766
0.014523866024967901
0.018992481478736806
0.061145109907117766
0.06422823751647717
0.06649384465400734
0.06783337368510328
0.0727194080056055
0.1650705740924954
0.16833283780505948
0.1716295067582933
0.17445209107834625
0.17659179312843018
0.3121710160057249
0.31238160244854274
0.31263224300852216
0.31290128872810147
0.31316916102287234
1.8194158863358851
1.822785940462277
1.8268848063137952
1.8317647392731184
1.837463581717481
1.90352796411727
1.909036974680294
1.9150240649416406
1.9215182416581218
1.9284062986405726
1.9648554026645098
1.9709017910278392
1.9767877127832651
1.9818991397564032
1.9869067826980038
2.0049018885257985
2.007002689890351
2.0104041297404964
2.013458444164755
2.021091022419074
2.0272930053865568
2.030198475540456
2.0324231815720966
2.034375670585054
2.061151495013475
2.063568902079952
2.06606362693405
2.068638251652112
2.0711289408385496
2.516628956445063
2.518382093709618
2.5194143902819275
2.5196117432913683
2.519800753229231
2.578198540913699
2.5834322813262505
2.589025071623726
2.5951001632818667
2.6017404114870364
2.619230274400493
2.6259860806466975
2.633249907646446
2.6407931376776803
2.6488183700897587
2.6569602243388086
2.6634139817121323
2.668165398986227
2.6707573426078715
2.684014501638621
2.6878713386670086
2.690957840534784
2.693992363667716
2.6976521792158024
2.7230658578245146
2.7277967718217537
2.7322614776375693
2.7363740589997185
2.740030510706054
2.776084367877026
2.7793613471841647
2.7820656517051843
2.784233471682477
2.785913439518795
-2.4896749634929867
-2.4824734588615147
-2.4754733019820994
-2.4688532668106182
-2.462910597797077
-2.4439233660322075
-2.4363150539714815
-2.4286296785811263
-2.420906178470608
-2.413245717563434
-2.40520853225639
-2.4021204094133553
-2.397773466853526
-2.396649162590665
-2.3907647513087857
-2.3905289888287484
-2.385286506891323
-2.3840891266275617
-2.381536171257808
-2.375027021824018
-2.371464466928407
-2.368538381654077
-2.36832373488119
-2.3672788851676585
-2.3501050462909845
-2.3497272865678247
-2.3496884964062468
-2.349611835419546
-2.3490966578572983
-2.320891727730947
-2.3207214268167102
-2.320601795348455
-2.3205393234454266
-2.3205282682742983
-1.4845330636503697
-1.4845215644222869
-1.4845052426066854
-1.4844915596698944
-1.4844675513882089
-1.445443460369767
-1.4452842102751016
-1.4448279318776323
-1.4446716824477273
-1.4443297664516819
-1.4221352897342368
-1.4195542924104156
-1.417907633999964
-1.4166049901974793
-1.414848446710622
-1.4136747782734564
-1.407500259399994
-1.4042939087383535
-1.4003827020422437
-1.397817721549741
-1.3930189974525002
-1.3920576631250017
-1.387828558821879
-1.3873141283756396
-1.362748188235496
-1.3579038497486149
-1.347788405029201
-1.3364462547004732
-1.326391186322089
-1.3012946902238784
-1.296199514753759
-1.2924349260977017
-1.2900613682347226
-1.2884476374307574
-0.8750101750804081
-0.8749311867534363
-0.873757200137379
-0.872726354534133
-0.8722471301654561
-0.7738391601413315
-0.7724835609201942
-0.769605824788041
-0.7686176265889005
-0.7596729259173247
-0.6974734455997129
-0.6903008807979325
-0.6749708817619066
-0.6555316296288075
-0.6349947789821315
-0.598435220804998
-0.5841609999514132
-0.578505071210595
-0.5746664158143415
-0.5579295000869975
-0.5420462575650186
-0.5387154057254331
-0.5324775953162898
-0.5252725531295993
-0.48109256346846707
-0.4724302857446123
-0.4692584348671811
-0.46588362381896053
-0.46262573472523894
-0.431990961089595
-0.4292936760996087
-0.4273596995091115
-0.4259160687336404
-0.4239281204936634
-0.07204219942665772
-0.0643069111180803
-0.05867011024541535
-0.052713322693223194
-0.04436345075859166
-0.03885411613232726
-0.03415517409292576
-0.03184079180912916
-0.026939095806400627
-0.003257691811754109
0.0025206992415797336
0.008455263531306332
0.014558384801632485
0.01898246409762242
0.06114733146243997
0.06421975923261694
0.06650710937268543
0.06782619795985445
0.07271961525203915
0.16507057408211856
0.16833283783461106
0.171629506722564
0.17445209110078158
0.1765917931224057
0.312171016005609
0.31238160244891905
0.3126322430080408
0.31290128872838924
0.3131691610228058
1.8194158863358827
1.8227859404622766
1.8268848063137912
1.8317647392731178
1.8374635817174796
1.9035279641279954
1.9090369746018734
1.9150240651950567
1.9215182412086595
1.9284062990234485
1.9648553040712777
1.9709026397779734
1.9767840584698575
1.9819068784791825
1.986899398708018
2.005396535509059
2.006130665788422
2.0115947165237036
2.012529907743172
2.021346782719028
2.026876536449358
2.0309644069686765
2.0318405181407444
2.0344710142657507
2.0611512287795937
2.0635693775578026
2.0660633012347014
2.068638354556614
2.0711289274107116
2.516628956445179
2.5183820937074968
2.5194143903169612
2.519611743233724
2.5198007532538482
2.5781985409133643
2.583432281328213
2.5890250716185865
2.595100163289558
2.601740411480715
2.6192302744206626
2.625986080589242
2.6332499077474396
2.640793137535339
2.648818370284483
2.6569602240009136
2.663413982351335
2.668165398038008
2.6707573431776237
2.6840145014808834
2.6878713389315343
2.6909578403262264
2.69399236374126
2.697652179207238
2.723065857824526
2.72779677182174
2.732261477637578
2.7363740589997176
2.740030510706055
2.7760843678770275
2.779361347184168
2.7820656517051803
2.784233471682478
2.7859134395187954
-2.4896749634929862
-2.482473458861511
-2.4754733019820967
-2.4688532668106182
-2.4629105977970793
-2.4439233660322093
-2.4363150539714837
-2.428629678581118
-2.420906178470608
-2.413245717563432
-2.405208532256388
-2.4021204094133566
-2.397773466853533
-2.3966491625906663
-2.3907647513087866
-2.3905289888287466
-2.385286506891324
-2.38408912662756
-2.3815361712578076
-2.375027021824017
-2.371464466928408
-2.368538381654054
-2.36832373488121
-2.367278885167657
-2.350105046290999
-2.349727286566825
-2.349688496407681
-2.349611835419089
-2.3490966578573005
-2.3208917277309493
-2.3207214268167085
-2.3206017953484546
-2.320539323445431
-2.320528268274298
-1.484533032735412
-1.4845216524869251
-1.4845051273618366
-1.4844916262777212
-1.4844675428755705
-1.4454433349915214
-1.4452844731360857
-1.4448273285170175
-1.4446722354005095
-1.4443296793612013
-1.4221353226015618
-1.4195537830860236
-1.417909721701665
-1.416601897127838
-1.4148511077421146
-1.4136735570048897
-1.407500331125159
-1.4042938719070235
-1.4003827066096013
-1.3978177276854284
-1.3930189810684328
-1.3920576771680166
-1.387828555254117
-1.3873141307652481
-1.3627481882354842
-1.3579038497486184
-1.347788405029208
-1.3364462547004745
-1.3263911863220887
-1.3012946902238773
-1.2961995147537562
-1.2924349260977057
-1.2900613682347242
-1.2884476374307567
-0.8750101750803848
-0.8749311867534604
-0.873757200137371
-0.8727263545341384
-0.872247130165454
-0.7738391601268936
-0.7724835609565102
-0.7696058247092823
-0.7686176266474434
-0.7596729259155731
-0.6974734456213135
-0.690300880742275
-0.6749708818623588
-0.6555316293994975
-0.6349947795329074
-0.59843520355887
-0.5841611074822467
-0.5785053663586928
-0.5746656746583539
-0.557931328742606
-0.5420144614821698
-0.5387666359140897
-0.5324484966850435
-0.5252811396245778
-0.48107334891944903
-0.4726698647703562
-0.4686403261849375
-0.4664179426474113
-0.46248744341866127
-0.4320463587344238
-0.42904047853443567
-0.4277014608285512
-0.42574457964519785
-0.4239569695769213
-0.07204216567809804
-0.06430775779860301
-0.058665115351334
-0.05272893234234474
-0.04428391490638207
-0.03910184764682692
-0.03323770635423977
-0.03266141926655847
-0.026853761643043414
-0.003270901334436113
0.0025417857198010833
0.008439894455573752
0.014564870272428272
0.01898092198004742
0.06114690030426538
0.0642216232604587
0.06650391711710055
0.06782801622472942
0.0727195540445651
0.1650705740990888
0.16833283778349772
0.1716295067880412
0.17445209105752363
0.1765917931344881
0.3121710160053699
0.31238160244968805
0.31263224300707637
0.3129012887289618
0.3131691610226694
1.8194158863358845
1.8227859404622764
1.826884806313795
1.8317647392731176
1.8374635817174807
1.9035279641199758
1.9090369746614257
1.9150240649993497
1.9215182415620777
1.9284062987166375
1.964855391125063
1.970901878528707
1.976787385639079
1.981899739185103
1.9869062978886356
2.004909087613641
2.006989030238172
2.010412978353446
2.013457363384587
2.0210866857538266
2.0273080358313127
2.030172662793409
2.032442492827618
2.0343703048281476
2.0611515269350673
2.063568842027693
2.06606367023082
2.068638237260681
2.0711289428062214
2.5166289564448063
2.5183820937143633
2.5194143902032824
2.5196117434208687
2.5198007531738864
2.5781985409146313
2.5834322813206674
2.589025071638656
2.595100163259022
2.6017404115062805
2.6192302743349396
2.625986080838245
2.6332499073004487
2.6407931381794483
2.6488183693821186
2.656960225605434
2.6634139792560925
2.6681654026967636
2.6707573403559604
2.6840145022949513
2.6878713375496353
2.6909578414264432
2.693992363349514
2.697652179253398
2.7230658578244484
2.727796771821823
2.732261477637534
2.7363740589997283
2.7400305107060547
2.776084367877028
2.7793613471841674
2.782065651705183
2.784233471682478
2.7859134395187946
-2.489674963492983
-2.4824734588615125
-2.4754733019820994
-2.4688532668106173
-2.4629105977970793
-2.4439233660322044
-2.436315053971485
-2.428629678581129
-2.420906178470604
-2.4132457175634308
-2.4052085322563834
-2.4021204094133557
-2.3977734668535367
-2.3966491625906636
-2.3907647513087853
-2.3905289888287435
-2.3852865068913127
-2.3840891266275577
-2.381536171257805
-2.3750270218240166
-2.3714644669284084
-2.3685383816540626
-2.368323734881205
-2.367278885167656
-2.3501050462909876
-2.3497272865674725
-2.3496884964067446
-2.3496118354193847
-2.3490966578572974
-2.3208917277309453
-2.320721426816711
-2.3206017953484537
-2.3205393234454252
-2.3205282682742965
-1.484533080963156
-1.4845215144005177
-1.484505308044326
-1.484491522055443
-1.4844675562740057
-1.44544325844529
-1.4452846308984681
-1.4448269809083538
-1.4446725492310806
-1.4443296319208465
-1.4221353049884284
-1.4195541403290746
-1.4179080047507944
-1.416604775473253
-1.4148481853213533
-1.4136750582162083
-1.4075001554296984
-1.404294027933128
-1.4003825913135308
-1.3978177973725976
-1.3930189331042826
-1.3920577125340168
-1.3878285499802292
-1.3873141341028143
-1.362748188235489
-1.3579038497486136
-1.3477884050292148
-1.3364462547004752
-1.3263911863220872
-1.3012946902238771
-1.2961995147537575
-1.2924349260977053
-1.2900613682347266
-1.2884476374307574
-0.8750101750804749
-0.8749311867533608
-0.8737572001373999
-0.8727263545341106
-0.8722471301654695
-0.7738391601209089
-0.7724835609708548
-0.7696058246813643
-0.7686176266673924
-0.7596729259151832
-0.6974734456100606
-0.6903008807767895
-0.6749708817758048
-0.6555316296897804
-0.6349947784614862
-0.5984353185867951
-0.5841572158434878
-0.5785204984866571
-0.5746512412171393
-0.5579410052593536
-0.541910327621266
-0.5389171400291282
-0.5323777072643405
-0.525299539528298
-0.4810528511401049
-0.47286074095792024
-0.46755111744561506
-0.4674349983772539
-0.4623878035263889
-0.432074057267385
-0.4288691607448458
-0.42790213190360554
-0.42567421174223524
-0.42397112166959755
-0.07204220473102903
-0.06430671659381408
-0.05867156976249356
-0.05270752521218056
-0.044402081015459505
-0.038689939841117175
-0.034558226213620605
-0.03148934470326478
-0.027021154754557505
-0.0032310554470563113
0.002468258330607567
0.008504178870110707
0.01453041672037693
0.018990953970674088
0.06114467993692023
0.06423011394675687
0.06649066684430044
0.06783516393066187
0.07271934678114156
0.16507057410946524
0.1683328377539476
0.171629506823771
0.17445209103508882
0.17659179314050966
0.3121710160054879
0.3123816024493095
0.31263224300755643
0.31290128872867645
0.3131691610227352
1.8194158863358847
1.8227859404622755
1.8268848063137957
1.831764739273114
1.837463581717482
1.9035279641092482
1.909036974739843
1.915024064745932
1.9215182420115398
1.9284062983337606
1.9648554897259896
1.970901030157377
1.9767910453212751
1.9818920093926022
1.9869136696099845
2.0046484594191116
2.0079402258184693
2.009316920045263
2.0139877752333604
2.020833932030855
2.0278722390405823
2.0294751702515463
2.032823894715218
2.0342474463698283
2.061151793252593
2.063568366554955
2.066063995855898
2.0686381343418527
2.071128956233604
2.5166289564446913
2.5183820937164847
2.519414390168249
2.519611743478513
2.519800753149269
2.5781985409149653
2.5834322813187045
2.5890250716437975
2.5951001632513315
2.6017404115126004
2.619230274314769
2.625986080895699
2.6332499071994597
2.640793138321791
2.6488183691873934
2.656960225943331
2.6634139786168896
2.6681654036449842
2.6707573397862068
2.68401450245269
2.687871337285108
2.690957841635
2.693992363275971
2.6976521792619628
2.7230658578244338
2.727796771821834
2.7322614776375276
2.7363740589997296
2.7400305107060547
2.7760843678770293
2.7793613471841647
2.7820656517051816
2.7842334716824757
2.7859134395187946
-2.487862673607196
-2.480698991558143
-2.4737735956680504
-2.4672888362708165
-2.4615830583116165
-2.442029732342963
-2.4343998811383685
-2.4267001482129977
-2.418977914784422
-2.4113848007989613
-2.403343676577146
-2.4033238709902336
-2.3980624355034026
-2.395990908055841
-2.3921533094965337
-2.3888659716390617
-2.386584038402325
-2.3826382043130705
-2.3820865390896597
-2.374335169512426
-2.370536945567534
-2.3691066522168067
-2.3678367527200455
-2.367398829522201
-2.3499345899803674
-2.349735806016547
-2.3496768530305547
-2.3495111292729582
-2.348952911999732
-2.320843849964763
-2.3206867499910095
-2.3205805064705918
-2.3205328628166755
-2.3205296287472543
-1.4845346669802508
-1.4845179133004733
-1.4845143710794146
-1.4844865342718374
-1.4844679738275204
-1.4454680353879197
-1.4452480360896403
-1.4449851198368124
-1.4445812477671063
-1.444382144423997
-1.4236997336252644
-1.4190220149948614
-1.4186747007114133
-1.4161637763607275
-1.4154098522877376
-1.4146621163268918
-1.4087675614508814
-1.4051660074678833
-1.4013031667990725
-1.3973495730052106
-1.394655076673436
-1.3896932574572856
-1.3885459711686496
-1.3869119143122637
-1.3622163304316512
-1.3556886341923595
-1.344949832341649
-1.3337313357882716
-1.3243161449603946
-1.2999219600827545
-1.295120713855865
-1.2917228463463706
-1.2896285925448454
-1.2880152461429806
-0.8751711610647145
-0.8746842196673354
-0.8734522530040802
-0.8725605913061796
-0.8721807387645747
-0.7739654223989418
-0.7715584484324602
-0.7712266828326751
-0.7678799195328333
-0.7626335960252917
-0.6974265512408496
-0.6930425891073575
-0.6793209178782909
-0.6606039163610253
-0.6399656499679806
-0.6039663695263442
-0.5826636380863197
-0.5821161340913729
-0.5734501504231334
-0.5578137386238777
-0.5431979915545372
-0.537372272740171
-0.5326592530535645
-0.5276062302852734
-0.48145285556271633
-0.47261308301397037
-0.4693529950630307
-0.4663406812778544
-0.4625140045316283
-0.43205187189001626
-0.42900252670636285
-0.4275185112146259
-0.42581385632070445
-0.42355726756646356
-0.07432996900145084
-0.06598120316596486
-0.06002320236430492
-0.054182831629366664
-0.04478469134151621
-0.03870840302191942
-0.03453625579927918
-0.031330938021313724
-0.027205838168660807
-0.004808800678722988
0.0010891023786197432
0.006954292589603706
0.013290968600482298
0.01857171832933341
0.061125787265386915
0.06455278278672391
0.06565697634651838
0.06883652474916861
0.07102941535837884
0.165846110393052
0.1691772877998618
0.17239392655408264
0.1750509284491867
0.17702863831341448
0.3122183439528874
0.31244148247529835
0.31269849649201853
0.31296922418710776
0.313233047895632
1.8186805004305802
1.8218773499597236
1.8257887342916739
1.8304691146789827
1.8359609524940457
1.9022201332921864
1.9076204697962789
1.913478038823803
1.919851763736957
1.9266687426761966
1.963488610519627
1.9694195130528398
1.9753593950172854
1.9807627571105586
1.9861786355325546
2.0042712664503464
2.007597480510178
2.009107651667439
2.0136912392694
2.0208334694873082
2.0278736540246447
2.029611447218752
2.0327720842255776
2.0347614471325395
2.0608139450781593
2.063039866476189
2.065418973848141
2.068003069917641
2.0705401605503084
2.516072297033264
2.518013655676563
2.5192205765145337
2.51969908885646
2.5197673804100704
2.5794796118534764
2.5847914547151474
2.590494656728248
2.5967043375563947
2.6034858364064455
2.6208644363837394
2.6277600847128677
2.635122781635701
2.6426744046173734
2.6507140450116435
2.658687294223015
2.664794110176172
2.668994516911629
2.6710766294408117
2.685068732963587
2.6886907069417023
2.691689793979967
2.6948308436650437
2.6986734330236657
2.724270947204402
2.72894033457313
2.7333268873081247
2.737334465212409
2.740863678624095
2.7769588121814723
2.7800899145363482
2.7826562077933534
2.784697047088654
2.7862639230468202
-2.4878626736071956
-2.4806989915581417
-2.4737735956680447
-2.4672888362708165
-2.4615830583116165
-2.442029732342968
-2.4343998811383663
-2.426700148212992
-2.41897791478442
-2.411384800798964
-2.4033436765771463
-2.4033238709902345
-2.3980624355034057
-2.3959909080558384
-2.3921533094965346
-2.3888659716390666
-2.3865840384023222
-2.3826382043130767
-2.3820865390896566
-2.37433516951243
-2.370536945567531
-2.3691066522168187
-2.3678367527200277
-2.3673988295222137
-2.3499345899802777
-2.349735806017429
-2.3496768530295604
-2.3495111292731523
-2.3489529119997306
-2.3208438499647643
-2.320686749991008
-2.32058050647059
-2.320532862816669
-2.3205296287472588
-1.4845347171905756
-1.4845171578225034
-1.484515128320528
-1.4844864625857794
-1.484467993540109
-1.4454681565767942
-1.445247631273077
-1.4449856037792732
-1.4445808794061055
-1.4443823124933903
-1.4236997206824251
-1.4190268577751735
-1.418667974303455
-1.4161766062918113
-1.4153909848008255
-1.4146701629648106
-1.4087673860237415
-1.405166095132789
-1.401303133801935
-1.3973495839479504
-1.3946550741174428
-1.3896932561676931
-1.3885459726225697
-1.3869119139857928
-1.3622163304316561
-1.355688634192357
-1.344949832341639
-1.333731335788274
-1.3243161449603955
-1.2999219600827543
-1.2951207138558658
-1.291722846346379
-1.2896285925448452
-1.2880152461429808
-0.87517116106471
-0.8746842196673554
-0.873452253004055
-0.8725605913062217
-0.8721807387645505
-0.7739654224051783
-0.7715584483060449
-0.7712266829622738
-0.7678799195221182
-0.7626335960265849
-0.6974265512720064
-0.6930425890419399
-0.6793209179775018
-0.6606039161215471
-0.6399656506628247
-0.6039663377761494
-0.5826919770828306
-0.5820842529219742
-0.5734561445105464
-0.5578053103532673
-0.5432491017375796
-0.5372489695916439
-0.5327705827638005
-0.5275725927822967
-0.4814703657726204
-0.4723618057799924
-0.4698387873885992
-0.4659946807952563
-0.46260926697624616
-0.432026287122915
-0.42911985631559985
-0.42735993202518924
-0.42588840801960803
-0.42354877129554214
-0.07432996909112907
-0.06598115841791094
-0.060023658881424045
-0.05418108707804228
-0.04479762885904679
-0.03864250732327358
-0.03467688353922748
-0.031208976381555335
-0.027242649632113262
-0.00480350402310299
0.0010815484844476147
0.006958834703485865
0.013289757641046372
0.018571826131702208
0.06112635038162613
0.0645484774297548
0.06566167667727896
0.06883525960211319
0.07102972738724032
0.16584611037575006
0.16917728785536204
0.17239392647764823
0.1750509285030126
0.17702863829767607
0.31221834395313064
0.31244148247449083
0.3126984964930688
0.3129692241864639
0.3132330478957855
1.8186805004305813
1.8218773499597218
1.8257887342916757
1.8304691146789853
1.835960952494043
1.9022201333025495
1.907620469721025
1.9134780390629011
1.9198517633234955
1.9266687430188012
1.9634885237803223
1.9694202042777254
1.9753566375791978
1.9807684771097456
1.986172951650126
2.004499288233447
2.006735848461164
2.0101354039554966
2.013178785295997
2.021081338961926
2.0273124426017155
2.03033268402493
2.032397046001377
2.0348490609112195
2.06081346980976
2.0630407210423214
2.065418404852409
2.0680032389038163
2.0705401395334415
2.516072297033469
2.5180136556734554
2.519220576539925
2.5196990887217368
2.519767380522308
2.579479611852167
2.584791454723034
2.5904946567068725
2.5967043375899204
2.603485836377058
2.6208644364882816
2.627760084397967
2.6351227822367758
2.642674403685811
2.6507140464635106
2.658687291233803
2.6647941168029585
2.668994506047541
2.6710766360382054
2.6850687316805635
2.6886907091134855
2.691689792349509
2.694830844192953
2.698673432966188
2.724270947204511
2.728940334573015
2.7333268873081886
2.73733446521239
2.7408636786240983
2.7769588121814746
2.780089914536346
2.7826562077933543
2.784697047088653
2.786263923046821
-2.4878626736071956
-2.480698991558142
-2.4737735956680518
-2.4672888362708156
-2.461583058311617
-2.4420297323429647
-2.434399881138364
-2.4267001482129915
-2.4189779147844237
-2.411384800798963
-2.4033436765771428
-2.4033238709902314
-2.398062435503405
-2.395990908055841
-2.3921533094965324
-2.388865971639065
-2.3865840384023222
-2.382638204313078
-2.3820865390896566
-2.3743351695124297
-2.370536945567528
-2.369106652216815
-2.3678367527200317
-2.3673988295222115
-2.349934589980315
-2.349735806017062
-2.3496768530299805
-2.349511129273071
-2.3489529119997306
-2.3208438499647617
-2.320686749991007
-2.3205805064705856
-2.3205328628166724
-2.320529628747254
-1.4845346744472774
-1.4845178235233851
-1.484514460957971
-1.4844865238813567
-1.484467976649502
-1.44546830059449
-1.4452471571325947
-1.4449861577437733
-1.444580472559357
-1.4443824955106233
-1.4236997216906295
-1.4190254304755519
-1.418670083727306
-1.4161709156854876
-1.4154002347440633
-1.4146658267436276
-1.4087675551112986
-1.4051659755458121
-1.4013032027001735
-1.3973495417692843
-1.3946550951503427
-1.3896932460782307
-1.3885459803868918
-1.3869119127975007
-1.3622163304316597
-1.3556886341923584
-1.344949832341644
-1.3337313357882745
-1.3243161449603944
-1.2999219600827543
-1.2951207138558611
-1.2917228463463788
-1.2896285925448443
-1.2880152461429806
-0.8751711610647094
-0.8746842196673615
-0.8734522530040502
-0.8725605913062278
-0.8721807387645503
-0.7739654223889335
-0.7715584486663762
-0.7712266825880608
-0.7678799195576442
-0.7626335960210683
-0.6974265513298428
-0.6930425889326441
-0.6793209181006301
-0.660603915916043
-0.6399656510558938
-0.6039663315399343
-0.5826923645712079
-0.5820839670669701
-0.5734557764371426
-0.5578069033631807
-0.5432334034354063
-0.5372937455820419
-0.5327256447109113
-0.5275874735919333
-0.4814540456679908
-0.47262472509389863
-0.46930297352220945
-0.46639621815144844
-0.46249539232182424
-0.4320732337676646
-0.42887094364874756
-0.4276892308109269
-0.42574401745220064
-0.4235670400169165
-0.07432995567721137
-0.06598157187740092
-0.060020812795891734
-0.05418993755535704
-0.04474045998722775
-0.038907135543396955
-0.03402032847410565
-0.031801348905807394
-0.027086633774593732
-0.00483988795273509
0.0011469349319402772
0.0069049061560208765
0.013314442110922526
0.018565700188135963
0.06112841103105938
0.06453436345822887
0.06567666891300611
0.06883146831759862
0.07103061264882382
0.1658461103655179
0.1691772878864083
0.1723939264371828
0.17505092853020512
0.1770286382900043
0.312218343953013
0.3124414824748848
0.3126984964925565
0.31296922418677964
0.3132330478957086
1.8186805004305802
1.8218773499597247
1.8257887342916717
1.8304691146789887
1.8359609524940421
1.902220133315422
1.9076204696289876
1.91347803935051
1.9198517628349796
1.92666874341598
1.9634884327949522
1.9694209183643026
1.975353837300257
1.9807742152529129
1.9861673278374352
2.004838449573031
2.00605663011648
2.0111323473053178
2.0124215310274747
2.021308726489441
2.026932220060691
2.031077105727894
2.031841883548
2.034915102065809
2.0608130811781398
2.0630414163324056
2.0654179444548846
2.0680033746926263
2.07054012274696
2.5160722970335185
2.5180136556727004
2.519220576546061
2.5196990886892277
2.5197673805493856
2.5794796118519105
2.5847914547245416
2.5904946567028757
2.596704337596038
2.603485836371838
2.6208644365055656
2.627760084347412
2.635122782330228
2.6426744035457608
2.650714046673929
2.6586872908164345
2.664794117701555
2.66899450460422
2.671076636905735
2.6850687315234127
2.688690709374491
2.691689792156655
2.6948308442543496
2.698673432959642
2.724270947204521
2.7289403345730037
2.7333268873081935
2.7373344652123897
2.740863678624099
2.776958812181473
2.780089914536344
2.7826562077933517
2.784697047088654
2.786263923046822
-2.4878626736071965
-2.4806989915581426
-2.473773595668054
-2.467288836270813
-2.4615830583116165
-2.4420297323429656
-2.4343998811383663
-2.4267001482129946
-2.4189779147844224
-2.41138480079896
-2.4033436765771423
-2.403323870990234
-2.398062435503402
-2.3959909080558384
-2.3921533094965315
-2.3888659716390634
-2.386584038402329
-2.382638204313076
-2.382086539089662
-2.374335169512427
-2.3705369455675362
-2.3691066522168023
-2.3678367527200472
-2.3673988295221995
-2.349934589980405
-2.3497358060161724
-2.3496768530309646
-2.349511129272877
-2.3489529119997328
-2.320843849964762
-2.320686749991007
-2.3205805064705887
-2.3205328628166804
-2.3205296287472437
-1.484534623605963
-1.4845183665873165
-1.4845139163862184
-1.4844865958700533
-1.484467957009938
-1.4454681797195037
-1.4452475628252912
-1.444985673042093
-1.4445808410074479
-1.4443823269233467
-1.4236997346334412
-1.4190205338884896
-1.4186768612309442
-1.4161578614359016
-1.4154191842144157
-1.4146579251412903
-1.408767730543816
-1.4051658878849338
-1.4013032356982682
-1.3973495308266952
-1.3946550977064112
-1.3896932473678405
-1.3885459789329575
-1.3869119131239682
-1.3622163304316506
-1.3556886341923624
-1.3449498323416402
-1.3337313357882725
-1.324316144960396
-1.2999219600827543
-1.295120713855863
-1.2917228463463697
-1.2896285925448432
-1.2880152461429821
-0.8751711610647186
-0.8746842196673432
-0.8734522530040761
-0.8725605913061875
-0.8721807387645721
-0.7739654223826966
-0.7715584487927902
-0.7712266824584696
-0.7678799195683574
-0.762633596019776
-0.6974265512986849
-0.6930425889980618
-0.6793209180014139
-0.6606039161555238
-0.6399656503610504
-0.6039663632901896
-0.5826640633212422
-0.5821158103065378
-0.5734497823235642
-0.5578153291062523
-0.5431818891564404
-0.5374158576039408
-0.5326155566684398
-0.5276214673562027
-0.4814363782093265
-0.4728276492830617
-0.46874826788750334
-0.46684953585072353
-0.4624102360417191
-0.4320973965744614
-0.42868856271067474
-0.4278998889932938
-0.42568348403117023
-0.4235759125581046
-0.07432995558752885
-0.06598161660883692
-0.06002035554090969
-0.05419167806893749
-0.044727082609096164
-0.03896458131073689
-0.03382611984915835
-0.03198137154344722
-0.027054234575091835
-0.004845117221671396
0.001154494973391497
0.006900301555912355
0.013315640567138548
0.01856559163390022
0.06112784649135355
0.06453856479092765
0.06567207027121415
0.06883273667001738
0.07103030117339204
0.16584611038281644
0.16917728783091188
0.17239392651361962
0.17505092847637585
0.17702863830574092
0.3122183439527696
0.31244148247569004
0.3126984964915041
0.3129692241874236
0.3132330478955524
1.8186805004305802
1.8218773499597234
1.8257887342916759
1.830469114678988
1.8359609524940423
1.9022201333050592
1.9076204697042396
1.913478039111414
1.9198517632484402
1.926668743073373
1.963488519527222
1.9694202268661116
1.975356591703954
1.9807684904423002
1.9861730181685526
2.004483932607862
2.0067805345072314
2.01007045703145
2.013224710762534
2.021057356492771
2.0273647020856265
2.0302521166829326
2.0324493088803735
2.0348387200792204
2.0608135562315772
2.063040561769967
2.06541851363358
2.0680032057345197
2.070540143764595
2.5160722970333143
2.518013655675808
2.5192205765206714
2.519699088823952
2.519767380437147
2.579479611853221
2.584791454716656
2.5904946567242497
2.5967043375625134
2.6034858364012257
2.620864436401023
2.6277600846623135
2.6351227817291543
2.6426744044773223
2.650714045222064
2.6586872938056474
2.6647941110747673
2.6689945154683037
2.6710766303083493
2.685068732806436
2.6886907072027095
2.6916897937871136
2.6948308437264403
2.6986734330171207
2.7242709472044133
2.728940334573121
2.733326887308132
2.7373344652124074
2.740863678624096
2.7769588121814732
2.7800899145363465
2.7826562077933517
2.7846970470886547
2.7862639230468202
