-2.438038572421625
-2.431855753813112
-2.4256339969548217
-2.4193899133587258
-2.413080200722762
-2.4068445602505095
-2.4007244819236733
-2.3948688936366453
-2.3897772508578567
-2.3858491913939512
-2.3849635338810633
-2.3829620035088004
-2.3824206789497824
-2.372605056629858
-2.3720720124148955
-2.3709731488238766
-2.369746400002745
-2.3224060099533115
-2.3189138900313453
-2.316312693540289
-2.314583787720161
-2.2893298273815366
-2.2890275682302255
-2.2889634248478004
-2.288165883329629
-2.280495726253139
-2.2776629149177103
-2.2765406923971496
-2.276223097316172
-2.275732872262876
-2.272772120311393
-2.27168034103908
-2.27036414736683
-2.2691424477467645
-2.2659733848641572
-2.264719382128574
-2.262938959729393
-2.2606035517011245
-1.3823456939528425
-1.3766736649765765
-1.3708099306236396
-1.3650560599791048
-1.3421651794639113
-1.3382138891540276
-1.3379014635066084
-1.3376954223015596
-1.3333788514738107
-1.327793373738745
-1.3272096430065974
-1.3262110842016863
-1.3230746287489612
-1.3168274172869905
-1.315113689609413
-1.3126499876577182
-1.3120208567265006
-1.2755768999276407
-1.2753478352024046
-1.2747501351822612
-1.2746674243012972
-1.1848822791819222
-1.1839441916320095
-1.1825223131665585
-1.1809189915827794
-1.166600697627666
-1.1656403827423951
-1.159811207243909
-1.15966313968996
-1.1529677613043006
-1.1488589373007636
-1.1439401225657508
-1.1428325487768143
-1.141508082433401
-1.1151894369200912
-1.1117252987159596
-1.1073671319436071
-1.1026390194890825
-0.6655718267262538
-0.6653995936257205
-0.6648113665772479
-0.6643850337199464
-0.6046099400316537
-0.6016822933138287
-0.5987910907355939
-0.5967373187380433
-0.5635989817474318
-0.5572288811236233
-0.550418743738866
-0.5385383717959653
-0.528116989171188
-0.5105623048793394
-0.4954081041521008
-0.484863688411212
-0.479553218375705
-0.37219382667015377
-0.35494327578046225
-0.3394405678660811
-0.3240319996931822
-0.2667146143508395
-0.26246462643112606
-0.26101713389733583
-0.2560110433230313
-0.23089023294406555
-0.21805787101861826
-0.21399325902031358
-0.20750107098796663
-0.2015822623593818
-0.15876273700094892
-0.1560697945805734
-0.15441516499408986
-0.15235638007166108
-0.07198969079855033
-0.07106352038465961
-0.07039990518818921
-0.06991538100562593
0.1830800868291251
0.18437731116402434
0.1863701548991146
0.18925311166186845
0.3200536079667726
0.32306051076565856
0.3268733065569632
0.33164529366370743
0.37110551034824346
0.37595690306681834
0.38039180006633055
0.3829442214126693
0.3984029544728403
0.4004306240442117
0.40307887303913287
0.40490215029188986
0.4088463978356744
0.4139131274210587
0.4153531413753656
0.4165577967137636
0.4183736599515916
1.9696685463949162
1.975776649170191
1.9819120154474943
1.98778455139874
2.002292543617078
2.005628482667322
2.0082484195671633
2.010641885517431
2.0162923541903
2.0207527442145197
2.0247125712393004
2.027359703325855
2.0322980461919746
2.0390990888633853
2.0416662481887697
2.042967478489864
2.044766577838339
2.0690225220381935
2.069730281880111
2.070663497689859
2.0722391821317188
2.4843593899167664
2.487218847166513
2.489945544738817
2.4926782105882817
2.508946661378414
2.5124365557187187
2.514389247523297
2.518095936420938
2.5245126339793393
2.5303326565114665
2.531970061003668
2.5379032076778274
2.540729003760581
2.5453846256518133
2.5466305718875484
2.5493627616339225
2.5503423476481664
2.6596472661264774
2.668367167682734
2.6772354191801235
2.686019857873906
2.7121848803102093
2.721902713857983
2.7310450592092557
2.739400115882238
2.74737014464678
2.7539281957108432
2.7587934592703642
2.761792928667974
2.763289569178291
2.7713428232723825
2.773537529395271
2.775842520503121
2.7784672818315213
2.7919936118485578
2.7943281842800824
2.7964259495882877
2.7982982760513417
-2.438038572421626
-2.431855753813114
-2.425633996954826
-2.419389913358725
-2.41308020072276
-2.4068445602505077
-2.400724481923674
-2.3948688936366436
-2.3897772508578545
-2.3858491913939606
-2.384963533881042
-2.382962003508834
-2.3824206789497544
-2.3726050566298893
-2.3720720124148387
-2.370973148823898
-2.36974640000274
-2.3224060099533075
-2.3189138900313266
-2.316312693540332
-2.3145837877201325
-2.2893298699125006
-2.2890271774708575
-2.288963786271206
-2.288165869752341
-2.2804957381470645
-2.277662425930228
-2.276546889985167
-2.276214076081066
-2.275736295329223
-2.2727718130530112
-2.2716806082210104
-2.2703640426998595
-2.26914247129614
-2.2659733837806866
-2.2647193824891705
-2.2629389597023266
-2.2606035517016667
-1.3823456939528433
-1.376673664976579
-1.3708099306236403
-1.3650560599791073
-1.3421651792477625
-1.338213971438299
-1.3379012723806276
-1.3376955280523124
-1.3333788703287366
-1.327791658390376
-1.327212674631186
-1.3262095799461238
-1.323074834939068
-1.3168272803767758
-1.3151138448544484
-1.3126498696316207
-1.312020922659134
-1.275576903532159
-1.2753478286895168
-1.2747501491611737
-1.2746674132308438
-1.184882279961862
-1.1839441894425335
-1.182522315626798
-1.1809189904642567
-1.1666007000540395
-1.1656403799259587
-1.1598112050670661
-1.1596631427021276
-1.152967760395584
-1.1488589382166936
-1.1439401208841529
-1.1428325504919412
-1.1415080820152352
-1.115189436920087
-1.1117252987159698
-1.1073671319436056
-1.1026390194890843
-0.6655718267173084
-0.6653995936395656
-0.6648113665691607
-0.6643850337231402
-0.6046099391069945
-0.6016822979388436
-0.5987910818078336
-0.5967373242011041
-0.5635989700904067
-0.5572289190652182
-0.5504186978695383
-0.5385384108958234
-0.5281169605022091
-0.510562322478632
-0.4954080851078873
-0.4848637075799699
-0.47955320954460795
-0.37219382836008286
-0.3549432663030564
-0.33944059062821585
-0.32403197412481843
-0.26674509984741596
-0.2621069254300119
-0.26139445315140286
-0.25595795046782255
-0.23090113615028993
-0.21800982845246766
-0.21405198660457225
-0.20747733304992091
-0.2015874270234279
-0.1587620009937523
-0.1560724542578336
-0.15441251096919345
-0.15235709525776167
-0.07198951975174649
-0.07106420795854511
-0.07039900308449322
-0.06991576652550062
0.18308008678123214
0.18437731126949575
0.1863701548227902
0.1892531116806444
0.32005360013726414
0.3230605367413199
0.3268732745435899
0.33164530919085006
0.3711046752085908
0.37596231146908876
0.38037496152233996
0.38295919556413865
0.39824415645256933
0.40107451480124634
0.4022355317171421
0.4053715834711994
0.40869752776198887
0.4140524176908533
0.41519495578330534
0.41661701616265356
0.41836831077452064
1.969668546397941
1.9757766491010307
1.9819120161789405
1.9877845478285536
2.0022942964223844
2.0056119031929494
2.00830073883039
2.0105820003129176
2.0163634111219033
2.020618381332077
2.024955304681967
2.0271551038493327
2.0323677825259443
2.0390130105472046
2.041856739972436
2.0428190559122092
2.0447884210338994
2.069022382319381
2.069730525457442
2.0706633777313495
2.072239195312296
2.4843594223515613
2.4872185875049344
2.4899462492382076
2.492677522495455
2.5089893876918103
2.512135300276777
2.514957830825668
2.5176209044275386
2.525076279796135
2.528976998488535
2.5336366497064633
2.536557496814079
2.542008958114371
2.544110480765342
2.5475918002028624
2.548915872826192
2.5504585216801727
2.659647266125716
2.6683671676851013
2.6772354191768746
2.68601985787599
2.7121848803062716
2.7219027138717733
2.731045059173369
2.7394001159663395
2.7473701444198606
2.7539281964304805
2.75879345702588
2.7617929331213222
2.7632895662375945
2.7713428238658406
2.7735375287691517
2.7758425207509236
2.778467281796902
2.7919936118487256
2.794328184279936
2.796425949588344
2.798298276051334
-2.4380385724216285
-2.4318557538131187
-2.425633996954829
-2.419389913358725
-2.4130802007227596
-2.406844560250506
-2.4007244819236737
-2.394868893636644
-2.3897772508578545
-2.3858491913939757
-2.38496353388102
-2.3829620035088803
-2.382420678949723
-2.3726050566299213
-2.3720720124148
-2.370973148823924
-2.3697464000027337
-2.3224060099533115
-2.3189138900313284
-2.3163126935403406
-2.3145837877201263
-2.289329865027513
-2.289027223903361
-2.288963743050273
-2.288165871487896
-2.280495735592197
-2.277662547225559
-2.2765452993666115
-2.276216446203186
-2.27573536112571
-2.2727719072169266
-2.271680522764264
-2.2703640778763585
-2.26914246302107
-2.2659733842052296
-2.264719382341976
-2.262938959714016
-2.2606035517014127
-1.382345693952843
-1.3766736649765772
-1.3708099306236354
-1.3650560599791073
-1.342165179848559
-1.338213081303387
-1.3379038886921746
-1.3376937652977448
-1.3333789550830397
-1.3277890229934215
-1.3272169425906402
-1.3262077475089236
-1.3230750017399233
-1.3168272428433756
-1.31511386891294
-1.312649870863423
-1.312020919198087
-1.2755769059573527
-1.275347824457733
-1.2747501574307039
-1.2746674067687045
-1.1848822801741068
-1.1839441889968603
-1.1825223158803964
-1.180918990472779
-1.1666006960286213
-1.1656403855119934
-1.1598111419339783
-1.1596632049107154
-1.1529677594121972
-1.1488589385612273
-1.1439401211455025
-1.1428325500404695
-1.1415080821793873
-1.1151894369200517
-1.1117252987159896
-1.1073671319436007
-1.1026390194890845
-0.6655718261638447
-0.6653995945021117
-0.664811366053757
-0.6643850339295535
-0.6046099341022334
-0.6016823210218644
-0.598791040528909
-0.5967373481740474
-0.5635989442006388
-0.5572289947491218
-0.5504186158797273
-0.5385384691632883
-0.5281169238348269
-0.5105623399787405
-0.4954080699188069
-0.4848637205977875
-0.4795532040348128
-0.37219382797156875
-0.35494326976338814
-0.3394405793231146
-0.3240319905345711
-0.26670009945268525
-0.2626013089711537
-0.2608589380100148
-0.2560505185091725
-0.2308721433603289
-0.21817179613005908
-0.21383128580946373
-0.20758565620458364
-0.20156015754248194
-0.15877245523617503
-0.15603780770486897
-0.15444444929622822
-0.15234957724771928
-0.07198953822654681
-0.07106413256769381
-0.07039910332489159
-0.06991572320978356
0.18308008669948106
0.18437731144530795
0.18637015470005944
0.18925311170933573
0.32005360011291556
0.3230605362661006
0.32687327599641297
0.3316453079602271
0.37110498271307824
0.3759601116730749
0.38038238116754025
0.382952288041922
0.39833361670248246
0.4006388376451511
0.4027915923889258
0.40508365210304076
0.4088021795850762
0.4139464395588619
0.41531646228371843
0.4165720650353644
0.41837254975873167
1.9696685463910129
1.975776649268205
1.9819120143093347
1.987784557476058
2.002288820613475
2.0056670970312496
2.008131308954885
2.0107828781647727
2.0161097372851082
2.021188093501725
2.0240347391313893
2.0279078712600813
2.032034657655352
2.0395466554441435
2.0409692170395477
2.0434199802002855
2.0446450617115484
2.069023754254332
2.069728085583105
2.070664612606721
2.072239052180206
2.4843594383952072
2.4872184616545225
2.4899465842613706
2.4926772016255465
2.5090078213861897
2.512034875241131
2.5151999045012476
2.517403631592114
2.5253198387180174
2.528598846722988
2.534276068456275
2.5359678465347506
2.5425939234127206
2.5435557528978716
2.5478820977650307
2.5487113192656956
2.5504846507754304
2.65964726612573
2.6683671676850023
2.6772354191770877
2.686019857875805
2.7121848803068995
2.721902713869205
2.7310450591809423
2.739400115946641
2.747370144478046
2.753928196232698
2.7587934576736393
2.7617929317980923
2.7632895671239255
2.771342823673246
2.77353752897632
2.7758425206672737
2.778467281808854
2.791993611848662
2.7943281842799923
2.796425949588322
2.7982982760513377
-2.438038572421622
-2.431855753813119
-2.425633996954828
-2.419389913358726
-2.4130802007227596
-2.406844560250506
-2.400724481923672
-2.394868893636641
-2.38977725085785
-2.3858491913939632
-2.3849635338810393
-2.3829620035088417
-2.382420678949752
-2.372605056629888
-2.372072012414854
-2.370973148823899
-2.3697464000027386
-2.32240600995331
-2.318913890031342
-2.3163126935403007
-2.314583787720158
-2.289329822493434
-2.289027614152746
-2.288963382139836
-2.288165885065298
-2.280495723698208
-2.2776630359598684
-2.276539025121712
-2.276225523927163
-2.2757319584718703
-2.2727722144506113
-2.271680255608902
-2.2703641825495096
-2.26914243947234
-2.265973385288701
-2.264719381981374
-2.262938959741084
-2.2606035517008745
-1.3823456939528438
-1.3766736649765774
-1.3708099306236396
-1.3650560599791022
-1.3421651800647072
-1.3382129982386752
-1.3379040781325051
-1.3376936620132442
-1.3333789362288093
-1.327790760512923
-1.3272138960935298
-1.3262092445038451
-1.3230747955114939
-1.3168273797572785
-1.3151137136640199
-1.3126499888884189
-1.312020853266281
-1.2755769023529515
-1.2753478309705457
-1.2747501434538764
-1.2746674178370387
-1.1848822793941807
-1.183944191186335
-1.182522313420159
-1.1809189915913012
-1.1666006936022224
-1.1656403883284558
-1.1598111441130239
-1.1596632018963513
-1.1529677603209136
-1.1488589376452982
-1.1439401228270958
-1.1428325483253452
-1.1415080825975557
-1.1151894369200552
-1.1117252987159882
-1.1073671319436003
-1.1026390194890823
-0.6655718261727867
-0.6653995944882802
-0.6648113660618457
-0.6643850339263583
-0.6046099350269001
-0.6016823163969215
-0.598791049456756
-0.5967373427108209
-0.5635989558578356
-0.5572289568080204
-0.5504186617485979
-0.538538430063404
-0.5281169525036459
-0.5105623223794449
-0.4954080889630353
-0.4848637014290352
-0.4795532128658791
-0.37219382628163866
-0.35494327924078783
-0.33944055656095784
-0.3240320161029494
-0.2666679696545555
-0.26280440355234397
-0.2606343185470946
-0.2561071576835001
-0.23086118244533785
-0.21821616892320436
-0.2137753580810426
-0.20761022744340868
-0.20155509181407552
-0.15877318138964877
-0.1560350691676145
-0.1544471814957607
-0.1523488726014481
-0.07198970925995145
-0.0710634448664637
-0.07040000545307722
-0.06991533780615974
0.18308008674737253
0.18437731133984084
0.1863701547763831
0.18925311169056025
0.3200536079424234
0.32306051029045124
0.3268733080097874
0.33164529243307717
0.3711058181140836
0.37595471090886123
0.38039928841063825
0.3829372389779356
0.3985237077343575
0.4001271997824599
0.4037643615090866
0.40433059687617706
0.4089426153796155
0.4138222483999552
0.415466344762583
0.41650520401080593
0.4183778254503699
1.969668546387986
1.9757766493373707
1.981912013577893
1.9877845610462617
2.002287083553864
2.0056848740403375
2.008083253922498
2.010838876559417
2.016043871207783
2.0213655902999452
2.0238081028485433
2.0280576377426502
2.031955346148653
2.0397103308497813
2.040772314083558
2.043507141257455
2.0446116896547957
2.0690238947365205
2.069727841657022
2.07066473215688
2.072239038993334
2.4843594059594123
2.4872187212808288
2.4899458796722094
2.492677889834427
2.5089639580422727
2.5123037913224917
2.5146131725576577
2.5179234981963354
2.524704096505284
2.5297512484860447
2.532611003430708
2.5374670686349514
2.5411289736547693
2.544969801210377
2.546969944470806
2.5492492450054347
2.550380564942065
2.6596472661264925
2.6683671676826357
2.6772354191803363
2.6860198578737187
2.712184880310837
2.721902713855417
2.731045059216834
2.739400115862542
2.7473701447049637
2.7539281955130614
2.7587934599181265
2.7617929273447457
2.763289570064618
2.7713428230797867
2.7735375296024376
2.775842520419471
2.778467281843473
2.791993611848493
2.794328184280139
2.796425949588268
2.7982982760513457
-2.4364969820563416
-2.430303543603786
-2.4240740868714923
-2.4178290434425356
-2.411515657617519
-2.405299470161309
-2.3992274259679656
-2.393480154829158
-2.389115135777416
-2.386341145236194
-2.3840926011930677
-2.38354822722375
-2.3822503553279355
-2.3724744852665234
-2.371866385064229
-2.370632297198494
-2.3695424071203353
-2.3214546037198285
-2.3181774909010664
-2.3158040400452466
-2.3142663923506985
-2.2893101369428233
-2.2891431082372278
-2.288819377694328
-2.2884278001519744
-2.279741319255294
-2.2772086861775813
-2.276529279026093
-2.2761355403140415
-2.2756956389182865
-2.2725545160913763
-2.2713476760141496
-2.270068395257759
-2.2689017166015235
-2.2657001038902504
-2.2643284630748317
-2.262403693726034
-2.259950252483041
-1.383708314965839
-1.3781193971870385
-1.3722784972882134
-1.366466812271272
-1.3436666489907672
-1.3387506335018546
-1.3379078213105742
-1.3376884316498274
-1.3320295373288067
-1.327974340913197
-1.3260869066521321
-1.3253688036432867
-1.3235048914351022
-1.3161698558244639
-1.3157628308026732
-1.3127488756176993
-1.3115174055587002
-1.2754505627918902
-1.2753580767176411
-1.2748330086577535
-1.274607295190304
-1.1845682148266086
-1.1844753307189158
-1.1817468721052509
-1.1813338650386678
-1.1668262658786026
-1.1651139617299038
-1.161322732317837
-1.158220540234442
-1.154293019551571
-1.147115715907372
-1.144476695052014
-1.1420096478145492
-1.1419065955323195
-1.1143443190746618
-1.1107387613703708
-1.106161568834021
-1.1015627111586452
-0.6655606685666928
-0.6654234785260092
-0.6646686250617877
-0.6646375691746788
-0.6051889402408347
-0.6006883771132758
-0.6004845162592238
-0.5961175407169983
-0.5642798748189097
-0.5545875265238188
-0.5527699669536771
-0.538994437025213
-0.5266906014448088
-0.5142212987809851
-0.49887949645678864
-0.4869685481361458
-0.48046330696002004
-0.37688616441292005
-0.35901554895655813
-0.3432755370164051
-0.32784182830473224
-0.26664723632847304
-0.2629008348672733
-0.2605387964954436
-0.2564514327124284
-0.2308449890750412
-0.21826143684747218
-0.21382744861049358
-0.20621032739834907
-0.20181087840837109
-0.15744060756585432
-0.1558750458907797
-0.15412250579336886
-0.1523284201325009
-0.07168169627579288
-0.07089135340537216
-0.0702836759404043
-0.06991896581506352
0.18285137445960892
0.18399337586390493
0.18579778483041803
0.18843556815409693
0.31938558755535235
0.322256867018454
0.32582272956870795
0.33038635015749257
0.3701590220164752
0.3747542175075091
0.3794439274278375
0.3826104708520798
0.3983180749089097
0.4001588892328723
0.4035500207271799
0.40446780684123135
0.40898743293884116
0.41410076431993675
0.4156934243838376
0.4167979975811187
0.4190624225990662
1.9681784616644962
1.9742367227284847
1.9803910655831323
1.9863585959533143
2.0015872997873503
2.0050674267735364
2.007540236354359
2.010343705239198
2.015565963566509
2.0209056411882105
2.0233843361444133
2.0276485664894808
2.031481041436033
2.0397024001904542
2.0408763918049044
2.043566642908381
2.044761994773099
2.0689235348379356
2.069586247067713
2.0703763483825894
2.0717896109459972
2.4836455481352298
2.4865306744488787
2.489267303036876
2.49200523805873
2.5083889153161127
2.5118449953473303
2.514152253979366
2.5175467314839697
2.524492373751927
2.52976536439816
2.5324104863493297
2.5374952064916
2.5410808257966364
2.545113235200361
2.5469851053446253
2.5493615386828528
2.550551869191838
2.66180127040685
2.6705791377079824
2.6794486781363425
2.688174737850594
2.714656962488765
2.724249931057283
2.733216874764589
2.7413349195785934
2.7490293861122863
2.755303009718457
2.759726045451643
2.7622458642965975
2.763507552467511
2.771910487002533
2.774085639637616
2.776472337377236
2.7791435778375218
2.7925996026468494
2.7948746534520827
2.796914331773102
2.7987338957464667
-2.4364969820563442
-2.430303543603785
-2.424074086871492
-2.417829043442537
-2.4115156576175205
-2.4052994701613093
-2.3992274259679633
-2.3934801548291604
-2.3891151357774207
-2.38634114523618
-2.384092601193208
-2.383548227223587
-2.38225035532798
-2.372474485266469
-2.3718663850643007
-2.3706322971984584
-2.3695424071203437
-2.321454603719821
-2.3181774909010753
-2.3158040400452187
-2.3142663923507167
-2.289310141581922
-2.2891430983094443
-2.2888193857056014
-2.288427797386253
-2.2797413244095726
-2.2772082296980143
-2.276531796836775
-2.276132090278667
-2.275697059996821
-2.272554421523355
-2.2713477650145655
-2.2700683531826806
-2.2689017270854803
-2.2657001034349262
-2.2643284632132366
-2.2624036937160668
-2.2599502524832533
-1.383708314965839
-1.3781193971870382
-1.3722784972882156
-1.3664668122712713
-1.3436666488364581
-1.3387507210919258
-1.3379071804575422
-1.3376890038961946
-1.3320294508253878
-1.3279749673097898
-1.3260843470131287
-1.3253711383787
-1.32350455488051
-1.3161697093674158
-1.315763003531238
-1.3127488355467773
-1.311517422095173
-1.2754505585513913
-1.2753580820375316
-1.2748330067440687
-1.2746072960234445
-1.1845682188040303
-1.1844753262866912
-1.181746875927342
-1.1813338615747018
-1.1668262706344112
-1.1651139530635841
-1.161322740542241
-1.1582205344338299
-1.1542930213645533
-1.1471157155215457
-1.1444766951481076
-1.1420096492969314
-1.1419065941100743
-1.1143443190746642
-1.110738761370375
-1.1061615688340194
-1.1015627111586468
-0.6655606684000951
-0.6654234787623214
-0.6646686240246312
-0.6646375701421358
-0.6051889394026684
-0.6006884500492063
-0.600484440939117
-0.5961175442211308
-0.5642798647868993
-0.5545876809893382
-0.5527697995528662
-0.5389944818072625
-0.5266905604682208
-0.5142213289662282
-0.49887947559340834
-0.4869685643925867
-0.4804633002329046
-0.37688616585863627
-0.3590155411222112
-0.3432755551392751
-0.3278418092026668
-0.26667873089214184
-0.26271799814584695
-0.2607490088751485
-0.25638974824435107
-0.23085486905771804
-0.21822846969954962
-0.2138622753071398
-0.20619888207776804
-0.20181332989921338
-0.15746123933314432
-0.15582394493052465
-0.15416451777752777
-0.15231695317946917
-0.0716819211313298
-0.07089049289069499
-0.07028488699680768
-0.06991839052078112
0.18285137460566916
0.18399337555642478
0.18579778503963068
0.1884355681062774
0.3193855873768211
0.322256868378641
0.32582272680404833
0.3303863520952408
0.3701586826114066
0.3747561887455522
0.3794382375804849
0.3826158117211452
0.3982164273997805
0.4004433712097892
0.40297495303364045
0.4049236347321108
0.40889999504023394
0.4141815028651778
0.4155969137106768
0.41683856568106326
0.4190601866511257
1.968178461671585
1.9742367225696822
1.9803910672428626
1.9863585878205547
2.0015925725321844
2.005011713306743
2.0077087593078358
2.010136905988402
2.015835706440546
2.020251134798466
2.0243624596577567
2.026888477596691
2.0318312807126797
2.039120438627383
2.041774199152071
2.0430043197931993
2.044913717009686
2.0689212030824677
2.0695907427639852
2.0703738650464216
2.0717898986983863
2.4836455349616555
2.4865307773176673
2.4892670325454467
2.492005492990498
2.5083770450809966
2.511935088535213
2.514000357162625
2.517661608746935
2.5243683789330262
2.530146712873758
2.5319918103981314
2.537768335650367
2.540835555924146
2.5453629566031144
2.546783332087675
2.5494255201729246
2.5505321250296507
2.661801270406734
2.6705791377084207
2.679448678135625
2.6881747378511314
2.7146569624871306
2.72424993106422
2.7332168747428702
2.7413349196390504
2.7490293859169475
2.7553030104747536
2.7597260426974746
2.7622458697943135
2.7635075489792005
2.771910487461124
2.7740856391634887
2.77647233755772
2.779143577812139
2.792599602646994
2.7948746534519477
2.796914331773153
2.798733895746459
-2.4364969820563425
-2.430303543603783
-2.424074086871493
-2.4178290434425356
-2.411515657617522
-2.40529947016131
-2.399227425967963
-2.3934801548291604
-2.389115135777416
-2.386341145236189
-2.384092601193115
-2.3835482272237005
-2.3822503553279493
-2.3724744852665105
-2.371866385064236
-2.3706322971984886
-2.3695424071203335
-2.3214546037198303
-2.318177490901033
-2.315804040045321
-2.314266392350641
-2.289310257990192
-2.2891428601245294
-2.2888195626626
-2.2884277417179417
-2.279741359206655
-2.277205633031679
-2.2765448839441227
-2.2761142071724976
-2.2757045882666556
-2.272554014548314
-2.2713481255431773
-2.270068192871197
-2.268901764981001
-2.2657001019961918
-2.264328463627803
-2.2624036936882734
-2.259950252483796
-1.3837083149658387
-1.378119397187039
-1.3722784972882156
-1.3664668122712738
-1.3436666488246956
-1.3387506995458052
-1.337907376181614
-1.3376888201642063
-1.3320295206531698
-1.3279740993616367
-1.326089012433769
-1.3253663582366346
-1.3235055389824002
-1.3161687970519724
-1.31576391940769
-1.3127487379443268
-1.3115174544416701
-1.2754505826660756
-1.2753580505759081
-1.274833021349186
-1.2746072887659077
-1.184568231231414
-1.1844753127630399
-1.1817468826235802
-1.1813338559097166
-1.166826270808969
-1.1651139536851707
-1.161322737922018
-1.158220537615637
-1.1542930196694539
-1.1471157167625692
-1.1444766936235893
-1.1420096563606559
-1.1419065877322465
-1.1143443190746307
-1.1107387613703976
-1.1061615688340138
-1.1015627111586461
-0.6655606677513067
-0.6654234796850326
-0.6646686199165399
-0.664637573976404
-0.6051889362129897
-0.6006887095813607
-0.6004841737168638
-0.5961175558872946
-0.5642798440478026
-0.5545879590055237
-0.5527695058450823
-0.5389945467949872
-0.5266905101161696
-0.5142213603173436
-0.4988794580517963
-0.4869685758985162
-0.4804632959203998
-0.376886165606461
-0.35901554354964105
-0.34327554720179665
-0.32784182021655456
-0.2666324122730511
-0.2629907286503826
-0.26042011952527366
-0.2564986137598928
-0.23082462092283748
-0.21838119542982212
-0.2136586614391023
-0.20631949313810968
-0.20176714907469281
-0.15749848737082384
-0.15572922239078
-0.15423995560864556
-0.15229930261602417
-0.07168166559997018
-0.07089150536507824
-0.07028342289391755
-0.06991909765471493
0.1828513745183136
0.18399337574424893
0.18579778490756194
0.1884355681379248
0.31938557607278145
0.322256905675821
0.3258226822985856
0.33038637250199543
0.37015781767858524
0.3747607899365197
0.37942611490084655
0.38262656502158365
0.3980841307843022
0.4010191179137744
0.4022176495842681
0.40533257336354556
0.4087740727471105
0.4142950648857536
0.4154704736572061
0.41688256159119913
0.41905753702302584
1.9681784616738769
1.9742367225217072
1.9803910677090466
1.9863585857016182
2.0015936837338844
2.0050010998951193
2.0077425414487973
2.0100978236316625
2.0158820738337844
2.020167204151429
2.0245096646806977
2.0267671861159933
2.031867580527939
2.039082004633649
2.0418565657916954
2.042941794351307
2.0449224643569686
2.068921212401366
2.0695907153869197
2.070373886285928
2.0717898949861966
2.4836455713249204
2.486530486097744
2.4892678174922325
2.4920047344183884
2.508419440844344
2.5116419222518545
2.514568393242042
2.5171858261988165
2.5249308274366182
2.5288214643260076
2.5336776998447887
2.536388870355526
2.5421444136407687
2.5440680575503585
2.5477351282134824
2.5489707941044712
2.5506362176714883
2.6618012704059093
2.67057913771108
2.6794486781318296
2.6881747378536467
2.714656962481461
2.7242499310861454
2.7332168746795102
2.741334919803818
2.7490293854162027
2.7553030123227926
2.7597260361846376
2.7622458825588425
2.763507540953315
2.77191048845569
2.7740856381504573
2.7764723379371508
2.779143577759723
2.792599602647274
2.7948746534516995
2.796914331773245
2.7987338957464454
-2.436496982056345
-2.4303035436037828
-2.4240740868714936
-2.417829043442536
-2.411515657617518
-2.405299470161311
-2.399227425967963
-2.3934801548291587
-2.389115135777415
-2.3863411452362024
-2.3840926011929713
-2.3835482272238666
-2.382250355327915
-2.3724744852665594
-2.371866385064152
-2.370632297198529
-2.3695424071203286
-2.3214546037198267
-2.3181774909010255
-2.31580404004535
-2.3142663923506244
-2.289310253361686
-2.2891428700484524
-2.2888195546459613
-2.288427744482312
-2.279741354052851
-2.277206096949736
-2.276542518220405
-2.2761175792231554
-2.275703085659206
-2.2725541091431607
-2.2713480365157586
-2.270068234935532
-2.268901754495682
-2.2657001024515133
-2.264328463489402
-2.2624036936982397
-2.259950252483585
-1.383708314965839
-1.3781193971870376
-1.372278497288211
-1.366466812271272
-1.3436666489790032
-1.338750611945484
-1.337908016028713
-1.3376882489338273
-1.332029607151598
-1.3279734719936287
-1.3260915444304189
-1.3253640514197467
-1.3235058762372431
-1.3161689442175872
-1.3157637459731943
-1.3127487780144347
-1.311517437903559
-1.2754505869038615
-1.2753580452586706
-1.2748330232628444
-1.2746072879328554
-1.184568227255156
-1.1844753171940983
-1.1817468788015955
-1.1813338593735754
-1.1668262660531603
-1.1651139623514868
-1.1613227296976008
-1.1582205434162536
-1.1542930178564732
-1.147115717148395
-1.1444766935274961
-1.1420096548784637
-1.1419065891543032
-1.1143443190746276
-1.1107387613704096
-1.1061615688340134
-1.1015627111586472
-0.6655606679179001
-0.6654234794487172
-0.664668620953951
-0.6646375730086919
-0.6051889370511601
-0.6006886368359521
-0.6004842488464777
-0.5961175523831244
-0.5642798540799122
-0.5545878045889551
-0.5527696731971159
-0.5389945020128729
-0.5266905510926735
-0.5142213301320133
-0.49887947891516965
-0.48696855964206637
-0.4804633026475036
-0.3768861641607454
-0.359015551383986
-0.3432755290789161
-0.3278418393186314
-0.2665990743146697
-0.2631413205323324
-0.2602383202314379
-0.2565659691068981
-0.23081468667526106
-0.218412147944013
-0.2136255349768655
-0.20633120259507004
-0.20176480638548422
-0.1574793617476703
-0.15578234170389726
-0.15419486352230782
-0.15231032516983448
-0.07168144046151183
-0.07089236358621369
-0.07028221079132137
-0.06991967657165002
0.18285137437225307
0.18399337605173036
0.1857977846983481
0.18843556818574034
0.31938557625130903
0.32225690431560683
0.3258226850632524
0.3303863705642683
0.3701581567852157
0.37475881379499953
0.37943177782067433
0.3826212549468215
0.39816475563811365
0.4006093117911142
0.4027477932869181
0.4050607822742124
0.4088681177730269
0.4142034245838535
0.41557385439194217
0.41684663605885014
0.4190597902966828
1.9681784616667872
1.9742367226805095
1.980391066049314
1.9863585938343733
2.0015884015362206
2.005056065493095
2.007571212475535
2.0103070606239752
2.0156087516844403
2.020792989408653
2.023523125736582
2.0275623173362614
2.031523507502845
2.0396297159849204
2.040962831526164
2.043530452512643
2.044775217063887
2.0689235442700062
2.069586219727515
2.0703763694757016
2.0717896072301767
2.4836455844994068
2.4865303832610275
2.4892680880625453
2.492004479383028
2.5084320567059426
2.5115731966803443
2.5147325094490234
2.5170407599693148
2.525087440538821
2.528576375784331
2.534091468839328
2.536012604907584
2.5424952090975204
2.5437382239077033
2.547905908680152
2.5488530535230556
2.550650321724724
2.6618012704060248
2.6705791377106425
2.679448678132549
2.688174737853109
2.714656962483099
2.724249931079207
2.7332168747012275
2.741334919743362
2.7490293856115415
2.7553030115664954
2.7597260389387905
2.7622458770610785
2.7635075444416857
2.7719104879970975
2.7740856386245856
2.7764723377566685
2.7791435777851063
2.792599602647124
2.794874653451835
2.796914331773195
2.7987338957464547
-2.434952593228319
-2.428749026245899
-2.422513093168082
-2.4162697875493984
-2.4099540896742484
-2.4037630431651613
-2.3977494426566444
-2.3921427122785555
-2.389388187227296
-2.386034901002469
-2.384261780767678
-2.38336195772824
-2.382290858984337
-2.372357242775373
-2.371608496962153
-2.370303145122
-2.369396771142387
-2.320554135111424
-2.317498423803306
-2.315348655754806
-2.3139865098847836
-2.2892995280335957
-2.289178215591158
-2.2886805817960716
-2.2886360643338266
-2.2791000117037514
-2.2768608914032833
-2.276552919756102
-2.276016628689681
-2.275655359519896
-2.272297279527558
-2.2710126712631515
-2.2697951038773434
-2.2686753681367544
-2.2654024204954557
-2.263901858501576
-2.2618346762329944
-2.259275821366615
-1.3850444617844917
-1.3795487319344717
-1.3737486754198758
-1.3678989653973022
-1.3452506172066747
-1.339626228141782
-1.3379376963218872
-1.3377245755156608
-1.3304729079101576
-1.3279156957919713
-1.3259741801096656
-1.3242853297828958
-1.3233085218271985
-1.3169690664669484
-1.3146165258858702
-1.313365917316903
-1.310969701802215
-1.2753943539022594
-1.2751551656451339
-1.2750200613395402
-1.2745491041479498
-1.184833010571472
-1.1840335713903059
-1.1819811677026726
-1.1810940711577858
-1.1673265657054288
-1.1634719538016725
-1.1629298861756678
-1.1574169562414471
-1.1555527841598408
-1.1454424542290769
-1.1445707993847813
-1.1425050038925963
-1.1415221790711443
-1.1135057041653358
-1.109676789168742
-1.1049562022641124
-1.100556112695537
-0.665644717347402
-0.6652296988545974
-0.6649281281075844
-0.6645595792082483
-0.6052448278461199
-0.6021359800791534
-0.5993763733661841
-0.596305375969116
-0.5634729894553372
-0.5582483585271173
-0.5477264463166692
-0.5426091326256707
-0.5243117571255382
-0.515531684242881
-0.5026184750532834
-0.4894309231578263
-0.48161368220750894
-0.3816576702126391
-0.36323920598818527
-0.34711416652714855
-0.3317006480008219
-0.2665961884306332
-0.2632067056608082
-0.2600652002012276
-0.2569887314969088
-0.23079352195047795
-0.21900161532217288
-0.21195950687182688
-0.2061379963921177
-0.20182617590719
-0.15658108550932137
-0.15556425324701934
-0.153644619447404
-0.15233527102986769
-0.07144468323636533
-0.07072402430613392
-0.07022929399853745
-0.0699343301465426
0.1826566717827891
0.18365078256829384
0.18527698530898992
0.1876851301709473
0.3187350252174718
0.32150005255895153
0.3248382522390504
0.3291652014424999
0.3692977720890078
0.3735955052273843
0.3783468064108889
0.38213742479324175
0.3978439258963061
0.4005603974753842
0.40272121768046276
0.404995016932138
0.40890153378500044
0.41446242458158916
0.4158569786812513
0.4171761250572731
0.4198645562148569
1.966710129361685
1.9727032446996853
1.9788583814698917
1.984901647382797
2.0008639002810127
2.0044235165375155
2.0069968611104256
2.009820017277893
2.0151188255357093
2.020420254995033
2.023025131760288
2.0272418527368865
2.0310501372408307
2.0397149359969
2.040963639179272
2.0436528774033604
2.0449252464163155
2.0688355780494283
2.069475584685555
2.0701303877876036
2.071382155433007
2.482923528356661
2.4858384518148737
2.4885878974456195
2.4913304332035184
2.5078367721543904
2.5110925594463605
2.5142461457431406
2.5166640334959647
2.5248282648951896
2.528545620842436
2.53387952999776
2.5360534354918345
2.5423212201098995
2.5439955039591946
2.547940746620897
2.549015604130746
2.5508401954840485
2.663974730281452
2.6727969382886543
2.681652957286127
2.6903056913120986
2.7171022816673003
2.726558200851661
2.7353360625312337
2.743196984040145
2.7505868127423465
2.756576380473183
2.760536475401247
2.7625949045515332
2.763713792552617
2.7724589577212853
2.7746497711124585
2.7771209918514446
2.7798176236451626
2.7931906753221925
2.7954063421766984
2.7973888603335304
2.79915750447365
-2.4349525932283225
-2.4287490262458955
-2.422513093168086
-2.4162697875493975
-2.409954089674246
-2.403763043165161
-2.3977494426566492
-2.392142712278557
-2.3893881872272984
-2.386034901002442
-2.384261780767816
-2.383361957728066
-2.382290858984404
-2.3723572427753203
-2.3716084969622493
-2.370303145121943
-2.3693967711424078
-2.3205541351114105
-2.317498423803405
-2.3153486557545517
-2.3139865098849706
-2.289299261469099
-2.289178646780643
-2.288679205861077
-2.288637276316969
-2.2790999037836714
-2.2768760997579363
-2.2765178277165488
-2.27605152602968
-2.2756402250855308
-2.272297822631327
-2.271012163042154
-2.269795356213291
-2.2686753075436967
-2.2654024223260754
-2.2639018580440595
-2.2618346762609924
-2.259275821366073
-1.3850444617844897
-1.3795487319344697
-1.3737486754198778
-1.3678989653973017
-1.345250617198135
-1.3396262351151476
-1.3379375318899727
-1.337724742624097
-1.3304726762881196
-1.3279170742330457
-1.3259705695267314
-1.3242907401854696
-1.3233054498773231
-1.3169693677231342
-1.3146161516819928
-1.313366121270264
-1.310969686468045
-1.2753943299078967
-1.2751552547253386
-1.2750199897000771
-1.2745491106999227
-1.1848330093545465
-1.184033573867559
-1.1819811643826836
-1.1810940732258746
-1.167326567528945
-1.163471913976888
-1.1629299285146626
-1.1574169445403595
-1.1555527920869548
-1.1454424463577966
-1.1445708092721847
-1.142504999889947
-1.141522180485484
-1.1135057041653371
-1.1096767891687387
-1.10495620226411
-1.1005561126955354
-0.665644717238325
-0.6652296993034799
-0.6649281276111513
-0.6645595793649172
-0.6052448265325647
-0.602135986557625
-0.599376363661125
-0.5963053808386464
-0.563472970817125
-0.5582484030942901
-0.5477263475013022
-0.5426092245133936
-0.5243116990571449
-0.5155317435881541
-0.5026184438408576
-0.4894309395782905
-0.48161367635857366
-0.3816576714755592
-0.36323919950912886
-0.3471141810095781
-0.33170063357562013
-0.26663042397777936
-0.2630560493558274
-0.2602667173249291
-0.2569003992881867
-0.2308066037575035
-0.21896444973148443
-0.21201627835195883
-0.20609412150423204
-0.20184061784385615
-0.1565980572153481
-0.1555305543202282
-0.15367183248388977
-0.15232477134296707
-0.07144556288007252
-0.0707200981896432
-0.0702352155418412
-0.06993145523700378
0.18265667194864474
0.18365078222140846
0.18527698554480693
0.18768513011610632
0.3187350415958492
0.32149999825192754
0.3248383157344698
0.32916517366090003
0.3692987514631263
0.3735910885228146
0.3783565681489807
0.38212901738263017
0.3979555722376526
0.40018545888826984
0.40340904605178574
0.40449620659638946
0.4090005530449285
0.4143824704707591
0.4159460506823913
0.41714311641035356
0.41986578713958145
1.9667101293601363
1.9727032447287896
1.9788583812168723
1.984901648415865
2.0008634080159986
2.00442836597414
2.0069840750255254
2.0098345111949594
2.0151042089231925
2.0204501657176945
2.0229951332135996
2.027252480402034
2.031049112587274
2.039694690580252
2.0409933281566417
2.043634985568133
2.0449327342427464
2.068835130464362
2.069476558545363
2.0701297844813316
2.0713822285261774
2.4829234879371476
2.485838776365106
2.4885870265782604
2.4913312672315815
2.507794494696064
2.5113654164757473
2.5136758455144093
2.517153575044814
2.524258464883048
2.5297650519049992
2.53219480112358
2.537500970915559
2.541008555471117
2.5452799441620426
2.547025778070571
2.5494867931222367
2.5507496936962286
2.6639747302823493
2.672796938285651
2.6816529572905794
2.69030569130905
2.717102281675568
2.7265582008162004
2.735336062645486
2.743196983709741
2.7505868138697966
2.7565763755743076
2.7605364948354607
2.7625948687055497
2.7637138134832195
2.7724589561504476
2.7746497726587225
2.7771209912954578
2.779817623722565
2.7931906753217466
2.7954063421771127
2.7973888603333754
2.7991575044736723
-2.4349525932283216
-2.4287490262459004
-2.422513093168081
-2.4162697875493957
-2.409954089674245
-2.4037630431651635
-2.3977494426566492
-2.392142712278558
-2.389388187227302
-2.386034901002388
-2.384261780768058
-2.383361957727763
-2.382290858984505
-2.3723572427752466
-2.3716084969623705
-2.3703031451218655
-2.3693967711424317
-2.3205541351114074
-2.3174984238034333
-2.3153486557544642
-2.3139865098850274
-2.289299256292285
-2.2891786545489627
-2.2886791884499
-2.2886372911157498
-2.279099914321481
-2.2768743393636983
-2.276522349684713
-2.2760468118785915
-2.275642204898147
-2.2722977261351125
-2.271012261178239
-2.26979530376323
-2.2686753209608224
-2.2654024218467517
-2.2639018581724684
-2.261834676252399
-2.25927582136626
-1.3850444617844906
-1.379548731934471
-1.3737486754198802
-1.3678989653973
-1.3452506171496066
-1.3396262467498958
-1.3379373153823484
-1.3377249564054774
-1.3304725704152607
-1.327917439040351
-1.3259700993003956
-1.3242908328299432
-1.3233055992454958
-1.3169692127649097
-1.3146164270388268
-1.3133659426560225
-1.310969705104246
-1.275394335329332
-1.2751552330049956
-1.2750200078993876
-1.2745491087981988
-1.1848330104131886
-1.1840335714010333
-1.1819811690881388
-1.18109406977257
-1.167326570384652
-1.1634718785459148
-1.1629299634472954
-1.1574169405112966
-1.1555527938477996
-1.1454424491007582
-1.1445708053320542
-1.1425050019809047
-1.1415221796582813
-1.113505704165322
-1.1096767891687602
-1.1049562022641064
-1.1005561126955368
-0.665644717068092
-0.6652297000096483
-0.6649281268255771
-0.6645595796146145
-0.6052448231175732
-0.6021360031672133
-0.5993763391445963
-0.5963053929094108
-0.5634729367722765
-0.5582484798952755
-0.5477261965802749
-0.5426093566829285
-0.5243116320235989
-0.5155318050366269
-0.5026184164451271
-0.48943095163731226
-0.48161367251928017
-0.38165767132535233
-0.3632392011442736
-0.3471141755746411
-0.3317006408096339
-0.26658705230756197
-0.2632521086117545
-0.25999037884938203
-0.2570297661515729
-0.23077835999947138
-0.21906399061538182
-0.21183521311259182
-0.20625725987227522
-0.20178111083480332
-0.15670908721806184
-0.15529009703969546
-0.15385874326567792
-0.1522677051755063
-0.07144604232049073
-0.07071797268584261
-0.07023833014470268
-0.06992998686547844
0.18265667222004353
0.18365078166422114
0.18527698591240518
0.1876851300342617
0.318735040989253
0.3215000013596054
0.3248383105534298
0.32916517680661184
0.369298339748878
0.3735931012514708
0.3783517185517573
0.38213347345491244
0.3978780002542098
0.40043984484692613
0.4028912297659676
0.40489512565595526
0.40892258649661356
0.4144504018489268
0.41586866483713547
0.4171725449626423
0.41986465489855357
1.9667101293674893
1.972703244576122
1.97885838270287
1.9849016415479317
2.0008684152492253
2.0043744549084006
2.007152272010393
2.009622653338592
2.0153907143102
2.0197656680376084
2.0240374461553707
2.026433326539632
2.031405222431712
2.039142429394435
2.041892586020094
2.0430522971190186
2.0450797610468734
2.0688313291633484
2.069484784935628
2.0701247322463123
2.071382814239824
2.4829234784932828
2.485838849418959
2.488586837671667
2.491331441429318
2.5077879011011293
2.5114138608194887
2.513595200258657
2.517212282117919
2.524200292089439
2.529935124657306
2.5320136748290065
2.537605522687541
2.5409233625161596
2.545355965690811
2.546967763265371
2.549502997695802
2.5507453884506583
2.6639747302821024
2.672796938286552
2.6816529572891254
2.690305691310124
2.7171022816719694
2.7265582008326943
2.7353360625890644
2.7431969838815475
2.750586813255275
2.7565763783457644
2.7605364835714514
2.7625948897420645
2.7637138011169537
2.772458957127971
2.7746497716840994
2.7771209916509614
2.779817623672297
2.793190675322057
2.7954063421768223
2.7973888603334873
2.7991575044736563
-2.4349525932283207
-2.4287490262458973
-2.422513093168089
-2.4162697875493953
-2.409954089674247
-2.4037630431651613
-2.3977494426566452
-2.3921427122785595
-2.3893881872273006
-2.3860349010024184
-2.3842617807679214
-2.3833619577279435
-2.382290858984441
-2.372357242775301
-2.371608496962277
-2.370303145121928
-2.3693967711424095
-2.3205541351114207
-2.3174984238033365
-2.31534865575473
-2.31398650988484
-2.2892995228887196
-2.289178223331293
-2.2886805653001057
-2.2886360782136435
-2.2791000222378717
-2.27685883434968
-2.276557380180318
-2.276012004639414
-2.2756576074226795
-2.272297182996159
-2.271012769426608
-2.2697950514482197
-2.2686753815567937
-2.2654024200161333
-2.2639018586299873
-2.261834676224405
-2.2592758213667987
-1.3850444617844895
-1.379548731934472
-1.373748675419879
-1.3678989653973015
-1.3452506171581482
-1.339626239776782
-1.337937480146654
-1.3377247889644797
-1.3304728020734629
-1.3279160611433425
-1.325973710331633
-1.3242854207092798
-1.3233086718806357
-1.3169689114799628
-1.3146168011987032
-1.313365738778969
-1.3109697204390933
-1.2753943593216064
-1.2751551439059843
-1.2750200795596238
-1.2745491022463529
-1.184833011630107
-1.1840335689237753
-1.1819811724081124
-1.1810940677045008
-1.1673265685611411
-1.16347191837594
-1.1629299211030577
-1.1574169522123954
-1.155552785920662
-1.145442456971977
-1.1445707954447044
-1.1425050059835562
-1.1415221782439453
-1.1135057041653196
-1.1096767891687573
-1.1049562022641046
-1.1005561126955365
-0.6656447171771789
-0.6652296995607708
-0.6649281273220123
-0.664559579457945
-0.6052448244311353
-0.6021359966888163
-0.5993763488496264
-0.5963053880398266
-0.5634729554108915
-0.5582484353281687
-0.5477262953996206
-0.5426092647908887
-0.5243116900924832
-0.515531745690858
-0.5026184476574606
-0.489430935216833
-0.48161367836820435
-0.38165767006243306
-0.3632392076233276
-0.3471141610922057
-0.3317006552348447
-0.26655085043779203
-0.26338845560840013
-0.2597926879446226
-0.25713054340031066
-0.230765204039353
-0.21910021133403978
-0.2117775122556218
-0.20630237966653914
-0.20176737676446732
-0.1566965513975065
-0.15532425235729758
-0.15382810961220347
-0.15227673320436608
-0.07144516501313186
-0.07072192941734459
-0.070232421087538
-0.06993281633752083
0.18265667205418695
0.18365078201110335
0.18527698567659082
0.1876851300891076
0.31873502461089026
0.3215000556667091
0.32483824705796477
0.3291652045881633
0.36929736079207276
0.37359752205431657
0.3783419693296866
0.38214186490974966
0.3977775492021308
0.40091977599230205
0.40223377208853806
0.40525278815823834
0.4088185523805118
0.4145370995063224
0.415774846624504
0.41720316298290105
0.4198634203377897
1.9667101293690397
1.972703244547016
1.97885838295589
1.9849016405148654
2.000868911408981
2.0043699066406178
2.0071661653640853
2.009607188705189
2.015406455378361
2.019742817983682
2.0240661765358605
2.0264158113126647
2.0314057193117607
2.039152186001151
2.0418603208275092
2.0430809643262116
2.045074619634661
2.0688317686806723
2.06948380772406
2.0701253467999257
2.071382741318883
2.4829235189120777
2.4858385248435857
2.488587708479571
2.4913306074807493
2.507829785763506
2.5111299383081698
2.5141594156811182
2.5167383941779016
2.5247559366926793
2.528655549203523
2.533706044377361
2.536203566039104
2.542212434797938
2.544091965050943
2.5478933340055683
2.5490462295336718
2.550836989845069
2.6639747302812045
2.6727969382895576
2.6816529572846735
2.690305691313172
2.7171022816637045
2.7265582008681584
2.735336062474813
2.7431969842119535
2.750586812127825
2.756576383244654
2.7605364641374606
2.762594925588471
2.763713780185699
2.772458958698809
2.774649770137835
2.7771209922069477
2.779817623594893
2.7931906753225046
2.7954063421764075
2.7973888603336463
2.7991575044736314
-2.4334054824861417
-2.4271924205040376
-2.4209515043851164
-2.414713270255116
-2.40839665444557
-2.402237272141911
-2.396294731190369
-2.390895781720428
-2.390313681219914
-2.385201715811775
-2.385058386850757
-2.3827968947962734
-2.382534208816056
-2.372230386224101
-2.371305358989543
-2.370003338255359
-2.3693109521799296
-2.3197066146632315
-2.3168770016841083
-2.3149433282713368
-2.3137399269682257
-2.289324284419586
-2.2891086897562607
-2.288862616097752
-2.288478732848818
-2.2785994041202544
-2.2766594473700357
-2.276530197902605
-2.2759028697270667
-2.2755634832814757
-2.2720054968330468
-2.2706848201390404
-2.269545509244559
-2.268459942585477
-2.265076693989835
-2.263438674554481
-2.261234412481622
-2.2585839613294
-1.3863527182583408
-1.3809584108982782
-1.375215322669706
-1.3693483183695785
-1.346878930880745
-1.3407875617645113
-1.3380016164394946
-1.3377870220515375
-1.3288728713632205
-1.3276639539607638
-1.3264277634414692
-1.3230982081632723
-1.3228981086365097
-1.3172887752589792
-1.3142109695961153
-1.3134643842072298
-1.3106279479412282
-1.2752558032244756
-1.2751810715683969
-1.2749307584402165
-1.2745721745031178
-1.1849759503665274
-1.1833279570148012
-1.1826358189266535
-1.1808104657276226
-1.1672524905619304
-1.1644191700616966
-1.161623590410891
-1.1581853369125745
-1.1560772468649765
-1.1440796620926266
-1.14392042851989
-1.143207750676439
-1.141364943853152
-1.1126417197344374
-1.1085469277091289
-1.1037752755745696
-1.0996237552774002
-0.6656480537492759
-0.6651832098957706
-0.6650144946164916
-0.6645535562865772
-0.60476049938212
-0.6035488586122822
-0.5979927606782754
-0.5972462599134414
-0.5620609922748628
-0.5603246488966585
-0.5469011531398053
-0.5425376277816297
-0.5260602045369712
-0.5117046677608237
-0.5065506389836292
-0.49224897816759006
-0.48304942037418575
-0.386421040604158
-0.3676312542214683
-0.3509897514839474
-0.3355648152348307
-0.266662321800806
-0.26285996365513403
-0.2605080929789564
-0.2570899331109384
-0.23097422989143868
-0.21879952749858683
-0.20990187019678128
-0.20719370026565329
-0.20160157757102168
-0.1562895953891893
-0.15505415409117504
-0.1530178302111144
-0.15229661817032697
-0.07125717118547018
-0.07056423345526791
-0.07027214837701475
-0.0699260558767066
0.18249316186665113
0.18334796720116567
0.18480442676999434
0.18699811673332403
0.31809905805380534
0.3207817487304638
0.3239189343704437
0.3279935194410196
0.36851662876973723
0.3725012795428602
0.37717413367165803
0.38147745276156264
0.39726218297954435
0.40088414926388266
0.40219651747187685
0.40514750186277315
0.40884425362486215
0.4147662167339045
0.4160938147209912
0.41762628861934786
0.42074746069664365
1.9652668350274443
1.9711803597240831
1.977318701688953
1.983418477354939
2.0001196496112676
2.0037166879875574
2.0065702185776315
2.0091072579682803
2.014936340400186
2.0193458927427836
2.023623439462362
2.0261009987653393
2.0309809957312797
2.039224570693748
2.041866587214058
2.0432359021413804
2.045243901253646
2.0687522295732044
2.0694039630289693
2.069919724981712
2.071017953445333
2.4821920167454774
2.485141887491427
2.4879055636708234
2.4906552957797676
2.5072206998890434
2.5106004131581896
2.5137314199048677
2.516279441924668
2.5245519959096354
2.528479068883281
2.533718051883842
2.5360038920757657
2.5422010314600936
2.54419421376419
2.5480638784176053
2.54914754360892
2.5510614462085326
2.666164422917926
2.675016929686499
2.683844500179167
2.6924090388546733
2.719517776054345
2.7288243430461745
2.737398536429654
2.74497873105575
2.752027176318857
2.757741760910043
2.7612236603011313
2.7628596387365576
2.763930323928646
2.772997942644226
2.77523471973017
2.7777836110531244
2.780484993103711
2.7937668624564025
2.7959233758146196
2.7978499340202605
2.7995696015047535
-2.4334054824861435
-2.4271924205040403
-2.420951504385118
-2.4147132702551186
-2.4083966544455717
-2.4022372721419187
-2.396294731190367
-2.3908957817204484
-2.390313681219885
-2.3852017158138175
-2.3850583868485007
-2.3827968947975253
-2.3825342088150254
-2.372230386224216
-2.371305358989319
-2.370003338255541
-2.3693109521798537
-2.319706614663245
-2.316877001684003
-2.314943328271594
-2.3137399269680587
-2.289324299693826
-2.2891086486700765
-2.288862650074339
-2.288478724675916
-2.2785993836516716
-2.2766663441979156
-2.276520498829922
-2.275908416107218
-2.2755607207790987
-2.2720056021526474
-2.2706847010074047
-2.2695455793170587
-2.2684599247729555
-2.2650766944996894
-2.2634386744330426
-2.2612344124893555
-2.2585839613292276
-1.3863527182583426
-1.3809584108982755
-1.3752153226697061
-1.3693483183695774
-1.3468789308985476
-1.340787559820308
-1.338001692074245
-1.3377869449017734
-1.3288728330777895
-1.3276644397287793
-1.3264268756878825
-1.3231062734403152
-1.3228903247636083
-1.3172891497863066
-1.31421020915272
-1.3134649594631846
-1.3106279209086358
-1.275255703811168
-1.2751812159121962
-1.2749307028293115
-1.2745721851844984
-1.1849759493064036
-1.1833279665832
-1.1826358074867969
-1.180810468861832
-1.1672524880606239
-1.1644191744803787
-1.161623589295181
-1.158185332640106
-1.1560772505528285
-1.1440794903090667
-1.1439206401921307
-1.1432077081820102
-1.1413649460392117
-1.1126417197344232
-1.1085469277091293
-1.1037752755745673
-1.0996237552774017
-0.6656480535984012
-0.6651832109591236
-0.6650144935205371
-0.6645535564700985
-0.604760494688773
-0.6035488665637965
-0.5979927344694821
-0.5972462832414933
-0.5620609186526183
-0.5603247456633794
-0.5469010320567095
-0.5425377505677385
-0.5260601485784533
-0.5117047795447507
-0.5065505428387787
-0.492248999154004
-0.48304941444301175
-0.38642104175147085
-0.36763124879221964
-0.35098976312204855
-0.33556480428477037
-0.266691337777946
-0.26267297356608954
-0.2607415068801967
-0.2570114470090171
-0.2309865506591552
-0.21876384725958786
-0.2100206162744212
-0.2070816159653319
-0.20162144421658154
-0.15625913061743052
-0.1551145358343817
-0.15294363003670133
-0.15234078241243373
-0.07125709438607454
-0.07056469400124601
-0.07027159080564933
-0.06992622965646578
0.18249316134679303
0.18334796823877364
0.18480442610985207
0.18699811687575632
0.3180990595268452
0.3207817422005002
0.32391894407841904
0.3279935141609295
0.3685171711106163
0.37249896452806397
0.37717879889449984
0.3814734019920073
0.39731066341602994
0.4005628610138356
0.4026554132411741
0.40490558577988395
0.40891641811778057
0.4147086104085925
0.41615383065310346
0.41760811680572757
0.42074804538731714
1.965266835019726
1.9711803598725404
1.9773187003470545
1.9834184831708817
2.0001149731534884
2.003767875580195
2.00640677128386
2.009318434113157
2.0146410966136523
2.0200678834209516
2.0225423443037296
2.0269441176998786
2.0306151680130253
2.039801381449473
2.0409717927674427
2.043786086330854
2.04509445987097
2.0687581701145517
2.0693891195041507
2.069929891383831
2.0710167433607425
2.4821920214343254
2.485141852673917
2.487905649327342
2.490655221471316
2.5072221692826426
2.5105943010330884
2.513741182602193
2.516274480815523
2.524543566013562
2.5285051545442743
2.5336410951108
2.536087421553482
2.5421100271497687
2.5442891141854327
2.547989880671523
2.5491995272965635
2.551055195610365
2.6661644229183414
2.675016929684957
2.683844500181695
2.6924090388527824
2.7195177760617426
2.728824343008851
2.7373985365711615
2.7449787305801276
2.752027178196154
2.7577417508682207
2.7612237053943236
2.7628595640201437
2.7639303627114233
2.772997940726013
2.7752347215820548
2.7777836103940112
2.780484993198901
2.7937668624557612
2.795923375815237
2.7978499340200185
2.7995696015047895
-2.433405482486137
-2.4271924205040385
-2.4209515043851164
-2.4147132702551195
-2.4083966544455713
-2.402237272141913
-2.396294731190368
-2.3908957817204355
-2.3903136812198955
-2.385201715812838
-2.3850583868495896
-2.3827968947968805
-2.3825342088155583
-2.3722303862241345
-2.3713053589894715
-2.370003338255415
-2.3693109521799083
-2.3197066146632155
-2.316877001684264
-2.314943328270909
-2.313739926968533
-2.2893240504555097
-2.2891093456610516
-2.288862044624697
-2.2884788833653107
-2.2785990644411265
-2.2767163300202204
-2.2764363741006033
-2.275967017748267
-2.2755362771776326
-2.2720063391256846
-2.2706839513146067
-2.269545985043057
-2.2684598290781253
-2.265076696734452
-2.263438673945012
-2.261234412517257
-2.2585839613286773
-1.3863527182583426
-1.3809584108982793
-1.3752153226697064
-1.3693483183695765
-1.3468789308908096
-1.3407875618565
-1.3380015762950495
-1.3377870667361267
-1.3288714715606513
-1.3276688610249
-1.3264223254876522
-1.323122735643495
-1.3228751499318006
-1.3172895060814254
-1.3142097420542511
-1.3134652737398438
-1.310627912404808
-1.2752555612639647
-1.2751814202311438
-1.2749306272916998
-1.2745721989471774
-1.1849759486648053
-1.183327970802724
-1.1826358031736643
-1.1808104695430048
-1.167252491835384
-1.1644191610745738
-1.161623608118772
-1.1581853156358421
-1.1560772587435657
-1.144079434149122
-1.1439207072297852
-1.1432076966155145
-1.1413649464030167
-1.1126417197344307
-1.1085469277091307
-1.103775275574567
-1.099623755277401
-0.6656480534938559
-0.6651832117047654
-0.6650144927487347
-0.6645535566008557
-0.6047604866026781
-0.6035488803235892
-0.5979926884960088
-0.5972463242034061
-0.5620608044174589
-0.5603248939279473
-0.5469008658664245
-0.5425379125197984
-0.5260600859335517
-0.5117048864293703
-0.5065504562478347
-0.4922490150054692
-0.4830494104793958
-0.38642104167145386
-0.36763124989823825
-0.3509897593099657
-0.3355648092079508
-0.2666571474917958
-0.2628985184819822
-0.26045059619111893
-0.2571157159898446
-0.23096485494792876
-0.218834851545284
-0.2097489560928629
-0.20734523197118557
-0.20157512116665122
-0.1563483148137299
-0.15492333959455198
-0.1531664491621419
-0.15222031868682856
-0.07125877040683373
-0.07055312426512705
-0.07028601147730493
-0.06992170294645353
0.18249316167864033
0.18334796756594246
0.18480442654940787
0.1869981167771128
0.318099083280918
0.320781662457975
0.3239190364013426
0.3279934751768423
0.3685183673404998
0.37249422844695007
0.3771876177775273
0.3814662643007737
0.3973828006226646
0.40025549693783535
0.4032438312280166
0.4044909376245311
0.4089969013197472
0.41465000597371643
0.4162145067415231
0.41758829875999637
0.4207486269245488
1.9652668350189788
1.9711803598840012
1.9773187002702355
1.9834184833889843
2.0001150489225368
2.0037663988131045
2.0064125024260364
2.0093089638707413
2.0146589285130294
2.019998046877528
2.022641504919688
2.0268668965070145
2.030660838375689
2.0396862850498954
2.041122990487105
2.043711188738749
2.0451228024711505
2.0687567347874376
2.0693926721332243
2.069927463765469
2.071017042153555
2.4821919769953142
2.4851422113064032
2.4879046896621455
2.490656133705072
2.507180975649916
2.510865946863333
2.513184984920054
2.516744612519238
2.5240033440591425
2.529746552402225
2.5319663137463033
2.5374804482817583
2.5409170046660297
2.5454623510502503
2.5470987986657905
2.5496272029484417
2.5509743133346796
2.666164422919318
2.6750169296815614
2.683844500186922
2.6924090388490898
2.719517776073917
2.72882434295071
2.737398536780912
2.7449787299048505
2.752027180758472
2.7577417375882547
2.761223763905707
2.762859467940917
2.7639304122879103
2.772997938390948
2.7752347238094863
2.777783609611973
2.7804849933102247
2.7937668624550587
2.795923375815902
2.797849934019762
2.799569601504828
-2.4334054824861395
-2.427192420504046
-2.420951504385117
-2.4147132702551195
-2.408396654445574
-2.4022372721419125
-2.396294731190368
-2.39089578172042
-2.3903136812199266
-2.3852017158107897
-2.3850583868518505
-2.3827968947956357
-2.3825342088165953
-2.37223038622402
-2.371305358989685
-2.3700033382552346
-2.3693109521799793
-2.319706614663209
-2.3168770016843747
-2.314943328270656
-2.313739926968703
-2.289324035117224
-2.289109386667214
-2.288862010779348
-2.288478891551059
-2.2785990849350064
-2.2767130766149415
-2.2764431784718524
-2.275961242865253
-2.2755385194572995
-2.2720062338641007
-2.2706840704207507
-2.2695459149235586
-2.2684598468842663
-2.2650766962246
-2.263438674066456
-2.261234412509525
-2.258583961328846
-1.3863527182583424
-1.3809584108982784
-1.3752153226697035
-1.3693483183695756
-1.3468789308730065
-1.3407875638006939
-1.3380015005760295
-1.337787143970145
-1.3288715101356094
-1.3276683785917707
-1.3264232106179592
-1.323115738232531
-1.3228818649700789
-1.3172891315683417
-1.3142105030700897
-1.313464697865157
-1.3106279394368534
-1.275255661183626
-1.275181275419741
-1.2749306828656202
-1.2745721882640202
-1.1849759497249301
-1.1833279612344483
-1.1826358146134073
-1.180810466408788
-1.1672524943366769
-1.164419156655873
-1.161623609234514
-1.1581853199083367
-1.1560772550556764
-1.144079606074816
-1.1439204954178022
-1.143207739107547
-1.14136494421695
-1.112641719734445
-1.1085469277091191
-1.1037752755745667
-1.0996237552774004
-0.665648053644737
-0.6651832106414197
-0.6650144938446773
-0.6645535564173335
-0.6047604912961184
-0.603548872371998
-0.5979927147076097
-0.5972463008725325
-0.5620608780517943
-0.5603247971494442
-0.5469009869573781
-0.5425377897257464
-0.5260601418921479
-0.5117047746485042
-0.506550552389379
-0.4922489940190052
-0.48304941641056004
-0.38642104052414294
-0.3676312553274858
-0.35098974767185803
-0.33556482015801564
-0.2666268767210422
-0.2630552044281615
-0.26024047038575576
-0.2572024695513389
-0.23095248342629854
-0.21886994180368893
-0.20960534441364906
-0.20748213659914777
-0.20155594390277023
-0.15637303164721794
-0.154861948468329
-0.15323179575500515
-0.1521917653553329
-0.07125884642620374
-0.07055262406342797
-0.07028660133439528
-0.06992153731671258
0.1824931621984998
0.18334796652833227
0.18480442720954782
0.18699811663467958
0.31809908180781993
0.3207816689876919
0.32391902669353295
0.32799348045706855
0.36851782430480823
0.37249653908410163
0.3771829459902489
0.3814703258138451
0.3973298590896291
0.40048132872163655
0.4027740843262491
0.40483971641134625
0.4089284052572114
0.41470408611409615
0.4161573402912589
0.417607384933645
0.42074804303126206
1.9652668350266982
1.9711803597355413
1.9773187016121343
1.983418477573043
2.0001197260112056
2.003715307867191
2.0065765649614753
2.009097461070211
2.014956262440378
2.019297696218283
2.0237352554750045
2.0259948552585056
2.0310193905106035
2.0391650904910676
2.042019381152957
2.0431118023585824
2.045263660105896
2.068750836488392
2.0694075847541935
2.0699171876678895
2.0710182505948933
2.48219197230685
2.4851422461368857
2.487904604033469
2.4906562079746677
2.5071795811506146
2.510873584746151
2.5131751502860293
2.516748025054606
2.5240093708849494
2.5296986186093657
2.532033562687069
2.537414807074183
2.5409880564938203
2.5453699659412647
2.5471816268255063
2.549598212569006
2.5509822680016674
2.666164422918902
2.6750169296831077
2.683844500184396
2.69240903885098
2.7195177760665215
2.728824342988035
2.737398536639401
2.7449787303804736
2.7520271788811757
2.7577417476299666
2.7612237188091746
2.762859542655374
2.7639303735105507
2.7729979403091605
2.775234721957599
2.777783610271088
2.780484993215036
2.7937668624557
2.795923375815284
2.7978499340200025
2.7995696015047917
