-2.861860799876714
-2.861860502398646
-2.861860326781122
-2.527252131918355
-2.527243504826483
-2.527240010080149
-2.2180385934261344
-2.218017007026868
-2.2178860530101723
-1.9383131056359122
-1.9374100834178243
-1.936960161992862
-1.6943953787701225
-1.690901138793168
-1.6867355957219152
-1.4968222578213293
-1.4855763111285176
-1.4695931063678178
-1.3522830551239964
-1.3157996565497707
-1.2924206413791282
-1.223266045568186
-1.1982411219789184
-1.1671980870540064
-1.1483106034375123
-0.9727805159345769
-0.970223433600518
-0.9667926031082562
0.3737400472818859
0.3746883568821514
0.3755423158842497
0.703135633063231
0.7109426135881177
0.7177333277689933
0.8809376326685716
0.9104841212621458
0.9346317066248011
0.9946992027045574
1.062634750882756
1.088954270873928
1.1322975180521804
1.2519033626781326
1.2694655422134302
1.2826724202188953
1.4660047195370796
1.4710896055406302
1.476689095536249
1.7014715352087453
1.7029271571065445
1.7041583329053376
1.956713829001195
1.9569365183272742
1.9572114984255666
2.229556241810712
2.229591021022022
2.229618989311449
2.517888906167842
2.517891175284242
2.5178937403366315
2.8196957762921357
2.8196958668884955
2.819695955684578
-2.8618608159289187
-2.8618604430646446
-2.8618603700629155
-2.527250334813633
-2.5272470467385433
-2.5272382652727696
-2.2180596985257015
-2.217986940662755
-2.2178950143111926
-1.9383330026137513
-1.9373392578340989
-1.9370111069115608
-1.6935110936472584
-1.6922677944231783
-1.6862473124819444
-1.4987917127219936
-1.4791714287358178
-1.4743523939207868
-1.3481351186075663
-1.3252847632944558
-1.2838070785299285
-1.2316013941743795
-1.1852560059128008
-1.1767221980770115
-1.1463883220065603
-0.9733193139044523
-0.9691168321412487
-0.9673667734088511
0.373657350576733
0.3749108813990878
0.3754024547447942
0.7036570697967489
0.7097928166146013
0.7183810149647281
0.8802756049397923
0.9128291783327673
0.9324172262131905
0.9955716290968414
1.0615826020533299
1.089834457469859
1.1320977865621364
1.2519517333323447
1.2694118664178853
1.282689033336377
1.4660129872027696
1.4710754726594137
1.476695078477122
1.7014701378298465
1.7029301543677662
1.704156732063706
1.9567151010801576
1.956934239424656
1.9572125052798897
2.22955601908285
2.2295915271962374
2.2296187058649246
2.517888916257718
2.517891156374953
2.517893749156046
2.8196957770315367
2.8196958654130904
2.819695956420581
-2.861860761016085
-2.861860580820635
-2.861860287219764
-2.527250362200452
-2.527247009015048
-2.527238275609425
-2.2180751077792404
-2.2179432092310494
-2.217923336584229
-1.9381558148143267
-1.937724420058371
-1.9368030805975391
-1.694609669314623
-1.6904544637412067
-1.686968699194429
-1.497294342297583
-1.4843993186919748
-1.4704044948237043
-1.3507142489491695
-1.320410955621393
-1.2877831470323249
-1.2281980609280223
-1.1914366206933857
-1.171828368505362
-1.1470361605059354
-0.9731963944105031
-0.9694343001478759
-0.9671703429254412
0.3737307104285899
0.3747087210751
0.3755312862741811
0.7031093164386223
0.7110161403244555
0.717683943901436
0.8810872153052405
0.9099380884805971
0.9352115811275945
0.9943510696322766
1.063270250181344
1.088326004673974
1.1324765319368786
1.2517497621017677
1.2697120915847369
1.282559820110837
1.4660185764559235
1.471066600095551
1.4766985344560766
1.701468917500083
1.7029327981121154
1.704155308220169
1.956716620511133
1.9569315533729212
1.9572136719355135
2.229555785704763
2.229592073269995
2.2296183931690607
2.5178889160097264
2.5178911568376856
2.5178937489413022
2.819695776995499
2.8196958654841753
2.819695956385538
-2.8618607202370447
-2.86186063781598
-2.861860271003463
-2.527252142406996
-2.527243468261226
-2.5272400361567566
-2.2180662053571107
-2.217973849420539
-2.2179015987803843
-1.9381044014281936
-1.9377964461204318
-1.9367824516087715
-1.695020762942701
-1.6888442147716447
-1.6881737655455515
-1.4930185496279669
-1.491153230638138
-1.467598877733778
-1.3541120797941273
-1.3075306784630332
-1.3002648057593744
-1.217821965482825
-1.2041122842607768
-1.164615948043875
-1.1492777697796837
-0.9725697559264216
-0.9705394585527349
-0.9666854568098378
0.37384057934771936
0.3745031404500544
0.37562703130780223
0.7026893734723052
0.7123144790623616
0.716786239696481
0.8818213856781593
0.9078855134112863
0.9370882687854667
0.993464040417826
1.0644167186181928
1.0873453885587125
1.1326701446588592
1.2517024290855263
1.2697653443234351
1.2825425734992912
1.4660102845685719
1.471080744832278
1.4766925638823127
1.7014703113099083
1.7029297989603305
1.7041569145214348
1.9567153230239693
1.956933844496721
1.9572126782682062
2.22955600385352
2.2295915623007545
2.2296186859897125
2.5178889059230847
2.517891175746006
2.5178937401196237
2.8196957762569763
2.8196958669595706
2.8196959556486645
-2.8618607200307045
-2.861860638068533
-2.8618602709572447
-2.527252144472443
-2.52724346096149
-2.527240041391042
-2.218066153395452
-2.2179739679378265
-2.2179015322244533
-1.9381060224554745
-1.9377943136617461
-1.9367829632715088
-1.6950178593189027
-1.6888764765622926
-1.6881443662672824
-1.4930957013793353
-1.4910676474208413
-1.4676082462995776
-1.3541110608869722
-1.307472954010079
-1.3003341408403648
-1.2176894819063468
-1.204275383157722
-1.164532855058271
-1.1493189745690136
-0.9725275768396118
-0.970599578139443
-0.9666673012447768
0.3737561889682516
0.3746545658117659
0.37555997312547507
0.7028822635759268
0.7116735306705718
0.7172405394017005
0.8819335187417682
0.9072378457508247
0.9381609032176536
0.99223395926279
1.0693330582707914
1.0819645654731862
1.1340494210930374
1.2496122148825637
1.2751641842275647
1.278993323884032
1.4680301730771517
1.4684322628663955
1.477333961418616
1.7013002189362458
1.7034959305046962
1.7037606639657004
1.9567805130026912
1.956841948346925
1.9572393857632857
2.2295527641154065
2.229602606442995
2.229610881582588
2.5178894652173365
2.517890335490102
2.5178940210812835
2.819695765040007
2.819695898011228
2.8196959358139777
-2.8618607998152847
-2.8618605025640065
-2.861860326677183
-2.527252134788928
-2.5272434948445452
-2.527240017191518
-2.218038313437536
-2.2180173326285098
-2.217886007396802
-1.9383136301248334
-1.9374084679215342
-1.9369612532254614
-1.6943902178966261
-1.6909113567611813
-1.6867304885738985
-1.4968419270517364
-1.4855359331960016
-1.4696160882866172
-1.3522639155527865
-1.3158500685130334
-1.292380775076379
-1.2232713526492247
-1.1982536209895267
-1.1671751817433755
-1.148322208559476
-0.9727575899264931
-0.9702605119255685
-0.9667783154102968
0.37367413134395455
0.3748548158728507
0.3754417486000984
0.7033435747207729
0.7104663151242046
0.7180059967312359
0.8811795850210096
0.9092262906271407
0.9363499362195216
0.9931134269372923
1.0676588512393224
1.083465541078662
1.133890413240865
1.249644921410669
1.2750730143933
1.279061498406171
1.46798412916676
1.4684804720996993
1.4773317911937287
1.7012990246697894
1.7035074270239865
1.7037503619548728
1.9567886143763094
1.9568327940004366
1.9572404387866922
2.2295526570540787
2.2296034300389818
2.2296101650477986
2.517889500665413
2.517890292107077
2.5178940290162264
2.8196957650751067
2.8196958978532116
2.8196959359368927
-2.8618608158720664
-2.861860443410487
-2.8618603697739333
-2.527250343105547
-2.5272470353289105
-2.5272382683904855
-2.2180596145807776
-2.2179870911331303
-2.21789494778538
-1.938333497111445
-1.9373372093926216
-1.9370126610759675
-1.6934954861492626
-1.6922870965775032
-1.6862435650064567
-1.498809224190067
-1.4790350981540354
-1.4744755695838647
-1.3480435295206277
-1.3254590561607547
-1.283639066648794
-1.2318017476725962
-1.1844717123718889
-1.1774483190753577
-1.1463267411832354
-0.97335344725946
-0.9690094770112336
-0.9674403992036043
0.3737538445378316
0.3746593747371897
0.37555750737736227
0.7028659920895151
0.7117319675442294
0.717196522169381
0.8821074188985026
0.9067430231225346
0.9387001723769673
0.9918465631606245
1.0707920733111853
1.080525924589475
1.1342190847427418
1.2495106776435057
1.2756231962391291
1.2786166469514917
1.4680260505764753
1.4684367784183423
1.4773336376875383
1.7012963714657177
1.7035364195180986
1.7037240198847663
1.9567964079558147
1.9568243250670736
1.957241114175114
2.2295525064351582
2.2296050899839375
2.2296086557216244
2.5178895478837147
2.5178902356265187
2.5178940382784845
2.81969576560613
2.819695895581977
2.8196959376771025
-2.861860760917334
-2.8618605809799256
-2.86186028715922
-2.527250368274466
-2.5272470006016454
-2.5272382779488196
-2.2180750635244575
-2.217943543379887
-2.217923046689841
-1.9381569630760342
-1.9377227148098153
-1.9368036378111109
-1.694605820803726
-1.6904636632968657
-1.6869633042761407
-1.4973124592565201
-1.4843545704324896
-1.4704341942879673
-1.3506667272597854
-1.3205329527609058
-1.2876548153060876
-1.2283533820099772
-1.1911516534751898
-1.1720600408487234
-1.1469846418021914
-0.973227449518047
-0.9693584854114944
-0.9672154268112161
0.3738676624091045
0.37446076341089274
0.3756423329210103
0.7024805938007318
0.7133784442353465
0.7159159094988601
0.8829663601653764
0.9048348251872387
0.9403601603778613
0.9909427284863076
1.0744204274321156
1.0770648590607195
1.1343741235466092
1.249478296677255
1.2757408435168645
1.278521654156258
1.468085366626731
1.4683752988888468
1.4773358060687034
1.7012975603474907
1.7035221203732214
1.703737129905863
1.9567854209585083
1.956836358352055
1.9572400678369055
2.229552612304468
2.229603833684457
2.2296098061519256
2.5178895073441816
2.517890284029275
2.5178940304152566
2.819695765570525
2.8196958957279263
2.819695937566758
-2.861860761044378
-2.86186058077497
-2.8618602872371337
-2.527250359038833
-2.5272470133892324
-2.527238274396862
-2.218075120992716
-2.2179431075594223
-2.2179234250424598
-1.9381556645669311
-1.937724642786732
-1.9368030080858356
-1.6946107588155184
-1.690451803653738
-1.6869702863671034
-1.4972846203849552
-1.4844236874303631
-1.4703880753888452
-1.3507411064909594
-1.3203433908577873
-1.287851429170723
-1.2281231156661423
-1.191562393060474
-1.1717309340947435
-1.14705704406423
-0.9731885061289387
-0.9694527738976549
-0.9671596623414295
0.37373171041504705
0.3747065362627859
0.37553247076752166
0.7031765811107845
0.7108378063765252
0.717799406947728
0.880793139281626
0.9110602186054796
0.9339974508214574
0.9951169022921507
1.061762296316089
1.0898904475836309
1.1319728405842617
1.2523569068768354
1.2687090855396241
1.283020965235189
1.4658565416843783
1.4713557572914486
1.4765691460889376
1.701506349472638
1.7028562640991853
1.704194445071923
1.9567070162384446
1.9569492260340646
1.9572056032385374
2.2295568228705864
2.2295897611750575
2.2296196680990126
2.5178888443804084
2.517891295983499
2.5178936814248094
2.8196957793069997
2.8196958610825225
2.819695958475687
-2.861860720296365
-2.861860637743319
-2.861860271016802
-2.5272521416989813
-2.527243470757812
-2.527240034368186
-2.21806622130288
-2.2179738129946873
-2.2179016192605623
-1.9381041150964402
-1.9377968216497106
-1.9367823623790084
-1.6950212172290122
-1.6888387016238104
-1.688178834811642
-1.4929275143233616
-1.491255438970678
-1.4675850778109596
-1.3541501481643536
-1.3069421914063075
-1.3008747285305913
-1.2172948848342962
-1.204721169148429
-1.1643496755726888
-1.1494059050473835
-0.9724602010040707
-0.9706928953291385
-0.9666410203564838
0.37365338839164963
0.3749255392302429
0.3753917579566628
0.7037052137653345
0.709696552047436
0.7184315160914149
0.8801296317679095
0.9135710385769901
0.9316182562244785
0.9959925140548656
1.0607839345330359
1.0906768957201407
1.131794361343292
1.2523689485789524
1.2687126898279464
1.2830124307630362
1.4658552268250706
1.471359433588719
1.476566878149438
1.7015072043508677
1.7028546804367208
1.704195176449253
1.9567089684013805
1.9569454872245824
1.9572073899359155
2.229556634207578
2.2295901612542033
2.2296194566826895
2.5178888421584036
2.5178913004951977
2.5178936791351125
2.819695778517086
2.819695862552347
2.819695957795777
-2.861860799879317
-2.8618605023916355
-2.8618603267855294
-2.5272521322892105
-2.5272435035394474
-2.5272400109963304
-2.218038601855592
-2.218016997196016
-2.2178860544115953
-1.9383130020979806
-1.9374104012838798
-1.93695994762181
-1.6943956646223728
-1.690900610366406
-1.6867358370224022
-1.4968267629199261
-1.4855661716821307
-1.4695996497225516
-1.3522697082556547
-1.3158493078827482
-1.292368731022842
-1.2233281522720831
-1.1981619681782973
-1.1672473768782123
-1.1482929945960172
-0.9727881657301418
-0.9702111264349758
-0.9667973247938496
0.3737327975050414
0.3747041416400145
0.37553377850806563
0.7031546253354699
0.7108963890318684
0.7177610850467547
0.880927515862333
0.9105172545421952
0.9345941425330038
0.9947405915436835
1.0624650180691166
1.0891804686770734
1.132193032349785
1.2521790104940187
1.268967064011434
1.282917803606328
1.465847426952358
1.471374114942334
1.4765599483111336
1.7015029911368555
1.7028630364561652
1.7041910320650875
1.9567105220850582
1.95694257007987
1.957208753451381
2.2295565102200072
2.2295904287479225
2.22961931317644
2.5178888575497815
2.517891269501765
2.517893694737168
2.8196957785761247
2.8196958624413058
2.819695957847772
-2.8618608159324332
-2.8618604430431818
-2.861860370080865
-2.5272503344393544
-2.5272470472529815
-2.527238265132601
-2.2180597026876123
-2.217986933191661
-2.2178950176204064
-1.9383329281469877
-1.9373395655955916
-1.937010873575397
-1.6935136635537338
-1.6922646251853566
-1.6862479167191107
-1.4987950270696944
-1.4791392167082977
-1.4743829827830133
-1.3480799517245896
-1.3254006455633587
-1.2836769948465612
-1.2317819867853876
-1.1844651686369605
-1.1774664738558016
-1.1463214390934813
-0.97336594693229
-0.9689665677088103
-0.967470928864588
0.37383884113493415
0.3745060046227132
0.37562590376230287
0.7027302590965188
0.7121571321451678
0.716905239134415
0.8816612553266477
0.9083745551733047
0.9365618300763614
0.9938511141773496
1.063517449972023
1.088312983531807
1.1323654920116157
1.252167092548661
1.2689631666785175
1.2829264955074018
1.465848735605567
1.4713704360490814
1.4765622250525117
1.7015021439612648
1.70286461948506
1.7041902936186883
1.956708532391658
1.9569463178295645
1.957206995344257
2.22955669673386
2.229590027796771
2.229619527613925
2.5178888598145157
2.5178912649913223
2.5178936969828762
2.819695779367714
2.8196958609709277
2.819695958526568
-2.8618608159892576
-2.8618604426945224
-2.8618603703727077
-2.5272503260914436
-2.527247058714614
-2.527238262018877
-2.218059786340053
-2.217986782856131
-2.2178950843038545
-1.9383324326423617
-1.9373415943133374
-1.9370093401416482
-1.6935287421692125
-1.6922458427428377
-1.6862516733651718
-1.4987774616842526
-1.4792706595268774
-1.474264748196719
-1.348171139972136
-1.3252265557970364
-1.2838451180307535
-1.231581646843082
-1.1852517500074886
-1.1767381833314596
-1.1463829750998118
-0.9733321343236246
-0.9690771233013226
-0.9673937818587475
0.373716769182133
0.37474094649970746
0.3755129939063136
0.7034678771920334
0.7101560144216247
0.7182051561028696
0.8799281750582508
0.9154552767545721
0.9293103093716584
0.9975868938967096
1.0573556759671174
1.0947426936107234
1.1299441263459233
1.2563942530797627
1.263222860414624
1.284737517768262
1.465071730463745
1.4733930196812204
1.4753037099082562
1.7018321599988784
1.702357308532017
1.7043678019247503
1.9566759662692674
1.9570273189895115
1.9571585588934026
2.2295624641754186
2.2295802216119625
2.229623566360467
2.5178885537170577
2.5178920862521657
2.5178931818194847
2.8196958042085147
2.8196958255283637
2.8196959691283303
-2.8618607611429363
-2.8618605806158186
-2.8618602872977283
-2.527250352921786
-2.5272470218424004
-2.5272382720607416
-2.2180751651754083
-2.2179427604449673
-2.2179237279745627
-1.9381545070466308
-1.9377263560324414
-1.9368024521337026
-1.6946145924446256
-1.6904425890741184
-1.6869757111910235
-1.4972663688820649
-1.4844683430969687
-1.4703586022677753
-1.3507882623676302
-1.3202207650185664
-1.2879804581715917
-1.2279663931920215
-1.1918418593204088
-1.1715058232463251
-1.1471092016484916
-0.9731564486283678
-0.9695265914790125
-0.9671175780102139
0.37363752562460084
0.37499478802034625
0.3753383628373226
0.704090306627769
0.7089960483418811
0.718761954033949
0.8793320426258723
0.9210418670033907
0.9238236381893339
0.998474517257601
1.0564632544665007
1.0954502260966128
1.1297094448575744
1.256429286240614
1.2632033873157624
1.2847306723529683
1.4650785717705783
1.47336473488865
1.4753253696506479
1.7018352186414072
1.7023535170265465
1.7043685361794663
1.9566770201502393
1.9570235517298964
1.9571612723030098
2.22956195465625
2.229580949170902
2.2296233483204744
2.5178885506510027
2.5178920993323057
2.517893171805411
2.819695804021607
2.8196958257433082
2.819695969100296
-2.8618607205011397
-2.861860637492296
-2.8618602710630467
-2.527252139631262
-2.527243478032459
-2.52724002916125
-2.2180662731453356
-2.2179736943653947
-2.2179016860477043
-1.9381024687840753
-1.9377989783384442
-1.9367818517713213
-1.6950241144610203
-1.6888027422574967
-1.6882119380572713
-1.4928311458938488
-1.491360212780049
-1.4675757351646894
-1.3541511687176504
-1.307010649985003
-1.3007946945055662
-1.2174360645483921
-1.2045497881445015
-1.1644330871809279
-1.1493639309470138
-0.9725062348494787
-0.9706293509944358
-0.9666587459074941
0.3737111217117266
0.3747544171117831
0.37550516995510314
0.7034332960369504
0.7102330842026756
0.718160650407572
0.8800470212033643
0.9146822806033418
0.9301239906421854
0.9972413596946825
1.057883452104157
1.0941842245140436
1.1301860508606316
1.2559462417168032
1.2637360076776538
1.2846489025316903
1.4650745415822795
1.4733855818105663
1.4753086030080904
1.701830859547978
1.7023590176044052
1.7043673954673864
1.9566783360057785
1.9570190718445455
1.9571644363875491
2.2295616644621186
2.22958137245187
2.229623215233481
2.517888551940494
2.517892093799977
2.517893176048239
2.819695801196241
2.819695829063925
2.8196959686050396
-2.8618607999407013
-2.86186050222614
-2.8618603268896425
-2.5272521294157877
-2.527243513491909
-2.52724000391729
-2.218038873548932
-2.218016679828791
-2.2178861000858054
-1.9383124763743664
-1.9374120097049645
-1.9369588646991083
-1.6944008010074598
-1.6908903977855643
-1.6867409632715538
-1.4968070102065842
-1.4856065736219515
-1.4695767271296025
-1.3522888414025396
-1.31579892099532
-1.2924085830783134
-1.223322835558077
-1.1981494183477697
-1.1672702797871894
-1.1482814480730164
-0.9728103707291593
-0.9701745006555546
-0.9668118809564825
0.3738146847030319
0.37454620840981506
0.3756098487716726
0.7029620853172812
0.7113870054873302
0.7174586968510202
0.8806951815514176
0.9119244989286392
0.9327515707976912
0.9963485097533018
1.0587990688413826
1.0934472435076898
1.1304104638381887
1.2559147162589628
1.2637518812188278
1.2846558244176132
1.465067711428934
1.4734143292929562
1.475286469423069
1.7018278606847026
1.7023627508512187
1.7043666596920737
1.9566772684154805
1.9570226937709156
1.9571618820205112
2.2295621530881355
2.2295806634833464
2.2296234355762103
2.5178885550105057
2.517892080810769
2.5178931859674356
2.8196958013393623
2.819695828892408
2.819695968633441
