-2.5856025865435486
-1.8849378849803617
-1.277788836017301
-0.35906005733668617
0.35906005733668694
1.2777888360173024
1.8849378849803609
2.585602586543548
-2.5802265983682924
-1.9189359291732015
-1.199191613479138
-0.4712272009999748
0.4712272009999733
1.1991916134791376
1.9189359291732022
2.5802265983682937
-2.577935474573519
-1.9318516525781368
-1.163721912200423
-0.5176380902050415
0.5176380902050416
1.1637219122004234
1.9318516525781364
2.577935474573518
-2.580226598368292
-1.9189359291732018
-1.1991916134791383
-0.4712272009999739
0.471227200999973
1.1991916134791396
1.9189359291732013
2.5802265983682933
-2.585602586543548
-1.8849378849803615
-1.2777888360173018
-0.3590600573366868
0.35906005733668644
1.2777888360173024
1.8849378849803624
2.5856025865435495
-2.59077514882773
-1.845111655071457
-1.3533518935446418
-0.22778446122432255
0.227784461224324
1.3533518935446414
1.8451116550714577
2.5907751488277313
-2.592862368051453
-1.8259550148884764
-1.3855373136467661
-0.15244466680974428
0.15244466680974308
1.385537313646768
1.8259550148884773
2.5928623680514544
-2.590775148827729
-1.8451116550714568
-1.3533518935446422
-0.22778446122432386
0.2277844612243227
1.3533518935446425
1.8451116550714581
2.5907751488277304
-2.5892801145391453
-1.8575782098114109
-1.3311059445069775
-0.2705340041181043
0.27053400411810424
1.3311059445069775
1.8575782098114124
2.589280114539144
-2.5840499194148747
-1.8953767167792037
-1.255415872496818
-0.3926373677406612
0.39263736774066077
1.2554158724968194
1.8953767167792035
2.584049919414875
-2.5802265983682933
-1.9189359291732015
-1.199191613479139
-0.47122720099997367
0.4712272009999736
1.1991916134791394
1.9189359291732029
2.5802265983682924
-2.580226598368293
-1.9189359291732015
-1.1991916134791392
-0.471227200999973
0.47122720099997334
1.1991916134791387
1.9189359291732013
2.580226598368293
-2.5840499194148747
-1.8953767167792037
-1.2554158724968185
-0.3926373677406621
0.39263736774066044
1.2554158724968192
1.8953767167792042
2.5840499194148756
-2.589280114539145
-1.8575782098114113
-1.3311059445069768
-0.27053400411810463
0.2705340041181047
1.3311059445069766
1.8575782098114102
2.5892801145391453
-2.592862368051454
-1.8259550148884762
-1.3855373136467668
-0.1524446668097433
0.15244466680974358
1.3855373136467657
1.8259550148884767
2.5928623680514544
-2.592862368051454
-1.8259550148884762
-1.385537313646766
-0.15244466680974406
0.15244466680974295
1.3855373136467672
1.8259550148884767
2.5928623680514535
-2.5928623680514535
-1.8259550148884764
-1.385537313646767
-0.15244466680974372
0.1524446668097447
1.3855373136467666
1.8259550148884758
2.5928623680514526
-2.589280114539145
-1.857578209811411
-1.3311059445069766
-0.2705340041181043
0.27053400411810585
1.3311059445069762
1.8575782098114113
2.5892801145391444
-2.5856025865435472
-1.8849378849803613
-1.2777888360173015
-0.359060057336687
0.3590600573366857
1.2777888360173018
1.8849378849803624
2.585602586543548
-2.5840499194148743
-1.8953767167792044
-1.2554158724968192
-0.39263736774066016
0.3926373677406617
1.2554158724968187
1.8953767167792037
2.5840499194148743
-2.5856025865435472
-1.8849378849803613
-1.2777888360173015
-0.359060057336687
0.35906005733668606
1.2777888360173013
1.8849378849803615
2.5856025865435486
-2.589280114539145
-1.857578209811411
-1.3311059445069768
-0.270534004118104
0.27053400411810424
1.3311059445069773
1.8575782098114113
2.5892801145391453
-2.5928623680514535
-1.8259550148884762
-1.3855373136467668
-0.15244466680974383
0.15244466680974403
1.3855373136467672
1.8259550148884764
2.5928623680514526
-2.5943196574178513
-1.811018893244401
-1.4091849038645012
-0.0625618906966688
0.06256189069667104
1.4091849038644992
1.8110188932443998
2.594319657417852
-2.594319657417852
-1.8110188932444011
-1.4091849038645006
-0.06256189069666969
0.06256189069666997
1.4091849038645017
1.8110188932444011
2.5943196574178518
-2.5928623680514535
-1.8259550148884764
-1.3855373136467661
-0.1524446668097436
0.15244466680974356
1.3855373136467666
1.8259550148884771
2.5928623680514526
-2.5907751488277295
-1.8451116550714572
-1.3533518935446418
-0.22778446122432325
0.22778446122432258
1.3533518935446422
1.8451116550714575
2.5907751488277295
-2.589280114539145
-1.857578209811411
-1.3311059445069773
-0.27053400411810513
0.27053400411810624
1.3311059445069766
1.8575782098114106
2.5892801145391444
-2.5892801145391453
-1.857578209811411
-1.331105944506977
-0.2705340041181047
0.27053400411810535
1.3311059445069766
1.8575782098114106
2.5892801145391444
-2.5907751488277295
-1.845111655071457
-1.3533518935446418
-0.22778446122432344
0.22778446122432464
1.353351893544641
1.845111655071457
2.5907751488277304
-2.5928623680514544
-1.8259550148884764
-1.385537313646766
-0.1524446668097438
0.15244466680974386
1.385537313646766
1.8259550148884762
2.5928623680514535
-2.594319657417852
-1.8110188932444014
-1.4091849038645008
-0.06256189069666854
0.06256189069667106
1.4091849038645001
1.8110188932443998
2.594319657417851
-2.5928623680514544
-1.8259550148884758
-1.3855373136467666
-0.15244466680974475
0.1524446668097439
1.3855373136467668
1.8259550148884751
2.592862368051455
-2.5928623680514544
-1.8259550148884778
-1.385537313646766
-0.15244466680974442
0.15244466680974395
1.3855373136467664
1.8259550148884762
2.5928623680514544
-2.5928623680514544
-1.8259550148884758
-1.3855373136467666
-0.15244466680974392
0.15244466680974417
1.3855373136467661
1.8259550148884758
2.592862368051453
-2.5928623680514544
-1.8259550148884758
-1.3855373136467666
-0.1524446668097439
0.15244466680974364
1.3855373136467668
1.8259550148884767
2.5928623680514526
-2.592862368051454
-1.825955014888476
-1.3855373136467661
-0.15244466680974428
0.15244466680974375
1.3855373136467664
1.8259550148884758
2.5928623680514535
-2.592862368051454
-1.825955014888476
-1.3855373136467666
-0.1524446668097437
0.15244466680974428
1.385537313646767
1.8259550148884767
2.592862368051454
-2.5928623680514535
-1.8259550148884762
-1.3855373136467664
-0.1524446668097441
0.15244466680974403
1.3855373136467668
1.8259550148884764
2.592862368051451
-2.592862368051454
-1.825955014888476
-1.3855373136467668
-0.15244466680974325
0.1524446668097439
1.385537313646767
1.825955014888476
2.592862368051455
-2.589280114539144
-1.857578209811411
-1.331105944506977
-0.27053400411810447
0.27053400411810413
1.331105944506977
1.8575782098114104
2.5892801145391453
-2.5892801145391466
-1.8575782098114113
-1.3311059445069766
-0.27053400411810463
0.2705340041181048
1.331105944506977
1.8575782098114104
2.589280114539146
-2.590775148827731
-1.8451116550714577
-1.3533518935446422
-0.22778446122432228
0.22778446122432425
1.3533518935446418
1.845111655071457
2.59077514882773
-2.592862368051454
-1.825955014888477
-1.385537313646768
-0.15244466680974386
0.15244466680974364
1.385537313646767
1.8259550148884771
2.592862368051453
-2.594319657417851
-1.8110188932444007
-1.4091849038645008
-0.06256189069667067
0.0625618906966695
1.4091849038645017
1.8110188932444018
2.594319657417851
-2.5943196574178518
-1.8110188932444011
-1.4091849038645012
-0.06256189069667058
0.06256189069666909
1.4091849038645028
1.8110188932444011
2.594319657417852
-2.592862368051453
-1.8259550148884767
-1.3855373136467664
-0.15244466680974397
0.15244466680974372
1.3855373136467661
1.8259550148884767
2.5928623680514526
-2.590775148827731
-1.8451116550714577
-1.3533518935446418
-0.2277844612243224
0.2277844612243243
1.3533518935446416
1.8451116550714572
2.5907751488277304
-2.5856025865435495
-1.8849378849803622
-1.2777888360173018
-0.3590600573366872
0.35906005733668794
1.2777888360173018
1.8849378849803615
2.5856025865435477
-2.5840499194148743
-1.895376716779204
-1.2554158724968194
-0.39263736774066055
0.3926373677406594
1.255415872496819
1.8953767167792046
2.5840499194148743
-2.5856025865435477
-1.884937884980362
-1.277788836017302
-0.35906005733668706
0.35906005733668717
1.277788836017301
1.8849378849803622
2.5856025865435477
-2.5892801145391453
-1.857578209811412
-1.3311059445069773
-0.2705340041181049
0.2705340041181057
1.331105944506978
1.8575782098114106
2.589280114539145
-2.5928623680514544
-1.8259550148884767
-1.385537313646767
-0.1524446668097444
0.1524446668097437
1.3855373136467681
1.8259550148884753
2.5928623680514535
-2.5943196574178526
-1.811018893244402
-1.4091849038645015
-0.0625618906966697
0.06256189069667023
1.4091849038645017
1.811018893244403
2.5943196574178513
-2.5928623680514553
-1.8259550148884764
-1.3855373136467686
-0.15244466680974436
0.15244466680974417
1.3855373136467668
1.8259550148884767
2.5928623680514558
-2.5892801145391457
-1.8575782098114118
-1.3311059445069773
-0.27053400411810496
0.27053400411810535
1.3311059445069773
1.8575782098114104
2.589280114539146
-2.5840499194148756
-1.895376716779204
-1.2554158724968192
-0.392637367740661
0.3926373677406599
1.2554158724968192
1.895376716779205
2.5840499194148743
-2.580226598368293
-1.9189359291732018
-1.1991916134791383
-0.4712272009999742
0.4712272009999742
1.1991916134791396
1.9189359291731998
2.5802265983682933
-2.580226598368293
-1.9189359291732015
-1.1991916134791385
-0.4712272009999732
0.47122720099997417
1.1991916134791387
1.918935929173202
2.580226598368292
-2.584049919414874
-1.8953767167792033
-1.2554158724968187
-0.39263736774066077
0.3926373677406609
1.255415872496819
1.8953767167792042
2.584049919414875
-2.5892801145391444
-1.8575782098114104
-1.3311059445069773
-0.27053400411810463
0.2705340041181067
1.331105944506976
1.8575782098114104
2.5892801145391453
-2.5928623680514526
-1.8259550148884751
-1.3855373136467675
-0.15244466680974467
0.15244466680974317
1.3855373136467668
1.8259550148884756
2.5928623680514544
-2.5928623680514544
-1.8259550148884764
-1.3855373136467668
-0.1524446668097436
0.15244466680974422
1.3855373136467672
1.8259550148884764
2.5928623680514535
-2.5892801145391453
-1.8575782098114109
-1.3311059445069768
-0.27053400411810463
0.27053400411810424
1.3311059445069773
1.857578209811411
2.5892801145391457
