-2.4463702876508098
-2.3689550445268557
-1.6375138419906732
-0.8403263403978471
-0.12539725528322085
0.12539725528322188
0.8403263403978467
1.6375138419906716
2.368955044526855
2.446370287650809
-2.4463702876508098
-2.3689550445268557
-1.6375138419906723
-0.8403263403978474
-0.12539725528322113
0.12539725528322113
0.8403263403978477
1.6375138419906716
2.3689550445268552
2.4463702876508093
-2.4463702876508093
-2.3689550445268552
-1.6375138419906723
-0.8403263403978478
-0.12539725528322115
0.12539725528322113
0.8403263403978486
1.6375138419906718
2.368955044526855
2.446370287650809
-2.4463702876508098
-2.368955044526856
-1.6375138419906723
-0.8403263403978465
-0.12539725528322135
0.12539725528322115
0.8403263403978466
1.6375138419906727
2.3689550445268557
2.4463702876508093
-2.4463702876508098
-2.3689550445268552
-1.6375138419906723
-0.8403263403978465
-0.1253972552832207
0.1253972552832219
0.8403263403978466
1.637513841990672
2.368955044526855
2.446370287650809
-2.4463702876508093
-2.368955044526855
-1.6375138419906727
-0.8403263403978469
-0.12539725528322154
0.12539725528322168
0.8403263403978477
1.6375138419906718
2.368955044526855
2.446370287650809
-2.4463702876508098
-2.3689550445268557
-1.6375138419906727
-0.8403263403978469
-0.12539725528322082
0.1253972552832219
0.8403263403978475
1.6375138419906718
2.3689550445268543
2.4463702876508084
-2.4463702876508093
-2.3689550445268552
-1.6375138419906727
-0.8403263403978469
-0.1253972552832208
0.1253972552832216
0.8403263403978477
1.6375138419906718
2.3689550445268552
2.4463702876508093
-2.4416415395321787
-2.375142778500413
-1.6325240383044306
-0.8540046973164495
-0.05123100123861841
0.051231001238616895
0.8540046973164493
1.6325240383044313
2.375142778500413
2.441641539532179
-2.4416415395321787
-2.375142778500413
-1.6325240383044306
-0.8540046973164492
-0.05123100123861724
0.05123100123861956
0.8540046973164482
1.6325240383044302
2.3751427785004124
2.4416415395321773
-2.44637028765081
-2.368955044526856
-1.6375138419906725
-0.8403263403978478
-0.12539725528322138
0.1253972552832218
0.8403263403978479
1.637513841990672
2.368955044526858
2.4463702876508107
-2.4520065096692223
-2.361231307567523
-1.644480220546318
-0.8199416798866763
-0.1887623758042871
0.18876237580428695
0.8199416798866752
1.644480220546318
2.361231307567523
2.4520065096692223
-2.4554889746719297
-2.356255169011713
-1.6493470010413371
-0.8046139282555906
-0.22558007532413593
0.22558007532413601
0.8046139282555901
1.649347001041337
2.3562551690117135
2.45548897467193
-2.4554889746719297
-2.356255169011713
-1.6493470010413367
-0.8046139282555892
-0.22558007532413527
0.22558007532413551
0.8046139282555891
1.6493470010413365
2.3562551690117126
2.4554889746719293
-2.4520065096692227
-2.361231307567523
-1.644480220546318
-0.8199416798866761
-0.1887623758042863
0.18876237580428712
0.8199416798866754
1.6444802205463172
2.361231307567522
2.4520065096692227
-2.44637028765081
-2.3689550445268566
-1.637513841990672
-0.8403263403978475
-0.1253972552832213
0.12539725528322157
0.8403263403978477
1.637513841990672
2.3689550445268566
2.44637028765081
-2.4463702876508098
-2.3689550445268557
-1.6375138419906716
-0.840326340397847
-0.12539725528322143
0.1253972552832217
0.8403263403978477
1.6375138419906718
2.3689550445268557
2.4463702876508093
-2.4416415395321778
-2.3751427785004116
-1.6325240383044302
-0.8540046973164491
-0.05123100123861779
0.05123100123861822
0.8540046973164489
1.6325240383044297
2.375142778500413
2.441641539532178
-2.4463702876508107
-2.3689550445268557
-1.6375138419906712
-0.8403263403978473
-0.12539725528322115
0.12539725528322188
0.8403263403978474
1.6375138419906707
2.3689550445268552
2.44637028765081
-2.4554889746719297
-2.356255169011713
-1.649347001041337
-0.8046139282555886
-0.22558007532413565
0.22558007532413477
0.804613928255589
1.6493470010413371
2.3562551690117117
2.455488974671931
-2.4627586841212907
-2.3453170104411796
-1.6609148416949262
-0.7631401972775839
-0.30542873515283053
0.3054287351528317
0.7631401972775841
1.6609148416949264
2.34531701044118
2.4627586841212907
-2.465423019084021
-2.3411063481816092
-1.6656383159838655
-0.7432362952073398
-0.3378745525891358
0.33787455258913723
0.74323629520734
1.6656383159838655
2.341106348181608
2.465423019084019
-2.462758684121292
-2.3453170104411805
-1.6609148416949266
-0.7631401972775843
-0.3054287351528303
0.30542873515283137
0.7631401972775838
1.6609148416949255
2.34531701044118
2.4627586841212907
-2.455488974671929
-2.3562551690117126
-1.6493470010413365
-0.8046139282555889
-0.22558007532413527
0.22558007532413565
0.8046139282555883
1.6493470010413367
2.3562551690117113
2.455488974671929
-2.455488974671931
-2.356255169011713
-1.6493470010413362
-0.8046139282555889
-0.22558007532413538
0.2255800753241347
0.804613928255589
1.6493470010413374
2.356255169011712
2.4554889746719297
-2.4463702876508093
-2.3689550445268566
-1.6375138419906716
-0.8403263403978481
-0.1253972552832214
0.12539725528322115
0.8403263403978477
1.6375138419906727
2.3689550445268557
2.4463702876508107
-2.4463702876508098
-2.368955044526856
-1.6375138419906727
-0.8403263403978477
-0.12539725528322151
0.12539725528322113
0.8403263403978483
1.637513841990672
2.3689550445268557
2.44637028765081
-2.4554889746719297
-2.356255169011713
-1.6493470010413376
-0.8046139282555895
-0.22558007532413593
0.22558007532413515
0.8046139282555881
1.6493470010413367
2.3562551690117117
2.4554889746719297
-2.46542301908402
-2.341106348181609
-1.6656383159838655
-0.7432362952073394
-0.33787455258913535
0.3378745525891352
0.7432362952073396
1.6656383159838655
2.341106348181609
2.465423019084021
-2.4712534587079507
-2.331474755514448
-1.6768982693565126
-0.6816641920824771
-0.4248269420417217
0.4248269420417208
0.681664192082477
1.6768982693565122
2.331474755514447
2.47125345870795
-2.4712534587079498
-2.331474755514447
-1.6768982693565129
-0.6816641920824771
-0.42482694204172056
0.4248269420417212
0.6816641920824765
1.6768982693565122
2.3314747555144475
2.4712534587079515
-2.4654230190840214
-2.341106348181609
-1.6656383159838655
-0.7432362952073401
-0.33787455258913696
0.3378745525891365
0.7432362952073402
1.665638315983865
2.341106348181608
2.46542301908402
-2.462758684121291
-2.3453170104411805
-1.660914841694926
-0.7631401972775853
-0.30542873515283137
0.3054287351528304
0.7631401972775852
1.660914841694926
2.3453170104411796
2.4627586841212925
-2.4520065096692223
-2.3612313075675213
-1.644480220546318
-0.819941679886675
-0.1887623758042864
0.18876237580428568
0.8199416798866765
1.6444802205463176
2.361231307567521
2.4520065096692214
-2.44637028765081
-2.368955044526856
-1.6375138419906718
-0.8403263403978478
-0.1253972552832213
0.12539725528322088
0.8403263403978497
1.6375138419906727
2.368955044526855
2.4463702876508093
-2.4520065096692223
-2.361231307567522
-1.644480220546318
-0.8199416798866751
-0.18876237580428637
0.1887623758042861
0.8199416798866763
1.6444802205463183
2.3612313075675218
2.4520065096692223
-2.462758684121291
-2.34531701044118
-1.660914841694926
-0.7631401972775845
-0.3054287351528315
0.3054287351528321
0.7631401972775852
1.6609148416949258
2.345317010441179
2.46275868412129
-2.4712534587079498
-2.331474755514447
-1.6768982693565126
-0.6816641920824773
-0.42482694204172206
0.42482694204172144
0.6816641920824771
1.6768982693565122
2.3314747555144466
2.4712534587079493
-2.474353415139189
-2.3261015560930534
-1.6834103416744959
-0.6180339887498952
-0.5009893591921489
0.5009893591921487
0.6180339887498956
1.6834103416744963
2.326101556093053
2.474353415139189
-2.4712534587079498
-2.331474755514447
-1.6768982693565124
-0.6816641920824767
-0.4248269420417209
0.42482694204172083
0.6816641920824764
1.6768982693565129
2.331474755514447
2.47125345870795
-2.46542301908402
-2.341106348181609
-1.6656383159838655
-0.7432362952073396
-0.3378745525891357
0.3378745525891351
0.7432362952073384
1.6656383159838655
2.3411063481816097
2.4654230190840214
-2.455488974671929
-2.356255169011712
-1.649347001041337
-0.8046139282555888
-0.22558007532413551
0.22558007532413557
0.80461392825559
1.649347001041337
2.356255169011712
2.455488974671928
-2.44637028765081
-2.3689550445268557
-1.6375138419906725
-0.8403263403978473
-0.12539725528322104
0.12539725528322052
0.8403263403978476
1.6375138419906723
2.3689550445268552
2.446370287650811
-2.4463702876508098
-2.3689550445268557
-1.6375138419906723
-0.8403263403978479
-0.12539725528322115
0.12539725528322168
0.8403263403978495
1.6375138419906718
2.368955044526853
2.446370287650811
-2.4554889746719284
-2.3562551690117126
-1.6493470010413374
-0.80461392825559
-0.2255800753241353
0.22558007532413613
0.8046139282555904
1.6493470010413367
2.356255169011712
2.4554889746719297
-2.46542301908402
-2.3411063481816083
-1.6656383159838655
-0.7432362952073398
-0.3378745525891367
0.33787455258913607
0.7432362952073388
1.6656383159838657
2.341106348181607
2.465423019084019
-2.4712534587079498
-2.331474755514447
-1.6768982693565124
-0.6816641920824785
-0.4248269420417212
0.4248269420417212
0.6816641920824772
1.6768982693565124
2.331474755514448
2.4712534587079507
-2.471253458707949
-2.3314747555144466
-1.6768982693565122
-0.6816641920824781
-0.4248269420417215
0.424826942041721
0.6816641920824767
1.6768982693565135
2.3314747555144475
2.471253458707951
-2.4627586841212916
-2.3453170104411805
-1.6609148416949262
-0.763140197277584
-0.30542873515283103
0.30542873515283164
0.7631401972775823
1.660914841694926
2.3453170104411805
2.462758684121293
-2.455488974671929
-2.3562551690117117
-1.6493470010413376
-0.8046139282555891
-0.22558007532413468
0.22558007532413502
0.8046139282555881
1.649347001041337
2.3562551690117135
2.45548897467193
-2.44637028765081
-2.3689550445268557
-1.6375138419906723
-0.8403263403978468
-0.1253972552832214
0.1253972552832214
0.8403263403978466
1.6375138419906723
2.3689550445268557
2.4463702876508093
-2.4416415395321778
-2.375142778500412
-1.6325240383044306
-0.854004697316449
-0.051231001238617575
0.05123100123861853
0.8540046973164486
1.6325240383044302
2.3751427785004116
2.4416415395321773
-2.44637028765081
-2.3689550445268557
-1.6375138419906723
-0.8403263403978477
-0.12539725528322127
0.1253972552832211
0.8403263403978484
1.6375138419906723
2.3689550445268557
2.44637028765081
-2.455488974671928
-2.3562551690117113
-1.6493470010413371
-0.8046139282555891
-0.22558007532413563
0.22558007532413574
0.804613928255589
1.6493470010413382
2.3562551690117126
2.4554889746719284
-2.462758684121292
-2.345317010441181
-1.6609148416949258
-0.763140197277584
-0.30542873515283125
0.30542873515283164
0.7631401972775833
1.6609148416949255
2.345317010441182
2.4627586841212925
-2.465423019084019
-2.341106348181609
-1.665638315983866
-0.7432362952073402
-0.3378745525891355
0.33787455258913507
0.7432362952073388
1.6656383159838664
2.3411063481816083
2.46542301908402
-2.4554889746719284
-2.356255169011716
-1.6493470010413376
-0.8046139282555896
-0.2255800753241353
0.2255800753241356
0.8046139282555886
1.6493470010413378
2.356255169011714
2.4554889746719297
-2.4520065096692223
-2.3612313075675218
-1.6444802205463176
-0.8199416798866755
-0.18876237580428665
0.18876237580428698
0.8199416798866751
1.6444802205463191
2.36123130756752
2.452006509669221
-2.44637028765081
-2.3689550445268552
-1.6375138419906718
-0.8403263403978474
-0.12539725528322093
0.125397255283221
0.8403263403978478
1.6375138419906727
2.368955044526856
2.4463702876508093
-2.4416415395321778
-2.3751427785004116
-1.6325240383044297
-0.8540046973164497
-0.05123100123861747
0.0512310012386181
0.8540046973164488
1.6325240383044302
2.3751427785004116
2.441641539532178
-2.4416415395321787
-2.3751427785004116
-1.6325240383044297
-0.8540046973164492
-0.051231001238617506
0.051231001238618706
0.8540046973164481
1.6325240383044297
2.3751427785004116
2.441641539532178
-2.4463702876508098
-2.368955044526855
-1.6375138419906718
-0.8403263403978463
-0.12539725528322151
0.12539725528322151
0.8403263403978469
1.6375138419906725
2.3689550445268566
2.44637028765081
-2.4520065096692223
-2.3612313075675213
-1.6444802205463176
-0.8199416798866751
-0.18876237580428631
0.18876237580428742
0.8199416798866748
1.6444802205463178
2.3612313075675226
2.4520065096692223
-2.4554889746719293
-2.356255169011713
-1.649347001041337
-0.8046139282555895
-0.2255800753241351
0.22558007532413576
0.804613928255589
1.6493470010413374
2.3562551690117113
2.4554889746719297
