-2.4036776207028887
-2.3982062415885195
-2.39272635250866
-2.3872984857234316
-2.3818377530816446
-2.3768058092583653
-2.3733470870857447
-2.369648383078708
-2.3684089928288645
-2.3674018044566685
-2.3666421642339754
-2.348297961303216
-2.346926678758893
-2.345759697317132
-2.344759861867719
-2.3111846447260556
-2.3105947562332605
-2.310169667564534
-2.3092539788382678
-2.302895080489247
-2.3022324433391934
-2.301172006299307
-2.2982201246895477
-2.29762792496125
-2.29689640235182
-2.2958433628663784
-2.2255127880181034
-2.224366245135944
-2.22349325522166
-2.2226725136015695
-2.217710292485269
-2.2155370002878523
-2.2129034024455776
-2.2096436588579973
-2.206127305924015
-2.202743982597633
-2.1995237732395734
-2.193998346749725
-2.1910343856690555
-2.1884865762554657
-2.186364499170702
-1.2986055893468003
-1.2957148743324023
-1.293899335873133
-1.29279938488836
-1.290834139092915
-1.2890187129523745
-1.287490097847261
-1.2871585304681958
-1.2861583090299236
-1.2859130438395554
-1.2847592555836618
-1.26401125732543
-1.2635183531613339
-1.263214668573761
-1.2631291822180046
-1.1680347740502726
-1.1599225761023837
-1.1507983536983384
-1.1419787784918811
-1.1212788614496227
-1.1169119375120593
-1.110187858767689
-1.109120154599229
-1.0997960507165978
-1.0993810440756662
-1.095143015211449
-1.0379563618560033
-1.0371958478692123
-1.036865362097407
-1.0336623900387396
-1.0063314882045942
-1.0036353993972607
-1.0026003380937425
-0.9928049571160665
-0.9913359353978052
-0.9907214663474588
-0.9894021625111791
-0.9678494309291957
-0.9649529439188123
-0.9612651688757051
-0.9587723072022858
-0.5163146033695225
-0.515368854414147
-0.5131103704870402
-0.5118359706399537
-0.4787730630324108
-0.47730332854394786
-0.4651652758451664
-0.4623324658239853
-0.4407887247695625
-0.44014944296587016
-0.4265305399193179
-0.39003560507523766
-0.37813627456562776
-0.3732723193333011
-0.3567388002803632
-0.22869602329943522
-0.22239338934245978
-0.21969001935632004
-0.20849275090171243
-0.1964542400629478
-0.19169690823101695
-0.1899109871753287
-0.14882231113454855
-0.1461833538625879
-0.14373009502925813
-0.14046787476027042
-0.01906661595410697
-0.0176911774108062
-0.01700671211834156
-0.01619376470938818
0.14147140018911072
0.14520859137319406
0.14786912163193103
0.15395358041447935
0.18083381222764294
0.1891701481503551
0.19324652496706732
0.19680917542654178
0.20587884161423356
0.20848937451842364
0.20893625843670294
0.5048765783657239
0.5091754919820968
0.5144140773643926
0.5203993962141742
0.5409737335069144
0.5434628175256048
0.5448765517775399
0.5530530505506165
0.5553562933025007
0.5582493186748957
0.5597215838579767
0.5756310793578457
0.5764401088321788
0.5771874909975886
0.5778613893092511
2.053269740233174
2.055411011679311
2.0574606153744686
2.059581255917977
2.0658945040197376
2.0679573221782332
2.069826762597663
2.0725974761863353
2.0757000534397836
2.0769480909538505
2.0783578459041405
2.086587244523567
2.087241313973183
2.0875902453442876
2.0881823512557385
2.4429448144234174
2.4478885725498203
2.4527742632506437
2.4579118596640854
2.472560210931508
2.47647805196944
2.4811949325207503
2.488341521911927
2.4970620037358096
2.5001306780835444
2.5069944875421877
2.519448237969685
2.5252897225089352
2.527123875085698
2.5310789359180306
2.589922230026316
2.5931900051250434
2.5955855907854373
2.601918362225651
2.608163800417792
2.611914166750689
2.6153672680119358
2.628085418561329
2.632127820028685
2.6355763714888805
2.6388385559798184
2.7706932813446086
2.7787752316544845
2.786107817612884
2.792605268457759
2.8011197662019733
2.8063535913932376
2.8106579063366794
2.814319380758272
2.8170804327235164
2.8190980526171625
2.820662886066407
2.825708423696762
2.8274422096553313
2.829085204603257
2.8306620385513597
-2.4036776207028927
-2.398206241588518
-2.3927263525086593
-2.387298485723431
-2.3818377530816632
-2.376805809257821
-2.3733470870908837
-2.3696483829677675
-2.368408993189475
-2.367401804009272
-2.366642164427948
-2.348297961098037
-2.346926679492958
-2.3457596964253002
-2.344759862231112
-2.3111832312075657
-2.3106011238037296
-2.310162901831936
-2.3092559104253456
-2.3028912914684394
-2.3022387935965165
-2.301168860129118
-2.298221865781263
-2.2976263188481116
-2.2968967226327712
-2.295843372632762
-2.2255127775065096
-2.224366313931114
-2.223493128724564
-2.222672588119056
-2.217710272156524
-2.21553702393631
-2.21290338895639
-2.2096436640980985
-2.206127304086026
-2.2027439831767377
-2.1995237731145747
-2.1939983467627457
-2.1910343856643957
-2.188486576256489
-2.1863644991705886
-1.298605589343178
-1.2957148743850329
-1.2938993378017367
-1.292799374205102
-1.2908342077463542
-1.2890182318534327
-1.2874968443480632
-1.2871492176462518
-1.2861675782490571
-1.2859065624727788
-1.2847594552077382
-1.264011255881887
-1.2635183602718394
-1.2632146507308049
-1.2631291943898597
-1.1680347740502932
-1.1599225761022098
-1.1507983536985313
-1.1419787784939928
-1.1212788608147473
-1.1169119403616323
-1.1101878258597824
-1.1091201898939063
-1.0997959512838944
-1.0993811430157705
-1.0951430110818843
-1.0379582884364094
-1.037187275156069
-1.0368722387127722
-1.0336621535908168
-1.006332648473478
-1.0036284729444658
-1.002606782110918
-0.9927875648652112
-0.9914002362043419
-0.9906646093737638
-0.9894114401034907
-0.9678494274355692
-0.9649529473076693
-0.9612651677125247
-0.9587723074465058
-0.5163146013358242
-0.5153688588054194
-0.5131103648642518
-0.5118359739758834
-0.47877304099485035
-0.47730335744796437
-0.465165232532272
-0.4623325069926394
-0.4407885725902008
-0.4401495937382627
-0.4265305362908671
-0.3900356060045915
-0.3781362723334023
-0.37327232107274194
-0.3567388000669904
-0.2286996143087964
-0.22235295223016685
-0.2197425645864992
-0.20845088494499342
-0.19660599200197468
-0.19124536412952997
-0.19023825807719616
-0.14875188313084944
-0.14633979386524054
-0.14361945576785434
-0.1404911901639604
-0.019072917833314884
-0.017652089745341975
-0.017053986154886066
-0.0161792763017614
0.14146518730544166
0.14523745482132439
0.14783863619504248
0.15396225086536644
0.18082909616318021
0.189175324601102
0.19326130932416585
0.19678453664646134
0.2059191425971327
0.20837773179316754
0.20901615851185226
0.5048765597042038
0.5091755788225508
0.5144139016762616
0.5203995664610459
0.5409668921085136
0.5434872253536045
0.5448578118728272
0.5530453217713764
0.5553806445389143
0.5582170026065785
0.5597385688841564
0.5756218855995476
0.5764630155521887
0.5771681961344132
0.5778667905330871
2.0532697199968286
2.055411224741698
2.057459814644491
2.05958251980237
2.0658766737610734
2.06803284516459
2.0697136881961997
2.072723815888952
2.0754693739899284
2.0772116219349726
2.0782510437816337
2.0866771297260343
2.0870463632330507
2.087734503097456
2.088145495622179
2.442944819959621
2.4478885261030388
2.4527743982229318
2.4579117213870894
2.4725556899326206
2.476499978920239
2.4811511997786324
2.488417920618482
2.4967833997117603
2.500471429896497
2.5068394679624832
2.5196259673762835
2.5248331495892717
2.5275135558004056
2.531010878759725
2.589968540615935
2.5929950874475285
2.5958081227605594
2.601778531268568
2.6083277603634434
2.6117716256795043
2.615413578590273
2.6280815348536657
2.6321309533606905
2.6355751951366386
2.6388387233711628
2.7706932813445198
2.7787752316551377
2.7861078176103473
2.7926052684635922
2.8011197661782594
2.80635359147786
2.810657906112449
2.8143193812642977
2.817080431859069
2.8190980534925534
2.820662885686078
2.825708423743275
2.8274422096232867
2.82908520461269
2.8306620385502743
-2.40367762070289
-2.3982062415885186
-2.3927263525086575
-2.3872984857234347
-2.38183775308166
-2.3768058092580757
-2.3733470870881583
-2.369648383033876
-2.3684089929663092
-2.3674018042946643
-2.3666421643013833
-2.3482979613220927
-2.3469266786601772
-2.345759697470651
-2.3447598617930128
-2.311189481845555
-2.310569680741985
-2.3101971896373135
-2.3092460400586994
-2.302926894471952
-2.302168720054293
-2.301213071280716
-2.2981589724460503
-2.297703612442156
-2.2968706917617854
-2.295846037619259
-2.225512771797821
-2.2243663496823785
-2.2234930651882294
-2.222672624343596
-2.217710264195366
-2.2155370322602024
-2.2129033848410167
-2.2096436654001486
-2.206127303739041
-2.2027439832533586
-2.199523773104686
-2.1939983467625943
-2.1910343856646834
-2.188486576256385
-2.1863644991706064
-1.2986055893564648
-1.2957148731680945
-1.293899357583419
-1.2927993162857485
-1.2908344049393687
-1.2890172978037917
-1.2875062799807806
-1.2871366897692977
-1.28617817275092
-1.2858996457866472
-1.2847596458328123
-1.2640112576212257
-1.2635183509904486
-1.263214675216499
-1.2631291774475832
-1.1680347740503578
-1.1599225761018372
-1.150798353699683
-1.1419787784911866
-1.121278861424298
-1.116911937425921
-1.110187862741202
-1.109120149985464
-1.0997960639585698
-1.0993810312862855
-1.0951430155008202
-1.03795791103725
-1.0371889372604954
-1.0368709157160407
-1.033662192242151
-1.0063327879639277
-1.003627412290079
-1.0026078472147968
-0.9927826092241965
-0.9914176405732753
-0.9906490267724893
-0.9894144301893519
-0.967849425469973
-0.9649529493406709
-0.9612651669561837
-0.9587723076141361
-0.5163146016910463
-0.5153688581013166
-0.5131103655757363
-0.5118359736165733
-0.47877303355414724
-0.4773033677680827
-0.46516520964914665
-0.4623325305800832
-0.44078841290470827
-0.44014975496523295
-0.42653053032091237
-0.3900356120265589
-0.3781362528184065
-0.37327233699651974
-0.3567387984224938
-0.22870155789552965
-0.22233366841530625
-0.2197657955970841
-0.20843814502478436
-0.1966310311283624
-0.19117697620353502
-0.19028823018301896
-0.1487822320472588
-0.14626829601565877
-0.14367389928181665
-0.1404781207753428
-0.019080593745419917
-0.01759742780499725
-0.017116556797845413
-0.016163692387722247
0.14147604178946738
0.1451825723071544
0.14790094177358803
0.1539408920880846
0.1808750600305475
0.18889442616106575
0.1939022255565776
0.1963115900551379
0.20621722383064947
0.2079218337799074
0.20924402145816337
0.5048766109169421
0.5091753133910549
0.5144145225003738
0.5203988388166308
0.5410675140878414
0.5431080996900807
0.5452087257224437
0.5526653601400661
0.556142844400004
0.5575632019105525
0.5599392735172574
0.5755772546367589
0.5765969909730928
0.577053327681198
0.5778910832349786
2.0532697198829744
2.0554112241165017
2.0574598235449697
2.059582495034213
2.065877459098728
2.068028657330509
2.0697205612392664
2.0727145911377156
2.0754869548741275
2.0771885301971316
2.0782625936166115
2.0866623778923876
2.0870715062310965
2.087718166578706
2.088151172806519
2.442944750003086
2.447889290905337
2.4527712341117773
2.457917574102014
2.4724167607249776
2.477042081609299
2.480418709208111
2.489340664713617
2.4951006683168457
2.5026655861815565
2.5055097746212485
2.5207953695066316
2.523124572240424
2.528635055362526
2.530649842853309
2.590072311772727
2.592657162584967
2.5961915501564845
2.6015189088552124
2.608629841063982
2.6115115006877967
2.615484802872049
2.628075811596758
2.6321354276673796
2.6355735550047608
2.638838950744186
2.770693281344474
2.778775231655446
2.786107817609231
2.7926052684660028
2.8011197661692777
2.8063535915081546
2.8106579060359627
2.8143193814297236
2.817080431585651
2.819098053762671
2.820662885570989
2.8257084237564634
2.8274422096144103
2.829085204615245
2.830662038549988
-2.403677620702891
-2.398206241588518
-2.3927263525086557
-2.3872984857234356
-2.381837753081636
-2.376805809258621
-2.373347087083027
-2.369648383144819
-2.368408992605699
-2.3674018047420593
-2.366642164107411
-2.34829796152727
-2.346926677926111
-2.3457596983624796
-2.344759861429618
-2.311190832296294
-2.3105623733918073
-2.3102048949397958
-2.309244171646059
-2.3029301714327293
-2.302162551583481
-2.301216540152578
-2.2981568018916247
-2.297705615176139
-2.296870412034447
-2.2958460278161152
-2.2255127823096728
-2.224366280893762
-2.2234931916870058
-2.2226725498176414
-2.2177102845242036
-2.2155370086116717
-2.212903398330162
-2.2096436601600384
-2.2061273055770245
-2.202743982674263
-2.1995237732296786
-2.193998346749567
-2.1910343856693415
-2.188486576255358
-2.1863644991707196
-1.2986055893600872
-1.2957148731154644
-1.2938993556549685
-1.2927993269697369
-1.2908343363101933
-1.2890177799430758
-1.2874999620276117
-1.2871456254631564
-1.2861693017667788
-1.2859056766507257
-1.2847594459913982
-1.2640112590647485
-1.2635183438794808
-1.2632146930534718
-1.263129165282201
-1.168034774050337
-1.1599225761020122
-1.1507983536994926
-1.1419787784890754
-1.1212788620591745
-1.1169119345763416
-1.11018789564674
-1.1091201146931486
-1.0997961633380353
-1.0993809323994155
-1.0951430196304042
-1.0379559807374261
-1.0371974500488774
-1.0368641027317487
-1.03366242870318
-1.0063316279654553
-1.0036343514221862
-1.0026013903110176
-0.9928002071573022
-0.9913557428616088
-0.9907033716597629
-0.9894050558432214
-0.9678494289636036
-0.9649529459518082
-0.9612651681193675
-0.958772307369916
-0.5163146037247409
-0.5153688537100457
-0.5131103711985207
-0.5118359702806471
-0.47877305559199645
-0.47730333886378784
-0.4651652529626881
-0.46233248941078225
-0.440788565159954
-0.4401496041169557
-0.4265305339493563
-0.3900356110972048
-0.37813625505063897
-0.3732723352570659
-0.3567387986358661
-0.2286979728394598
-0.2223747621147519
-0.21971262497294913
-0.2084800415164698
-0.1964808613236283
-0.19165202637763354
-0.1899358033368888
-0.14885015650409744
-0.14610942644232097
-0.1437890743335881
-0.14045520275475137
-0.01907443974253436
-0.017643836871819463
-0.017062790856773213
-0.01617720342219841
0.14148233510556088
0.1451546761164256
0.14793046681506922
0.15393213494995742
0.18087985636840534
0.18888924123756567
0.1938797462637674
0.19634352374448644
0.20616437128600282
0.20799867108061004
0.2092118059879586
0.5048766295795091
0.509175226560422
0.5144146982033161
0.5203986685510715
0.5410755965305725
0.5430888840247872
0.5452210862476309
0.5526701255175946
0.5561056146338113
0.5576058621178024
0.5599277323329369
0.5755850618752516
0.5765677874348799
0.5770795916127813
0.5778863963969356
2.0532697401193123
2.055411011054525
2.0574606242836633
2.0595812311523356
2.0658953170487417
2.0679534752856505
2.069833550753087
2.07258853518411
2.0757222511083118
2.0769226500294207
2.078366561203932
2.0865784289557348
2.087273085836508
2.0875628255112084
2.0881865460549034
2.4429447444673436
2.447889337376866
2.45277109927545
2.4579177122699445
2.472420669823262
2.4770134680853837
2.4804653083696806
2.4892483045365053
2.4952730146530184
2.5023243740691425
2.505788212639988
2.5204740735789555
2.523543493464816
2.528389192823569
2.530758993071335
2.5900191924778655
2.5928230505951193
2.595996961246946
2.6016619912345114
2.6084512199221592
2.6116701562794415
2.615441680496552
2.6280796919224962
2.6321322984000677
2.6355747329712753
2.6388387834153613
2.770693281344564
2.778775231654792
2.786107817611767
2.7926052684601688
2.8011197661929907
2.8063535914235325
2.8106579062601917
2.8143193809236986
2.817080432450098
2.81909805288728
2.820662885951319
2.825708423709949
2.827442209646455
2.8290852046058124
2.8306620385510746
-2.4023124360538834
-2.3968354750523666
-2.391360930355511
-2.385964509013626
-2.3805354396840883
-2.375664018630304
-2.373598057237559
-2.369519510376425
-2.3679599806358125
-2.3677607620249845
-2.3665844933296123
-2.3479036165149685
-2.3466331597061876
-2.3454780019503003
-2.344595760088424
-2.3113030104456116
-2.3106547955419803
-2.31027464911351
-2.309384002010081
-2.302720279367096
-2.302052546343968
-2.3010631874303895
-2.298236470421693
-2.2975655873878167
-2.296673183168873
-2.2956340283437515
-2.225196134465142
-2.224130250063047
-2.223295284919613
-2.2224666216336524
-2.2172114633795457
-2.2149205690690352
-2.212180255916987
-2.208835213431111
-2.2052777267042076
-2.201915652309863
-2.19876824122655
-2.1932219257353656
-2.1903571372733857
-2.187917023622136
-2.1858963460684895
-1.2994596610340265
-1.2963424607679572
-1.2942572105552825
-1.2930402897536388
-1.2912066015955626
-1.2895043213113284
-1.2877407977894937
-1.2871447751095448
-1.2861922432129065
-1.2858985305218829
-1.2852668597264711
-1.2638645747302737
-1.2634238012375272
-1.2631930864440366
-1.2631316579002136
-1.1698825162261082
-1.1620605031752131
-1.153137370283643
-1.143981770468265
-1.1243678151034944
-1.1156248833836722
-1.112332836748579
-1.1075910845815162
-1.1010636148362436
-1.0980266647017198
-1.0952928843125431
-1.0378052255268486
-1.0368253334791449
-1.035874592899648
-1.0339763610819652
-1.0056867653355674
-1.004943997773581
-1.0022524161103405
-0.992837233703733
-0.990503455762551
-0.9899923682073775
-0.9895210307290775
-0.9673528317842581
-0.963986600551431
-0.9605121922726519
-0.958322399339542
-0.5160324167553637
-0.5157972676806578
-0.5125836311844133
-0.5122029278166247
-0.4793488059905274
-0.4762439169094624
-0.4672501463481908
-0.45975939450807896
-0.4447947505041154
-0.4356016490227918
-0.42787641594987125
-0.38786669876590674
-0.38298245097257494
-0.36797532970695773
-0.3620428088234524
-0.2314071499306669
-0.22194796448861756
-0.22032583927110727
-0.20859480616884563
-0.19611220438324245
-0.19251092221489677
-0.18989750151492454
-0.14960229831127927
-0.14568902932355404
-0.1436379823721453
-0.14035468182916727
-0.019262648053617996
-0.017806437288630454
-0.01711432056900862
-0.016126417037191306
0.1405667389995058
0.14461699957834015
0.14716387062277586
0.15311112542017238
0.1791706599102383
0.18739318906897098
0.19330766742919875
0.196676333697182
0.20600925450575633
0.20763873193544133
0.2093163629056483
0.5039973516504772
0.5080223803565825
0.5130263939019256
0.5189419395020817
0.5404565434416476
0.5428678574236375
0.545036116758661
0.5526243600720504
0.5560536966289571
0.5578157919529972
0.560159386227989
0.5756237151434727
0.5766327649495755
0.5771871405174196
0.5779960884268468
2.0527334702014324
2.0548924716325656
2.0569520941266575
2.0590867268817856
2.0654374805197238
2.067517401721661
2.069464953056053
2.0722601324333367
2.075515898874867
2.0766642551747343
2.0781720720091745
2.0865130868303576
2.087261433972862
2.0875075299142827
2.088165895300861
2.4417400581957116
2.446672335467038
2.4515517588721725
2.4567220080333474
2.4715585261477098
2.4761783749893067
2.479861137546445
2.4885894092659213
2.4950928300757904
2.5017699213692177
2.505748730353419
2.5203322994586372
2.5238768641752887
2.5284418652497354
2.5311216991946535
2.590582429946782
2.5933807842465155
2.5964796435153192
2.6023776296699954
2.6090881437439974
2.6123941556870087
2.6161438266677823
2.6290333878535987
2.6330229147278783
2.6363784590096184
2.6395725623526727
2.7727787298448137
2.7806822700190716
2.7878133549853694
2.7940901394042266
2.8025118509085263
2.807519466804563
2.8115803577043827
2.815060822139032
2.817642277887569
2.8195195140202367
2.8210175844038288
2.826153187749195
2.827859463239927
2.829485725091842
2.8310443061156496
-2.4023124360538817
-2.3968354750523684
-2.3913609303555057
-2.385964509013622
-2.380535439684157
-2.375664018627429
-2.3735980572489024
-2.36951951016325
-2.367959984027844
-2.3677607585328104
-2.3665844936360596
-2.34790361591078
-2.346633161844445
-2.3454779991947037
-2.3445957613128665
-2.3112941056111165
-2.310699906491478
-2.310223531370135
-2.3093999437657766
-2.3026520536766504
-2.302171921838876
-2.300996353318
-2.298299740114299
-2.2974922449926725
-2.296701068049348
-2.295630870341801
-2.225196138648624
-2.224130227144436
-2.22329532115482
-2.2224666031322458
-2.2172114657140014
-2.214920567330381
-2.2121802562414157
-2.2088352136453246
-2.20527772648571
-2.201915652427959
-2.1987682411900837
-2.1932219257411676
-2.1903571372707478
-2.1879170236228322
-2.1858963460683998
-1.2994596610247127
-1.2963424616040966
-1.2942571934421014
-1.2930403498223135
-1.2912064061793094
-1.2895049279735677
-1.2877368247112506
-1.287151318553437
-1.286182550868104
-1.2859059297730469
-1.2852661274293853
-1.2638645702964972
-1.263423830290905
-1.2631930005773309
-1.2631317191441043
-1.169882516226081
-1.1620605031752096
-1.1531373702843255
-1.1439817704665285
-1.1243678150440344
-1.1156248857222109
-1.11233283043363
-1.1075910929896327
-1.101063600753333
-1.0980266793549276
-1.0952928793554784
-1.0378062754044943
-1.036822118943462
-1.035877341832503
-1.0339757692804807
-1.0056926704793632
-1.0049354328759332
-1.0022557825837848
-0.9928270214817486
-0.9905913264354136
-0.989817707697918
-0.9896173348523828
-0.9673528278860881
-0.9639866045312858
-0.960512190506698
-0.9583223997817568
-0.5160324070358543
-0.515797279320605
-0.5125836168278189
-0.5122029403301952
-0.4793487940693066
-0.47624393917447944
-0.4672501197279552
-0.45975941912800244
-0.44479472871769
-0.4356016716784908
-0.42787640612923683
-0.3878667034184292
-0.38298244575496676
-0.36797533178740893
-0.36204280782343
-0.23140839863182516
-0.2218977172202466
-0.22038765529202856
-0.20855930036549955
-0.1962870159026333
-0.19218056901303962
-0.1900769869192825
-0.14956006557928136
-0.14583096797537462
-0.14351017307199104
-0.14038153077624746
-0.01925418547369791
-0.017850508625532637
-0.01706376316090245
-0.016141364732118135
0.14055135260705715
0.14470994091080908
0.1470561042322214
0.1531462182134672
0.17911616384197288
0.18763716032837077
0.1927980218893176
0.197079206501133
0.20565233725595167
0.20807979736276844
0.20914463089783952
0.5039972696740692
0.5080227692806367
0.513025582126381
0.5189427821502418
0.540372380055997
0.5432212401946634
0.5446907719657793
0.5530313694039741
0.555309768774497
0.5584407874137765
0.5599455817819416
0.5756762603529867
0.5764938706096736
0.5773038376704305
0.5779672554992579
2.0527334652330267
2.0548925261582243
2.056951882596674
2.0590870709185154
2.0654322695461427
2.0675385161882174
2.0694316554364685
2.0722986950457494
2.075429321228869
2.076760275483154
2.078140425952981
2.0865390215410073
2.0871699610616687
2.0875861704326635
2.088153645826993
2.441740135851019
2.4466715127128373
2.451555046842217
2.4567161451860478
2.471693505422488
2.475675436003976
2.480553359734434
2.4877393834873387
2.496898798244543
2.4996148520656685
2.5068427866732317
2.519410348688638
2.525562841388129
2.5271818272532567
2.531402010943997
2.590483292436384
2.593759026239123
2.5960658395940373
2.6026274263460496
2.608806234587854
2.612631782748672
2.616070300896542
2.6290390491760913
2.6330182861148015
2.636380213203832
2.639572313974352
2.7727787298448594
2.78068227001877
2.787813354986483
2.7940901394018516
2.8025118509177323
2.807519466772678
2.811580357784113
2.815060821969194
2.817642278159398
2.8195195137676716
2.8210175845032452
2.8261531877406467
2.8278594632454497
2.829485725090328
2.831044306115813
-2.4023124360538843
-2.39683547505237
-2.3913609303555057
-2.3859645090136175
-2.380535439684245
-2.3756640186240854
-2.3735980572614177
-2.3695195099527946
-2.367959987237163
-2.3677607552466675
-2.3665844939152985
-2.347903615594983
-2.3466331629144066
-2.345477997870845
-2.3445957618826965
-2.311294445445924
-2.31069801315887
-2.3102260335819955
-2.30939888773021
-2.3026649968651367
-2.3021502145553288
-2.301008349420142
-2.298285979546823
-2.2975093963685156
-2.2966937006450827
-2.295631722250829
-2.2251961207424733
-2.2241303333327926
-2.223295141693308
-2.22246670146242
-2.2172114428635017
-2.214920594067622
-2.2121802405655835
-2.2088352200341888
-2.2052777241021944
-2.2019156532290376
-2.1987682410083536
-2.1932219257606396
-2.1903571372632373
-2.1879170236245877
-2.185896346068199
-1.2994596610244178
-1.2963424614280084
-1.2942572000405717
-1.293040319929795
-1.2912065408075213
-1.2895043798439194
-1.2877415386665314
-1.287142772056559
-1.2861971993626387
-1.2858942309226042
-1.2852674473033976
-1.2638645684923673
-1.2634238409235985
-1.2631929709124377
-1.2631317399757689
-1.1698825162261663
-1.1620605031744777
-1.153137370287076
-1.1439817704611357
-1.1243678151898377
-1.1156248819766013
-1.1123328401092836
-1.1075910803185791
-1.101063622346847
-1.0980266566451766
-1.0952928870892282
-1.0378057416775384
-1.0368237237505717
-1.0358759947937102
-1.0339760479946078
-1.0056914471656726
-1.0049371446733337
-1.0022552023024116
-0.992827712257335
-0.990588174815929
-0.9898251500024966
-0.9896124426228724
-0.9673528270587817
-0.9639866055161317
-0.9605121900053607
-0.9583223999175319
-0.5160324133785097
-0.5157972717799115
-0.5125836252178857
-0.5122029331092119
-0.47934879456296664
-0.476243939188195
-0.4672501166340386
-0.4597594242440458
-0.44479472015243177
-0.4356016835522825
-0.42787639967025043
-0.3878667148024092
-0.3829824305512512
-0.36797534151538397
-0.3620428025079455
-0.23140941847665858
-0.22185916468724576
-0.22043353565969595
-0.20853790617702941
-0.19637064928613773
-0.1920058916670013
-0.1901815444776172
-0.1495470305496011
-0.14586943368834962
-0.14347713821244684
-0.1403886676837016
-0.01926387602255372
-0.017797535991254398
-0.017125432368512862
-0.016122977653508137
0.14054490130588387
0.144746262512546
0.14701756368310537
0.15315557207299316
0.1791170547967408
0.18760994499930425
0.1928776559474275
0.19700154667105038
0.20575041100157124
0.20793699246734557
0.20921302838744027
0.503997255683139
0.508022823103594
0.5130255019618514
0.5189428263677329
0.5403813587792412
0.5431666460408315
0.5447494387863503
0.5529336263750565
0.555475608033183
0.5582936941464356
0.5600120576172646
0.575654229680495
0.576547139976798
0.5772594467556388
0.5779798736466759
2.0527334406017856
2.054892785073568
2.0569509181112346
2.0590885789398796
2.0654122782213555
2.0676229183826353
2.0693076106914803
2.072436687810832
2.0751838521249035
2.0770495122900465
2.078014952036517
2.0866467359891465
2.0869610348328744
2.0877333857490634
2.0881102117950268
2.4417401270698664
2.446671620829242
2.451554554361837
2.456717136543206
2.4716615331206206
2.475789005662479
2.4803781668910907
2.4879762898418436
2.4961893022700243
2.500439473277682
2.506496635206031
2.519756216196327
2.5247362781353155
2.527868726492584
2.5312828180637474
2.5905577205956067
2.593458157017071
2.5964012015622164
2.602419773128309
2.609051358599237
2.6124202430961776
2.6161380534859493
2.6290333471817022
2.6330230819605056
2.636378351628359
2.639572583598536
2.7727787298447066
2.7806822700199643
2.787813354981607
2.7940901394133806
2.802511850865348
2.807519466974581
2.811580357228833
2.8150608232622125
2.8176422759367927
2.8195195159498723
2.821017583603631
2.826153187832912
2.8278594631817455
2.829485725108971
2.8310443061136694
-2.4023124360538852
-2.3968354750523755
-2.3913609303555106
-2.3859645090136214
-2.3805354396841776
-2.375664018626953
-2.3735980572500712
-2.369519510165965
-2.367959983845241
-2.367760758738733
-2.366584493608849
-2.347903616199168
-2.3466331607761437
-2.34547800062644
-2.34459576065825
-2.3113033280807067
-2.3106524753487303
-2.3102775446390953
-2.309383001598899
-2.3027295246636763
-2.302032900080077
-2.3010767360065696
-2.298220305878736
-2.297584554032248
-2.2966664749708117
-2.2956348942738956
-2.225196116558659
-2.2241303562451593
-2.223295105458682
-2.222466719969808
-2.217211440529023
-2.214920595806301
-2.212180240241163
-2.2088352198199774
-2.205277724320692
-2.201915653110936
-2.198768241044821
-2.193221925754838
-2.1903571372658717
-2.187917023623892
-2.1858963460682848
-1.2994596610337321
-1.2963424605918674
-1.2942572171533864
-1.2930402598588586
-1.2912067361827462
-1.289503772676783
-1.2877454330957376
-1.2871362495320096
-1.286206336367741
-1.2858874371929705
-1.2852681876969285
-1.2638645729262208
-1.263423811873388
-1.2631930568306278
-1.2631316786771531
-1.1698825162261945
-1.1620605031744842
-1.153137370286392
-1.1439817704628732
-1.1243678152492984
-1.1156248796380581
-1.112332846424228
-1.1075910719104627
-1.1010636364296318
-1.0980266419920734
-1.0952928920463443
-1.037804689665628
-1.0368269332194033
-1.0358732527285137
-1.0339766401295463
-1.0056855162796987
-1.0049457335980996
-1.0022518375050034
-0.9928379144439271
-0.9904990976804443
-0.9899980725718285
-0.9895190929767407
-0.9673528309569477
-0.9639866015362738
-0.9605121917713135
-0.9583223994753179
-0.5160324230974056
-0.5157972601405756
-0.5125836395739476
-0.51220292059618
-0.4793488064841838
-0.47624391692318935
-0.4672501432542909
-0.4597593996241085
-0.4447947419388843
-0.4356016608965735
-0.4278764094908609
-0.38786671014990903
-0.3829824357688381
-0.3679753394349339
-0.36204280350796353
-0.23140817064890268
-0.22191234584648825
-0.22036882747292147
-0.20857348250492042
-0.19620478330532026
-0.1923506670591948
-0.18997857833542467
-0.14958973932231825
-0.14573066221592865
-0.143601562950057
-0.14036155996500532
-0.019272106124021395
-0.01774600873678338
-0.017182679075683646
-0.016109029055543636
0.1405601768591555
0.14465079655411855
0.14712780355558644
0.15312064047919646
0.17917160302601357
0.18736904976789137
0.19340090004262644
0.19658308856669995
0.20615142123379565
0.2074736632156799
0.2093617905769605
0.5039973376582707
0.5080224341717425
0.5130263137348146
0.5189419837309971
0.5404668530047345
0.5428273034801617
0.5450801017254613
0.5525528050116042
0.5562738074306789
0.5576084682614799
0.5602049442083432
0.5756051944555096
0.5767022131086337
0.5771249047569575
0.5780068622149137
2.052733445569847
2.054892730523369
2.0569511294644265
2.0590882349620365
2.0654173020410798
2.0675999026836807
2.069341620174476
2.0723970042951936
2.0752518609749386
2.076962523814458
2.078058630666251
2.0866006501928167
2.0870359474522346
2.0876864534067163
2.088127466428821
2.4417400494154196
2.446672443652271
2.4515512670620225
2.4567229995573068
2.471530220925243
2.476319679729879
2.4796691326099336
2.488864860901891
2.4946353964926717
2.502565771355574
2.505133198006017
2.520924388513868
2.523111179001158
2.528876188291792
2.5309409363466036
2.590668456787999
2.593122544502006
2.5967717792920295
2.6021658466260735
2.609354974159497
2.612158598893601
2.6162070210100294
2.6290276915814963
2.633027704558248
2.6363765946777153
2.6395728318652196
2.77277872984466
2.780682270020268
2.787813354980492
2.7940901394157565
2.8025118508561415
2.807519467006464
2.811580357149103
2.815060823432047
2.8176422756649657
2.819519516202436
2.8210175835042173
2.8261531878414594
2.8278594631762286
2.829485725110483
2.831044306113507
-2.400945217004241
-2.3954646867111427
-2.3899998599990395
-2.3846486227284815
-2.3792570393889445
-2.3746244208894485
-2.3744262015309063
-2.3689997696886356
-2.368579492710375
-2.3672386416580795
-2.3666954754300122
-2.347552832101936
-2.3463415594971275
-2.345213535737874
-2.344477431154942
-2.311410239471098
-2.31073066065897
-2.3103532782150604
-2.309458384008438
-2.30264257317613
-2.301890510459704
-2.3009543989305534
-2.29829147372948
-2.2974316126251555
-2.296460689380699
-2.2954133861334136
-2.2249040657689
-2.223908124575945
-2.223099712363706
-2.2222533739653865
-2.2166836860293864
-2.2142754545888597
-2.21143510432792
-2.208014801113693
-2.204428389605769
-2.2011009674438275
-2.1980381121772776
-2.1924688785063435
-2.1897065905931754
-2.1873739991846706
-2.185450914510892
-1.3003487891645928
-1.2970379859450885
-1.294674344760086
-1.293287959154798
-1.2915434939542607
-1.2899752544592895
-1.2880956429714192
-1.287151632570241
-1.2862071335491791
-1.2858697198672853
-1.2856248281507707
-1.2637379288439117
-1.2633394798195634
-1.2632089994769704
-1.263122081795336
-1.1716643774270752
-1.1641256222528003
-1.1554500809161634
-1.1461687273010528
-1.1274658453845618
-1.1152168516415024
-1.1139363059915444
-1.1061622835040312
-1.102376131360167
-1.0965869953935905
-1.096010955149341
-1.0383173393305565
-1.035316564775983
-1.035061092174608
-1.0343052966968886
-1.0061162342519487
-1.0044462785186732
-1.0022329085079966
-0.9930178237084039
-0.9904334495942462
-0.9896071711195565
-0.9882571480487276
-0.966689112550952
-0.9630241644558635
-0.9598521408898997
-0.9578978320561932
-0.5164165555381631
-0.5150466352778521
-0.5135105885190888
-0.5116191985728421
-0.4803604338294635
-0.4728355238521057
-0.4710375344086847
-0.45653768934171546
-0.447817466286544
-0.43115842499592383
-0.43090979055973827
-0.3871783669768118
-0.38367826376588327
-0.36746934116436436
-0.3630911792740062
-0.233673422354893
-0.22303355883726372
-0.2204231102792635
-0.20845045157935174
-0.19592775359020165
-0.19352411371181796
-0.1896321781463454
-0.15031932200645212
-0.14530421910356858
-0.14362442701747097
-0.14027645724766882
-0.019439119176074954
-0.017895061281036066
-0.017252473944290934
-0.01603939621668526
0.13958832888361758
0.14405154568271678
0.14654834621074328
0.15239666282910733
0.17755220046395284
0.18572655532823104
0.19256807528630912
0.1969846360474074
0.2060628964244079
0.20721898507308578
0.20959776213345585
0.5031889601229511
0.5069441172146584
0.5116852470187201
0.5174890174672236
0.5398108717241495
0.5424753227176028
0.5449200317245126
0.5523819469441934
0.5563933917735867
0.5576572015367922
0.5604652868566553
0.5756147558477348
0.5767943980934902
0.5771910837716818
0.5781192199821972
2.052193638363273
2.0543711752402904
2.056440589657407
2.058594395181684
2.064955550561721
2.0671628510163096
2.068966765818233
2.0720776802410668
2.075034684259124
2.076730636001388
2.077878000642458
2.0865346106286258
2.0870211935572267
2.087656364771238
2.0881317125879097
2.440540760038583
2.4454591039719067
2.4503301335744365
2.455522559205803
2.4706215969087975
2.475561611669713
2.478914151301217
2.4883507772127635
2.4941931283429044
2.5024067341370992
2.504783271915769
2.5210329299190657
2.5231776915421134
2.52912056044665
2.531281483728114
2.5912380809056246
2.5935598364857104
2.5973249237901843
2.6028038481739943
2.6100533701779267
2.61279601696447
2.6169187661749813
2.629959888301015
2.6338982003727396
2.6371565689282943
2.640286326510161
2.774821915270779
2.78254096562244
2.7894653131846145
2.7955172513494206
2.803848786198474
2.808626239758306
2.812439058126061
2.8157501071157283
2.8181634366525516
2.8199162279185703
2.8213676867430038
2.8265888771611603
2.8282721484705986
2.8298820649667524
2.831421137190664
-2.40094521700424
-2.39546468671115
-2.3899998599990426
-2.3846486227284944
-2.3792570393885737
-2.374624421001543
-2.3744262014056177
-2.3689997709923625
-2.3685794907583877
-2.3672386430744505
-2.366695474674176
-2.347552832400949
-2.346341558528252
-2.345213536970954
-2.3444774305929275
-2.31140669682948
-2.310751637718796
-2.3103290242766987
-2.309465720626408
-2.3026086185917958
-2.3019610621045716
-2.300906483922493
-2.298327874086476
-2.2973927516526444
-2.296475993152572
-2.295411343826815
-2.2249040927799095
-2.223907979105581
-2.2230999395962474
-2.222253257778333
-2.2166837097279957
-2.214275426479975
-2.2114351213714505
-2.208014793799126
-2.2044283925136128
-2.2011009664018966
-2.198038112424795
-2.1924688784793847
-2.189706590604353
-2.1873739991819066
-2.1854509145112297
-1.3003487891633263
-1.2970379861972627
-1.2946743356404038
-1.2932880082394944
-1.2915432831968292
-1.289975868235461
-1.288092630786382
-1.2871589843820634
-1.2861858358539002
-1.2858953327647613
-1.2856157300823148
-1.2637379299528222
-1.2633394719518596
-1.263209011664766
-1.2631220763711264
-1.1716643774270323
-1.1641256222530798
-1.155450080915765
-1.146168727300082
-1.1274658454118076
-1.1152168513915792
-1.1139363059066463
-1.1061622863664404
-1.1023761261300946
-1.0965870128604556
-1.096010940346299
-1.0383175046914137
-1.0353036508294846
-1.0350773338606696
-1.0343017953342568
-1.0061186075121065
-1.00444078748608
-1.00223676466528
-0.9930110996143884
-0.9904637335881591
-0.9895760340949554
-0.9882639964518427
-0.9666891082577544
-0.9630241692650796
-0.9598521382445979
-0.9578978327969536
-0.5164165541928796
-0.515046639992013
-0.5135105829708813
-0.5116192008297945
-0.4803604280501523
-0.4728355939062242
-0.4710374598185916
-0.4565377173243378
-0.4478174378978128
-0.43115891105356835
-0.4309093142685524
-0.3871783794469997
-0.38367824997166017
-0.3674693461111245
-0.36309117651670597
-0.2336742534301558
-0.22300682729072158
-0.2204612044178856
-0.20841402717825425
-0.19616235726399592
-0.19321324900408193
-0.1897334210112341
-0.1503104335699026
-0.14533821022828478
-0.14359430621068964
-0.1402807245394619
-0.019426681713043497
-0.017964410061432613
-0.01717664847273129
-0.0160583104138359
0.13959385710439082
0.14402246357818824
0.14657856747703757
0.1523901098232484
0.177540412209553
0.1857858006229331
0.1924214781736928
0.19712952131820086
0.20579576748193526
0.20749898074531878
0.20953903612995048
0.5031889554690655
0.5069441549214089
0.5116851354720533
0.5174891660069935
0.5397857344344504
0.5425742946872264
0.544813644599211
0.5525324059134963
0.5559718514442048
0.5580457904637287
0.5603791581105187
0.5756480026039082
0.5766722540513834
0.5773002504256888
0.5781000541928492
2.052193666819124
2.0543708768740916
2.056441691859257
2.058592686922303
2.064977208100039
2.067077302288725
2.0690938002334485
2.071937526589158
2.0753155388576077
2.076415239254343
2.077993110607401
2.086451134890787
2.0872559379701516
2.087465498541381
2.0881686287201418
2.440540787197648
2.445458807621228
2.450331342363565
2.4555203575748106
2.470673985972761
2.4753129344745743
2.479246032896935
2.4879037217314655
2.4949331946787714
2.5011761409362183
2.505706506143406
2.520209763415239
2.5242572828626213
2.528505296736476
2.5315204959732327
2.591111555850294
2.5939279234661674
2.596922622927136
2.603092208331794
2.6096864557133204
2.613117981243061
2.616832606042516
2.6299677593668886
2.633891286813662
2.637159353294565
2.640285917071683
2.774821915271042
2.782540965620288
2.789465313193797
2.7955172513271638
2.8038487863121175
2.8086262392859633
2.8124390594594435
2.8157501039402715
2.8181634420964947
2.819916222776123
2.8213676887416645
2.826588876987728
2.8282721485905906
2.8298820649317435
2.8314211371946922
-2.400945217004242
-2.395464686711146
-2.3899998599990444
-2.384648622728482
-2.379257039389069
-2.3746244208310543
-2.3744262015972932
-2.3689997686335977
-2.3685794943384546
-2.367238640359359
-2.366695476149744
-2.347552830988694
-2.346341563519592
-2.3452135300353554
-2.3444774339546885
-2.3113948336966
-2.3108068468198946
-2.3102646324424985
-2.3094880825526225
-2.3025064973674354
-2.3021269256444343
-2.3008200001027928
-2.298390647797799
-2.29732636978745
-2.2965043959059783
-2.2954079746625466
-2.2249040914558154
-2.2239079885610393
-2.2230999218768694
-2.2222532684224907
-2.2166837053940904
-2.2142754327588063
-2.211435116731804
-2.2080147962345107
-2.2044283913522404
-2.2011009668855093
-2.198038112294358
-2.192468878496939
-2.189706590596318
-2.187373999184059
-2.1854509145109455
-1.3003487891570324
-1.2970379867147053
-1.2946743232796607
-1.293288061711026
-1.2915431079590376
-1.2899762635410492
-1.2880912527344575
-1.2871616901926959
-1.2861792100487013
-1.2859023868867145
-1.2856137123229938
-1.2637379189945208
-1.2633395851177047
-1.2632088053225663
-1.2631221804999169
-1.1716643774270514
-1.1641256222525895
-1.1554500809186046
-1.1461687272928422
-1.1274658455008888
-1.1152168431942084
-1.1139363171587358
-1.1061622730234724
-1.102376144313033
-1.0965869645220365
-1.096010980734107
-1.0383173336456053
-1.0353161183249107
-1.0350617498094261
-1.0343050888964231
-1.0061173229146276
-1.0044436649031219
-1.002234833474542
-0.9930137978888248
-0.9904526900648658
-0.9895871052178198
-0.9882616027540635
-0.9666891086848608
-0.9630241689825172
-0.9598521383084876
-0.9578978327946277
-0.5164165560088884
-0.5150466338487811
-0.5135105899221476
-0.5116191981353603
-0.48036043076544577
-0.47283557034382945
-0.4710374826566566
-0.45653771491363354
-0.4478174371017392
-0.4311590185018932
-0.43090920765376256
-0.38717839191917297
-0.38367823441948196
-0.36746935607216025
-0.3630911700281086
-0.23367486165687515
-0.22299119376104581
-0.22048198224125484
-0.20839989578616794
-0.1962159527644791
-0.19314698396406987
-0.18975449898326974
-0.15030763559282825
-0.14535737162814938
-0.1435731601635023
-0.14028547868047586
-0.019417367403106085
-0.018007051489936914
-0.01713007589362067
-0.016071554768751002
0.13957289242809845
0.14416902354123387
0.1464031130267445
0.15244786887894235
0.17747089698187796
0.18602349512293842
0.19200741502379706
0.19747220824996806
0.20541051373585947
0.20790836951788386
0.20941019806871658
0.5031888228502163
0.5069447360500271
0.5116840479291446
0.5174901635957361
0.5397151580940015
0.5428989424992685
0.5444821863515419
0.5529407120819998
0.5552693238828622
0.5586302054946831
0.5601642110793733
0.5757049465040727
0.5765316796154012
0.5774170761916991
0.5780686405761424
2.0521936543076786
2.0543710111113938
2.056441184903625
2.0585934901323073
2.064966249567983
2.0671202386137946
2.06902785878548
2.0720123302359834
2.0751501397516807
2.0765988533860624
2.077932043554046
2.0864979294406916
2.0870982868485406
2.087599593495854
2.0881469843928286
2.440540870813601
2.445457948312392
2.4503346600588505
2.455514656082721
2.4707995882566327
2.4748583792480328
2.479876322657986
2.4871399581129365
2.4966830317110493
2.4991373056239605
2.506656770417811
2.519418064048211
2.5258090125192094
2.5273151769025337
2.5317550716197013
2.591017096194836
2.5942919768239356
2.5965337130944643
2.6033188277564836
2.609430530209324
2.613331262568349
2.6167655475770766
2.6299729141966908
2.633886893820752
2.6371610722140004
2.640285669858497
2.7748219152710596
2.782540965620183
2.789465313194034
2.79551725132705
2.803848786309456
2.808626239304744
2.8124390593890363
2.8157501041439326
2.8181634417023385
2.8199162231793444
2.821367688574999
2.8265888770053005
2.828272148577735
2.8298820649356897
2.8314211371942175
-2.400945217004245
-2.395464686711147
-2.3899998599990426
-2.3846486227284727
-2.3792570393894406
-2.374624420718961
-2.374426201722584
-2.368999767329852
-2.3685794962904607
-2.367238638942986
-2.366695476905583
-2.3475528306896782
-2.346341564488464
-2.345213528802274
-2.344477434516717
-2.3113986822909096
-2.3107900309720546
-2.3102850379993516
-2.3094801278782664
-2.3025609338972735
-2.302043010592761
-2.300861248603831
-2.298357318264865
-2.2973631351879185
-2.296487698543434
-2.295409982549311
-2.224904064444631
-2.2239081340275666
-2.223099694644538
-2.2222533846133503
-2.2166836816954145
-2.2142754608677198
-2.2114350996883094
-2.208014803549085
-2.204428388444398
-2.201100967927442
-2.1980381120468433
-2.1924688785238966
-2.1897065905851414
-2.1873739991868244
-2.185450914510612
-1.300348789158299
-1.297037986462531
-1.2946743323996883
-1.293288012630341
-1.2915433187715435
-1.2899756499921076
-1.2880942757478366
-1.2871543603941142
-1.2862012493027923
-1.2858762771299996
-1.2856225325636133
-1.2637379178854826
-1.2633395929695541
-1.2632087931295035
-1.26312218594537
-1.1716643774270963
-1.1641256222523084
-1.1554500809189971
-1.1461687272938141
-1.1274658454736417
-1.115216843444138
-1.1139363172436345
-1.1061622701610392
-1.102376149543114
-1.096586947052773
-1.0960109955395685
-1.0383171682286771
-1.0353276733625265
-1.0350468101192765
-1.034308647228072
-1.0061149436049421
-1.0044491549704253
-1.00223098418065
-0.9930205008955326
-0.9904216966363697
-0.989618921074223
-0.9882548061924744
-0.966689112978059
-0.9630241641732997
-0.9598521409537866
-0.9578978320538692
-0.5164165573541641
-0.5150466291345942
-0.5135105954703758
-0.511619195878414
-0.4803604365447422
-0.47283550028791865
-0.47103755724854274
-0.45653768693101326
-0.4478174654904779
-0.43115853285799416
-0.43090968353119313
-0.3871783794490905
-0.38367824821360874
-0.3674693511254106
-0.36309117278539565
-0.23367403088737462
-0.22301833543241953
-0.220443504285335
-0.20843637036138946
-0.19599184171599113
-0.193449363764292
-0.1896511716199075
-0.15031654211019527
-0.145324031855879
-0.1436026389433539
-0.14028118397562023
-0.019430129318586332
-0.017944678737836752
-0.0171994530029584
-0.016051788453083717
0.13956748180379702
0.1442017940708295
0.1463692912443373
0.15245421610458296
0.17748233234031327
0.1859595708674316
0.19214380553363017
0.19733976016214236
0.20559050807223214
0.2077010258681449
0.2094862082072082
0.5031888275032177
0.506944698331599
0.5116841594577034
0.5174900150781199
0.5397378329737155
0.5427718538004055
0.5446175260017551
0.5527425014403496
0.5555956772379952
0.5583504631199849
0.5602860574979702
0.5756653879241962
0.5766255457067286
0.5773390683391448
0.5780912383832453
2.052193625852812
2.0543713095462577
2.0564400831722702
2.058595198215866
2.0649449996493954
2.067209671935671
2.068899207325102
2.0721546871849825
2.0749047580512845
2.0768988723968493
2.077791963350738
2.0866189619997306
2.0868867110726677
2.0877384020444447
2.088101396729892
2.4405408436517386
2.445458244473353
2.4503334497264206
2.4555168576871633
2.4707412069083188
2.4750630893539753
2.4795722165228757
2.487533394873719
2.4955708637249345
2.500425648844662
2.5061144142269045
2.519933641528129
2.5246492305161117
2.5282574246199374
2.5315861330588905
2.5911267013447645
2.5938714395317275
2.5969923075284953
2.6030347984626445
2.609770122785537
2.6130397976029758
2.6168572724058343
2.62996503489011
2.6338938150405653
2.6371582919218772
2.6402860794683765
2.7748219152708002
2.782540965622331
2.789465313184851
2.795517251349309
2.8038487861958075
2.808626239777088
2.8124390580556535
2.8157501073193925
2.818163436258394
2.8199162283217922
2.821367686576339
2.826588877178732
2.828272148457747
2.829882064970695
2.831421137190189
-2.3995763357874718
-2.3940946614913883
-2.388645031391519
-2.3833620712754398
-2.3780100238989417
-2.375554118242694
-2.373778043151778
-2.3692603622355173
-2.368257774713191
-2.366972669175317
-2.366858361293877
-2.347233301435773
-2.346049644790066
-2.3449768055161173
-2.344404394355837
-2.3114950106851944
-2.3108730950359955
-2.31034620095973
-2.309502653467243
-2.302551540040781
-2.3019233523914804
-2.3007333110582584
-2.2984262015523753
-2.2971982950770173
-2.2962789337691976
-2.295173465689889
-2.224633982874244
-2.2236968893171936
-2.2229041037039474
-2.2220305525325172
-2.2161264199569035
-2.213602713976238
-2.2106705713096475
-2.207185686434122
-2.203582685270112
-2.2003031197614176
-2.1973358266072998
-2.1917403719853095
-2.1890830460031423
-2.1868568849594507
-2.1850267682417908
-1.3012647089206553
-1.29779495982733
-1.2951588390547104
-1.2935546210847018
-1.2918485025733102
-1.2904191910993024
-1.288529733834421
-1.2871827481479152
-1.2861993535509717
-1.2858873065546768
-1.2858165256189307
-1.2636262129302271
-1.2632695663112825
-1.2632353973563342
-1.2631188068882733
-1.173385448050014
-1.166116575750473
-1.1577163036092306
-1.1484600965234713
-1.130556421672877
-1.1182165810037925
-1.1119765820686545
-1.1071032171474091
-1.1016087301706394
-1.0972578421408639
-1.0955949351075331
-1.0384013274315602
-1.0359075942883886
-1.0339250105172642
-1.032944529583275
-1.0065189836949695
-1.0034340679595994
-1.002384079711836
-0.9929514198574092
-0.9909007689549502
-0.9893948453832889
-0.9863298391149188
-0.9658773009251892
-0.9621075605281101
-0.9592786347047609
-0.9574695326876612
-0.5165178707998497
-0.5144727745393306
-0.5141086260086059
-0.5114841603014183
-0.4801795393420071
-0.47446745865654394
-0.46886831550072755
-0.4579963895781626
-0.44564786574230547
-0.43539202718040604
-0.42765441339496446
-0.3897221220040003
-0.37866733429935523
-0.372876008662811
-0.3589397598124734
-0.23522821755884557
-0.2255992529708071
-0.2198879820946077
-0.20835723007011164
-0.19630672658836004
-0.1939612580629382
-0.18942232171019857
-0.15089747075545162
-0.1453361030319444
-0.14343520927459444
-0.14024613450396373
-0.019577024064416013
-0.018100089019430124
-0.01726234792029693
-0.01597789062469188
0.13855399839344357
0.14357381176732198
0.14587775742946615
0.1518717933641598
0.17593649526063715
0.18430785280966439
0.1910634738180801
0.19777442140541682
0.2054797603326513
0.2076372761097308
0.20976497685962248
0.5024483537955917
0.5059448865118852
0.5103988093301228
0.5160540744769699
0.5390507305173429
0.5423013618193451
0.5444526999568309
0.5524699725553424
0.5557440452815389
0.5583801508149192
0.5605560932925076
0.5756549467764338
0.576700882884804
0.5774040197618636
0.5782008779170251
2.0516504857166518
2.053846646381368
2.055926998715565
2.0581020095221514
2.064475742420884
2.066792073379722
2.0684905704405887
2.0718751175831707
2.0746358362215895
2.0767536431503006
2.0775860265788393
2.0865871491456014
2.0868313972539196
2.087746839303965
2.088117620591948
2.4393472377250087
2.4442492871783084
2.449112413753678
2.4543126569066347
2.469795698122419
2.4743217513507583
2.4787351966646103
2.48708622171081
2.4949338007472073
2.500423992403379
2.505692326398172
2.520156529781916
2.5245762020889697
2.528675683460448
2.5319215069404044
2.591674704178323
2.5942308733264015
2.5975797728682504
2.603620455094503
2.6104840943121452
2.613628397706463
2.6175717974587385
2.6308749402627765
2.6347425976878114
2.6379148637626337
2.640979467177168
2.776821242050326
2.7843499271711916
2.7910625225943755
2.796885724828939
2.8051296668985954
2.809672750761833
2.813233137097323
2.8163889977672207
2.8186473990184804
2.820292807372136
2.8217177834305915
2.827016993257048
2.828680671630794
2.83027395339781
2.8317921818366147
-2.3995763357874713
-2.3940946614913883
-2.3886450313915195
-2.383362071275501
-2.3780100238939594
-2.375554118286429
-2.3737780430549074
-2.369260364009007
-2.36825777011791
-2.366972691673175
-2.366858341669443
-2.3472333043636824
-2.346049633887278
-2.3449768228290724
-2.344404385009323
-2.3115085653133773
-2.310803801528245
-2.310425100224556
-2.3094779251595927
-2.302629638184368
-2.301763581652025
-2.300842575904817
-2.2983642793328127
-2.297255149535477
-2.2962548429863086
-2.295176599920461
-2.2246339954525673
-2.2236968246577216
-2.2229042012911586
-2.2220305038017942
-2.2161264315015665
-2.2136026985878146
-2.210670582091765
-2.207185680926819
-2.2035826879006577
-2.2003031186459143
-2.1973358269109533
-2.191740371945704
-2.189083046022285
-2.1868568849540937
-2.1850267682425133
-1.301264708924808
-1.297794959533081
-1.2951588464513955
-1.2935545821097862
-1.291848631494043
-1.2904189730442772
-1.2885300558427577
-1.2871823931522532
-1.2861988703501581
-1.2858908086327996
-1.2858136607221158
-1.263626240775248
-1.2632685630638585
-1.263236563823163
-1.2631186158332823
-1.1733854480500936
-1.1661165757502912
-1.1577163036090605
-1.1484600965238065
-1.1305564216907293
-1.1182165805738977
-1.111976584068345
-1.1071032136814658
-1.101608733629866
-1.0972578394920012
-1.095594936167783
-1.038401404250149
-1.0359071553155879
-1.0339259936641065
-1.0329439009531922
-1.0065200695778542
-1.0034267711232023
-1.002391020456945
-0.9929449873530257
-0.9909135008758205
-0.9893869882081695
-0.9863306761995697
-0.9658772961575466
-0.9621075665838044
-0.9592786308067353
-0.9574695338250641
-0.5165178700698272
-0.5144727874078191
-0.5141086125008214
-0.5114841617400857
-0.480179532704006
-0.47446748413556517
-0.4688682829957204
-0.4579964170324971
-0.44564783389605045
-0.43539206025699556
-0.4276543970744137
-0.38972212906045184
-0.3786673182312828
-0.37287602008416687
-0.3589397586253057
-0.2352292047239555
-0.22558550904285926
-0.21991863924386051
-0.2082927219793915
-0.1967357736995327
-0.19340331254754853
-0.18960002345648155
-0.15087287247500114
-0.1454268364080071
-0.14335257679261967
-0.14026043428698987
-0.019590867230912967
-0.018032536232470312
-0.01733144734633214
-0.015962503007045832
0.13858218844759745
0.14336222806544396
0.14614256542534468
0.15177745831728484
0.17603059058925588
0.1840592454073099
0.19141809606647814
0.19747360377715564
0.2059687579401677
0.20716972915381682
0.20985715457468415
0.502448566277215
0.5059440183556773
0.5104002742807731
0.5160528890470375
0.5391125105248967
0.5420518294250497
0.5447173123960853
0.5521536386315895
0.5564850472419399
0.5577241707669212
0.5607128544619535
0.5756074650248282
0.5768665594399941
0.5772578125695328
0.5782269572490726
2.051650508604811
2.0538464028155046
2.0559279042430623
2.0581005920137234
2.064493081773283
2.0667173279501743
2.068596667090261
2.0717556873514797
2.074837493154461
2.07649060810155
2.07772135353911
2.0864661520729837
2.0870261576279736
2.0876288442770625
2.088159375790821
2.4393471513670106
2.444250148967727
2.44910920331017
2.454317975190124
2.469692024875751
2.474764595953513
2.478158101412443
2.487793077458157
2.493779989400706
2.502156363959082
2.5044874173909073
2.5211045702529424
2.5233427647576296
2.5293648493814302
2.531672124807191
2.5917756181523166
2.5939720605452417
2.5978440265481977
2.6034352441396584
2.610715005957871
2.6134308274585374
2.6176191439881262
2.630870954606054
2.634746110316364
2.637913447501064
2.6409796713697222
2.7768212420503864
2.7843499271705863
2.791062522597487
2.796885724820384
2.8051296669549974
2.809672750492338
2.8132331379066273
2.816388995732475
2.818647402567999
2.820292804101934
2.821717784641872
2.8270169931607168
2.828680671698928
2.830273953377565
2.8317921818389933
-2.399576335787474
-2.3940946614913883
-2.388645031391518
-2.383362071275528
-2.3780100238921564
-2.375554118300646
-2.373778043025978
-2.3692603644213195
-2.3682577691159024
-2.366972696163953
-2.366858337784368
-2.3472333041391917
-2.346049634905242
-2.344976820949627
-2.344404386099947
-2.311499715518551
-2.3108526368386006
-2.310369087646131
-2.309495159270111
-2.3025632881347624
-2.3019048861916156
-2.3007415796961737
-2.2984251492083607
-2.297197241150923
-2.2962801041045235
-2.29517321197803
-2.224634031328605
-2.223696648659218
-2.222904456793423
-2.222030381431866
-2.216126454008645
-2.213602671383034
-2.2106705991987874
-2.20718567319933
-2.203582691165781
-2.200303117404676
-2.197335827217245
-2.1917403719125503
-2.1890830460369206
-2.1868568849503025
-2.1850267682429867
-1.3012647089229565
-1.297794959774503
-1.295158837298848
-1.2935546449273794
-1.2918483449494402
-1.2904196496561025
-1.2885281153378658
-1.2871882939830934
-1.2861660556955914
-1.2859540588421845
-1.285778820865665
-1.2636262349669907
-1.2632688078696386
-1.2632362771631798
-1.263118663499616
-1.1733854480500596
-1.1661165757503795
-1.1577163036099347
-1.1484600965191905
-1.1305564217538862
-1.1182165794861483
-1.1119765894523017
-1.1071032025217116
-1.1016087501953524
-1.0972578169009337
-1.0955949490294268
-1.0384012401703684
-1.0359080310783335
-1.0339241345339525
-1.0329450587824915
-1.0065189978532625
-1.0034335658571492
-1.0023846811823012
-0.9929499413172579
-0.9909040670509349
-0.9893926430930812
-0.9863301063225614
-0.9658772981661778
-0.962107564316957
-0.959278632129762
-0.9574695334642053
-0.5165178721237823
-0.5144727539802023
-0.5141086471134793
-0.5114841583839261
-0.48017953928556484
-0.4744674624790917
-0.46886830646937094
-0.45799640336975483
-0.4456478426688048
-0.43539205639105005
-0.42765439727478805
-0.38972213197675387
-0.3786673088683538
-0.372876028112361
-0.3589397572564808
-0.2352300309210031
-0.22557685289994675
-0.21993436421233567
-0.20827356245046022
-0.19676684729481475
-0.19339179096127965
-0.1895904739097494
-0.15090615868015048
-0.1452465816740072
-0.1435405969185891
-0.14022064471380236
-0.019572423418970412
-0.01812420188755739
-0.017234887869601447
-0.015985841206148713
0.13858448947262836
0.14335748286676925
0.14614058495126894
0.15178451393327255
0.17599615309283773
0.18417436271650142
0.19121637560768662
0.19767472564333846
0.20556432569708266
0.20757079170601264
0.20977781256125097
0.5024485084147533
0.5059442808976465
0.5103997739854221
0.5160533540644091
0.5390737328718996
0.5422099641242971
0.5445424512841427
0.5523921937794676
0.5558623532919019
0.5582965451619873
0.560577987453547
0.5756600644544116
0.5766847512758126
0.5774191026929516
0.5781968419399678
2.051650539339421
2.0538460817408772
2.055929079484523
2.0580987854748107
2.064514786709465
2.0666348561934806
2.0687180336064097
2.0716227524263147
2.0751148103874386
2.0761823114871003
2.0778281859029315
2.08639392115895
2.087246913360679
2.0874462225401125
2.088190876593741
2.4393472014507074
2.4442496285353745
2.4491112189251276
2.454314495126467
2.4697675139264836
2.474419339226165
2.4786173821616955
2.487195042302621
2.494791236848902
2.500545783654572
2.5056534239722583
2.5201128419318928
2.5246813700693895
2.5285806320682234
2.531953462212023
2.5916023690437497
2.5944653734210976
2.5973223642549437
2.603804691862356
2.610242470249394
2.6138422587443277
2.6175079598456903
2.630881327891278
2.6347365886067595
2.6379174139026373
2.6409790788338015
2.7768212420508185
2.7843499271668173
2.791062522614347
2.796885724778644
2.8051296671958497
2.8096727494161047
2.813233140981392
2.816388988323084
2.8186474151186305
2.820292792778935
2.8217177887615947
2.8270169928534385
2.8286806719120676
2.8302739533153884
2.831792181846176
-2.3995763357874718
-2.394094661491388
-2.388645031391515
-2.383362071275467
-2.3780100238971342
-2.375554118256914
-2.3737780431228477
-2.3692603626478337
-2.3682577737111896
-2.366972673667595
-2.366858357407286
-2.34723330121128
-2.3460496458080105
-2.3449768036366407
-2.344404395446516
-2.3114852632570098
-2.3109122739249854
-2.3102991095592014
-2.3095215184703415
-2.3024463342456047
-2.302088187551877
-2.3006462769239984
-2.298484998637257
-2.2971418031353408
-2.2963061655367274
-2.2951701284805734
-2.224634018752473
-2.2236967133466607
-2.222904359195177
-2.222030430143493
-2.2161264424641383
-2.213602686771386
-2.2106705884165923
-2.2071856787066166
-2.2035826885352314
-2.200303118520178
-2.197335826913593
-2.191740371952159
-2.189083046017772
-2.1868568849556635
-2.185026768242264
-1.3012647089188054
-1.29779496006875
-1.2951588299019727
-1.2935546838979939
-1.2918482159730562
-1.290419867647918
-1.2885277925716563
-1.2871886471550493
-1.2861668038923029
-1.2859519496776517
-1.2857800305579066
-1.263626207119627
-1.263269795213403
-1.2632351262865165
-1.2631188548704322
-1.1733854480499781
-1.1661165757505625
-1.157716303610098
-1.1484600965188532
-1.1305564217360315
-1.1182165799160408
-1.1119765874526126
-1.1071032059876587
-1.1016087467361324
-1.0972578195498113
-1.095594947969146
-1.0384011633287735
-1.0359084696180914
-1.033923149807645
-1.0329456894480666
-1.0065179103658117
-1.0034407810095538
-1.0023778234521992
-0.9929563347945377
-0.9908912993368189
-0.9894005745584319
-0.9863292700416162
-0.9658773029338149
-0.9621075582612608
-0.95927863602779
-0.9574695323268007
-0.5165178728537981
-0.5144727411093025
-0.5141086606236733
-0.5114841569452697
-0.48017954592353634
-0.47446743699993044
-0.4688683389745039
-0.4579963759154374
-0.44564787451506044
-0.4353920233144763
-0.42765441359534256
-0.3897221249203108
-0.37866732493645355
-0.37287601669097103
-0.35893975844364956
-0.23522904424995233
-0.22559065722583124
-0.21990369897107223
-0.208338215270765
-0.19634597226341788
-0.19394059928967178
-0.18941353921510573
-0.1509302780561641
-0.14513794320347598
-0.14364084104953131
-0.14020711780672623
-0.01955784417734211
-0.018181583415626038
-0.017175508875563326
-0.01600241572581684
0.1385562440289081
0.1435687266561283
0.14587637609310045
0.15187865373122325
0.1759032288408167
0.18442966831256025
0.19086535116575268
0.19796987720230794
0.20518975049914026
0.2079354099428864
0.2096683315614711
0.5024482959489978
0.5059451491503755
0.5103983090689918
0.5160545393682526
0.5390148896276787
0.5424945474764187
0.5442424731012646
0.5527674667559538
0.5552488892650995
0.5588107897807856
0.5603738647517065
0.5757165758246419
0.5765560782430798
0.5775243277422919
0.5781657095870271
2.051650516449333
2.05384632517419
2.055928173080302
2.0581002033308136
2.0644967984931513
2.0667037808592235
2.0686145831744436
2.0717389042622862
2.074862686969165
2.0764643843272923
2.0777313845414964
2.086464572331421
2.0870286639079887
2.087627614549205
2.0881595649559497
2.4393472878139857
2.4442487670733644
2.4491144317375166
2.4543091765472247
2.4698784553035362
2.474029122177067
2.4791604672374254
2.4865469486586593
2.4963777846941815
2.498734063806253
2.5064301075720157
2.5194764237714864
2.525998754609033
2.5275521195834174
2.5321368085800673
2.5915222115873426
2.594776658041499
2.5969977823964423
2.6039862460512695
2.6100394446732613
2.6140082356619176
2.617455080626538
2.6308853229771945
2.6347330681235333
2.6379188253309485
2.6409788744327596
2.776821242050759
2.7843499271674235
2.7910625226112367
2.7968857247872005
2.8051296671394472
2.8096727496856024
2.813233140172086
2.816388990357819
2.8186474115690916
2.82029279604916
2.821717787550326
2.827016992949772
2.8286806718439363
2.8302739533356323
2.831792181843797
