-2.38511794302138
-2.3800058458976032
-2.3749626463467624
-2.370065710506318
-2.369440200807214
-2.3655461407715395
-2.363357694386678
-2.3619261697595832
-2.3596630003841788
-2.356602876179893
-2.3517531165808836
-2.3225669652905947
-2.3183667617422636
-2.314545418892441
-2.31099690302366
-2.308006046756662
-2.3058895112548057
-2.304860471396284
-2.303090378618617
-2.3004103510372045
-2.296956300656195
-2.2664867209869763
-2.2635413427424087
-2.2593143849423387
-2.2558002830659656
-2.2525566654044753
-2.248878167118635
-2.2450451620260266
-2.2413085955410437
-2.237157694733336
-2.2320970039493475
-2.2257694492361697
-2.165031494264097
-2.160371264283999
-2.1566871943214796
-2.1533356614520724
-2.150352188958168
-2.147761403305739
-2.145552071127208
-2.1436154867711936
-2.14160832871972
-2.1391556411161123
-2.13591923915026
-1.2681972560112216
-1.266483977919357
-1.266134255111973
-1.2655495786156101
-1.2647674445864123
-1.2646356307699271
-1.2636478256559665
-1.2628588741205022
-1.2622413853872951
-1.2614264839848295
-1.260474025207352
-1.1406813653700578
-1.131962266520216
-1.1234611696780419
-1.1182243734765336
-1.1162706828485527
-1.1137103025887065
-1.1114257275567385
-1.109569402360688
-1.1047293107730305
-1.0961051898547731
-1.0678095473811458
-1.0462224150096346
-1.0391403880711108
-1.0293768111563022
-1.0185221179086728
-1.0075077675849082
-0.9967256462577211
-0.9848869493030038
-0.9728068560629658
-0.965324865942718
-0.9613376774934441
-0.8952710203929197
-0.8854630264949455
-0.8834208925487662
-0.8796061419294325
-0.8754865353616637
-0.8719906963176596
-0.8669442788373957
-0.8614755809555117
-0.8558015487564112
-0.8499102206721338
-0.8362842024228647
-0.44053587597095234
-0.4312143526632346
-0.42364708959170616
-0.4156763185242851
-0.4133624308353404
-0.39922993109334654
-0.3987008813851039
-0.3787484499599327
-0.3592782620923489
-0.350925198315766
-0.34464358703503845
-0.19616765915684412
-0.18263445025571248
-0.17685576056552738
-0.1688212512160184
-0.15848077998924529
-0.1526529597644658
-0.14269927478745395
-0.13095908808793424
-0.11627283596894585
-0.09644921030979997
-0.06388811118166186
0.045785974576198346
0.06490046123088306
0.07784260491473921
0.09104332466020565
0.10008062316814849
0.11502280486901209
0.12251227968295957
0.13415089739851532
0.14001690479881368
0.15737810567681815
0.2849518262722647
0.3115083647423386
0.33036180273608373
0.34334455481030574
0.3538151660509041
0.3577917285388321
0.36843744396491623
0.37227544941677954
0.38009517751516175
0.3862632962968887
0.3937693244119873
0.6834414960247047
0.6865884393567352
0.6894208486626876
0.6918411456371946
0.6946272691367879
0.6962151483611
0.6992443838819529
0.7004439273603819
0.7024867035743729
0.7039478024746145
0.7063527780777568
2.100232069108589
2.102620970928477
2.1043406233729174
2.1057017371121898
2.106645651314544
2.1079216280656587
2.108432699322824
2.1098353066685447
2.1101434584502963
2.110924749167205
2.112127771820612
2.409561615292977
2.419703990656768
2.427284849388564
2.433351890847062
2.4386106815873845
2.442997401048704
2.4483746748946524
2.452884439529839
2.4580866051950214
2.4607549560677136
2.468985601704813
2.536781862711116
2.5484388945796255
2.5560498446996665
2.561696254113552
2.5693625616931093
2.5759770595966525
2.5846608532036277
2.59054717220764
2.5969010685339904
2.601568910246854
2.6354555333040395
2.6518332144197214
2.6599467321428434
2.6654956219996913
2.6700133561850103
2.674269132957044
2.6795069788082757
2.6853171490744447
2.691800428532142
2.6990358877820175
2.70736190473834
2.8361148622752737
2.841717156908323
2.8464039771335865
2.85035417440407
2.8536041573526703
2.8561949485675533
2.858158799428638
2.859550031553576
2.860816032278657
2.8624060437818066
2.864369335497353
-2.3851179430213834
-2.3800058458976006
-2.3749626463470905
-2.3700657104274687
-2.369440200933292
-2.365546140341598
-2.363357696070116
-2.3619261676319994
-2.359663001520466
-2.3566028758095934
-2.351753116647753
-2.322566945826726
-2.318367070231091
-2.314542844519761
-2.311013384264986
-2.30791020330741
-2.306168522941766
-2.304545162166445
-2.303225390994666
-2.3003917411836685
-2.2969578461879165
-2.266486507133615
-2.263541980640471
-2.2593131233970736
-2.2558020306364313
-2.2525552699885525
-2.248878814854023
-2.245044965532638
-2.2413086256538435
-2.2371576967432034
-2.232097002888506
-2.225769449316334
-2.1650314942603366
-2.1603712643168085
-2.156687194197096
-2.153335661752957
-2.1503521884347547
-2.1477614039682438
-2.1455520705535815
-2.1436154870697854
-2.1416083286424916
-2.139155641123955
-2.1359192391500366
-1.268197255947425
-1.2664840082623985
-1.2661341521036087
-1.2655498015499087
-1.2647660139009318
-1.2646370335840231
-1.2636476260051885
-1.2628589950530822
-1.2622413344400365
-1.261426491821085
-1.2604740247027437
-1.1406813653721317
-1.1319622663534368
-1.1234611847447151
-1.1182237946860638
-1.1162725257070953
-1.1137069256096865
-1.1114295475711387
-1.1095675275212824
-1.1047294723124055
-1.0961051808503977
-1.0678095482997483
-1.046222405726347
-1.0391404103632982
-1.0293767803434883
-1.0185221554505914
-1.0075077254061895
-0.9967256864443335
-0.9848869144896347
-0.9728068953135587
-0.9653248239549469
-0.9613376967673151
-0.8952710015825773
-0.8854640778547762
-0.8834187772189582
-0.8796080798421475
-0.8754852651244872
-0.8719911078881913
-0.8669443205175679
-0.8614755287238262
-0.8558015648089587
-0.8499102186016373
-0.8362842024377374
-0.44053587599025673
-0.43121435231832694
-0.4236470915768293
-0.415676306221903
-0.4133624433017014
-0.3992299052076539
-0.39870090540747005
-0.37874845020796616
-0.3592782612324897
-0.35092519943760925
-0.34464358656225585
-0.1961676215798549
-0.18264009155935151
-0.1768305245354496
-0.16888495353992689
-0.1582905037606814
-0.15287572855971784
-0.14258849033900114
-0.13100235529027465
-0.1162625061927986
-0.09645055579838983
-0.06388805825536557
0.045793639840683284
0.06477668741003578
0.0784873641773055
0.08925620024312922
0.10320219999095938
0.11117560140946521
0.12644055157814832
0.13143531863049104
0.14081593789280708
0.15735047722296885
0.2849517484559558
0.3115114430698233
0.3303224368758044
0.34361272856101177
0.3526274094880324
0.35946904396344814
0.36677916061705507
0.3735455437507206
0.3796768469807254
0.38635534452869824
0.39376243917007
0.6834415121318296
0.686588524490698
0.689418815764592
0.6918506668984392
0.6945901243597986
0.6962680371694774
0.6991678101260186
0.7005177170739073
0.7024583158200591
0.7039560582230501
0.7063523604904312
2.1002320767005775
2.102620632990394
2.104345362299723
2.1056699620438173
2.1067352192521023
2.1077140848538707
2.108671268489654
2.1095986291378126
2.1103259258397102
2.110884277155054
2.1121292265691425
2.4095615996542503
2.419704878512975
2.4272697296777013
2.43347023422404
2.4381835109222023
2.444070795389515
2.4469726370916804
2.4544661429991774
2.456704215163047
2.46123213062727
2.468960756453799
2.5367905633666403
2.548316370540603
2.556819242482201
2.5604484284239386
2.5714300546265245
2.5739032458164575
2.586428626374367
2.589012841148815
2.5974311915677304
2.601403270693289
2.6354573252226334
2.6518269445343448
2.6599678171357057
2.6654558742193304
2.670054788050958
2.6742465124926498
2.6795129307278636
2.6853161576396123
2.691800524051274
2.699035883099622
2.7073619048126765
2.836114862275279
2.8417171569082917
2.846403977133763
2.850354174403401
2.8536041573546638
2.8561949485629303
2.85815879943641
2.8595500315461666
2.860816032281951
2.862406043781274
2.8643693354973823
-2.3851179430213825
-2.3800058458975952
-2.374962646347282
-2.3700657103895337
-2.3694402009925706
-2.365546140167756
-2.3633576966905383
-2.3619261668968683
-2.359663001872384
-2.3566028757124853
-2.3517531166603796
-2.322566950633
-2.3183669731208387
-2.314543821899452
-2.3110061392269046
-2.30795960865383
-2.3060294154006904
-2.304714214443736
-2.3031414503877676
-2.3004038172080485
-2.296956717050057
-2.266486937474747
-2.2635405280895533
-2.259316624491983
-2.2557961448286745
-2.252561077311216
-2.2488751692681883
-2.2450467013848736
-2.2413080362215068
-2.2371578090491067
-2.232096992570243
-2.225769449694312
-2.165031494259214
-2.160371264323594
-2.1566871941801433
-2.1533356617748995
-2.1503521884259778
-2.147761403946973
-2.145552070596057
-2.1436154870366
-2.141608328654074
-2.139155641122398
-2.1359192391500925
-1.2681972559357615
-1.266484009013439
-1.2661341528240224
-1.2655497881872106
-1.2647662033787912
-1.264636831021435
-1.2636476728722057
-1.2628589575653004
-1.262241353325573
-1.2614264882625807
-1.2604740249841222
-1.1406813653672452
-1.1319622666288727
-1.1234611639530205
-1.1182245456807198
-1.1162701756921987
-1.1137111423110864
-1.111424859435314
-1.1095697970330043
-1.1047292845324288
-1.0961051903072117
-1.06780954783122
-1.0462224079310076
-1.0391404064708414
-1.029376783176608
-1.018522155687934
-1.0075077203912408
-0.9967256960814443
-0.9848869012956875
-0.9728069159513867
-0.9653247978388546
-0.961337709803698
-0.8952709373724679
-0.8854697413070223
-0.8834057692083898
-0.879623982153126
-0.8754689540018469
-0.8720013066874964
-0.8669413396755544
-0.8614762346850173
-0.8558014483562584
-0.8499102286424299
-0.8362842023980324
-0.44053587600562444
-0.43121435196665425
-0.42364709410446194
-0.4156762855603986
-0.41336246627502105
-0.39922979804304926
-0.3987010093836301
-0.37874844811339387
-0.3592782635271629
-0.3509251970622023
-0.344643587422527
-0.19616767755417067
-0.18263689044214323
-0.1768437898985423
-0.16885137646637152
-0.15840363535685284
-0.15273290632088282
-0.14267088883922188
-0.13096297660485817
-0.1162747909938401
-0.09644813888752012
-0.06388835101275492
0.04579904306867086
0.0647229051193437
0.07869030766618233
0.08897483970167618
0.10331780931302391
0.11137423636971105
0.12561643331824812
0.13230199095454107
0.14057092820240596
0.15736554694367325
0.28495097317290535
0.3115204332974968
0.3302498928843287
0.3440493020438438
0.3515265242745806
0.36146323981565726
0.3649560040650957
0.3744381802146435
0.37928391238435305
0.3864175141093793
0.39375813990361047
0.6834404236102941
0.6866028556473319
0.6893400414155327
0.6921093427984197
0.6940642619013565
0.6970178308530327
0.6983935131385635
0.7011386577718698
0.7021351006748989
0.7040186300334771
0.7063492847035084
2.100232085254263
2.1026202600479524
2.10435060658412
2.1056385405668037
2.1068509753172617
2.107529927356125
2.1089381983687976
2.109344367353168
2.1104647734201794
2.1108262292241182
2.1121307018390643
2.4095616059705423
2.4197044784046096
2.4272770633841287
2.4334080035450576
2.4384053500934177
2.4434169001926165
2.4478163010551897
2.4534385996842887
2.4576470923651694
2.4609429753297105
2.4689783300313213
2.536780138275691
2.548479027021963
2.5558074681915244
2.5622819351677615
2.5684809800322284
2.577044221085459
2.5835280276795634
2.5915650946874513
2.5962935029730896
2.6017253157931997
2.635451892373283
2.6518509395855285
2.6598771595430875
2.665650924431638
2.6698346488641795
2.6743743213299833
2.679473617311569
2.685323748594543
2.69179961836046
2.6990359431740227
2.7073619032106224
2.836114862275284
2.8417171569082305
2.8464039771340985
2.8503541744021397
2.8536041573582995
2.8561949485546907
2.8581587994500306
2.859550031533333
2.860816032287594
2.8624060437803722
2.8643693354974293
-2.3851179430213816
-2.3800058458975997
-2.374962646346952
-2.3700657104683893
-2.36944020086649
-2.3655461405976923
-2.363357695007104
-2.3619261690244477
-2.3596630007360946
-2.356602876082784
-2.3517531165935095
-2.3225669700967226
-2.318366664594265
-2.31454639346101
-2.310989517773338
-2.3080493521234464
-2.305662971684873
-2.305107231679633
-2.303022074593825
-2.3004227547697806
-2.2969551742917256
-2.266487151210194
-2.263539889882504
-2.259317884280523
-2.2557943959645543
-2.2525624749746296
-2.2488745225384243
-2.2450468980838303
-2.241308006127292
-2.2371578070392384
-2.2320969936310746
-2.2257694496141487
-2.165031494262974
-2.160371264290786
-2.156687194304525
-2.1533356614740184
-2.150352188949395
-2.1477614032844667
-2.145552071169684
-2.143615486738011
-2.1416083287313072
-2.1391556411145594
-2.135919239150322
-1.2681972559995558
-1.266483978670583
-1.266134255831238
-1.2655495652424873
-1.264767629991468
-1.2646354322768483
-1.2636478725292184
-1.2628588366370554
-1.2622414042767964
-1.261426480426468
-1.2604740254887312
-1.1406813653651695
-1.1319622667956522
-1.1234611488859536
-1.1182251236504088
-1.11626833050621
-1.113714513996275
-1.111421041347986
-1.109571678359445
-1.1047291230213485
-1.096105199311641
-1.067809546912624
-1.0462224172142847
-1.0391403841786504
-1.0293768139894255
-1.0185221181460287
-1.00750776256998
-0.9967256558948385
-0.9848869361090612
-0.9728068767008952
-0.9653248398266884
-0.9613376905296241
-0.8952709561836538
-0.8854686992787385
-0.8834078832112018
-0.8796220428788032
-0.8754702210329919
-0.8720008916957949
-0.8669412979618886
-0.8614762869324161
-0.8558014323049004
-0.8499102307129464
-0.8362842023831589
-0.4405358759863223
-0.43121435231156224
-0.42364709211934143
-0.41567629786299704
-0.4133624538084453
-0.39922982393866524
-0.3987009853513412
-0.37874844786536405
-0.35927826438702143
-0.35092519594035876
-0.34464358789530997
-0.19616771512958675
-0.18263123545763768
-0.17686893612769264
-0.16878732851063022
-0.15858757563437223
-0.1525153060006887
-0.1427829582409687
-0.1309200147204876
-0.11628514643769469
-0.096446794048446
-0.06388840394176537
0.04579136545233008
0.06484484587082544
0.07802239837852239
0.09072651164253089
0.10026365074855664
0.1154253739258272
0.12181037471889032
0.13481312520464012
0.1396433755034737
0.15739302179222883
0.28495105097289636
0.3115173481193802
0.33028844738909535
0.3437418174128644
0.35239241535886245
0.35963618528682145
0.36680959104154065
0.3734136732833886
0.379769525785688
0.38632900017244814
0.3937650506379988
0.6834404075296446
0.6866027673625206
0.689341869009842
0.6920971088932657
0.6940912509864774
0.6969530739322929
0.6984670530634733
0.7010745713718043
0.7021805804620317
0.7040115539716131
0.706349705965309
2.100232077662055
2.1026205975717764
2.1043457896097864
2.1056676056206047
2.106741823718864
2.10770345268237
2.1086826559443113
2.1095894172457528
2.110331238835194
2.110882747015396
2.11212925942574
2.4095616216093516
2.4197035908391644
2.4272922676137276
2.4332941756359014
2.4388849396586787
2.4424838509601305
2.4493337341196386
2.451863322346745
2.4589981896551905
2.4601782192082458
2.4690028639078587
2.536771481809452
2.5486128030574533
2.5552706835507797
2.5639542114584564
2.5665878765531756
2.5790978877970407
2.581595875507496
2.5928157038620654
2.59542607934645
2.601853754817702
2.6354501012378857
2.6518572628739436
2.659856741195058
2.665692502169322
2.6697920172637963
2.674395728461147
2.679467532360514
2.6853247350978586
2.691799522776206
2.6990359478561734
2.7073619031362877
2.836114862275282
2.84171715690826
2.8464039771339245
2.850354174402811
2.853604157356306
2.8561949485593137
2.8581587994422595
2.8595500315407434
2.8608160322843013
2.8624060437809065
2.864369335497402
-2.383855821744563
-2.378738926995787
-2.373718560344093
-2.3710661472640537
-2.3688867859071263
-2.364560625299748
-2.364465534647213
-2.361530239446539
-2.3597435358633883
-2.3565945499339906
-2.3517518108070843
-2.3225360584726977
-2.318389164574223
-2.3147763445338496
-2.311322338316068
-2.3084370955092135
-2.30569895077979
-2.3051037460335664
-2.3031018619323134
-2.3005487068354324
-2.296994042019475
-2.266851705962383
-2.2632803140331883
-2.258780584615449
-2.2551138557639767
-2.2516917551745235
-2.247914273189717
-2.244144734317384
-2.240498357303964
-2.2363628317123037
-2.2313192272306446
-2.225067956049349
-2.1640779005878725
-2.1594326213391746
-2.1558174516264663
-2.152553818127173
-2.1496673934633423
-2.147174928293013
-2.1450541046501943
-2.1431692116221566
-2.141162546138899
-2.1386980041461747
-2.135454485812726
-1.268700827898328
-1.2665165727396754
-1.2662503426096265
-1.2657031244825083
-1.2648871498650842
-1.2645728644045595
-1.2638913060018175
-1.2629976738850643
-1.2622988532184363
-1.2614575964959513
-1.2604791493359688
-1.1430135424329544
-1.1339696411386848
-1.1255280278268296
-1.1188182412090728
-1.1170045345087218
-1.114298589221356
-1.1119225788928129
-1.1096049679533073
-1.1047305461077372
-1.0961052516161176
-1.0678095827333713
-1.0465736608156313
-1.0408003457899833
-1.031796897308448
-1.0212617733595757
-1.0102232180693818
-0.9994622383274769
-0.9879727354698807
-0.9756600115735867
-0.9661639277356227
-0.961453773004895
-0.89411433349068
-0.8844224018944368
-0.883426506483617
-0.8781575904883554
-0.8749627145811727
-0.8707432983332449
-0.8656536826381548
-0.8601227154566695
-0.8545603775860888
-0.8479243023088334
-0.8325683160037545
-0.44053601411583754
-0.4312232261897476
-0.4235487734757989
-0.41670035535465877
-0.41186176143613673
-0.40312745937826
-0.39433603086610547
-0.37352571106507443
-0.35583119765732213
-0.3523600243703824
-0.34372334682030914
-0.1961464582886577
-0.18302485185520811
-0.17388891591899738
-0.17195708329103537
-0.1598740451175986
-0.1533154630327436
-0.14341415617205475
-0.1312539515313388
-0.11635560002086258
-0.09645632416877734
-0.06388865823817894
0.045785406830430045
0.06488664484028606
0.0772795999496622
0.090725313822126
0.09762281935299952
0.11566915325893537
0.11984224674160773
0.13427473899494477
0.139787411081831
0.157458132621357
0.28443865228092025
0.31016871412389474
0.32863938896014533
0.3420261083728429
0.35187224340557866
0.3581724290883353
0.3671164657890926
0.3725908265285213
0.3798098839423517
0.3862523302489507
0.3937646974434105
0.6830960021115157
0.6863104983587272
0.6890211028928911
0.6916921335861714
0.6938982207675349
0.6965343835436212
0.6985235309382737
0.7008496118798807
0.7022770719351121
0.704029458797202
0.7063618655138302
2.0999768303862294
2.1023875905221954
2.104138052390593
2.105497105690254
2.1065517341536615
2.1076322997182677
2.1085219380046287
2.1096014046836937
2.1102638062332035
2.110914693640725
2.112117491676761
2.4084224565711847
2.41864507197998
2.4263274391926033
2.4323979162916585
2.43812657142509
2.441704911453786
2.448885974137143
2.4513559352643064
2.458811690164325
2.460119311445267
2.4689211573235927
2.535752864097191
2.547779244802292
2.5546855184461332
2.5633114091603124
2.5665700950566466
2.578636379549867
2.581953140556225
2.592717605311242
2.595796184708423
2.6022073286593392
2.6367831511104254
2.6532345064773977
2.661132672141376
2.6667700717765475
2.6706640572249447
2.675347444800462
2.680474333485566
2.686334692505705
2.692780663009613
2.699948522874682
2.708137179430881
2.8375361349006973
2.8429587601089463
2.84745927382135
2.8512307382112447
2.854312081114269
2.8567439463886064
2.8585523243822455
2.8598191041307905
2.861073436378694
2.862657987149869
2.864584779958761
-2.383855821744563
-2.3787389269957973
-2.373718560343626
-2.371066147268244
-2.368886785895431
-2.3645606261111447
-2.3644655338306553
-2.3615302394164757
-2.359743535942387
-2.3565945498849175
-2.351751810822911
-2.322536041433373
-2.3183894705283894
-2.314773856204346
-2.3113374113385765
-2.3083703373929745
-2.3060236411656656
-2.304718791988109
-2.3032364864742996
-2.3005264092589472
-2.296995868205526
-2.2668513733421944
-2.2632815502839403
-2.2587773722181734
-2.255119375618543
-2.251686091390352
-2.2479181351181112
-2.2441427383911994
-2.2404990595780983
-2.2363626995444545
-2.2313192392747125
-2.2250679556069755
-2.164077900587537
-2.1594326213469732
-2.1558174515814206
-2.152553818272026
-2.1496673931539965
-2.147174928745708
-2.1450541042206077
-2.1431692118572463
-2.141162546076304
-2.138698004152859
-2.1354544858125175
-1.2687008279026388
-1.2665165757718193
-1.2662503306213986
-1.2657031564933507
-1.264886988643165
-1.2645730705644334
-1.263891207665023
-1.2629977218438606
-1.2622988317748252
-1.26145760064777
-1.2604791490087248
-1.143013542433397
-1.1339696410970674
-1.125528031001925
-1.1188179388975348
-1.1170054804640217
-1.114296813682086
-1.1119245457997027
-1.1096040143874712
-1.104730670313291
-1.0961052424543103
-1.0678095839953088
-1.0465736424529797
-1.0408003868258995
-1.0317968480294704
-1.0212618259412773
-1.0102231646391273
-0.9994622855144987
-0.9879727002223444
-0.9756600398193616
-0.9661639025848714
-0.9614537846297881
-0.8941143014073799
-0.8844263289298643
-0.8834210799422111
-0.8781617565324668
-0.8749587901484301
-0.8707449411198755
-0.8656532671936825
-0.8601227837164938
-0.8545603719554054
-0.8479243022214994
-0.8325683160074258
-0.44053601413854515
-0.431223225776823
-0.4235487760731495
-0.41670034686077884
-0.4118617711027444
-0.40312745441355685
-0.3943360325446322
-0.37352571123773654
-0.35583119460624907
-0.35236002781481796
-0.34372334615740885
-0.19614655227179092
-0.18302381471605358
-0.17387036156905042
-0.17199053734749664
-0.1598001184315741
-0.15342306421474328
-0.14333993042832952
-0.13129016213010777
-0.11634392501966344
-0.09645861658246012
-0.06388840081498962
0.04578531460255833
0.06485212075616476
0.07754609119326371
0.08950843030479527
0.099522012688681
0.1124760317212002
0.1232387588869919
0.13241497710949818
0.14056105789030385
0.1574266065760685
0.2844395736282316
0.3101600119050682
0.328695797085028
0.3417882436938872
0.3526629141940076
0.35724601261253314
0.36783035300023137
0.37211463625262514
0.3799139677243467
0.38623483533913844
0.3937654364011771
0.6830972486351286
0.6862937590108422
0.6891115252413685
0.6914346729064955
0.6944641445676905
0.6958348658497419
0.6992579486152557
0.7002375763213851
0.7025291661437243
0.7039680213515322
0.7063649516816224
2.0999768230678084
2.102387897730639
2.1041339309124414
2.1055242511955083
2.1064801717939505
2.1078005322182
2.108334920466258
2.1097817344175884
2.1101233838068874
2.110943061082917
2.1121162404080223
2.4084224447604945
2.4186457700423434
2.426315051394635
2.4324913998878155
2.4377067052775305
2.4424922144376615
2.4475149354255694
2.4528102612587217
2.4575765312491056
2.460849220052859
2.4688937881076294
2.5357663270426665
2.5475727778502897
2.5556350643987082
2.5608983517566095
2.5696519206155695
2.5752828611945606
2.585211912677784
2.590207000160085
2.5972863033291476
2.6018952954516683
2.636789270708264
2.65320421593234
2.661254885860847
2.66650030485688
2.6709583429223773
2.6751863548619985
2.6805234254973325
2.686325110280332
2.6927818279524267
2.6999484435633407
2.7081371816266095
2.8375361349006862
2.842958760109058
2.847459273820731
2.851230738213688
2.854312081106802
2.856743946406394
2.8585523243523414
2.859819104157682
2.861073436367934
2.862657987151481
2.8645847799586774
-2.3838558217445596
-2.378738926995768
-2.3737185603464543
-2.3710661472349077
-2.3688867860190883
-2.36456060159121
-2.3644655595557738
-2.361530236402971
-2.3597435381707865
-2.3565945492761204
-2.3517518109276603
-2.3225360152981587
-2.318389881526869
-2.3147708567984777
-2.3113534669496145
-2.3082990585079606
-2.306225630620029
-2.304443710834184
-2.3033829849379774
-2.3005095719331523
-2.296997138411218
-2.2668513283550666
-2.2632816459880902
-2.258777356713792
-2.255119075512941
-2.2516867173156423
-2.247917465377893
-2.24414321307431
-2.2404988471793215
-2.236362749622409
-2.2313192335116465
-2.225067955879009
-2.1640779005814106
-2.159432621402135
-2.155817451367529
-2.1525538187986046
-2.1496673922284297
-2.147174929914738
-2.1450541032308994
-2.1431692123499237
-2.141162545957041
-2.1386980041642527
-2.1354544858122066
-1.2687008278722247
-1.2665166354786033
-1.2662501699717321
-1.265703413987556
-1.264886181880565
-1.2645739669810332
-1.2638908778044533
-1.262997844356521
-1.262298786161139
-1.2614576078974669
-1.2604791485457456
-1.1430135424285692
-1.1339696413393372
-1.1255280203862348
-1.118818676276914
-1.117003321191228
-1.1143005249023272
-1.111920696358584
-1.109605780807381
-1.104730461190424
-1.0961052561029185
-1.0678095827921112
-1.0465736524366867
-1.04080036798517
-1.0317968652317042
-1.0212618131963342
-1.01022317209419
-0.9994622838264706
-0.9879726972467904
-0.9756600461081144
-0.9661638942004268
-0.9614537891568135
-0.8941142412534855
-0.8844359006667502
-0.8834073412242213
-0.8781745033668673
-0.8749451973275768
-0.8707518180677672
-0.865650986444119
-0.8601233488187168
-0.8545602774653546
-0.8479243084786493
-0.8325683159882356
-0.44053601415459465
-0.4312232254042347
-0.42354877890416687
-0.4167003358519206
-0.4118617854060121
-0.40312744465958006
-0.39433603747963186
-0.37352570917516087
-0.35583120146389635
-0.35236002107730235
-0.3437233471513917
-0.19614665998478956
-0.1830222349356639
-0.17387510663514266
-0.17199113522124235
-0.15977720155148403
-0.1534545002642637
-0.1433229912354422
-0.13129509672207748
-0.11634383541584943
-0.0964582134003359
-0.06388853681090131
0.045797566618530565
0.06466635949844862
0.07854283357997455
0.0873386559714802
0.10334280968563886
0.10856965148183105
0.12692349383891852
0.12971303987411018
0.14102859846999552
0.1574084283073072
0.2844389408840145
0.3101692850030956
0.3286138925609624
0.34224563927972523
0.3510635793393768
0.35962674993759164
0.3655284396099304
0.3737293690001333
0.37932386539381896
0.3863557757553761
0.3937562381279072
0.6830967152957015
0.6863012796245823
0.6890675733870156
0.691556495826898
0.6941477338232802
0.6962184035683283
0.6988282606609187
0.7006172770472099
0.7023912673738968
0.7040058257955258
0.7063630479214386
2.0999768349882064
2.1023873865649776
2.1041409310691144
2.105478930197877
2.10660895355964
2.1075284184921466
2.108650496255644
2.1094788578963626
2.1103455568810974
2.1108880693632455
2.1121185118319055
2.40842242925346
2.418646616564665
2.4263010381724
2.432599921432132
2.4373382363339005
2.4434588173378455
2.4463073088088323
2.454176682292944
2.4563788297036715
2.46121758289747
2.4688707872163573
2.535772657007657
2.5474929464633607
2.5561206062959263
2.560146150647456
2.5708516773013916
2.57411098498789
2.5861320356901865
2.5894304311909186
2.5975253902880864
2.601824802591377
2.636789638753522
2.6532042440822377
2.6612510289025577
2.6665134765075336
2.6709390294589634
2.6752001026356957
2.680518449461999
2.6863263046112484
2.6927816548624555
2.699948457508352
2.708137181171713
2.8375361349006947
2.842958760108963
2.84745927382127
2.851230738211504
2.85431208111362
2.8567439463898574
2.8585523243805113
2.8598191041321157
2.861073436378258
2.862657987149917
2.8645847799587605
-2.3838558217445645
-2.378738926995762
-2.3737185603469175
-2.3710661472307164
-2.3688867860307887
-2.3645606007793836
-2.3644655603727616
-2.3615302364330355
-2.359743538091789
-2.3565945493251967
-2.3517518109118356
-2.322536032338183
-2.318389575731656
-2.3147733530038335
-2.311338646654396
-2.3083710556847774
-2.3060039868743494
-2.3047553528940226
-2.3032136885575225
-2.3005313105737595
-2.2969953085215846
-2.2668516609899694
-2.263280409762417
-2.2587805689672242
-2.255113554860665
-2.2516923811080147
-2.24791360389677
-2.2441452093399072
-2.2404981450061627
-2.2363628817961203
-2.2313192214676496
-2.2250679563213853
-2.164077900581748
-2.1594326213943393
-2.1558174514125703
-2.1525538186537494
-2.1496673925377734
-2.147174929462039
-2.1450541036604838
-2.143169212114833
-2.1411625460196366
-2.1386980041575714
-2.1354544858124145
-1.2687008278679133
-1.266516632449326
-1.266250181964136
-1.2657033819906363
-1.2648863439221032
-1.2645737600777902
-1.2638909760561827
-1.2629977963893757
-1.2622988076010795
-1.2614576037455034
-1.2604791488729885
-1.143013542428129
-1.1339696413809555
-1.125528017211105
-1.118818978127809
-1.1170023743465127
-1.114302298021818
-1.1119187312485344
-1.109606736324425
-1.1047303370066297
-1.0961052652647933
-1.0678095815301767
-1.0465736707992466
-1.0408003269492518
-1.031796914510705
-1.0212617606146568
-1.0102232255244725
-0.9994622366394742
-0.9879727324943351
-0.9756600178623503
-0.9661639193511896
-0.9614537775318865
-0.8941142733382149
-0.884432070263668
-0.8834126766889463
-0.878170355074839
-0.8749491044679926
-0.8707501698015021
-0.8656514013768325
-0.8601232805339487
-0.8545602830955348
-0.8479243085659844
-0.8325683159845666
-0.4405360141318892
-0.4312232258171607
-0.42354877630681725
-0.4167003443458342
-0.41186177573937577
-0.4031274496242781
-0.3943360358010994
-0.3735257090025022
-0.3558312045149584
-0.35236001763287933
-0.34372334781429326
-0.1961465660065075
-0.18302327256167775
-0.17389358588190632
-0.1719577761965393
-0.15985166877150164
-0.1533465589172517
-0.1433970354821911
-0.131258848108239
-0.1163555090220738
-0.09645592110087126
-0.06388879423757954
0.0457976577349393
0.06469865666073024
0.07820109281137826
0.08822447158241876
0.10095004751713728
0.1115055838546222
0.12353251160117729
0.13255253435468953
0.14042877134917608
0.1574401756245911
0.2844380196505017
0.3101780050413281
0.3285586277019207
0.34251746593687654
0.35048995397759536
0.3606288622511285
0.36466286817264554
0.3740622989551891
0.37918817595380755
0.38637196284667064
0.39375549275201455
0.6830954700655621
0.686318207821017
0.6889810798604065
0.6918422106771324
0.6936477360013157
0.6969654031230128
0.698084742150454
0.7011684456339035
0.7020683550990614
0.7040622851141473
0.7063599447787632
2.099976842306916
2.1023870798600734
2.104145142067001
2.105454738831486
2.106700373243898
2.10739151058772
2.1088510516879606
2.1092887429299516
2.1104411927046334
2.110846525862142
2.1121197470184447
2.408422441063994
2.418645918029389
2.4263132981655957
2.4325000318011223
2.4376889300876576
2.4425000939665678
2.447548430362421
2.452724688014877
2.457688851838002
2.460787073722257
2.4688986063151965
2.5357591542583786
2.5476909959249605
2.555014039076245
2.5622936466431274
2.567688878415224
2.57750574238251
2.5829877458962858
2.5921053585726357
2.5962108486212077
2.602153228453272
2.6367835190594073
2.65323453838658
2.6611290541999026
2.666784483212249
2.67064418527938
2.6753603978516227
2.6804692351849844
2.6863358800736035
2.692780489780756
2.699948536818811
2.7081371789759814
2.8375361349007053
2.842958760108852
2.8474592738218885
2.8512307382090607
2.8543120811210874
2.8567439463720654
2.8585523244104145
2.859819104105226
2.86107343638902
2.8626579871483058
2.864584779958845
-2.3825946095864268
-2.377475307105234
-2.3727744276632117
-2.3724855371807996
-2.367735477422346
-2.3658294815177494
-2.36359441293872
-2.3615989133541926
-2.3597511346509976
-2.3565895296602837
-2.3517513764956273
-2.322510069350307
-2.3183681386216204
-2.3149409024734733
-2.311619872699015
-2.3087578780079685
-2.306178260595004
-2.304681398232523
-2.303262784855421
-2.3007058687476687
-2.29706070753074
-2.267241768753277
-2.2629384876586727
-2.2581840090751073
-2.2543692348090616
-2.2507839658044677
-2.246955648949449
-2.243282710241948
-2.239725142887985
-2.2355934280872494
-2.230568710856058
-2.224398104209049
-2.1631358689964757
-2.1585104621581515
-2.154968470725194
-2.15179567840229
-2.149007387726794
-2.146612191888627
-2.1445753157224097
-2.1427328314463248
-2.1407218639485084
-2.1382453390910894
-2.1349947299447978
-1.269273374450201
-1.26661705154642
-1.2663527300089008
-1.2658017777264956
-1.2651137522674314
-1.2643958049520225
-1.264140451330976
-1.263182775367254
-1.2623877209726229
-1.2615069509230312
-1.2604900477866412
-1.1454419458548097
-1.135843654906126
-1.1276752879663952
-1.119944547771318
-1.117524978541845
-1.1148593299867378
-1.1123475324601155
-1.1096529239115935
-1.1047319616904023
-1.09610515248934
-1.0678095957911657
-1.0469479428342319
-1.0424082976249947
-1.034128259518715
-1.023970806354726
-1.012968876950956
-1.0021479659266306
-0.9909871636770814
-0.9786729707583328
-0.967881893675129
-0.9617433746097053
-0.8927181243626506
-0.8834341433820186
-0.8830810214262664
-0.8769154308799119
-0.8742609474694454
-0.8695018484781295
-0.8643172128644209
-0.8587398129841539
-0.8533134805230339
-0.8454175826951522
-0.8284908113955998
-0.4405345928163265
-0.43127843868378923
-0.4230866642814127
-0.41828669740084706
-0.4081368273182623
-0.4072063691859499
-0.38923987372540164
-0.3684530017150331
-0.3563038351772831
-0.35144473196869075
-0.3432136830190814
-0.19613901090019262
-0.1830164732271659
-0.1747122163995053
-0.16976749319264775
-0.16226670570352078
-0.1538063556126073
-0.14428103027943734
-0.13172001318639914
-0.11649880169773419
-0.09647636922594785
-0.06388981870763212
0.04579177911749273
0.06474392636684811
0.07741512119066818
0.08828908236631558
0.09805101650732984
0.11246129573117616
0.12107283034466979
0.13298599091539717
0.14016519725831164
0.15747041020254796
0.28408493424260345
0.30904731322751283
0.32699225772448676
0.3408976914335872
0.34958568056803874
0.3592303766564974
0.36475926346819265
0.37334881997094116
0.37913456768588055
0.3862742383800981
0.3937508065125551
0.6827300559499162
0.6860312085153739
0.6886243363392018
0.6915431471450484
0.6932783528867046
0.6967974006723991
0.6978799102633498
0.7011063118166643
0.702050674799682
0.7040888432148208
0.7063667929663701
2.0997216152094285
2.102152380849101
2.103936484886649
2.1052716076098754
2.1065336324866597
2.107274304174521
2.1087321724414383
2.109268310770349
2.11041028342323
2.110873747649831
2.1121173898687364
2.4072857501409843
2.417581514512265
2.425341696401486
2.431576937573912
2.436988405666191
2.4415544749182523
2.4473269760488505
2.451972072545359
2.457759885767177
2.4606286536535755
2.468844787921684
2.5347282138510394
2.5468895821463575
2.554207959793338
2.5623077103027962
2.5668711433940787
2.5779791233086367
2.5824166469271312
2.592628483515916
2.5961265011876526
2.602579485086233
2.638119726282378
2.654599146333631
2.6623210719615407
2.667846001941464
2.6713999188596245
2.6763521496796723
2.6814508777549158
2.6873296634247685
2.693737228102291
2.7008319397571907
2.708877598481607
2.838908410913121
2.8441531057638967
2.8484690354788804
2.852064148865863
2.8549794732468308
2.857254145565524
2.85890599170039
2.8600661252791113
2.8613229367757076
2.862899339139388
2.864788156809108
-2.382594609586427
-2.377475307105374
-2.3727744275755405
-2.3724855372901525
-2.3677354769912102
-2.365829483083931
-2.363594409378663
-2.3615989182874046
-2.359751131397724
-2.35658953051227
-2.351751376355537
-2.3225100977819833
-2.3183676864313654
-2.3149438237572255
-2.3116062854806882
-2.3088009630729798
-2.30604041484649
-2.3048561304352226
-2.3031827143983405
-2.3007177475013374
-2.2970600173425915
-2.2672417218847607
-2.262938749941664
-2.258183052304252
-2.254371266625271
-2.2507814151638033
-2.246957842856792
-2.2432813221673444
-2.2397257030391446
-2.2355933105114314
-2.2305687232566997
-2.2243981036580114
-2.1631358690053313
-2.1585104620758053
-2.1549684710508554
-2.1517956775901967
-2.149007389159572
-2.146612190098092
-2.144575317190381
-2.142732830753868
-2.140721864104272
-2.138245339077167
-2.134994729945155
-1.269273374467406
-1.2666169631090265
-1.2663529705963876
-1.2658013701573843
-1.2651144373325056
-1.264394192400931
-1.2641417787301648
-1.2631825816447086
-1.2623877787722209
-1.261506941749175
-1.2604900483720791
-1.1454419458549256
-1.1358436549032709
-1.1276752881700691
-1.1199445098680914
-1.1175251728735487
-1.1148588515213214
-1.1123481194518325
-1.1096526009242462
-1.1047320261664815
-1.0961051454042519
-1.067809597493027
-1.0469479059178766
-1.042408372255622
-1.0341281840910574
-1.0239708764104372
-1.0129688124955103
-1.002148019865213
-0.9909871266834138
-0.978672994167814
-0.9678818778494853
-0.9617433810124233
-0.8927180774203931
-0.8834481019351029
-0.88306542408289
-0.8769212586450276
-0.8742552410353019
-0.869503926368624
-0.8643165838723833
-0.8587399454431804
-0.8533134630057699
-0.8454175831766102
-0.8284908113959293
-0.4405345928414261
-0.4312784382544254
-0.4230866677818216
-0.4182866909131463
-0.4081368663429245
-0.40720633277398854
-0.3892398747350839
-0.3684530016875564
-0.35630383293233614
-0.35144473479902705
-0.3432136822239934
-0.19613906198490133
-0.1830143666815452
-0.17473112566475096
-0.16973115410394718
-0.16229985073172315
-0.153790062914516
-0.14428061900579048
-0.13172571501570085
-0.11649515365486861
-0.09647754971986885
-0.0638895912519695
0.04577958430103631
0.06492598441109695
0.0766537373902165
0.09051700942639844
0.09565607482583675
0.11457475998708817
0.11940988927402768
0.1334049775865589
0.14005614887363155
0.1574684111780235
0.2840863486594111
0.309030717761574
0.3271112991395339
0.3403135089721252
0.3512885487764193
0.35667912631454407
0.3672800445728371
0.3716727404278907
0.37973149838353615
0.38615211674006655
0.39376003545975635
0.6827312739227167
0.68601322508632
0.6887131085743846
0.691246072724105
0.693766063182137
0.6960642823388387
0.6986134122600346
0.7005786851185979
0.7023696108568587
0.7040309974872319
0.7063703030183085
2.0997215986362945
2.102153065373876
2.1039272642210904
2.105326553983582
2.106356929522933
2.107572384914444
2.1083556953992764
2.10962205437817
2.110194359474976
2.1109477226191564
2.112114300846011
2.4072857636529688
2.417580813309769
2.4253530307595863
2.4314985172009704
2.437326411009216
2.4409770457569793
2.448304728926709
2.4509872699364177
2.4585144136438037
2.4601717281569098
2.46886148331819
2.5347254557469436
2.5469194803048953
2.5541176407380806
2.562517996347229
2.5666870704038924
2.5780198540739985
2.582442802560517
2.5925078236718164
2.596239398977548
2.6025569200659344
2.638121112847487
2.6545890443553013
2.6623675764361554
2.667726775804467
2.671528737780083
2.6762868953586287
2.6814731374018654
2.687325065354496
2.693737839441998
2.700831894000436
2.708877599898691
2.8389084109131
2.8441531057641374
2.8484690354774034
2.8520641488722087
2.854979473225858
2.857254145618832
2.858905991609681
2.8600661253567106
2.861322936747551
2.862899339143437
2.8647881568088955
-2.3825946095864254
-2.3774753071053585
-2.3727744275927347
-2.3724855372682443
-2.367735477107963
-2.3658294826143034
-2.3635944105699367
-2.361598916480061
-2.359751132687354
-2.3565895301293205
-2.3517513764305487
-2.322510060578147
-2.3183683603762026
-2.3149389416123682
-2.311631620153747
-2.308709059847266
-2.3063309872924345
-2.3044266758375684
-2.303424592439899
-2.30068306306685
-2.2970625258255057
-2.2672414863160992
-2.262939715990537
-2.258180356469692
-2.254376031557977
-2.250776281178716
-2.2469616479172276
-2.2432792207931302
-2.2397264527238443
-2.2355931738036507
-2.230568735450258
-2.224398103218259
-2.1631358690015543
-2.158510462119529
-2.1549684708495103
-2.1517956781611915
-2.1490073880361527
-2.1466121916368786
-2.1445753158274945
-2.1427328314431477
-2.140721863936936
-2.138245339093612
-2.134994729944676
-1.2692733744666196
-1.2666169848316247
-1.26635290656949
-1.265801496518144
-1.2651141865168773
-1.264394883448157
-1.264141179869331
-1.2631826858053974
-1.262387743153269
-1.2615069482681174
-1.2604900478849694
-1.145441945851093
-1.1358436551297235
-1.1276752815646833
-1.119944947898203
-1.1175234242661836
-1.114862226796713
-1.1123447276412364
-1.1096541506320856
-1.1047317925659144
-1.0961051635652221
-1.0678095949994781
-1.0469479419295271
-1.042408306855747
-1.0341282378023986
-1.023970838254743
-1.0129688383176
-1.002148004602801
-0.9909871330091281
-0.978672993104711
-0.967881876724792
-0.9617433819087682
-0.8927180203989494
-0.883467315857755
-0.8830435032325722
-0.8769316655404265
-0.8742442764319257
-0.8695085346624822
-0.8643149410767886
-0.8587403693226068
-0.853313392161821
-0.8454175862680683
-0.8284908113869817
-0.4405345928559445
-0.4312784379089895
-0.42308667140003564
-0.4182866832299996
-0.40813692733497325
-0.40720627438959334
-0.38923987763539
-0.36845299797410574
-0.35630384165939133
-0.35144472739128285
-0.3432136835084017
-0.19613932072462606
-0.18300707422000212
-0.17478005983149186
-0.16965195629083415
-0.16235067136882075
-0.15378368184320135
-0.14426435746744726
-0.13173912573781393
-0.11648984677446364
-0.0964786693102224
-0.06388948426935276
0.045787985779457224
0.0647458357035891
0.07763150946571538
0.08736185762784644
0.10000893069950868
0.10960447283049501
0.12438190860337625
0.1305682198023333
0.14092854258802218
0.1574272692126696
0.2840870267753846
0.30902657013525847
0.3271235989558134
0.34031496307940784
0.35110768442448387
0.35703014205405836
0.3667292888421079
0.372175971201262
0.37955606264249225
0.38619873779958963
0.3937559813497591
0.6827323655044836
0.6859981743868965
0.6887932939083227
0.6910451904290488
0.6942247549758236
0.6955379192009739
0.6991491568505014
0.7001251598610904
0.702531632512838
0.7039867966623683
0.7063725902772291
2.099721594500744
2.1021532295192933
2.1039251590631007
2.105340161241762
2.1063232421433695
2.107651644068633
2.108269774499614
2.1097017130602507
2.1101320802851857
2.1109596505212647
2.112113680466592
2.4072857455488292
2.4175818324483003
2.425335532514866
2.431628254901181
2.4367794168389865
2.4420261689940532
2.4466197147682496
2.4527799733801245
2.457036706296702
2.4609647019833902
2.468822989242208
2.534741708271458
2.5466909309798758
2.555205348981539
2.560092344098638
2.569953476792007
2.574555240217576
2.5857650814739266
2.5898460553065608
2.597645135700605
2.6022372188082628
2.6381276317918307
2.6545528278667514
2.66252600085592
2.667386060448594
2.6718851174196367
2.676097846279316
2.6815298591418486
2.687313767538581
2.693739239579836
2.7008317960570083
2.708877602715321
2.838908410913084
2.8441531057643092
2.8484690354763873
2.852064148876468
2.854979473212092
2.8572541456532092
2.858905991551936
2.8600661254056603
2.861322936729964
2.8628993391459336
2.8647881568087654
-2.3825946095864294
-2.377475307105213
-2.3727744276804055
-2.37248553715889
-2.3677354775390995
-2.365829481048118
-2.363594414129993
-2.36159891154685
-2.3597511359406327
-2.356589529277334
-2.3517513765706384
-2.32251003214482
-2.3183688121723933
-2.314936005801096
-2.3116448833266596
-2.3086622457899875
-2.306436211408197
-2.304222879381013
-2.303569783790025
-2.3006718144475737
-2.29706321883373
-2.267241533195676
-2.2629394538385608
-2.25818131454594
-2.254374001996831
-2.2507788310614396
-2.246959452513763
-2.243280607739458
-2.2397258922673315
-2.235593291364791
-2.230568723049466
-2.224398103769297
-2.163135868992697
-2.1585104622018743
-2.1549684705238463
-2.1517956789732864
-2.1490073866033783
-2.1466121934274103
-2.144575314359522
-2.1427328321356067
-2.140721863781174
-2.138245339107535
-2.134994729944322
-1.269273374449413
-1.2666170732409436
-1.2663526659616333
-1.2658019040076787
-1.2651135011600612
-1.2643964898276123
-1.2641398590081416
-1.2631828795736824
-1.2623876853610383
-1.2615069574422557
-1.2604900472995333
-1.1454419458509724
-1.1358436551325752
-1.1276752813610096
-1.1199449857717014
-1.1175232296635857
-1.1148627046450124
-1.112344141106602
-1.1096544740688485
-1.1047317281010005
-1.0961051706503786
-1.067809593297617
-1.0469479788450178
-1.0424082322254242
-1.0341283132302905
-1.023970768199162
-1.0129689027731201
-1.0021479506642923
-0.9909871700028313
-0.9786729696952415
-0.9678818925504399
-0.9617433755060485
-0.8927180673433224
-0.883454871239908
-0.8830575903836962
-0.8769258705753886
-0.8742499507630432
-0.8695064528656421
-0.8643155695666009
-0.8587402368310699
-0.8533134096780108
-0.8454175857866072
-0.8284908113866523
-0.4405345928308451
-0.431278438338354
-0.4230866678996326
-0.41828668971769933
-0.4081368883150859
-0.4072063107967662
-0.38923987662570825
-0.3684529980015822
-0.3563038439043307
-0.35144472456095416
-0.3432136843034891
-0.19613926964749626
-0.1830091895756786
-0.17476160835015778
-0.16968818133578384
-0.16231724812417603
-0.15379988980404002
-0.14426478637950169
-0.1317334194984962
-0.11649349219619375
-0.09647748860785443
-0.0638897117221096
0.045800214102180936
0.06457364482327223
0.07862822516897955
0.08569782657916294
0.10262748787324394
0.1072695824108443
0.12576857105966047
0.12965272799753935
0.1409990412168071
0.15742928382805388
0.2840856121847554
0.30904315248352027
0.3270043132646075
0.3409023137528519
0.3494770968303799
0.3596972571073781
0.3641861512743668
0.3737309811667183
0.3789145557451742
0.3863178364402788
0.39374672167238806
0.6827311449944721
0.686015756056419
0.6886973409381981
0.6912994937570549
0.6936548919184209
0.6962240355876652
0.6984377958300687
0.7007290771678565
0.7022879340966449
0.7040504610273252
0.7063691031954376
2.099721611073655
2.1021525446430336
2.1039343217412045
2.105283423255928
2.1064888863252125
2.10733806900927
2.108640892886481
2.109354028209793
2.1103696345991727
2.110891737330564
2.112116780295502
2.4072857320370473
2.4175825342106894
2.4253243392012322
2.4317133112227194
2.436507969737349
2.4427546841708057
2.4457438027289826
2.453752335191574
2.456188021651637
2.4612024268260204
2.4688058294182635
2.534744486052353
2.5466639634481103
2.5553360815345667
2.55992158150135
2.5701100791622884
2.574461741225546
2.585695255568652
2.589960602526814
2.597573429930385
2.6022657261501267
2.638126244008415
2.6545627757507124
2.662476113581874
2.6674947897488526
2.671764587618404
2.6761681725038016
2.681508241317298
2.6873183972597765
2.6937386288407006
2.700831841817402
2.70887760129824
2.838908410913105
2.8441531057640668
2.8484690354778612
2.8520641488701206
2.854979473233064
2.8572541455999003
2.858905991642644
2.8600661253280615
2.8613229367581203
2.8628993391418858
2.8647881568089795
-2.3813371256151408
-2.376217202282135
-2.3745505993005853
-2.37126677828436
-2.367301389017416
-2.3666187501650593
-2.3628506610279856
-2.3621059505757964
-2.359662480494103
-2.356593421837882
-2.351751132885381
-2.32249068067261
-2.318322100932189
-2.3150364817007323
-2.311899399091531
-2.3089578444691004
-2.306757840578131
-2.3041536548252886
-2.303534148480396
-2.3008777197778976
-2.297165021474234
-2.2676431619950703
-2.2625173278866266
-2.257524671703955
-2.2535714675917373
-2.2498430118605723
-2.246015613780781
-2.242465632954183
-2.2389875277154703
-2.234848108207203
-2.2298452036296363
-2.2237593683528862
-2.162207183137588
-2.157606194825987
-2.1541411707481206
-2.151061695123579
-2.14837213054256
-2.1460725272039256
-2.1441140811537016
-2.142304772846314
-2.1402858733932653
-2.1377974448796535
-2.134539921730886
-1.2699202550558542
-1.2668292352185548
-1.2664117143800195
-1.265849922312444
-1.2653253258303652
-1.2643984894648752
-1.264218141096407
-1.263398199897421
-1.2625137484128894
-1.2615791203317621
-1.260510456289334
-1.1479623339795366
-1.1375799738955759
-1.1298354771521486
-1.1215572608346218
-1.1178586234729757
-1.1154459267656827
-1.1127599112711757
-1.109713292706746
-1.1047320982052613
-1.0961050896562068
-1.0678096073742493
-1.0474469250785208
-1.0439149074031602
-1.0363347685124282
-1.0266274682396737
-1.0157333831252404
-1.0048193295763375
-0.9939061245867153
-0.9817693281799489
-0.9701472633436403
-0.962441687728107
-0.8910852580914415
-0.8834313016519909
-0.8815331305802255
-0.8760649642077758
-0.8732430532166605
-0.8682570991819244
-0.8629505332194357
-0.8573418104021268
-0.8519558842774421
-0.8423879014560274
-0.8240881308406082
-0.44053650284808415
-0.4312885149302736
-0.42330353450902003
-0.41779324173188875
-0.4109383805880317
-0.4038434794714603
-0.38401678556015145
-0.363673207127612
-0.3593563547105608
-0.34954056964512265
-0.34303543984919554
-0.1961597612120149
-0.18254767877801228
-0.17642063401798616
-0.16626058314116862
-0.16423099088642557
-0.15455716424917154
-0.1451703567144105
-0.13234375966948864
-0.1167353103008265
-0.0965200399277819
-0.06389250464000243
0.04579697347319865
0.06453664569151622
0.07825685742071703
0.08499720796716245
0.10026655305910337
0.107994366403061
0.12352940237546618
0.1305370611042409
0.14074162281066804
0.15744094973113787
0.2838573777841931
0.3081360052081998
0.32552223045021517
0.33955351860560495
0.34797575514086115
0.3593996779477703
0.363050899729794
0.37343206133828943
0.3785240357003472
0.3862161943190889
0.39373184851027154
0.6823457219167772
0.6857302364089675
0.6883116771711018
0.691075345094328
0.6931374753342432
0.6962582463376354
0.6980155967931981
0.7008250217012092
0.7021600142021786
0.7040867386081414
0.7063720190847974
2.0994664082677303
2.10191624673016
2.103725432325433
2.1050846614810887
2.106371383417343
2.10714802745026
2.1086369203099475
2.1092279859586442
2.110394064388718
2.110896567919113
2.1121221289303214
2.4061528009582944
2.416513436306096
2.424340405146209
2.430807264650634
2.4357010042431244
2.441941321169884
2.445301818588956
2.4531859715266693
2.456136791195534
2.461176264506803
2.468766304674665
2.5337057063566704
2.545831967697446
2.554477236491247
2.5597725644960585
2.569259582075508
2.5749030160475948
2.585157853033858
2.5905595580380956
2.5975749840528453
2.602719708797364
2.639463345229246
2.6558981883670576
2.663621435328853
2.6684068626544657
2.6725410699823766
2.67715402873727
2.682479651039664
2.688292462327672
2.6946711846184535
2.701685973138371
2.709583322501062
2.8402316650381416
2.8453005074294158
2.8494338026533623
2.8528550663754793
2.855606923291474
2.857725516870211
2.8592194932429407
2.8602972693999016
2.861565025413641
2.8631303604034124
2.864979847065624
-2.381337125615141
-2.3762172022828625
-2.3745505992968527
-2.3712667783138115
-2.367301387666246
-2.366618752175887
-2.3628506530830293
-2.3621059600816823
-2.3596624774401223
-2.356593422799513
-2.3517511327145275
-2.322490745255951
-2.3183208756317053
-2.3150448518322078
-2.311861714528006
-2.309081658323376
-2.306489691046086
-2.3046499831522413
-2.303164756439179
-2.300928693188484
-2.2971619162935064
-2.2676433153430913
-2.2625166420390745
-2.257526699471416
-2.253567774665419
-2.249847187112944
-2.2460122949904875
-2.242467540552707
-2.2389868634429373
-2.234848221557708
-2.229845194169221
-2.223759368660639
-2.162207183147977
-2.157606194709238
-2.154141171277405
-2.1510616936407767
-2.148372133417526
-2.146072523363362
-2.144114084412081
-2.1423047712945307
-2.1402858737437374
-2.137797444847192
-2.1345399217317804
-1.2699202550588131
-1.2668292051269467
-1.2664118640793294
-1.26584948433033
-1.265325976686496
-1.2643961210875196
-1.2642204363373821
-1.2633978761643698
-1.2625138243452338
-1.2615791079171548
-1.260510457156347
-1.147962333979129
-1.1375799739127601
-1.1298354768380288
-1.1215572732830583
-1.1178585410216353
-1.1154460784217473
-1.1127597996041683
-1.109713320398659
-1.1047321030152617
-1.096105087094676
-1.0678096093692495
-1.0474468523145881
-1.0439150418052896
-1.0363346547319618
-1.0266275590328984
-1.0157333091546068
-1.0048193879554272
-0.9939060863875153
-0.9817693489884892
-0.9701472523308543
-0.962441691511753
-0.891085190759255
-0.8834337593115309
-0.8815288854481218
-0.876070931409536
-0.873237374543611
-0.8682592146284073
-0.8629498500471594
-0.8573419653604059
-0.8519558628473839
-0.8423879018662449
-0.8240881308402075
-0.44053650287686
-0.4312885144592984
-0.4233035377205469
-0.4177932350615297
-0.4109383874959199
-0.40384347595460024
-0.3840167863817365
-0.3636732070189803
-0.35935635363239193
-0.34954057134190547
-0.3430354390188099
-0.19615966390054806
-0.18255241548189793
-0.17640356099919854
-0.16637364658736234
-0.16411567412426825
-0.15457215691695395
-0.14517299795192415
-0.13233941697798388
-0.11673694944094706
-0.09651980827138798
-0.0638924760022329
0.04578141446641524
0.06483077925935062
0.0764785395224342
0.08914505750343296
0.09499865434918946
0.113755618091114
0.11854662961061802
0.13316008921391972
0.13992365853163038
0.1574772045150901
0.28385757133874806
0.30812965139145426
0.32558069566784276
0.3392055892852176
0.3488446742768357
0.35750206735205253
0.36502063625181413
0.3723416829159476
0.379059163499788
0.38611747965582965
0.3937403711808033
0.6823452005347518
0.6857377532649569
0.6882796274727488
0.6911777839528064
0.6929963917722847
0.6964538674997589
0.6978338032871995
0.7009324366237419
0.7020929668109446
0.7040968525419646
0.7063714088913823
2.0994664067466875
2.101916315009937
2.1037244495594574
2.1050902910453715
2.1063486338458866
2.1071811315604005
2.108586723697947
2.1092766106813694
2.1103700550392936
2.1109075362230785
2.11212167376932
2.406152825609242
2.4165121071442224
2.4243624347790234
2.430640691087502
2.4362987102777893
2.4405938464800334
2.4471391069224495
2.4511925817411155
2.4578456009742258
2.4604698776238862
2.468815831925757
2.5336874121414725
2.546072439878289
2.5534000434288786
2.562294808381282
2.5660623579208797
2.5784302370699472
2.5818484631556333
2.5930969130812844
2.596071942294736
2.602999257172396
2.6394568654199912
2.6559390889636085
2.663439544555297
2.6688195424337144
2.6721341230799545
2.677344202059099
2.6824186198459397
2.6883045590621153
2.694669646754375
2.7016860835061416
2.709583319207764
2.840231665038159
2.845300507429203
2.8494338026546964
2.8528550663696124
2.8556069233113814
2.8577255168185363
2.8592194933274184
2.8602972693333943
2.861565025434902
2.8631303604005334
2.8649798470657717
-2.381337125615139
-2.3762172022842187
-2.374550599290285
-2.371266778360535
-2.367301385765368
-2.3666187549481763
-2.362850643269027
-2.3621059715747292
-2.359662473997136
-2.356593423793001
-2.3517511325607887
-2.322490765768791
-2.3183205679765564
-2.3150465137914797
-2.3118559293736802
-2.3090943634213055
-2.306469485883948
-2.3046673858184548
-2.3031598621977656
-2.3009278716271875
-2.297162142020937
-2.2676432252186234
-2.26251712424241
-2.257525017202267
-2.2535712578127147
-2.2498427443915725
-2.246016298305138
-2.242464947786989
-2.238987883672766
-2.234848018432571
-2.229845215017322
-2.2237593677451435
-2.162207183159039
-2.1576061946043534
-2.154141171694896
-2.1510616926029034
-2.1483721352220675
-2.1460725211772647
-2.144114086111306
-2.1423047705513936
-2.140285873895436
-2.137797444834925
-2.1345399217320566
-1.2699202550666253
-1.2668291612057763
-1.2664120681692426
-1.2658489362519874
-1.265326727846451
-1.264393683209792
-1.2642227412208509
-1.2633975958869441
-1.2625138820541175
-1.2615790997410663
-1.2605104576370716
-1.1479623339768328
-1.137579974098969
-1.1298354727562745
-1.1215574608254166
-1.1178570994886392
-1.115449184983888
-1.1127567587012006
-1.1097147578480544
-1.1047318345594341
-1.096105111537933
-1.0678096047699304
-1.0474469640423447
-1.0439148490274401
-1.0363347946421149
-1.0266274689806392
-1.0157333656711345
-1.0048193541101456
-0.993906102873844
-0.9817693428962003
-0.9701472541996674
-0.9624416911789431
-0.8910851341725603
-0.8834362031194913
-0.8815244673543899
-0.8760779637868974
-0.873230218949617
-0.8682622365895938
-0.8629487332783097
-0.8573422609909434
-0.8519558148116858
-0.8423879031550028
-0.8240881308360858
-0.4405365028883873
-0.43128851417270886
-0.4233035404028474
-0.4177932282142905
-0.4109383965997189
-0.4038434699571535
-0.38401678955139906
-0.36367319017079314
-0.35935637430421996
-0.3495405632941506
-0.3430354414072188
-0.1961598873557228
-0.18254092109110662
-0.17644911950998643
-0.1658761160098542
-0.16465852157552738
-0.15445505000030585
-0.1452168989167487
-0.13233356145489752
-0.11673574379268169
-0.09652062499760967
-0.06389229269263123
0.045775611621358736
0.0648892902948129
0.07636130066625293
0.08897401442354051
0.09554228010006861
0.11213540799545411
0.1204473433847319
0.1321372035528163
0.14038401735941716
0.15745108139157452
0.28385970641456
0.30810763290397464
0.3257166717029573
0.33866127548441133
0.3504711650284505
0.3553780955495234
0.3670559503736198
0.37089462482450986
0.3794780690360971
0.38602971306202516
0.393746743452036
0.6823470429807398
0.6857094025034266
0.6884176289339679
0.69077554552753
0.6936778153498718
0.6955658645068317
0.6987086404304925
0.7002780681057321
0.7024405530454356
0.7040214459664587
0.7063760853020892
2.099466385981288
2.1019171419640115
2.103713673818041
2.105154718265015
2.1061608926534956
2.10751821630303
2.108188681460416
2.109646201330485
2.1101251827570335
2.110980830179302
2.1121179024666343
2.4061528346323207
2.416511677253387
2.4243689383587848
2.4305987601528942
2.436473024504533
2.44031686975342
2.4475784706607127
2.450768921933222
2.4581291534167624
2.4603031486798255
2.468821816441542
2.5336894616650882
2.5460326719630078
2.553574832796821
2.561619954765947
2.566899017164191
2.5772978191709157
2.5830142490273587
2.592208950366237
2.5967253218464266
2.6029006630210563
2.639460325337192
2.6559139822706195
2.6635559928310024
2.6685359454303743
2.6724218831118787
2.6772085327763486
2.682464542819625
2.6882951044495154
2.694670906748126
2.701685988419771
2.7095833222091463
2.840231665038113
2.8453005074297764
2.8494338026509487
2.8528550663867644
2.8556069232512957
2.8577255169784337
2.8592194930613095
2.860297269545653
2.8615650253659832
2.863130360410047
2.8649798470652734
-2.3813371256151403
-2.37621720228349
-2.3745505992940155
-2.3712667783310852
-2.3673013871165405
-2.366618752937332
-2.3628506512142153
-2.3621059620686227
-2.359662477051105
-2.3565934228313665
-2.351751132731641
-2.3224907011874847
-2.3183217937690506
-2.315038157109576
-2.3118937905459154
-2.3089716686294315
-2.3067395113458353
-2.3041771339310597
-2.303519961559944
-2.3008769279540267
-2.2971652481591462
-2.267643071859576
-2.2625178099216026
-2.2575229877722442
-2.253574947782036
-2.249838569501262
-2.246019618993415
-2.2424630421860727
-2.238988548464906
-2.234847905103569
-2.2298452244779434
-2.2237593674373906
-2.1622071831486473
-2.157606194721106
-2.1541411711656178
-2.1510616940857137
-2.1483721323471108
-2.146072525017838
-2.1441140828529246
-2.142304772103177
-2.1402858735449626
-2.1377974448673864
-2.134539921731163
-1.2699202550636655
-1.266829191312186
-1.2664119185984604
-1.2658493749351383
-1.2653260767662222
-1.2643961108747033
-1.2642203864074133
-1.2633979193011424
-1.2625138061057302
-1.2615791121552005
-1.260510456770056
-1.147962333977238
-1.1375799740817858
-1.1298354730703972
-1.1215574483798967
-1.117857182065537
-1.1154490333916078
-1.1127568702201789
-1.1097147301115593
-1.104731829749764
-1.0961051140994906
-1.067809602774925
-1.0474470367995892
-1.0439147146293277
-1.0363349084241076
-1.0266273781880435
-1.0157334396420146
-1.0048192957312172
-0.9939061410731255
-0.981769322087675
-0.9701472652124538
-0.9624416873953006
-0.8910852015080462
-0.8834337546715348
-0.8815287063330883
-0.8760720162261735
-0.873235877682949
-0.8682601187552429
-0.8629494161023966
-0.8573421060068334
-0.8519558362408319
-0.8423879027447855
-0.824088130836488
-0.44053650285961166
-0.43128851464368556
-0.4233035371913253
-0.41779323488465875
-0.4109383896918302
-0.40384347347401467
-0.3840167887298178
-0.36367319027942074
-0.35935637538238974
-0.34954056159736574
-0.34303544223760574
-0.1961599846542216
-0.1825361479607299
-0.17646602517901655
-0.16563062300496983
-0.16490596991583192
-0.1544405496760679
-0.14521427338074616
-0.13233789776295576
-0.11673410472674375
-0.09652085668812596
-0.0638923213302887
0.04579114306184451
0.06459041084598945
0.07810357980435673
0.08501719547099194
0.10118410503416708
0.10665788535976463
0.12559362295715684
0.12866085142301473
0.1410842673641264
0.1574144844418368
0.2838595127414965
0.30811395226192456
0.3256562087623976
0.3389624429702642
0.34930683399519846
0.3570231567076233
0.3652774577828998
0.372299501500454
0.3790290932911378
0.38613324438574886
0.393738265351207
0.682347566152949
0.6857021941837897
0.688454341418012
0.6906953507613555
0.6938513377407907
0.6953807587144313
0.698875422689668
0.7001412179740877
0.7024838089450564
0.7040094067049391
0.7063766873675347
2.0994663875022264
2.101917073507531
2.1037146259623984
2.1051481147698587
2.1061775943450223
2.1074764536777044
2.1082352956078076
2.109600627956674
2.110161782963836
2.110973503608956
2.112118367276735
2.406152809981192
2.4165130059790876
2.42434680943113
2.430761081434993
2.4358370315825626
2.441589109403415
2.4457028865994723
2.452780229052806
2.4564768068309744
2.4610911086703413
2.468772505223015
2.5337077737536053
2.5457965551698507
2.554743238251261
2.5593049943541177
2.5702361794570665
2.573827093556718
2.5862818512045984
2.589500346304343
2.59796626770875
2.602596944953731
2.6394668082356025
2.6558735276727887
2.663748778714881
2.6681484618467555
2.6728047152047196
2.6770073947789186
2.682524183955524
2.688282937868375
2.6946724432515943
2.7016858780434263
2.7095833255024364
2.8402316650380954
2.845300507429989
2.849433802649615
2.852855066392633
2.8556069232313877
2.857725517030116
2.8592194929768318
2.8602972696121607
2.8615650253447202
2.8631303604129257
2.864979847065124
