-2.3780185433222254
-2.3732596213115538
-2.3727161617142567
-2.368689391802345
-2.365905982407978
-2.364586457913241
-2.362032708280148
-2.3609252568979837
-2.3583205840252712
-2.326738816605745
-2.323634399378287
-2.3210843404091444
-2.3183349647229035
-2.31733464123346
-2.3133525544909403
-2.309537857694926
-2.305458243212671
-2.2908082220775183
-2.283708136240177
-2.2782066537469317
-2.274017657151061
-2.2698844426125535
-2.2656751758381284
-2.2616944312956417
-2.257048837567458
-2.2508048515035095
-2.222135363365409
-2.215183197973066
-2.211551886160509
-2.2088286394383387
-2.2067913733376927
-2.2046236729901474
-2.201917189250311
-2.19866542178604
-2.194444938702247
-2.1296691218566006
-2.1261825059237225
-2.123058760582101
-2.120132689909689
-2.1173905445199424
-2.1148344086491973
-2.1124810834792087
-2.1103075785862777
-2.10791057850835
-1.261649113949639
-1.2601634790321528
-1.2594457932410659
-1.2592624639220984
-1.259153410147721
-1.2589144339694671
-1.2587945206419073
-1.2586425917010005
-1.2583180281394086
-1.1349198806409904
-1.1226939173387347
-1.1186404146973845
-1.1174681613775792
-1.1155564872136428
-1.1134754898312864
-1.1126337738980945
-1.1091605028838183
-1.1050604833170121
-1.0608730173652505
-1.047821216365274
-1.0425193567742985
-1.0340096353809034
-1.0244458064863369
-1.0195686642887007
-1.0140309316579907
-1.007263678209763
-0.9650972592338117
-0.9540527574149545
-0.9520690950607033
-0.945371885239806
-0.9371861849480495
-0.9276719157197065
-0.9178897068851432
-0.9073970332491224
-0.8970801346272281
-0.8157161165746888
-0.8139078256835828
-0.8103880552398774
-0.8061574953537648
-0.8012745357105459
-0.7951055125076092
-0.7831501839093173
-0.7647157611338719
-0.7422575708102314
-0.40413768835354347
-0.3986719596631978
-0.3946012557284677
-0.3837819350684596
-0.3687992818911406
-0.35776631889735566
-0.3546244704480424
-0.3481868486562083
-0.3450932884161963
-0.16735734806583072
-0.15808440989043684
-0.151640632724815
-0.14807454181580657
-0.13998522764517532
-0.13546675203794264
-0.12416047813547068
-0.10927985219908619
-0.08799425402172757
0.015411021065885901
0.029637646997937032
0.036249399066415305
0.05079416306744239
0.0547751061102632
0.07225706333989387
0.07844634662670066
0.09648279122003164
0.16211943360979408
0.19891700572889878
0.21679562060464552
0.23199820087145165
0.24233774266264613
0.2545959146398036
0.26307287279462854
0.273611419285113
0.28490015048066153
0.44926664840425223
0.4565591764860972
0.46049927031963994
0.4683239938030077
0.47119564009930665
0.4794500293720506
0.4822417005591454
0.48726900243942406
0.49116273660956916
0.7726097141777387
0.7742842799848251
0.7756844048768954
0.7768143957771946
0.7778754260668403
0.7789399557052761
0.7798952853413015
0.7806906832870993
0.7813900734561917
2.1231064790260072
2.124040794498251
2.1246726371595246
2.1251878146938394
2.1256328711170718
2.1261244369719323
2.1264994456327626
2.1268157474684317
2.127317433435763
2.3976606563449923
2.404539385068261
2.4095447714758507
2.4137871738882435
2.4165875073101004
2.4211544910360803
2.423072934331875
2.42644329249327
2.430209148950324
2.5067244218057323
2.518988455903188
2.5281719304594463
2.5332800963765436
2.544302897604138
2.5473802774439216
2.5609973504228947
2.564448503627834
2.5776371966728506
2.6000958866074173
2.6092828974641105
2.611846400814095
2.624150396009031
2.6270215387194735
2.635220994725472
2.640664017561966
2.649079946849116
2.698866631057463
2.7077568025846777
2.7137965015540306
2.7189063067499335
2.7231132755405554
2.7267620502659775
2.7308383103672402
2.7357059361802323
2.741543925503301
2.8668415979761095
2.8707257632333434
2.8738978512266913
2.87643293876705
2.8783938762301915
2.8798456660609584
2.880849767985835
2.88158799663734
2.8824589710785227
-2.378018543322225
-2.3732596213137342
-2.3727161617106747
-2.3686893918207064
-2.365905982230312
-2.3645864582421114
-2.3620327077315584
-2.3609252573467363
-2.3583205839550763
-2.3267388573746515
-2.323633838330259
-2.321087009175977
-2.3183222967907975
-2.3173474385070705
-2.313348872312906
-2.309539861264944
-2.305457575441757
-2.290808582103403
-2.2837067288952753
-2.278210897952417
-2.2740102295603752
-2.269892409002565
-2.265669330651658
-2.2616971988434047
-2.257048186775086
-2.250804913314246
-2.2221353670056923
-2.2151830439468103
-2.211552879442998
-2.2088257570147936
-2.2067950183720093
-2.2046215672685374
-2.2019177630022555
-2.198665344085106
-2.1944449423516703
-2.129669121855608
-2.126182505928771
-2.1230587605704856
-2.120132689925604
-2.1173905445056214
-2.114834408657863
-2.1124810834757977
-2.11030757858703
-2.1079105785082892
-1.2616491139496215
-1.2601634789996892
-1.259445803272968
-1.2592623907194507
-1.2591535190953569
-1.2589143086706938
-1.258794626450811
-1.2586425644580614
-1.258318029127824
-1.1349198806353644
-1.1226939331852652
-1.1186391908769704
-1.1174715717804298
-1.115550885911016
-1.1134854028757193
-1.1126268154876535
-1.1091609912602747
-1.105060439099126
-1.0608730184168624
-1.0478212136119387
-1.0425193462597206
-1.0340097037299412
-1.0244454498509112
-1.019569278122093
-1.0140304970633427
-1.0072638059068924
-0.9650970254737805
-0.9540591401453157
-0.952060450794172
-0.9453756227656037
-0.9371844233010888
-0.9276726170932393
-0.9178894706505922
-0.9073970888578499
-0.8970801269206173
-0.8157161968326543
-0.8139076511080539
-0.8103882196203888
-0.8061573980146911
-0.8012745672881094
-0.7951055081352437
-0.7831501840103599
-0.7647157611335889
-0.742257570810207
-0.40413768830897623
-0.3986719599595001
-0.3946012553019484
-0.3837819354568709
-0.3687992809932984
-0.35776632355912596
-0.3546244649760162
-0.34818685098068475
-0.3450932875864973
-0.16735754880261092
-0.15807809710393506
-0.15168948164065482
-0.14799938413772734
-0.14006308070087828
-0.13541448151122426
-0.12416799026387927
-0.10927926696347848
-0.08799413607412353
0.015408501843244025
0.029520717219517073
0.036690689836510255
0.04887847741835609
0.057148705305127744
0.07044536455444161
0.07962146937804016
0.09633334257950894
0.1621442471897934
0.19873544243199315
0.21759293785355585
0.23012023001543447
0.24550499160865366
0.25162483856883383
0.2645021037513324
0.27318782003640785
0.28494199085833477
0.4492808196415746
0.4563770085948107
0.4609286852829056
0.4673576440759107
0.4722609097207429
0.47860712854939835
0.4828660464116287
0.48710274090784916
0.49118721329331316
0.7726088405868571
0.7742960162867714
0.7756245634228884
0.777013146873871
0.7776152867422901
0.7791995602729506
0.7796953409051026
0.7807545363654064
0.7813769272172159
2.1231065932426274
2.1240378818288717
2.1246948572247355
2.125126460875392
2.1257627102287446
2.125984251687063
2.1265973173734967
2.126767439105491
2.127320148437169
2.3976606794409574
2.404538365664611
2.40955689128406
2.4137144442849916
2.41673429368737
2.420866387167182
2.4233605255188166
2.4263443071930277
2.430223476659631
2.5067207404202283
2.5190550874010085
2.527684401497606
2.534334916578822
2.5420336841927185
2.5499126546339688
2.558656942298202
2.566249509019894
2.5771697269731475
2.601055832911455
2.606535891610208
2.6148151087540428
2.6215967252040344
2.629104642599986
2.634431986928519
2.6408708982987847
2.649064425097755
2.6988668856334526
2.7077556558111895
2.7137991988225116
2.7189023066264797
2.7231170582287842
2.726760048508589
2.730838799290637
2.735705884038406
2.7415439274885496
2.8668415979761073
2.8707257632333567
2.8738978512266335
2.876432938767251
2.878393876229688
2.879845666061842
2.8808497679849108
2.881587996637798
2.882458971078462
-2.3780185433222196
-2.3732596213157864
-2.3727161617073724
-2.36868939183583
-2.3659059820955393
-2.3645864584818583
-2.362032707361831
-2.3609252576388307
-2.3583205839130734
-2.3267388602759214
-2.3236338248547486
-2.3210869699296954
-2.318323026252457
-2.3173465077647006
-2.313349365340976
-2.3095394718233297
-2.3054577496152917
-2.2908083923410723
-2.283707687980448
-2.278207420795245
-2.2740172076129412
-2.269883848001112
-2.265676550377884
-2.2616932835997408
-2.2570492766628134
-2.250804780066841
-2.2221354327871596
-2.2151821827077343
-2.211556909441234
-2.2088160425350853
-2.2068058364431073
-2.2046160672653463
-2.2019190743062578
-2.198665191672069
-2.194444948334249
-2.1296691218558195
-2.1261825059273063
-2.123058760574669
-2.120132689918779
-2.1173905445127352
-2.114834408652977
-2.1124810834779457
-2.1103075785865095
-2.1079105785083354
-1.2616491139502894
-1.2601634787213343
-1.2594458578535468
-1.2592620244853117
-1.2591540367652019
-1.2589137702542268
-1.2587950608049407
-1.2586424593654866
-1.2583180325441228
-1.1349198806294403
-1.122693955258804
-1.1186373554256737
-1.1174767444201894
-1.1155421036812867
-1.1135011077515604
-1.1126157810932022
-1.1091618227095
-1.1050603599176883
-1.0608730256673393
-1.0478210677846895
-1.0425197198519616
-1.0340090279043197
-1.0244473825128146
-1.0195666031448238
-1.0140320292341782
-1.0072634468224733
-0.9650972641841955
-0.9540539289381301
-0.9520672247208697
-0.9453730847619973
-0.9371854094433901
-0.927672315093937
-0.9178895427823155
-0.9073970789605703
-0.8970801273669042
-0.8157162994599557
-0.8139074174958036
-0.8103884602334976
-0.8061572387430961
-0.8012746264821974
-0.7951054982418586
-0.7831501843732032
-0.7647157611269231
-0.7422575708102983
-0.4041376882953162
-0.39867196008494055
-0.3946012550790855
-0.3837819357882354
-0.36879927959553116
-0.3577663347197627
-0.35462445011396104
-0.3481868592769165
-0.34509328416902546
-0.16735739438774297
-0.15808310173845425
-0.15164756408931337
-0.1480678508172501
-0.13997994910879816
-0.13547653632367118
-0.12415560162937106
-0.10928153597214156
-0.0879939501657766
0.015473970615729677
0.02862075038309653
0.040045267105852884
0.04413521700640798
0.06253021464124085
0.06616897665633412
0.08091376978013697
0.09615573120116343
0.16215159722417688
0.19873755030375737
0.21745503855879927
0.2306006853521177
0.24414648444349657
0.25315682424828423
0.26371798506994343
0.27348409034370064
0.2849077266867604
0.44932725244355637
0.45596599387680187
0.46220093138390983
0.46559288885975403
0.47424955920862705
0.4769323669019655
0.4836924068651386
0.48678417597148
0.49122262882886386
0.7726096581628336
0.7742848101511606
0.7756824576129598
0.7768173930833111
0.7778739493287007
0.7789384601162226
0.7798981527130622
0.780688829452659
0.7813905080524419
2.1231065087832515
2.124040046205119
2.1246779364058663
2.125171568246053
2.125660349141226
2.12609372623773
2.126522909811472
2.12680653679519
2.1273180783776806
2.3976608509885016
2.4045320845890643
2.4096262197120866
2.413396969232473
2.4175322466914873
2.419777341480903
2.4244207634549384
2.425777605688765
2.430275312927273
2.5067147714617315
2.5191568875967607
2.5271426681343003
2.5361146011960054
2.53968948369328
2.5528258466139726
2.555898734257863
2.567494339193273
2.5766855077589086
2.6023905401072716
2.6045890818153983
2.6169790022718433
2.61960645449279
2.630163836028251
2.63380891098637
2.64097616780336
2.6490563081575877
2.698866961655865
2.7077553549446005
2.7137998416015003
2.718901434953899
2.7231178197939645
2.7267596736361845
2.7308388830143837
2.735705876088043
2.741543927746728
2.8668415979761077
2.870725763233352
2.873897851226654
2.876432938767173
2.87839387622989
2.879845666061482
2.8808497679852945
2.8815879966376072
2.8824589710784885
-2.378018543322225
-2.3732596213136046
-2.372716161710944
-2.3686893918174694
-2.365905982273211
-2.3645864581529854
-2.3620327079104184
-2.3609252571900763
-2.358320583983269
-2.32673881950723
-2.3236343859095774
-2.3210843009515
-2.3183356751537074
-2.3173337290950675
-2.313353047810634
-2.3095374685118877
-2.3054584174664625
-2.2908080322858977
-2.2837090946753946
-2.278203169754511
-2.2740246261695845
-2.269875884050877
-2.265682403582655
-2.2616905216238776
-2.2570499279679064
-2.2508047182627178
-2.2221354291471145
-2.2151823368813313
-2.211555919868167
-2.2088189433384695
-2.2068021808080194
-2.2046181622790586
-2.2019184996434107
-2.198665269355768
-2.19444494468479
-2.1296691218568133
-2.1261825059222534
-2.12305876058628
-2.120132689902864
-2.117390544527052
-2.1148344086443056
-2.1124810834813545
-2.1103075785857586
-2.1079105785083923
-1.2616491139503043
-1.2601634787537968
-1.2594458478358557
-1.2592620982424665
-1.2591539274174637
-1.2589138960938655
-1.258794954358953
-1.2586424865361203
-1.2583180315556368
-1.1349198806350664
-1.1226939394129591
-1.1186385863030281
-1.117473342165487
-1.1155477253242605
-1.1134913774764459
-1.1126225216761552
-1.1091613338496296
-1.1050604041310297
-1.0608730246157285
-1.047821070538083
-1.0425197303649405
-1.0340089595449942
-1.0244477388538735
-1.0195659893820423
-1.0140324640395535
-1.0072633191501932
-0.9650974979188413
-0.9540475050845163
-0.9520759075128946
-0.9453693494011501
-0.9371871714939601
-0.9276716137697544
-0.9178897790219094
-0.9073970233520476
-0.8970801350735126
-0.8157162192173608
-0.8139075920686465
-0.8103882958469266
-0.8061573360766506
-0.8012745949035712
-0.7951055026141921
-0.7831501842721594
-0.7647157611272031
-0.7422575708103197
-0.40413768833988467
-0.3986719597886397
-0.3946012555056079
-0.3837819353998254
-0.3687992804933656
-0.3577663300580304
-0.3546244555859625
-0.34818685695243895
-0.34509328499872133
-0.167357193625065
-0.15808939111176235
-0.1515972755925778
-0.14814394967945407
-0.13990096966785004
-0.13553042738406357
-0.12414811673060105
-0.1092821216689755
-0.08799406810991564
0.01547651780312104
0.02869462127034578
0.039113140300090964
0.045577352481022015
0.059979647899730176
0.06877411415074168
0.0801224865219024
0.09631228417456471
0.16212677637752637
0.198919457408394
0.21667914468738295
0.23264195883963049
0.24124996802013318
0.255989139866622
0.2620083693353544
0.2738717432822479
0.28486518492525825
0.4493125514839135
0.4561049014155003
0.4616194272179046
0.46640086819966825
0.473185410362333
0.47793036216960394
0.4832227213164656
0.4869926789551556
0.49119928483390557
0.7726105343656674
0.7742734360371502
0.775751724339775
0.7766614095103376
0.778161298370638
0.7786570907417458
0.7800582610041217
0.7806079538789497
0.7814025104249798
2.1231063946394393
2.124043005343256
2.1246577128361794
2.1252457855245934
2.1255480656230126
2.1262376219509473
2.1264031212914998
2.1268406585044826
2.127315294290173
2.397660827887903
2.404533097097282
2.409613280279877
2.4134545839068555
2.417335567401814
2.4200296358700752
2.424148089464082
2.4259623955323213
2.4302619073235943
2.5067184419594057
2.5190868810310927
2.5275278456597703
2.5346704882751228
2.541631891629627
2.5502285536288185
2.5584981973980145
2.5662689246148416
2.577202368717558
2.6008070423226357
2.6071206551702226
2.6140531229178268
2.6224016321966963
2.62844194705805
2.634780402121103
2.640782861199314
2.649071920315708
2.698866707072751
2.7077565015908767
2.7137971439352633
2.718905434715553
2.7231140375199274
2.726761675836813
2.730838394127038
2.7357059282303138
2.7415439257614813
2.866841597976109
2.8707257632333416
2.873897851226715
2.876432938766969
2.8783938762303936
2.8798456660605964
2.880849767986219
2.88158799663715
2.882458971078551
-2.376835207378331
-2.374622010657781
-2.372092781026591
-2.367602439374643
-2.3674109655783795
-2.3637089139719225
-2.3624764520395076
-2.3608112043171072
-2.3583220947033388
-2.326730396362003
-2.3236331088906006
-2.3211283932874887
-2.3187031882936355
-2.317208885467746
-2.3144368497898737
-2.3102605899957878
-2.305884859904833
-2.291407899133953
-2.283304568096353
-2.277466705430151
-2.2730848497527787
-2.268810218951553
-2.26472277255073
-2.2608771883902086
-2.256260830735262
-2.2500754725698244
-2.221245473504304
-2.2143066577653343
-2.210806869953643
-2.2082785658445383
-2.2063613697856295
-2.2041261654296713
-2.2013963390614175
-2.198125855832677
-2.1938609523156543
-2.128822486772299
-2.125382556716877
-2.122309518551652
-2.1194301108016353
-2.1167336249025346
-2.114226266225962
-2.1119280407626815
-2.1098074256887673
-2.1074365699221653
-1.2619646127530169
-1.2604108453173097
-1.2594556788715323
-1.25938697354078
-1.2591073340807297
-1.2588693319286837
-1.2588487925438319
-1.2586336596402532
-1.2583180384620631
-1.1379662978496703
-1.1245734720809526
-1.1189051373795937
-1.1178832325680663
-1.1161168680363804
-1.1134221562348314
-1.1133457316218656
-1.1099537574175955
-1.1056297925721454
-1.0622837508528666
-1.0490709471166229
-1.0427973784284572
-1.0366666584328663
-1.0264101711402123
-1.0203878184080915
-1.0146579362638304
-1.007376224183946
-0.9680692455344936
-0.9555077788132748
-0.952720038524571
-0.9471758731817294
-0.9393994345129132
-0.9300991223313183
-0.9203550395769929
-0.9100047656583291
-0.8988988949372632
-0.815310596507039
-0.8133174741464849
-0.809424944377271
-0.8049878946036033
-0.7999788657600765
-0.7928039684512729
-0.7790623116642684
-0.7593929893288917
-0.7364834760103958
-0.4041292360313699
-0.39877057787492276
-0.3926069128571433
-0.38024234104574717
-0.36496525549235814
-0.36060711527803535
-0.3519283061128019
-0.3492936114069052
-0.3448303071947576
-0.16734024138876336
-0.15826857795355173
-0.15067918220241983
-0.1489848020617888
-0.14016582152603144
-0.13483102454373494
-0.1250561813017272
-0.11001530217162385
-0.08820031304185233
0.015366427646683964
0.028861223868834843
0.038073799124077004
0.047429676997294376
0.057888556333305655
0.06984738175120976
0.07940553290965836
0.09641502683454369
0.16211838505927292
0.19877331969051487
0.21544391377880578
0.23151980581808074
0.23922900622709733
0.2549188063005519
0.26072802574509885
0.2728319877074938
0.28439777020405826
0.4483590220271238
0.455580260518303
0.4604122784092277
0.4664064392818162
0.4718582836002361
0.47807268814064424
0.48254609222147393
0.4870085348019936
0.49117733025537647
0.7724548964344397
0.7740843238711932
0.7755599672542808
0.7765112713739255
0.7780011540199032
0.7786062856297801
0.7799795883014992
0.7805951987279124
0.7813963711414098
2.122985891159126
2.1239466594455907
2.124571622181294
2.1251793912125483
2.1254814902328554
2.1262083167019985
2.1263815829774595
2.126847799940442
2.1273067731577777
2.3968012134547827
2.40375694827045
2.408902138534102
2.4128843055939218
2.4166525633975313
2.4198450141979713
2.423720120816392
2.4259859157258346
2.4301681150227568
2.5053627197012163
2.5178766128436427
2.5266619661910834
2.5334406337267437
2.541590598740964
2.549094118737593
2.5588928126503467
2.5657825974905775
2.5775401748645717
2.600475148214053
2.6078704977992966
2.6137187798123107
2.6234306007179815
2.628577014815737
2.635653278686278
2.6414875706807033
2.649840280009424
2.7004251807903388
2.7092424902376737
2.715140635501074
2.720044779194391
2.724005147944283
2.727550214979066
2.731635050225775
2.7364733365245355
2.742218005430788
2.8678726148951497
2.871581647714414
2.8745889911148454
2.8769744358963263
2.8788020986703518
2.880136009255259
2.8810372176532897
2.881727409518679
2.88257895236103
-2.3768352073783463
-2.374622010657598
-2.3720927810276953
-2.3676024391530963
-2.3674109658265867
-2.3637089137942033
-2.3624764522913906
-2.36081120419509
-2.3583220947237344
-2.3267304130629083
-2.323632826688321
-2.321129983870457
-2.318697453601468
-2.3172155502007494
-2.3144337738502556
-2.310261742312268
-2.3058844831876324
-2.291408121227265
-2.2833035090620735
-2.2774706977314323
-2.2730764053711945
-2.268821543898848
-2.264712445713777
-2.2608828858542935
-2.2562592881190655
-2.2500756577023253
-2.221245387753811
-2.214307866106605
-2.210800968459026
-2.208292086595357
-2.206347545108762
-2.2041325198576356
-2.2013949110338302
-2.198126014181653
-2.19386094654451
-2.1288224867714822
-2.1253825567216307
-2.1223095185393936
-2.119430110820272
-2.1167336248840534
-2.1142262662382283
-2.1119280407574377
-2.109807425690008
-2.1074365699220605
-1.2619646127526758
-1.2604108453967182
-1.2594555961159581
-1.2593871133500012
-1.2591071375686749
-1.2588710283429194
-1.2588471760591309
-1.2586337217215537
-1.2583180358305601
-1.1379662978462914
-1.1245734791840136
-1.1189030262155761
-1.1178889461776362
-1.1161087488063128
-1.113497554738236
-1.1132738611331463
-1.1099548144072835
-1.1056297170630616
-1.062283754435328
-1.049070904185501
-1.0427974920114913
-1.0366665458757542
-1.0264102059849975
-1.0203879054528513
-1.014657797427013
-1.0073762854227433
-0.9680690849111844
-0.9555123090893557
-0.9527122937977067
-0.9471808239225282
-0.9393972493332751
-0.9300999308349465
-0.9203547858263691
-0.9100048210305325
-0.8988988885222388
-0.815310645579424
-0.8133173671479831
-0.8094250482794663
-0.8049878305119774
-0.7999788861824058
-0.7928039661157479
-0.7790623117169306
-0.7593929893284911
-0.7364834760103861
-0.40412923599115724
-0.3987705780733732
-0.39260691250919255
-0.38024234163888765
-0.364965251502432
-0.36060712125240585
-0.3519282988883459
-0.34929361692766964
-0.34483030651084295
-0.1673401181191929
-0.15826835241703094
-0.15072047460969032
-0.1489241400199562
-0.14022227853704639
-0.13478158925578754
-0.12507130117480397
-0.11001261326314102
-0.08820057137243606
0.015323004759404254
0.029481321198815438
0.03642566184493944
0.05103344650871468
0.0544083150267794
0.0715220819890767
0.07862078780345835
0.09647247322682988
0.16212646033583938
0.1986460851980982
0.21606301895912097
0.22957625534371728
0.24199600263432702
0.2521352614705062
0.2625832550049046
0.2723875069346808
0.2844477089814391
0.4483257245939172
0.45594523546745164
0.45963761029431344
0.46779284070412397
0.470493052402077
0.47895058589180134
0.48197181402499634
0.4871453027327744
0.49115875449852237
0.7724535081495755
0.7741014574979455
0.775465703655354
0.7767375037776267
0.7776372887779055
0.7789625859415856
0.7797558748907409
0.7806955891340639
0.7813795449295479
2.1229860279286634
2.123943089756961
2.124595761524104
2.1250929240236194
2.1256102836756714
2.126048827122017
2.1265130603660403
2.126809106467672
2.1273104461443406
2.396801030958022
2.4037634610695604
2.408833690021187
2.4132245912294747
2.4159551180937946
2.420955438218427
2.4226616723776946
2.4264088029411037
2.4301125023690986
2.5053680374333887
2.5177962191076477
2.5271834214825053
2.5324002375081425
2.543655688223317
2.5469409533768093
2.560684549469577
2.5644452783142135
2.577835917936519
2.600051656663644
2.6091618171363886
2.6124365673804286
2.624373021889281
2.6278212688314135
2.6358665530794174
2.6414303652619306
2.649843882210265
2.700425179365215
2.7092424439028315
2.715140841599751
2.720044340446
2.7240056556210592
2.7275499143246393
2.731635131214527
2.736473326587571
2.7422180058793484
2.86787261489515
2.8715816477144274
2.874588991114761
2.876974435896648
2.8788020986694933
2.8801360092568493
2.881037217651607
2.881727409519479
2.8825789523609258
-2.3768352073783148
-2.374622010658011
-2.3720927810249433
-2.3676024398268223
-2.367410965064761
-2.363708914457269
-2.362476451280248
-2.36081120474039
-2.358322094614247
-2.3267304706889913
-2.3236319988021115
-2.3211341125005243
-2.3186838831671404
-2.317230360355716
-2.3144277181094863
-2.3102636985942873
-2.305883932900353
-2.2914083258875153
-2.2833027588454335
-2.277472995170832
-2.273072299856724
-2.2688261064345214
-2.2647090720020544
-2.2608843637131586
-2.2562590121887816
-2.250075671505382
-2.2212454256788483
-2.214307145951181
-2.2108050025111954
-2.2082819490305954
-2.2063586697348714
-2.2041269712333733
-2.201396285618228
-2.1981258427715415
-2.193860953845393
-2.128822486770206
-2.1253825567280584
-2.1223095185247884
-2.1194301108400095
-2.116733624866514
-2.1142262662487283
-2.1119280407533587
-2.1098074256908896
-2.107436569921999
-1.2619646127525854
-1.2604108454039316
-1.2594555978892477
-1.2593871092037001
-1.2591071500887385
-1.2588708804864794
-1.2588473209520012
-1.2586337141014736
-1.2583180362600486
-1.137966297844381
-1.1245734845985782
-1.1189011581162052
-1.1178940802334945
-1.1161011121710476
-1.113541039472661
-1.11323369040253
-1.1099559537872963
-1.1056296286363128
-1.0622837634981006
-1.0490707323158392
-1.0427981149891379
-1.0366656010285311
-1.0264119444938242
-1.0203854433253954
-1.0146593854551653
-1.0073758896350957
-0.9680693445328578
-0.9555068039869186
-0.9527211551577639
-0.9471757864408927
-0.9393991373344284
-0.9300993604238442
-0.9203549274021273
-0.9100047980924976
-0.8988988902543055
-0.8153106906686612
-0.8133172637400354
-0.8094251590722406
-0.8049877540216533
-0.799978913925689
-0.792803962264157
-0.7790623118506549
-0.7593929893254224
-0.73648347601044
-0.4041292359813141
-0.3987705781378125
-0.39260691236008366
-0.38024234205979857
-0.36496524599533536
-0.3606071315422288
-0.3519282777898774
-0.3492936365694613
-0.3448303028579523
-0.1673400959956769
-0.15826782753627458
-0.15073604742316804
-0.1489038752133581
-0.14023278450957277
-0.13477609663753332
-0.12507107608319232
-0.11001323185595793
-0.08820038310774879
0.015344637157533656
0.02901744253587373
0.03786897188605754
0.04720459448273422
0.058857331963963956
0.06857542149617935
0.08014445257950492
0.09626687300948189
0.16215395747443553
0.19845856530084283
0.21686127808604932
0.22808202889258783
0.24438856278517582
0.25003967493029594
0.26335502234118174
0.27216526996859475
0.2844645389428499
0.44836180031355777
0.45551914759198703
0.4606387342480194
0.4659681595523956
0.47243353422778267
0.47752505882633345
0.48290105192293387
0.48687795398921946
0.4911954829179903
0.7724530168683863
0.7741075586159378
0.7754378384576719
0.7768318037476176
0.7775202434921569
0.7790752021736111
0.7796681875915926
0.7807211110910605
0.7813740947163071
2.122986121016636
2.1239407311969583
2.124614086834022
2.1250464579470987
2.1257142290350446
2.125939598992787
2.126584143586039
2.1267713868671567
2.1273127715333406
2.3968011171011967
2.403760171025547
2.4088693489721393
2.413027661086783
2.4163380352347144
2.420262796313951
2.4233394490847804
2.426169479408872
2.4301482723526804
2.5053620327454826
2.5178964646349495
2.526513115546703
2.533890089657002
2.5407926471285047
2.55015233861666
2.5577437322348042
2.5665919317924257
2.5772160991600126
2.601324929323371
2.6060997098154313
2.615770374838575
2.6214587470497066
2.6300885300381935
2.6348984510317637
2.641671111357111
2.6498250777049757
2.700425515831055
2.70924079803371
2.715144980914487
2.720037879742606
2.7240118074414146
2.727546765641533
2.7316358624166175
2.7364732493800976
2.742218008866336
2.867872614895146
2.871581647714449
2.874588991114644
2.8769744358970772
2.878802098668358
2.8801360092589317
2.881037217649423
2.881727409520513
2.8825789523607943
-2.3768352073783015
-2.374622010658195
-2.372092781023839
-2.367602440048362
-2.367410964816557
-2.363708914634983
-2.3624764510283653
-2.360811204862412
-2.3583220945938543
-2.326730453990084
-2.3236322813865082
-2.3211325292336284
-2.318689704989725
-2.31722361509304
-2.3144307809516547
-2.3102625452238406
-2.3058843094690236
-2.2914081038084895
-2.2833038182462233
-2.277469007031348
-2.273080750949398
-2.2688147820310176
-2.26471939220317
-2.260878661425927
-2.2562605544680623
-2.2500754863703274
-2.2212455114269476
-2.2143059366489295
-2.2108108811932405
-2.2082683469286337
-2.206372562794444
-2.204120651062233
-2.2013977160929583
-2.1981256844629122
-2.193860959616611
-2.1288224867710177
-2.1253825567233022
-2.1223095185370546
-2.119430110821364
-2.1167336248850006
-2.1142262662364595
-2.1119280407586034
-2.109807425689647
-2.1074365699220987
-1.2619646127529267
-1.2604108453245235
-1.2594556806376804
-1.2593869693993092
-1.2591073465763825
-1.2588691604114886
-1.258848961114105
-1.2586336520302133
-1.2583180388915751
-1.1379662978477603
-1.1245734774955787
-1.1189032836576638
-1.1178883777794062
-1.1161092407142879
-1.113497423873261
-1.1132737447810668
-1.1099548951661204
-1.1056297041369192
-1.0622837599156516
-1.049070775250953
-1.042798001421401
-1.0366657135742294
-1.026411909637072
-1.0203853562263405
-1.0146595243394698
-1.0073758284071712
-0.9680695051397056
-0.9555022490304438
-0.9527289166526404
-0.9471708424529008
-0.9394013235661173
-0.9300985520331989
-0.9203551811633122
-0.9100047427207641
-0.8988988966693333
-0.8153106416000302
-0.8133173707379477
-0.8094250551688439
-0.8049878181116567
-0.7999788935030268
-0.7928039645996753
-0.7790623117979916
-0.7593929893258243
-0.7364834760104478
-0.40412923602152445
-0.39877057793936027
-0.3926069127080311
-0.3802423414666583
-0.364965249985272
-0.36060712556785124
-0.3519282850144085
-0.34929363104861433
-0.344830303541861
-0.1673402192661717
-0.15826805332749655
-0.150695707197444
-0.14896363627087086
-0.14017639123547537
-0.13482541850528518
-0.12505595415174858
-0.11001592104397481
-0.08820012478643484
0.015388501030553385
0.02849273116064915
0.04027319957012929
0.044115408330396205
0.06210306750093708
0.0660241804180333
0.08067731656230584
0.09620585328264437
0.16214586072342427
0.198580928425711
0.2161559954793347
0.2297065245393388
0.24136060780443258
0.2531217792210531
0.2618396407490592
0.2726420156101526
0.28441501220114124
0.4483960286619386
0.4552318945348946
0.4616332668647123
0.4647350964237406
0.47372664538513176
0.4764439563538597
0.4833314408706988
0.4867093983314447
0.4912132048100083
0.7724544026622504
0.7740901414826268
0.7755259320276511
0.7765809229162376
0.7778704974514654
0.7787324683229593
0.7799136877200151
0.7806294837060572
0.7813915204650832
2.12298598415341
2.12394424118567
2.124587462554729
2.1251182584588157
2.1255676078807895
2.126096723005622
2.1264761833490846
2.1268238656580696
2.127309200762901
2.39680129961573
2.403753680424945
2.4089401287020604
2.4127257152721056
2.41714845470944
2.4192234948542
2.4243606346694944
2.425561422554696
2.430201527513463
2.505356730177698
2.5179808367192034
2.5260998738815235
2.5353108324138223
2.5390119819649235
2.5523277833500266
2.5556977001957333
2.5674297686082137
2.5768774023918124
2.6021715352826917
2.6049284220863664
2.61699604875336
2.6203553061105076
2.6306289911788205
2.6345800383305202
2.641720675720177
2.649821425887829
2.7004255172559546
2.7092408443270553
2.7151447745130843
2.720038317915476
2.7240113000919064
2.727547066838405
2.7316357814773222
2.736473259317848
2.7422180084177783
2.8678726148951488
2.8715816477144336
2.8745889911147287
2.876974435896759
2.8788020986692167
2.8801360092573374
2.8810372176511043
2.881727409519714
2.8825789523608973
-2.3766500216180204
-2.375603334661754
-2.370939690826398
-2.369048737475589
-2.366549806275976
-2.3634242040078295
-2.362876198458701
-2.360708782801775
-2.358330749812406
-2.32672489449799
-2.3236240795614855
-2.3210631142259612
-2.31918591527976
-2.316626174567703
-2.3155067438990042
-2.311139022818415
-2.3064416250904505
-2.292110508877351
-2.2827188570192263
-2.276631409293761
-2.2720777617106207
-2.2677531039466605
-2.2638257998360887
-2.2601171938698577
-2.255509553752256
-2.249390325982652
-2.2203670143145553
-2.213463733087824
-2.2101150436232144
-2.2077741883457502
-2.205938865576631
-2.2036218339113574
-2.2008765431832304
-2.1975847293222346
-2.1932690971639324
-2.1279912758408703
-2.124595896564217
-2.1215722421988787
-2.1187388844627333
-2.116088446234619
-2.1136312712659375
-2.111390123370761
-2.1093224217544977
-2.1069763670207573
-1.2622967242580463
-1.260677370727502
-1.2596313919122128
-1.2593602035723874
-1.2590501096547126
-1.2589675712581048
-1.2588005432976594
-1.258634710935092
-1.2583180566555638
-1.1411869357996645
-1.126809847916725
-1.1195066948382029
-1.118212021260906
-1.1165859252762906
-1.1141693620206925
-1.1132585832078576
-1.1107810323036398
-1.1063066420804744
-1.0635212616728136
-1.0504699075145634
-1.0424349293776236
-1.0390526330541112
-1.0287443218173649
-1.021339709563078
-1.0154073366691205
-1.0075600055297032
-0.9710920636455221
-0.9573684772141473
-0.9530212712004387
-0.9489345527264013
-0.9415017349266539
-0.9325060650428086
-0.9227813599015782
-0.912585419091681
-0.9009598409378381
-0.8150258249207246
-0.812591281225038
-0.8084164779974072
-0.8037779583964053
-0.7985878918182051
-0.7900459485286395
-0.7745981248383288
-0.7538773689293098
-0.7306986566731709
-0.4040954446761132
-0.39823411475564924
-0.39004693837367804
-0.3765169133986641
-0.36353801780317463
-0.36126241233105477
-0.35130772419266226
-0.34953029644485784
-0.34481229653784534
-0.1673572260204979
-0.15794496798382512
-0.1525612545268443
-0.14602434875907586
-0.14242123288125846
-0.1336369578022858
-0.1253306290373835
-0.11073641712348721
-0.08848991630024368
0.01528963421449555
0.028649213790552065
0.039818673309257605
0.0454879474506248
0.06052654884007966
0.06703315827232338
0.08022853211657285
0.0962910828711039
0.162142777214462
0.19861055151021753
0.2149814472189718
0.2292948026769163
0.23849962828280966
0.25307664225169546
0.25986021346425786
0.2716505135139514
0.28380279768409766
0.4474504074431508
0.45454272967437226
0.4606826574780433
0.46433830744771476
0.4726655687245306
0.4763650705662194
0.4827768808994909
0.4866701609355857
0.4911925905809084
0.7722982215223253
0.7738942485916451
0.7753646191756878
0.7763495924661955
0.7778467475761149
0.7785267611565291
0.7798972810239275
0.7805690729115965
0.7813881728644556
2.1228624489534087
2.123846265518816
2.1244942043546993
2.1250704862665613
2.125471596312259
2.1261062929630175
2.126426153588341
2.1268416261756977
2.127304148913262
2.3959370527442028
2.402967882548015
2.408241336903699
2.4120610700059455
2.41669938667166
2.4187405902083414
2.4242194815320723
2.425419108539651
2.4301470067915605
2.5039974912018974
2.5167846679363066
2.525079582391605
2.5342892111059414
2.5385619901703596
2.5514882125424347
2.555819855631241
2.5672514410617597
2.5771425027743433
2.6017811282924077
2.605454501198801
2.616791686010653
2.6212963787083567
2.6309655496815463
2.6354285227933625
2.642443375248982
2.650566692126983
2.701951953462321
2.710686838871462
2.716441045204467
2.7211131430812068
2.7248418059149326
2.7283113600293745
2.7324122813987635
2.7372143378468223
2.742860231017991
2.868857988858133
2.8723950438860117
2.8752412286958147
2.8774810677243776
2.879179522121526
2.8803987435135308
2.881201765280409
2.88185664760268
2.882689658447828
-2.3766500216181172
-2.3756033346614482
-2.3709396908371994
-2.3690487374240643
-2.366549806452189
-2.3634242019369767
-2.3628762008670954
-2.3607087821879364
-2.358330749956818
-2.326724826828627
-2.323625078423172
-2.321057091103159
-2.319198429965947
-2.3166030520716574
-2.3155240306958005
-2.3111370621186724
-2.306442029690787
-2.2921104205329756
-2.2827191167245835
-2.276630765308438
-2.2720785430153874
-2.267752913645671
-2.26382512784903
-2.2601180161942755
-2.255509189261769
-2.2493903934304624
-2.2203669196314095
-2.2134655239178573
-2.2101050738036494
-2.2077973428110647
-2.205915891815596
-2.203632082752345
-2.2008741066377646
-2.1975850189248387
-2.1932690855996495
-2.127991275842225
-2.1245958965575897
-2.121572242213428
-2.1187388844438333
-2.1160884462506933
-2.113631271256777
-2.1113901233741226
-2.1093224217538236
-2.1069763670208004
-1.2622967242581113
-1.260677370723754
-1.2596313918794924
-1.2593602050138595
-1.2590500826957287
-1.2589676128430314
-1.2588005205030917
-1.2586347181078585
-1.2583180562463612
-1.1411869357979256
-1.1268098508180038
-1.1195048292263945
-1.1182190538674766
-1.116574271060687
-1.1141916469253086
-1.1132404296800287
-1.1107835168876765
-1.1063065101067553
-1.0635212688133702
-1.0504698167432471
-1.042435505915617
-1.0390519443526693
-1.028744748812985
-1.0213393216870048
-1.0154075095755644
-1.0075599932727362
-0.9710919672436772
-0.9573709033283947
-0.9530144611433047
-0.9489408795076204
-0.9414992059009836
-0.9325069581688277
-0.9227810964140218
-0.9125854739148732
-0.9009598354070403
-0.815025849785507
-0.812591222038627
-0.8084165408071471
-0.803777918904611
-0.7985879039038212
-0.7900459474388667
-0.7745981248641662
-0.7538773689290009
-0.7306986566731656
-0.4040954446449974
-0.3982341149075438
-0.3900469380009206
-0.3765169147330904
-0.36353799969531164
-0.36126243441519595
-0.35130770142909684
-0.34953031592206857
-0.34481229476613795
-0.16735694208299343
-0.1579515009907184
-0.15253752672700083
-0.14608163654266867
-0.14237287136412471
-0.13364595431073242
-0.12533104216522759
-0.11073531885157047
-0.08849018088121126
0.015266381508162952
0.02904258611014426
0.03791208796730742
0.04895154098686232
0.056472360980673146
0.07025662423926399
0.07895613751150325
0.09647294772327057
0.16212298566940717
0.19872573415325961
0.2146535066578362
0.2298988339840789
0.2380410064963065
0.2530894180931647
0.2599815942563273
0.2715862881843292
0.2838141613978766
0.447401011860856
0.4550482509163622
0.4592283545060431
0.466455009223309
0.47050592931617835
0.4780571669807763
0.4818770486532187
0.48695587573491694
0.491155718802944
0.7722979594530536
0.7738973805567625
0.7753458572631998
0.7763883482161301
0.77777125454735
0.7786017488003757
0.77985679813541
0.7805903559604435
0.7813850143557487
2.122862401998353
2.1238474785789547
2.124486578643193
2.1251007094123677
2.125431051965331
2.126157591533042
2.126382367023248
2.126852151591018
2.1273028923005644
2.395936890942715
2.4029737403863365
2.408176048807056
2.412330206773746
2.415927727318561
2.4197161960473847
2.423242336991226
2.426039890436083
2.430089835295482
2.504005894315034
2.5166499892714533
2.5258046038248474
2.5321891682413584
2.5415970108601313
2.5479080209596536
2.55930479272006
2.565235031160764
2.577903270464507
2.6001343485784214
2.608648526490503
2.613341689740855
2.624458836792085
2.628680341902241
2.6365096359194964
2.6421840240561147
2.650587678758853
2.7019515404443024
2.710689040091671
2.716435121902176
2.7211228336003748
2.7248326298461074
2.7283158438915516
2.732411285381546
2.7372144425477796
2.7428602268889932
2.8688579888581374
2.8723950438859744
2.8752412286960265
2.8774810677235583
2.879179522123818
2.8803987435091423
2.8812017652849367
2.881856647600652
2.8826896584480677
-2.37665002161813
-2.3756033346614283
-2.370939690837267
-2.3690487374251368
-2.366549806442243
-2.363424202146879
-2.362876200603877
-2.360708782274401
-2.3583307499314143
-2.326724877041076
-2.3236242626405463
-2.321062413968695
-2.3191867287408923
-2.31662641670794
-2.3155059702551903
-2.311139406665517
-2.306441468338536
-2.2921106283530928
-2.282718115290953
-2.2766348365098454
-2.2720692117999897
-2.267766719446502
-2.263811719442961
-2.2601254376190494
-2.2555072568308296
-2.2493906215208272
-2.220366823903346
-2.213466942170432
-2.2100980173120877
-2.207812083340431
-2.205902325932629
-2.203637692036289
-2.200872937139204
-2.197585137880215
-2.193269081868568
-2.1279912758404254
-2.1245958965677527
-2.121572242187857
-2.1187388844819712
-2.116088446213349
-2.1136312712813865
-2.1113901233636523
-2.109322421756273
-2.1069763670206116
-1.2622967242577139
-1.2606773707850263
-1.259631379489803
-1.2593602802036021
-1.2590493670688874
-1.258968583853187
-1.2588000940089705
-1.258634831295029
-1.258318051309048
-1.141186935797232
-1.1268098521305017
-1.119503866812201
-1.118222741877125
-1.1165678993782802
-1.1142041850105977
-1.1132300726078463
-1.110785071935465
-1.1063064184495268
-1.0635212799419957
-1.0504696342266922
-1.042436925809851
-1.0390500679848107
-1.0287464581829835
-1.0213370270856013
-1.0154091231603275
-1.0075595683159209
-0.9710922474350725
-0.9573662471991885
-0.953026103022211
-0.9489311177811988
-0.9415024809629209
-0.9325060128255359
-0.9227813216831516
-0.9125854367736416
-0.9009598381806837
-0.8150258661438688
-0.8125911804166331
-0.8084165901943312
-0.8037778838387423
-0.7985879161838079
-0.7900459460530513
-0.7745981249154649
-0.7538773689274859
-0.7306986566732022
-0.40409544463664393
-0.39823411496202415
-0.39004693781984434
-0.376516915701661
-0.363537980193065
-0.36126246016762803
-0.351307660771485
-0.3495303542359521
-0.3448122900253493
-0.16735656532418428
-0.1579580226490098
-0.15251857749794293
-0.14610971248578197
-0.14236009360212984
-0.13363830672296365
-0.12533757730866044
-0.1107337776386947
-0.08849033468571328
0.015245365308687125
0.02929192338670549
0.03730660902501194
0.04997840848011713
0.0557347217808376
0.07024557466441286
0.07910006306617959
0.09642375747876933
0.16214556079241943
0.19847427183434924
0.21581090605352618
0.22710183428540412
0.2419298156977474
0.24956527302120945
0.2619603746311399
0.2710664664636236
0.2838632704694915
0.44739036138328736
0.455152295273087
0.45904651099852806
0.4666858717663214
0.4703349275726412
0.47808692797853464
0.48188338600562586
0.4869459069830574
0.4911581715118021
0.7722961876541903
0.7739180735628133
0.775245794323951
0.7766501441868351
0.7774043666068188
0.7789541908990821
0.7796157118814271
0.7806822353790833
0.7813680127942723
2.122862586745494
2.1238426930873477
2.1245194621083536
2.1249952727744406
2.125595679318775
2.1259692411994866
2.1265301139512824
2.1268000941081886
2.1273080797526998
2.395936720722275
2.4029796306575975
2.4081165756672087
2.4126321944709894
2.415357330126591
2.420667149814688
2.4223379241488057
2.4263655155101302
2.430039805048991
2.504009639773843
2.516599516184237
2.5261163520739633
2.531615564202858
2.542680080516152
2.5468256180947093
2.5601047085757416
2.5646574590918405
2.5780103434934984
2.6000487416874973
2.6088101783419173
2.613241130055416
2.624404873246628
2.628771820954005
2.636455291427497
2.6422061777034873
2.6505853878245755
2.701951665129618
2.7106882996125248
2.7164372487989366
2.7211191660257654
2.7248362426007557
2.7283140164779187
2.732411708846732
2.7372143959134583
2.742860228828616
2.8688579888581325
2.872395043886021
2.8752412286957556
2.8774810677246268
2.879179522120788
2.8803987435149945
2.8812017652788597
2.8818566476033833
2.882689658447741
-2.3766500216180297
-2.375603334661729
-2.370939690826464
-2.36904873747666
-2.3665498062660344
-2.363424204217729
-2.362876198195488
-2.360708782888244
-2.358330749787003
-2.326724944703453
-2.323623262438151
-2.3210683933458043
-2.319174173389333
-2.316649007310395
-2.315489297954837
-2.3111413703505197
-2.306441063908115
-2.2921107166938444
-2.2827178554720575
-2.2766354794582493
-2.2720684299007665
-2.2677669125257833
-2.2638123932172856
-2.260124612922718
-2.2555076208881406
-2.249390554061804
-2.220366918593101
-2.213465154263999
-2.2101080593166698
-2.2077890952463024
-2.205925119899356
-2.203627385192963
-2.2008753700473696
-2.197584848225222
-2.193269093432776
-2.1279912758390696
-2.12459589657438
-2.1215722421733108
-2.1187388845008757
-2.1160884461972764
-2.113631271290548
-2.1113901233602865
-2.109322421756947
-2.1069763670205695
-1.2622967242576513
-1.260677370788776
-1.2596313795225402
-1.2593602787636127
-1.259049394616309
-1.2589685417924477
-1.2588001167070872
-1.258634824104653
-1.2583180517182107
-1.1411869357989721
-1.1268098492292282
-1.1195057382780664
-1.1182157354250926
-1.116579563295534
-1.1141822842529283
-1.1132478065727207
-1.1107825810725849
-1.106306550407846
-1.06352127280147
-1.0504697250063484
-1.0424363497883038
-1.0390507562154714
-1.028746031258845
-1.0213374149489478
-1.0154089501451948
-1.0075595805687751
-0.9710923438274522
-0.957363812627956
-0.9530328963530608
-0.9489248136463031
-0.9415050122928533
-0.9325051199231379
-0.922781585188451
-0.9125853819512274
-0.9009598437114875
-0.8150258412796718
-0.8125912396032063
-0.808416527384369
-0.8037779233300961
-0.7985879040981065
-0.7900459471428184
-0.774598124889622
-0.7538773689277959
-0.7306986566732069
-0.4040954446677609
-0.39823411481012955
-0.39004693819260255
-0.376516914367238
-0.36353799830129574
-0.3612624380831388
-0.35130768353590486
-0.3495303347578847
-0.3448122917970479
-0.16735684933730763
-0.1579515179971056
-0.15254240933633006
-0.14605277091673036
-0.1424079659372283
-0.1336293186777873
-0.12533716652365656
-0.11073487561075514
-0.08849007009682548
0.015268400095671267
0.02886300338174178
0.03896204882630256
0.046451443159750076
0.06003213482389101
0.06715604613306496
0.08034762527252685
0.09623984782021971
0.16216538564775695
0.19836462501252453
0.21620652340454471
0.22658740047677067
0.24231558201862743
0.24943597000005463
0.26185543292838703
0.27114055519037245
0.28385214101000317
0.4474393779515787
0.4546193525792144
0.4604488371393275
0.46457303096590924
0.47253928883982743
0.4764248008178572
0.48278616187863
0.4866585755950076
0.4911949414609515
0.7722964480026677
0.7739147598075057
0.7752609087528421
0.7765973185093963
0.7774715547423723
0.7788869858692955
0.7796691298541226
0.7806660738334122
0.78137153791685
2.1228626337627454
2.123841519144289
2.1245286583797083
2.124973493595304
2.125645092063854
2.125918221496178
2.1265618120636542
2.1267825301942516
2.127309262346083
2.3959368824932454
2.4029737377854286
2.4081784399139883
2.412311004915649
2.415987640719941
2.4196101747124272
2.423365923009885
2.425968621028422
2.4301004645346986
2.5040012223119685
2.516731076179746
2.525317222849187
2.5334872745632677
2.53951348865693
2.5504317819612368
2.5567729902110226
2.56691202340934
2.5772684094478437
2.601618889196752
2.605635794435741
2.616743198239362
2.621279365918832
2.6310502721694586
2.6353527473503866
2.6424626824723885
2.650564368695205
2.7019520781698656
2.7106860991380843
2.7164431762643617
2.7211094820880244
2.7248454127596267
2.7283095273838103
2.7324127044983673
2.737214291207376
2.7428602329576015
2.8688579888581325
2.8723950438860557
2.875241228695546
2.877481067725448
2.8791795221184957
2.880398743519385
2.8812017652743336
2.8818566476054115
2.882689658447501
-2.3786702265968893
-2.3744444407735665
-2.370798581400244
-2.369803716296979
-2.365540506116067
-2.364557483746275
-2.362274713834312
-2.3607945919886992
-2.358329180825341
-2.3267229023087337
-2.3235946314339415
-2.3210779604801517
-2.319261313627806
-2.3166798565043587
-2.315811341410255
-2.312124749586267
-2.307126191643587
-2.292878672242967
-2.281977801389875
-2.2757119454264645
-2.271022383034642
-2.266731687927587
-2.2629930065906705
-2.2594124602260313
-2.2547927086528876
-2.2487494394749565
-2.219503965954657
-2.212660866763521
-2.20946927903254
-2.207335903054322
-2.2054878165554426
-2.20312319922652
-2.2003544977951606
-2.197041254070646
-2.192668618092422
-2.127175231215621
-2.1238221794257854
-2.120846697889098
-2.11805900797799
-2.115455270874411
-2.1130499116033903
-2.1108678840605895
-2.1088526761753896
-2.1065299527402233
-1.262648546086641
-1.2609637555518438
-1.259842265325665
-1.259310238786552
-1.2590969785536616
-1.2589849635499695
-1.258772552079189
-1.2586436370435832
-1.2583177926537532
-1.1445438957639154
-1.1293819182260723
-1.1205787649915184
-1.118411388371601
-1.1169900141498645
-1.1148689436072512
-1.1132036286606457
-1.1116153620285671
-1.1070722250170197
-1.064596161324938
-1.0518056162722051
-1.042655280704973
-1.0401228208037003
-1.0313188657627048
-1.0225983540486006
-1.0162639943642078
-1.007852093819255
-0.9741318281666952
-0.9593231208181864
-0.9533081873001027
-0.9506259681349707
-0.9434840979024508
-0.9348687224759346
-0.925186459603635
-0.9150923671616111
-0.90317874837709
-0.8148118464209201
-0.8117997428659186
-0.8073632851684321
-0.8025394707012913
-0.7970018405546111
-0.7868221333350469
-0.7698013087057198
-0.7482163905348788
-0.7249508855451873
-0.403938376866316
-0.3970402350666349
-0.38708041777716395
-0.3726772073935797
-0.3664791222749296
-0.3577848572641763
-0.35343308339736546
-0.3481975586736139
-0.345023763204172
-0.16737412758379444
-0.15771675737886673
-0.15305798745640206
-0.14540885933490957
-0.14266022102663997
-0.13392460043784268
-0.12475543623072635
-0.11124070402463343
-0.0888523005168937
0.015217816517670377
0.029059157864754295
0.03970580959147668
0.04675661572456356
0.06040045025123175
0.06658035095425556
0.08025669880459112
0.09625364114681477
0.1621690511978463
0.19841838418189003
0.2154686284707719
0.2258433800516143
0.23963432418280842
0.24945624961180463
0.2600596337137607
0.2700935883584504
0.2831031522021876
0.44652585524609817
0.45372802179261984
0.46019212480846644
0.46333093170746426
0.47236692987131573
0.4754878897116682
0.48247518964356645
0.48647238076191224
0.4911813940371324
0.7721375235227115
0.7737171765087478
0.7750939968303563
0.7763325844701975
0.7774461603895045
0.7786603893871342
0.7796699815175286
0.7805939943102118
0.7813669007642098
2.122736115164797
2.1237402695757917
2.124437444728965
2.1249095684263968
2.1255579988052062
2.125916703016833
2.126529415188078
2.1268001550318756
2.1273082606350435
2.395068263637156
2.402179251658162
2.407483626727045
2.411571993527792
2.415676718564729
2.418920562498533
2.4234278348654743
2.4257387141278515
2.4300777056016005
2.5026400277311205
2.515557938346711
2.5241108691039935
2.5330995270469603
2.5382303051599258
2.550716342466557
2.5557791782304244
2.5671780052864603
2.5773436143990596
2.601901295183306
2.6051912667912
2.617686440835868
2.621102114924114
2.631950327774942
2.6358236927704914
2.643239183373185
2.651280672785518
2.7034437953331554
2.712088222186667
2.7176903485130115
2.7221116448808003
2.7256235862509666
2.7290537138119695
2.7331694102674207
2.737929030839831
2.7434707097569455
2.8697983188398757
2.8731667871718862
2.8758555434024693
2.8779538707857975
2.8795270813320073
2.880634297907532
2.8813455319719985
2.8819774365064967
2.8827916914191833
-2.3786702265968973
-2.374444440773444
-2.3707985814092685
-2.369803716278078
-2.3655405063905013
-2.3645574832468483
-2.3622747144117153
-2.3607945915569735
-2.3583291809174236
-2.326722807147111
-2.3235962458394135
-2.3210672023365557
-2.3192847499576454
-2.3166199168670527
-2.3158614037737753
-2.312119729801967
-2.307126952005573
-2.2928784980689265
-2.2819786678933895
-2.275708082028582
-2.2710320591173794
-2.2667159142254376
-2.2630089168623675
-2.259403867707636
-2.254794840074285
-2.2487491942601667
-2.219504046274167
-2.212659740522682
-2.2094743458573176
-2.207326811899742
-2.20549476074149
-2.2031210174187006
-2.200354823185117
-2.19704124128217
-2.192668617354994
-2.1271752312188257
-2.123822179407833
-2.1208466979338922
-2.1180590079115644
-2.115455270939341
-2.11304991156053
-2.11086788407884
-2.1088526761711544
-2.1065299527405363
-1.2626485460869596
-1.260963755516715
-1.2598422683115067
-1.2593101470104884
-1.2590974797967707
-1.2589843356353625
-1.2587729103093188
-1.2586434887416031
-1.258317798222123
-1.1445438957631036
-1.1293819192454835
-1.1205780052186665
-1.1184184574622231
-1.1169749241330196
-1.1148892782045272
-1.1131861020352127
-1.1116215591741052
-1.107071999023541
-1.0645961733920084
-1.0518054697145438
-1.0426569348961543
-1.0401207337481624
-1.0313199071049426
-1.0225974581849229
-1.016264518065743
-1.0078519910629185
-0.9741317906625035
-0.9593242981901035
-0.9533012226910104
-0.9506337194251949
-0.9434814685505027
-0.9348696364096504
-0.9251862028929785
-0.9150924190213762
-0.9031787435721952
-0.8148118582497317
-0.8117997114564186
-0.8073633215768121
-0.8025394477870038
-0.7970018471182624
-0.7868221328583271
-0.7698013087185208
-0.7482163905346599
-0.7249508855451864
-0.4039383768432628
-0.39704023519746123
-0.38708041729117376
-0.3726772120352212
-0.36647911081157813
-0.3577848839004896
-0.3534330524189322
-0.3481975754122088
-0.34502375800862534
-0.16737419807402334
-0.157715987507368
-0.15305781726028964
-0.14542751849130045
-0.1426341361792062
-0.13393785974405473
-0.12474934740426928
-0.11124190119876233
-0.08885224014204116
0.015229115243036039
0.02898710739153235
0.039756928560042246
0.04701690952643202
0.0593034698631966
0.06781795924878169
0.07976083416216664
0.09636434405448806
0.16213971583845155
0.19872908425580238
0.21406560199048777
0.22913637045532723
0.23584682938308246
0.2526839381986094
0.258081929979104
0.27048847770959733
0.2830683272732175
0.44650977452953133
0.4538929115465932
0.45948014435971435
0.4642701184758587
0.4713267876156731
0.47640640909541776
0.48209298583523963
0.4866182408011413
0.49116334702580844
0.7721392522174674
0.7736987000568505
0.7751879205013787
0.7761383353468871
0.7777635927827672
0.778358670085673
0.7798356481876341
0.7805177670796245
0.7813788214423277
2.12273589902686
2.1237458275082886
2.1243992594094387
2.1250252804975474
2.1253758569391765
2.1261186990942305
2.1263745205332434
2.1268586551797397
2.1273019323844586
2.395068389703857
2.402175113641945
2.407526877973834
2.411411959490728
2.41614495837411
2.4183705330940133
2.423952388331954
2.4253871626225787
2.430107304315065
2.502638966997919
2.5155667846208756
2.5240925356552673
2.5330804464698233
2.5383164850246978
2.5504158031609805
2.556154621409873
2.5669455369865077
2.577484958165602
2.6012858511847505
2.606109353561376
2.616442574840399
2.6223488589689055
2.631180416191873
2.6363368536069447
2.6431404413480273
2.651290317012064
2.7034434783406436
2.7120901833725792
2.717684452294802
2.7221219429755172
2.725613777793325
2.7290583725646624
2.7331683880385365
2.737929142019676
2.7434707051052354
2.8697983188398895
2.8731667871717654
2.875855543403228
2.877953870782583
2.8795270813416685
2.880634297888148
2.8813455319914913
2.8819774364983854
2.8827916914200906
-2.3786702265969044
-2.3744444407730536
-2.3707985814333554
-2.3698037162297143
-2.365540506984238
-2.364557482204832
-2.3622747155223163
-2.3607945907677617
-2.3583291810725027
-2.326722745728064
-2.3235971818733874
-2.3210614163173426
-2.3192963604259815
-2.316590656439225
-2.3158856029502393
-2.3121178845833734
-2.3071271684352777
-2.292878488085861
-2.281978568834137
-2.2757089199325398
-2.271029192850256
-2.2667218138741148
-2.263001848512762
-2.2594082954350805
-2.2547935276074873
-2.2487493812242008
-2.2195038688304134
-2.2126632953685266
-2.2094543865307337
-2.20736853584511
-2.205457114355278
-2.2031367209605444
-2.2003512214192957
-2.197041654309266
-2.1926686017716115
-2.1271752312197734
-2.123822179403815
-2.1208466979411438
-2.1180590079046007
-2.115455270942714
-2.113049911560394
-2.1108678840780852
-2.108852676171505
-2.106529952740495
-1.2626485460868393
-1.2609637555346773
-1.2598422665064202
-1.2593102067480773
-1.2590971446545798
-1.2589847619964718
-1.258772659938161
-1.2586435940687015
-1.2583177940969161
-1.144543895762967
-1.1293819195373767
-1.1205777553986984
-1.1184208336422736
-1.1169696776274138
-1.1148965432304312
-1.1131796751741119
-1.1116239341243006
-1.1070719053830087
-1.0645961861320707
-1.0518052762153167
-1.0426595064298216
-1.0401173230873728
-1.0313219705724823
-1.0225952174599362
-1.0162661315290593
-1.0078515396008505
-0.9741320883024783
-0.9593201809585815
-0.953320602826393
-0.9506139994669166
-0.9434868678167614
-0.9348681527142875
-0.9251865309913708
-0.915092366598333
-0.903178747263122
-0.8148118636794585
-0.8117996955588177
-0.8073633426695374
-0.8025394325434324
-0.7970018521996616
-0.7868221323746333
-0.769801308739374
-0.7482163905338548
-0.7249508855452104
-0.40393837683814987
-0.39704023524545656
-0.3870804170089184
-0.3726772162440901
-0.366479098636376
-0.357784919018799
-0.35343300662517685
-0.348197604237012
-0.34502374806450475
-0.16737364097813115
-0.15773243010942162
-0.15300673786052113
-0.14559738188463395
-0.14246729003581443
-0.13397884764291956
-0.12474012872652823
-0.11124215453088743
-0.08885241567321996
0.015213444393415572
0.029269272654914046
0.0384455680711226
0.04986968315689038
0.056084793276477585
0.07001412137808977
0.07886690805965983
0.09647557889172581
0.1621346396441496
0.19868629294761694
0.2144036452924956
0.22773056731991978
0.23772749683462055
0.2507342648641868
0.25954617299908184
0.2701719703783308
0.2831025551912764
0.4464619825127336
0.45442484048358955
0.4582000404985616
0.4663336332964715
0.4693078903859683
0.4777439276389239
0.48133189071792404
0.48682029809888405
0.4911362048716083
0.772137956861977
0.7737126955953568
0.7751136682900035
0.776288458359128
0.7775048541545928
0.7786080522419784
0.7797023862606717
0.780581623827296
0.7813690121096081
2.1227359229058704
2.123745181664342
2.1244033468994457
2.1250086215902377
2.1253980862385453
2.126090413973972
2.126399000348749
2.1268525913435012
2.1273027656083183
2.395068147874906
2.4021835842051935
2.407436077243631
2.411790151196786
2.415175264036709
2.419631836622518
2.4227233753153627
2.4261108533930256
2.4300253289298994
2.502649545628095
2.5154104589771675
2.524942987318556
2.530944347469014
2.5416209085804224
2.546702483781601
2.55969003295442
2.5646639130892663
2.5782758350345896
2.5998011563085033
2.6094120573950943
2.6129641337657863
2.6254348929431472
2.6287976265740056
2.63733243204077
2.6428764394649518
2.651311654791998
2.7034430169564505
2.7120928653784544
2.7176767370100414
2.7221350598904306
2.725601588409149
2.729063988694525
2.7331671855955286
2.7379292683704692
2.74347070001847
2.8697983188398917
2.873166787171721
2.8758555434035222
2.877953870781352
2.8795270813453073
2.880634297880927
2.881345531998698
2.8819774364954047
2.882791691420419
-2.378670226596898
-2.3744444407731775
-2.370798581424326
-2.3698037162486174
-2.365540506709801
-2.364557482704258
-2.3622747149449164
-2.360794591199489
-2.358329180980421
-2.3267228409016587
-2.323595570005749
-2.3210722637120718
-2.319272987652266
-2.3166537372746894
-2.3158322531028257
-2.3121228954332578
-2.30712640793661
-2.292878662259687
-2.281977702273912
-2.275712781411729
-2.2710195062018803
-2.2667375667511114
-2.262985949254601
-2.259416908367535
-2.254791398089061
-2.2487496264746145
-2.2195037885005524
-2.212664416857894
-2.209449210763206
-2.207377516173349
-2.2054503545146513
-2.203138941257569
-2.2003508977147526
-2.1970416671086253
-2.1926686025090265
-2.127175231216569
-2.1238221794217718
-2.1208466978963543
-2.1180590079710258
-2.1154552708777867
-2.1130499116032566
-2.1108678840598363
-2.1088526761757387
-2.106529952740181
-1.2626485460865193
-1.2609637555698046
-1.2598422635205142
-1.259310298419774
-1.259096640428003
-1.2589853923915206
-1.258772301918328
-1.2586437427673698
-1.258317788529013
-1.1445438957637804
-1.129381918517965
-1.1205785156438204
-1.118413797670637
-1.1169847846503582
-1.1148762567471209
-1.1131971345482985
-1.1116177055462653
-1.1070721313489031
-1.0645961740650618
-1.051805422786555
-1.0426578561400381
-1.040119406509592
-1.0313209291752223
-1.022596113373717
-1.016265607571523
-1.0078516423363855
-0.9741321258027522
-0.9593190004972092
-0.9533274776937928
-0.9506063363416963
-0.9434895014208557
-0.9348672391714974
-0.9251867877279268
-0.9150923147396343
-0.903178752068025
-0.8148118518507238
-0.8117997269684027
-0.8073633062611194
-0.8025394554576097
-0.7970018456359936
-0.78682213285135
-0.7698013087265697
-0.7482163905340719
-0.7249508855452103
-0.40393837686120265
-0.39704023511462955
-0.38708041749491134
-0.3726772116024552
-0.3664791100997449
-0.3577848923828397
-0.35343303760338307
-0.34819758749832247
-0.3450237532599872
-0.16737357046064363
-0.15773319275546313
-0.15300694006130222
-0.14558086651362534
-0.14249133479681161
-0.13396547887336754
-0.12474619876929764
-0.11124095715049284
-0.08885247605048793
0.015202219515330599
0.029347936295585242
0.03837877143583046
0.0493857506412692
0.05704464233221807
0.0690381043483259
0.07946789253116525
0.09636792392964015
0.16216396996297708
0.19837920170507936
0.21593997356225916
0.22481675819403196
0.24174489586275164
0.2472500488399087
0.26108266746294834
0.2697293476474516
0.28313686078035233
0.446477498926863
0.4541982668736367
0.4587112920658105
0.46527877176955545
0.4704241807462743
0.4770050868472609
0.4818173594503163
0.48669340517181875
0.4911548449483868
0.772136236420393
0.7737318892855337
0.7750316195840784
0.7765224347950481
0.7772067330184408
0.778884056074498
0.7795031490592134
0.780646290543512
0.7813562989198867
2.1227361390801054
2.123739647450585
2.1244424882616046
2.1248978122867666
2.125585108626712
2.1258884993491205
2.126547173786729
2.1267900266746205
2.1273090350567365
2.3950680218413365
2.402187757145783
2.407395991012238
2.411994414271451
2.4148156063809094
2.420235345490321
2.422154208876533
2.426300652999011
2.429992604460859
2.5026506110256084
2.515402121059933
2.5249647017566663
2.5309432016414792
2.541473104777209
2.546940027957305
2.559311429040518
2.565021550717626
2.578151322117884
2.600101256896303
2.6083148948939066
2.614173512603392
2.6242951299718795
2.6298161753747764
2.636979316730707
2.6429903941146384
2.651302152441238
2.703443333883789
2.7120909016271386
2.7176826165227297
2.7221247343686374
2.7256114250209964
2.7290593474580374
2.733168208902358
2.737929157205524
2.7434707046702136
2.869798318839881
2.873166787171838
2.875855543402766
2.8779538707845647
2.8795270813356475
2.8806342979003112
2.8813455319792047
2.8819774365035187
2.882791691419514
