-2.392556786577666
-2.3828861263502725
-2.374987987356319
-2.3718533564585447
-2.3711194694995266
-2.3483381549986238
-2.346666612381172
-2.346063342772157
-2.3420975558294232
-2.340740870665315
-2.3083049545532512
-2.3026687989495835
-2.2972280409159875
-2.2930254871963087
-2.290712842202261
-2.2778083452858793
-2.271357365807112
-2.267916115333184
-2.2655153879934122
-2.2621924724472637
-2.258914212056737
-2.2444720327671317
-2.2406913004226583
-2.2376623326979015
-2.2335631820048065
-2.227287618281378
-2.2083549629974013
-2.205233478096267
-2.2024460193002167
-2.199537829419162
-2.1954280118901166
-2.169603466216336
-2.1668010321108877
-2.1641743767119954
-2.161561662564282
-2.158522852380003
-2.1238154551142676
-2.1207579810817063
-2.117807448165116
-2.114974428301312
-2.1122447587558733
-2.055324163104909
-2.0521227205617176
-2.0491722741218856
-2.046483050700165
-2.0440647717866662
-1.256054826325331
-1.2560163428817517
-1.2559988424195139
-1.2559913314336442
-1.255989584660263
-1.1614048667192056
-1.1605524930264592
-1.1602859408192165
-1.1602146681223446
-1.1601701427814641
-1.0947502696346474
-1.0804315316520159
-1.075316645912745
-1.0733654865387507
-1.0726796944682406
-1.0538674218200073
-1.0403808959790255
-1.019200182405089
-1.003884536107499
-0.9984293585184769
-0.9788152265817905
-0.9771797515244678
-0.9736829636878754
-0.9685310790790828
-0.9486582632310108
-0.9199545799467284
-0.914276936858111
-0.9114686902648377
-0.9067513890275042
-0.8991674382839163
-0.8743384419657874
-0.8546683443607728
-0.83792208843116
-0.8283133325076072
-0.8220734669667797
-0.8144030468933394
-0.7641556904050136
-0.7599974813887453
-0.756202173158551
-0.7469714923274204
-0.7337186173175461
-0.6323404426321153
-0.60974838056284
-0.5883595246318825
-0.570276357135561
-0.5549526016009225
-0.3619481929587875
-0.3615581614915768
-0.3603363773992004
-0.3596006155512398
-0.35889809851346527
-0.10170226145355162
-0.0961866326135988
-0.09001757785163722
-0.08834227609925761
-0.08259792144778066
-0.05123145654272796
-0.045344313682824794
-0.04070264122144192
-0.03579661517463254
-0.025419401078670766
0.0620983365822875
0.08077203169156408
0.09269227580867252
0.10127715773146488
0.11340324104815404
0.12310060510085188
0.1628459915381445
0.17783783653954413
0.18511156039508458
0.2004841987089694
0.22276651952807835
0.2847963612494706
0.2947443638503339
0.3017646268715385
0.3137370455564039
0.3237595379848443
0.42107008803542006
0.42645349169069496
0.43213068953567446
0.43685306408835395
0.4429700589169007
0.573698164223168
0.5762975134249729
0.5780698802424327
0.5797023058410903
0.5814024824168696
0.7478874447207347
0.7484724241475081
0.7487951465233694
0.7491059976439065
0.7493721458048505
0.96115162749811
0.9612029608609673
0.961233773538584
0.9612521383891303
0.9612754499530837
2.1630111705114103
2.1630305655808413
2.163043284804394
2.1630574622386436
2.16306445528623
2.3514211342007316
2.351860778314838
2.352252032511153
2.3524111910605123
2.352652714657891
2.4491538581575187
2.4533129908653697
2.455516290860211
2.4586188534158984
2.4594079861708265
2.5040189353538866
2.5136855991600275
2.5228269223936897
2.526476753016156
2.536050781934939
2.5552662611727355
2.5700797711606227
2.5737662297971853
2.5915301863610614
2.5944229307171143
2.6131941389463447
2.619891134682444
2.635533731004134
2.6386673041917303
2.6510929520675233
2.657587596889972
2.6780438779626268
2.683009572463221
2.688558021387454
2.693266141643769
2.699757842846449
2.742882198261162
2.7477804635747134
2.7518284454857858
2.7550137818894433
2.7578417882266217
2.827325654735251
2.830316400084375
2.832506414441175
2.8339950767393485
2.8349301509689373
2.921755494853733
2.9225437533515475
2.9230328046472525
2.9233136228023064
2.923460859729187
-2.3925567865776656
-2.382886126350269
-2.374987987356323
-2.3718533564585456
-2.371119469499524
-2.348338155015377
-2.3466666122272977
-2.3460633429366298
-2.342097555752242
-2.3407408707166812
-2.3083049519297325
-2.302668837367032
-2.297227699743521
-2.293027019152312
-2.2907111924991543
-2.2778154949554774
-2.2712530635983206
-2.2682911438198645
-2.2649079376694963
-2.2626564588586198
-2.2587683189842362
-2.2445583045684643
-2.2404860136056675
-2.237839938764952
-2.2335101453343236
-2.227294110719081
-2.2083597341322614
-2.205214080889273
-2.202472089973639
-2.199523842270631
-2.1954304376365497
-2.169602896281132
-2.1668024824910366
-2.164172931632224
-2.1615622953600098
-2.158522758344541
-2.1238154553273962
-2.120757980650911
-2.117807448516066
-2.1149744281658465
-2.112244758776541
-2.055324163104906
-2.0521227205617167
-2.049172274121893
-2.046483050700163
-2.044064771786664
-1.2560548263253215
-1.2560163428819202
-1.2559988424183632
-1.255991331437413
-1.2559895846574765
-1.1614048667206385
-1.160552492948884
-1.1602859417811076
-1.1602146662470598
-1.1601701437709966
-1.0947502696358558
-1.0804315312019546
-1.075316656096686
-1.0733654466009486
-1.0726797250741946
-1.0538674205134564
-1.0403808988316414
-1.0192001564100144
-1.0038850228038723
-0.9984283620167953
-0.9788974394546092
-0.9770293013032968
-0.9737738809453796
-0.9685076124417796
-0.948660456369193
-0.9199133583106904
-0.9144920937633526
-0.9111997670067767
-0.9068594897866733
-0.8991531153957314
-0.874338891305127
-0.8546681836378118
-0.8379220944169667
-0.8283135693095007
-0.8220731828577986
-0.8144031392109086
-0.7641556287707153
-0.7599976144020512
-0.756202091017654
-0.7469715014978082
-0.733718616855191
-0.6323404426321825
-0.6097483805628684
-0.5883595246317698
-0.5702763571356555
-0.554952601600894
-0.36194818696399217
-0.361558172456639
-0.36033636399749247
-0.35960062749716015
-0.3588980949989862
-0.10170260385994519
-0.09618476051449305
-0.09001904570664347
-0.08834623809445757
-0.08259226444144695
-0.051336421288635456
-0.0448864853126556
-0.041260088804970084
-0.03557402976862062
-0.025439024618852526
0.062071546037486186
0.08107172187631262
0.09184072478334102
0.10206055337126753
0.11345597685781844
0.12271970397750148
0.16393609823273816
0.1750443754190392
0.18773852660864435
0.19957106015539208
0.22288591009865086
0.2848747041790825
0.2942898767219999
0.3023736564066661
0.31340442066547164
0.3238534264540285
0.4209437505666336
0.42688932099012317
0.4315788269859973
0.4371477965798837
0.44291696766600896
0.5737077651956151
0.5762448853671945
0.578164806434189
0.5796357096200774
0.5814171825945698
0.7478875773790271
0.7484712483624486
0.7487975676459346
0.7491040052699015
0.749372760182877
0.9611514907030575
0.9612043260893051
0.9612303768670675
0.9612551979361361
0.9612745586443168
2.163010985045311
2.1630320822636935
2.1630408439536546
2.1630602909145056
2.163062736244353
2.3514204743662153
2.351865012379846
2.352237222899432
2.3524262323144534
2.352648908780066
2.449161094996689
2.453219131041725
2.4557523203639735
2.4582354953676893
2.4596427473280955
2.503969796393645
2.5140612486705454
2.5213554139687804
2.528393326281099
2.535032258557636
2.5561978792115254
2.5671266379428643
2.5775766672393794
2.5870313890596948
2.598634455315189
2.610107139193764
2.6233921273491374
2.6312964686612785
2.6425855079812535
2.6490401535846924
2.6583934037942645
2.6775778718847
2.6837363357547064
2.688051712926347
2.69342393242109
2.69974213671028
2.74288231124306
2.74778020679825
2.7518287181138787
2.7550136358248
2.7578418180857414
2.827325654733711
2.830316400090795
2.832506414429189
2.8339950767505364
2.8349301509648193
2.9217554948537323
2.9225437533515493
2.923032804647252
2.9233136228023064
2.923460859729188
-2.392556786577667
-2.3828861263502685
-2.3749879873563176
-2.3718533564585504
-2.3711194694995212
-2.34833815502911
-2.3466666121075948
-2.346063343062156
-2.3420975557004557
-2.340740870749613
-2.3083049517778726
-2.302668836074073
-2.2972277418061475
-2.2930267217030913
-2.2907115789332564
-2.277812080071711
-2.27131932640787
-2.2680369889794094
-2.2653792451608763
-2.2622500156247973
-2.258909538884111
-2.244413386648718
-2.24086838411117
-2.2374627154261204
-2.2336592614289197
-2.227267426863619
-2.2084006848809445
-2.205099560256978
-2.2025888679588324
-2.1994765986866236
-2.1954369369763183
-2.1696024103329687
-2.1668035836953927
-2.164171950596545
-2.1615626781406823
-2.158522709154749
-2.123815455273886
-2.1207579807899473
-2.117807448377359
-2.1149744282293472
-2.1122447587652977
-2.0553241631049075
-2.0521227205617145
-2.0491722741218923
-2.046483050700163
-2.0440647717866653
-1.256054826325253
-1.2560163428832871
-1.2559988424092807
-1.2559913314671203
-1.2559895846355378
-1.1614048667268393
-1.1605524926077935
-1.1602859460320194
-1.1602146579467363
-1.1601701481552837
-1.0947502696324158
-1.0804315321213218
-1.0753166375151344
-1.0733655164180083
-1.0726796723672745
-1.0538674220198287
-1.040380896330174
-1.0192001710826766
-1.0038848390630692
-0.9984286747551163
-0.9788903751826532
-0.9770397513622814
-0.973770683563245
-0.9685070504251884
-0.9486609996356892
-0.9198864408894819
-0.9146332919687314
-0.9109984087034584
-0.906960747135055
-0.8991380421829493
-0.8743398111640209
-0.8546674469299873
-0.837923366624025
-0.8283115953949692
-0.8220745766754693
-0.8144028431778825
-0.7641556712580386
-0.7599975333811753
-0.7562021353721904
-0.7469714979740635
-0.7337186169388199
-0.6323404426324347
-0.6097483805625178
-0.5883595246320363
-0.5702763571355387
-0.5549526016009141
-0.36194819008414225
-0.36155816688495485
-0.3603363702959855
-0.35960062215292776
-0.3588980964962571
-0.10170111940378264
-0.0961991494053311
-0.08985887728572997
-0.08852700092646473
-0.08255520527022298
-0.05137623474857966
-0.044847414891606235
-0.041204020453023314
-0.03565119478635976
-0.025420345937460728
0.06207491630832185
0.08081792706247412
0.09345848283551605
0.09941241616454854
0.11683761466724829
0.12048499700489053
0.16441721287419084
0.17474225194909254
0.1873815250970723
0.19999039419754655
0.2227552442661481
0.28560483122738867
0.2925728652193864
0.30404861419736473
0.3125867231670623
0.32400632297667176
0.4209130011267467
0.4269887706331508
0.4314773320687398
0.4371853691421827
0.44291173458027017
0.5736992392336885
0.5762928795100206
0.5780761254136978
0.5796991744222533
0.5814029291969488
0.7478889903914334
0.7484597685267427
0.7488227160939458
0.7490831760289203
0.7493785078001277
0.9611514232650462
0.9612050858642857
0.9612288107170575
0.9612565787179292
0.9612740516755628
2.1630112956009673
2.163029779825464
2.1630448820162824
2.163055909030358
2.163065071948447
2.351415516356546
2.3519032295007816
2.352151056218592
2.3525249658043426
2.3526030828385656
2.44917526066737
2.453068570005296
2.4562939547685527
2.457586501319826
2.4598877273078004
2.5039099933461952
2.5145861669915646
2.520138142479921
2.5305146262616875
2.533447156150401
2.5571495927516716
2.5654582877378798
2.5809553597771737
2.583652174672011
2.6006829317034277
2.608347305629059
2.6257565539545293
2.6289796341735565
2.6441789371803526
2.6478361845036296
2.6586320867761932
2.677460418863845
2.6839268894840598
2.6879170520029145
2.6934560532863587
2.6997390892745705
2.7428823150802732
2.7477802026373976
2.7518287185316668
2.7550136372870844
2.7578418174806836
2.8273256547341408
2.8303164000889263
2.8325064144327805
2.8339950767471147
2.8349301509660925
2.9217554948537336
2.9225437533515435
2.9230328046472467
2.923313622802307
2.923460859729188
-2.392556786577663
-2.3828861263502668
-2.3749879873563216
-2.371853356458548
-2.3711194694995252
-2.3483381550123568
-2.34666661226147
-2.346063342897689
-2.3420975557776402
-2.3407408706982498
-2.3083049544013914
-2.3026687976565587
-2.2972280829648573
-2.2930251893597924
-2.290713229009014
-2.2778049110243277
-2.2714165897922953
-2.2675576516518627
-2.2660189276948848
-2.2618434319488157
-2.2590770848447255
-2.244316785289137
-2.2410551696532126
-2.237307895051665
-2.2337183089192987
-2.2272610478526937
-2.2083961347471694
-2.20512015364943
-2.202561939630217
-2.1994900443719585
-2.1954344932938374
-2.1696029805677504
-2.166802133773465
-2.164173395178482
-2.1615620450925705
-2.1585228031823664
-2.1238154550607535
-2.120757981220749
-2.117807448026416
-2.1149744283648095
-2.112244758744632
-2.0553241631049097
-2.0521227205617176
-2.0491722741218905
-2.0464830507001595
-2.0440647717866636
-1.2560548263252607
-1.2560163428831155
-1.2559988424104358
-1.255991331463353
-1.2559895846383267
-1.1614048667254069
-1.1605524926853676
-1.160285945070287
-1.160214659822173
-1.1601701471654537
-1.0947502696312075
-1.0804315325713834
-1.0753166273308674
-1.0733655563503637
-1.0726796417670905
-1.0538674233263798
-1.040380893477557
-1.0192001970776317
-1.0038843523193273
-0.998429671279025
-0.9788071647697226
-0.9771909621439494
-0.9736800060454601
-0.9685305144084926
-0.9486588064788529
-0.9199284995939788
-0.9144369741585651
-0.9112542186603753
-0.9068462046390394
-0.899152243930606
-0.8743393617861747
-0.8546676076492437
-0.8379233606187011
-0.8283113584995707
-0.8220748608785241
-0.8144027508742226
-0.764155732890535
-0.7599974003671899
-0.7562022175155498
-0.7469714888036851
-0.7337186174011757
-0.6323404426323646
-0.6097483805624889
-0.5883595246321469
-0.570276357135444
-0.5549526016009447
-0.36194819607879186
-0.3615581559199972
-0.36033638369759113
-0.3596006102071238
-0.358898100010766
-0.10170077649815844
-0.09620100807895636
-0.08985761861709844
-0.08852292359906831
-0.08256078379352703
-0.05127341183158086
-0.04530305903583674
-0.040638708642777265
-0.03588152390221982
-0.025400883870254083
0.06210175535521482
0.08054104603346555
0.09495543225866737
0.09802199887455063
0.11641636847653762
0.12117073566365641
0.1632477759547469
0.1776494395224557
0.18477871245636407
0.20084985962189192
0.22263343242355707
0.2854949581829713
0.29293767026489076
0.30349995264356233
0.3129745636491283
0.3239180461476501
0.42103680610267075
0.4265426092120331
0.43203616414096346
0.4368962979320562
0.4429650596728423
0.5736897770986962
0.5763488528263231
0.5779824903087372
0.5797615428526032
0.5813876816271412
0.7478888561162909
0.7484608443787637
0.7488201400811331
0.7490853762559763
0.7493779420091715
0.9611515591459001
0.9612036170469891
0.96123202043944
0.9612537285423816
0.9612750250651717
2.1630114963071105
2.1630287304909563
2.163048180509733
2.163052737847612
2.1630657932661066
2.3514161420178827
2.3518974229194187
2.352161584167853
2.352509626454506
2.3526130751642857
2.449167877724045
2.4531461895760347
2.455966824156074
2.4579677003574463
2.4597626124361907
2.5039577372951403
2.5141267785318204
2.521235659572554
2.528473743352093
2.535035472084827
2.556055002649577
2.56761217907453
2.576671164781888
2.5882450558760293
2.597389811117524
2.611382874016121
2.6217062685067978
2.6333200218071395
2.6406477302166405
2.650360173325761
2.657901820721378
2.677907350119528
2.6831944812416686
2.688445556684675
2.693301740647265
2.699754837819953
2.742882202098181
2.7477804594138715
2.751828445903854
2.7550137833516612
2.7578417876215355
2.827325654735681
2.8303164000825043
2.832506414444762
2.8339950767359263
2.8349301509702114
2.921755494853733
2.9225437533515493
2.9230328046472507
2.9233136228023064
2.923460859729189
-2.39510031526211
-2.385200155628058
-2.3766862986918262
-2.371599010784838
-2.371363852303445
-2.348054406540524
-2.347538705419844
-2.3451679838829573
-2.342473579334643
-2.340998053241484
-2.3069802767283365
-2.3012738254165956
-2.2959845011091162
-2.2926374164904413
-2.2906981038585448
-2.278027628071502
-2.27182363032748
-2.267956124118233
-2.2660904242525213
-2.261846054540706
-2.258453266018455
-2.2439294004619272
-2.240471078883905
-2.23672138924058
-2.2329775520906785
-2.226637185656973
-2.2077097433534605
-2.2045319341608893
-2.2019489662832634
-2.1988988598063726
-2.1948009430915185
-2.1689229260936074
-2.1661386835801633
-2.1635278671592912
-2.1609257603805476
-2.157872744826145
-2.123043135926026
-2.1200100738110272
-2.1170876686645306
-2.114286075399637
-2.1115879454932123
-2.0545008481320584
-2.051361173984556
-2.048475085504675
-2.045852729048181
-2.0435036800650987
-1.2560709369869922
-1.25602320049158
-1.256002080045948
-1.2559924629136356
-1.2559895606181644
-1.1618056954730482
-1.1606871217661898
-1.1603239745374399
-1.1602257777688567
-1.1601834548002288
-1.0999639910088044
-1.0828897460151214
-1.0761392570446464
-1.0737049848430607
-1.0727432148566747
-1.055323575672773
-1.0448121392624206
-1.0245531401130141
-1.0064218814764794
-0.9992555216367213
-0.9789112771616086
-0.9777417494998626
-0.9741057054265791
-0.9712726748619641
-0.953982995109189
-0.9197631209389839
-0.9153248371654225
-0.9095674890527427
-0.9069624736676616
-0.8997928013024453
-0.8745795208883684
-0.8513627492794866
-0.8333447551476498
-0.8317851678966207
-0.8209675033550148
-0.8146471871016671
-0.7635126856778004
-0.7615894477448757
-0.7539526817075712
-0.7505519006435942
-0.7366627409806233
-0.6267972191551408
-0.6041605590966654
-0.5835061237339851
-0.5662605959632087
-0.5513001024675093
-0.36206165230361903
-0.3611865601253282
-0.36080576104361656
-0.35918108467682547
-0.35898949563630583
-0.10052462758651651
-0.09635335039012172
-0.09053649243688193
-0.08716078455893102
-0.08305149959209947
-0.05081675857391637
-0.04606594413598169
-0.04003175812523027
-0.035439128414666225
-0.025352124728663175
0.06393312543738801
0.08267691981884782
0.09594472842179785
0.09857339734526001
0.11721318322244936
0.12234165292654196
0.16322628316940885
0.17804106081954196
0.18362516380144742
0.19880818498060668
0.2216621680003876
0.28422019631005463
0.2920262436624801
0.3013859141443486
0.3116419349690323
0.32285294820301047
0.4200939300390453
0.42541093508656824
0.43101677895464846
0.43587849087708896
0.4422338656844681
0.5730743027612827
0.5758434647083298
0.5776387989669931
0.5794373872536512
0.5812060359373455
0.7477293105769501
0.7483621431838663
0.7487417857597359
0.7490417614305406
0.7493486437112887
0.9611361072042892
0.9611951382037168
0.9612276262241543
0.961249362596503
0.9612736802863683
2.163008642736295
2.1630268652256848
2.163046151141201
2.163052894146251
2.1630657700901947
2.351349101745181
2.3518382773604367
2.3521419145374463
2.352469076861856
2.352620301537097
2.448515076540244
2.452697478599716
2.4554440792829273
2.4579401577393853
2.4595648397508545
2.5024660547731683
2.5127062555833675
2.520697131202661
2.5271046946591595
2.5351341360074566
2.5546445048662902
2.5676599912316878
2.5751359963371456
2.589130048798965
2.5963112343515444
2.6121568027264725
2.620988391281054
2.634636162984142
2.640173700513786
2.651399982884265
2.6582926672810148
2.678964245893193
2.683935927112245
2.6895094051219197
2.694191530260968
2.7006317264030972
2.744161974421096
2.7488722424961236
2.7527026375151746
2.7556664161042583
2.758353103293315
2.828152224324922
2.830935716779019
2.8329396741700412
2.8342724071490224
2.8350918561179026
2.921986050321753
2.922690277766532
2.9231193064149394
2.923360432772833
2.9234836759120153
-2.395100315262113
-2.3852001556280573
-2.376686298691827
-2.371599010784832
-2.3713638523034546
-2.3480544065206557
-2.3475387054506975
-2.345167983859972
-2.3424735793588773
-2.340998053229175
-2.306980275353036
-2.3012738569224322
-2.2959840613801967
-2.292639337662626
-2.2906961689139833
-2.2780350024693243
-2.271731116942261
-2.2683729665288146
-2.265519073401405
-2.262228203709702
-2.2582927921244753
-2.2441021110269355
-2.2400560276878547
-2.237125485775289
-2.2328057799370664
-2.226668311258733
-2.207663892849364
-2.204652190478215
-2.201829858766682
-2.1989469777682933
-2.194794787744941
-2.1689232351564334
-2.1661380497172296
-2.1635283641637635
-2.160925598533365
-2.1578727597195164
-2.1230431360903066
-2.120010073437762
-2.1170876690031237
-2.114286075255286
-2.111587945517369
-2.054500848132057
-2.0513611739845543
-2.048475085504673
-2.0458527290481796
-2.0435036800650974
-1.2560709369869727
-1.2560232004919798
-1.2560020800435658
-1.255992462919818
-1.2559895606139726
-1.1618056954742024
-1.1606871217042105
-1.1603239753719303
-1.1602257756912764
-1.1601834561041389
-1.0999639910089951
-1.0828897458865523
-1.0761392615778593
-1.073704965695089
-1.0727432301018256
-1.0553235738528652
-1.0448121422964154
-1.02455312698104
-1.0064221168575198
-0.9992548879384602
-0.979054797522884
-0.9774925559498083
-0.9742791130227482
-0.9712035486971361
-0.9539853360094019
-0.9197242908004924
-0.9154366583335367
-0.9093258491455632
-0.9071482354004669
-0.8997748009203894
-0.8745799761888305
-0.8513625389151992
-0.8333453544228019
-0.8317847274204009
-0.8209673700749741
-0.8146472669068007
-0.7635125330631126
-0.7615896492424615
-0.7539525837587553
-0.7505519483652281
-0.7366627401817898
-0.6267972191552
-0.604160559096697
-0.5835061237338518
-0.5662605959633226
-0.5513001024674719
-0.3620616487651735
-0.36118658386893626
-0.36080573619935136
-0.3591811046538752
-0.35898948029835653
-0.10052665680238082
-0.09634069873783623
-0.09059847860426383
-0.08706743366397184
-0.08309682565156515
-0.05075346128771499
-0.04616086323252869
-0.040023676609901845
-0.035399061111194625
-0.02536562958230733
0.06392706065911141
0.08299295900555166
0.09337996226217687
0.10202006572494446
0.11435686620650336
0.12413431296192479
0.16292628166548412
0.17774692753904425
0.18446000524803138
0.1983331857847405
0.2217879087291297
0.28370165462022034
0.29337287420493313
0.3001773129239471
0.31208327266077923
0.3227726999830066
0.42006674542549166
0.4255110193777959
0.430873212685932
0.43596512717398933
0.44221796531987095
0.573083442257788
0.5757906907329079
0.577730791550914
0.5793743068669427
0.5812207606724222
0.7477284942554047
0.748368976090234
0.748727019919411
0.7490539993867623
0.7493451550096595
0.9611361015277273
0.9611951969391707
0.961227466037293
0.9612495094499112
0.9612736405609233
2.163008225727223
2.1630294248433724
2.1630405621807376
2.163058263506278
2.163063847082017
2.3513543457189994
2.3518029886530103
2.3522417444001045
2.3523668585653095
2.3526527347299826
2.4485031445444685
2.4528442765679768
2.4550827990566626
2.458521483325287
2.4592086900132677
2.502512706612678
2.5124078619875
2.5218095371313334
2.5257757809169594
2.53576234000877
2.5541783679534213
2.568997312644416
2.5736667192225116
2.590558612957944
2.5950737100144594
2.6127710748995323
2.6204613421237655
2.6350684367532513
2.639859788390558
2.651445374612558
2.658295069189156
2.6789221301217494
2.6840118486061275
2.689448651042
2.694216237653471
2.700628921874177
2.744162021245461
2.748872122446744
2.752702778533247
2.75566633511678
2.7583531204250944
2.828152224323293
2.8309357167864397
2.832939674155052
2.8342724071639265
2.8350918561121685
2.921986050321752
2.9226902777665273
2.923119306414943
2.923360432772832
2.923483675912016
-2.3951003152621104
-2.3852001556280578
-2.376686298691825
-2.3715990107848457
-2.3713638523034417
-2.3480544065831888
-2.3475387053508894
-2.3451679839451036
-2.3424735792517986
-2.3409980532899266
-2.3069802713978316
-2.301273926181226
-2.295983280464146
-2.292642342445821
-2.2906933465079105
-2.278041976153699
-2.2716538923907037
-2.2686032898691213
-2.265189745884386
-2.2624585773497703
-2.258226448418736
-2.2441306012954563
-2.2400099611113125
-2.237147994700999
-2.2328100598668823
-2.2266639750332735
-2.207688450851145
-2.2045798173148015
-2.2019100614441927
-2.198909998797256
-2.1948003049688793
-2.1689223469675563
-2.1661402587342184
-2.1635262131083595
-2.160926516436131
-2.157872628275398
-2.1230431363230324
-2.1200100729762155
-2.1170876693714478
-2.114286075116309
-2.111587945538023
-2.054500848132063
-2.051361173984552
-2.0484750855046694
-2.0458527290481787
-2.0435036800650948
-1.2560709369869727
-1.2560232004919227
-1.2560020800439005
-1.2559924629189758
-1.2559895606145421
-1.161805695477289
-1.1606871215352508
-1.1603239776614418
-1.1602257699806455
-1.160183459691135
-1.0999639910075165
-1.0828897463304108
-1.0761392487398234
-1.0737050165092372
-1.0727431906437643
-1.0553235769627598
-1.0448121381919242
-1.0245531385058084
-1.0064219777854868
-0.9992552021245709
-0.9790227921177783
-0.9775480004422049
-0.9742448387109758
-0.9712142071059393
-0.9539854297964923
-0.9197058352945705
-0.9154945027248549
-0.9091556821406869
-0.9072926052307067
-0.8997606563378945
-0.8745806616551371
-0.8513618437685637
-0.8333543767050903
-0.831775199153516
-0.8209687775003215
-0.8146468233195286
-0.763512660937933
-0.7615894891911829
-0.7539526461371253
-0.7505519210148536
-0.7366627404526987
-0.6267972191554139
-0.6041605590963542
-0.5835061237341548
-0.5662605959631799
-0.5513001024674995
-0.36206165121701134
-0.36118656791215203
-0.3608057526706823
-0.35918109218109806
-0.3589894898047494
-0.10052638089746015
-0.09634377554283419
-0.0905750476620127
-0.08711094850719134
-0.08307074378706554
-0.050929096152266734
-0.045679990571216626
-0.04056995305769115
-0.035137058327238437
-0.025389644351141234
0.06389798864927981
0.08337842639860446
0.0924458349091645
0.10272260024835868
0.1145956236265288
0.12362563277950842
0.16415279716015177
0.17467986599646992
0.18733708263784102
0.197363455676072
0.2218665360658241
0.28394808897586077
0.29247953643518426
0.3011796162999344
0.3116202381170832
0.3228805830469953
0.41995856462541564
0.4258863695883345
0.430424791660058
0.4361840362880174
0.44217960280709745
0.5730865409495894
0.5757745490187647
0.5777592155639175
0.5793548455277109
0.5812248427639415
0.747729076972453
0.7483640278526063
0.7487376351476976
0.7490451979994113
0.7493477066896405
0.961135997082163
0.9611963391755427
0.9612246975903603
0.9612520180349394
0.9612728626320246
2.163008169484999
2.163029911397232
2.163039818854668
2.1630590766270434
2.163063346975683
2.351351382793514
2.3518216470524598
2.3521791050098657
2.3524297634538094
2.3526367737398655
2.4485166104415708
2.452676108350266
2.4555164235695037
2.4578373779594287
2.4596155964688555
2.5024352158718486
2.5129772533315275
2.51988372876563
2.52837415988008
2.5342232285694197
2.5555056285397595
2.565660360205084
2.578182953115732
2.585626259521109
2.5995212987098966
2.6092394905461345
2.6245345351793636
2.6305813128418407
2.6438717247750625
2.6489863172892227
2.6591529520661403
2.6784119871462653
2.6848456924857707
2.6888492292912236
2.694396579845405
2.7006101787164414
2.7441621716519227
2.7488717581086726
2.7527031880117985
2.7556661076026714
2.758353167151611
2.82815222432089
2.8309357167971645
2.8329396741337156
2.834272407184935
2.8350918561041354
2.921986050321752
2.922690277766528
2.9231193064149377
2.9233604327728298
2.9234836759120166
-2.3951003152621118
-2.38520015562806
-2.3766862986918276
-2.371599010784854
-2.3713638523034364
-2.3480544066030626
-2.3475387053200403
-2.3451679839680897
-2.3424735792275704
-2.340998053302242
-2.3069802727731386
-2.3012738946775118
-2.2959837205589535
-2.292640425936887
-2.2906952765378086
-2.2780346394237374
-2.271753495539397
-2.268252382025862
-2.2657290808177524
-2.2620441560833107
-2.258378195073329
-2.24396122962511
-2.240427144286783
-2.2367383935014953
-2.2329817566869052
-2.226632910828443
-2.2077331685544164
-2.204455588782973
-2.202032721751121
-2.198863394005267
-2.1948065002368904
-2.1689220376166327
-2.1661408922631704
-2.1635257165532824
-2.160926678452768
-2.1578726133856336
-2.1230431361587603
-2.120010073349484
-2.117087669032855
-2.1142860752606616
-2.1115879455138695
-2.0545008481320592
-2.0513611739845548
-2.0484750855046783
-2.0458527290481783
-2.043503680065096
-1.256070936986993
-1.2560232004915237
-1.2560020800462581
-1.2559924629127819
-1.2559895606187346
-1.161805695476134
-1.1606871215972294
-1.160323976826992
-1.160225772058488
-1.1601834583869124
-1.0999639910073253
-1.0828897464589786
-1.0761392442065225
-1.0737050356558202
-1.0727431754000918
-1.0553235787826671
-1.0448121351579276
-1.0245531516377442
-1.0064217423895885
-0.9992558358122388
-0.9788668783629711
-0.9778071002042866
-0.9740730075012084
-0.9712842440780878
-0.9539830889210481
-0.919745270980127
-0.91538404628802
-0.9094211889648898
-0.9070811627332437
-0.8997785003151461
-0.874580206322554
-0.851362054140246
-0.8333537834811253
-0.8317756335466506
-0.8209689107807778
-0.8146467435331746
-0.7635128135280727
-0.761589287717138
-0.7539527440856867
-0.7505518732944699
-0.736662741251532
-0.6267972191553565
-0.6041605590963177
-0.5835061237342813
-0.5662605959630634
-0.5513001024675347
-0.3620616547554095
-0.36118654416670215
-0.3608057775167917
-0.3591810722021781
-0.35898950514461253
-0.10052435087224684
-0.09635640228169551
-0.09051203253970334
-0.08720462112077869
-0.08302614831815829
-0.05098607857607302
-0.04558431340497621
-0.04058840211011085
-0.03517397796732606
-0.0253759949198515
0.0639039790312809
0.0830186967882026
0.09426982838638698
0.10002476363320101
0.11791329585195447
0.12141006331347975
0.16450666708464567
0.17467392278676774
0.18664432669332895
0.1979381557759447
0.22174247554312218
0.2845305539035855
0.2912318101471077
0.3022790073609611
0.3111286127911954
0.3229575029854041
0.4199837533470719
0.4257747221667491
0.4305737564483156
0.43610509953518345
0.44219596412513373
0.573077355937043
0.5758263300764331
0.5776668421844606
0.5794191995673973
0.5812102636052225
0.7477298970171193
0.7483574229823682
0.7487528034236289
0.7490324390794497
0.74935108216015
0.9611360027069552
0.9611962737628473
0.9612248424518645
0.9612518875786578
0.9612729080147007
2.1630085806962174
2.163027174924443
2.163045137222579
2.163053860118559
2.1630655703778223
2.351346291565974
2.3518637083928837
2.352096462204351
2.3525332128760996
2.3525789969848145
2.448528765195494
2.452553245385372
2.4560049662782686
2.4572726374580687
2.4598037412912026
2.502390137933865
2.513356050679139
2.5190890054519994
2.5297928026621443
2.5331200170032377
2.5560871386233375
2.56477466539386
2.579801404156916
2.5840827725021844
2.600343767436688
2.608596680943908
2.625155010883951
2.630054254430786
2.6440753902709955
2.648881933064939
2.659148941872026
2.678446298495948
2.6847634949748667
2.688921596069439
2.694374460673009
2.700613028313653
2.7441621248232586
2.748871878146218
2.7527030469957907
2.755666188602854
2.758353150021211
2.8281522243225203
2.8309357167897433
2.832939674148703
2.83427240717003
2.835091856109868
2.9219860503217565
2.922690277766529
2.923119306414941
2.923360432772833
2.9234836759120157
-2.3976732476508906
-2.3875944223356846
-2.378596409608071
-2.3724091087007326
-2.3710475773174946
-2.348140046592461
-2.3475172991157525
-2.3441963340149443
-2.3440758480466264
-2.339886539235394
-2.305632253333817
-2.299894077417203
-2.2948417746931002
-2.2928276941828867
-2.2906105801992496
-2.2781964415016795
-2.2720948097515614
-2.268497480503999
-2.2661312750232083
-2.262093525796527
-2.25764005115827
-2.2434547974722534
-2.2399305014450728
-2.2360237556599207
-2.2323201567780986
-2.2260495727749205
-2.207089794420777
-2.2038459201192544
-2.201476583920266
-2.1982588885455097
-2.194172076749689
-2.1682506006845843
-2.165482960000755
-2.162883822836248
-2.1602951767960037
-2.157227343084759
-2.122276762972701
-2.119268869909871
-2.1163754574073983
-2.113606048709193
-2.1109398790930376
-2.0536927289021554
-2.050615477204884
-2.0477943819333144
-2.0452395037810454
-2.042960246431774
-1.2560911865089683
-1.2560315831433888
-1.2560059880307581
-1.255994078014983
-1.255989727816107
-1.1623363683054289
-1.1608649106533628
-1.1603775481074594
-1.1602399278510176
-1.1601946602671136
-1.1055394746545342
-1.0860826080594888
-1.07719559349682
-1.074132727492051
-1.0728702393438219
-1.0562644691810497
-1.048492425352673
-1.0300245391569491
-1.0098874900078076
-1.0002323515760718
-0.9791570506363589
-0.9781612455783804
-0.9748010727626523
-0.9726353797612477
-0.9590969451111238
-0.9197717215893807
-0.915154701694135
-0.9104397649744365
-0.905104346101374
-0.9002937671244496
-0.8741195900275621
-0.8472835771388721
-0.8353001782084715
-0.8290459285957805
-0.8221110104726684
-0.8143025879722324
-0.7641726336668017
-0.7605181530774194
-0.7540290685515536
-0.7518133042527316
-0.7398984543808858
-0.6211319465721356
-0.5987093642155266
-0.5788792494851741
-0.5623945720638401
-0.5476426099867804
-0.3620612108948031
-0.36123932052071683
-0.36070160336077484
-0.35945582412387783
-0.35857516945455026
-0.09992950633457333
-0.09542293970909692
-0.09196597899063666
-0.08531243768738514
-0.0839766383811588
-0.05106333672097716
-0.04499623515615468
-0.04119146629241504
-0.03431104680522717
-0.025493267024817537
0.06617886389204419
0.08529044941522271
0.09449174463452846
0.10113500571260199
0.11829844501327388
0.12338739399179495
0.1646941702972397
0.1746752512539176
0.18649152586404175
0.19617699426155047
0.2209813071442881
0.2834273511281831
0.2899850932715119
0.3004166139966986
0.30967852857959893
0.32187599071285505
0.4190185971136846
0.42455821174265057
0.4296082633220712
0.4349991315117319
0.4414086176484061
0.5724124841728988
0.5752999732918522
0.5772527769389372
0.5790994239653483
0.5809984528903561
0.7475501756333758
0.7482422232360758
0.7486715224173699
0.7489795048421478
0.7493183205299088
0.9611178406987837
0.9611859375915778
0.9612200601335879
0.9612468413497715
0.9612713824101211
2.1630055988775196
2.1630245921755114
2.163045569724141
2.1630516985809587
2.1630659592360173
2.3512738312336614
2.351818801578851
2.352049403913261
2.3525278739706637
2.35256936749748
2.4478561613751286
2.4520379631300173
2.4556080477003372
2.457068017121033
2.459717240223749
2.5008609000434174
2.5120205129465845
2.518186403095949
2.528695004989177
2.53310568230359
2.5548498449906845
2.564356324307903
2.578312917758073
2.5848548046580193
2.5996475010828366
2.6091592439924107
2.6243441145825885
2.631332676291508
2.643743785831372
2.6500709902385475
2.6595930984336946
2.6794506733351673
2.685492402976977
2.6899632336555093
2.695251028994424
2.7014547495181223
2.7453951728402566
2.7499113170404526
2.7535195526186245
2.756263160876891
2.7588221513216684
2.828925507426801
2.831506141055698
2.8333308408712363
2.834516169983572
2.835230356471478
2.922193207325109
2.9228196637025285
2.9231941523822584
2.9233999544024525
2.9235023669981195
-2.3976732476508924
-2.3875944223356838
-2.3785964096080745
-2.372409108700736
-2.3710475773174973
-2.348140046549814
-2.3475172991884397
-2.3441963328695836
-2.344075849179543
-2.3398865392163684
-2.305632258890017
-2.299893957807082
-2.294843764411028
-2.292823270178279
-2.2906136294721096
-2.278191423450775
-2.272131129196431
-2.2683794763874507
-2.2662504231301974
-2.262053391169115
-2.257645852625776
-2.2434922869804574
-2.2398233156383367
-2.2361562944872118
-2.2322430182686013
-2.2260673802755555
-2.20704283903896
-2.203987747410212
-2.2013286102673115
-2.1983185921572415
-2.1941632892946883
-2.1682517752513317
-2.165480084817522
-2.1628865744362837
-2.160294027682964
-2.1572275021466103
-2.122276762768249
-2.119268870298183
-2.1163754571129365
-2.1136060488137
-2.1109398790786416
-2.0536927289021545
-2.0506154772048935
-2.0477943819333153
-2.045239503781046
-2.0429602464317744
-1.256091186508927
-1.256031583144286
-1.2560059880256447
-1.2559940780264522
-1.2559897278088976
-1.162336368306344
-1.1608649106038706
-1.1603775487753174
-1.16023992584194
-1.1601946616569196
-1.1055394746544513
-1.0860826080438681
-1.077195594909746
-1.0741327199658224
-1.072870245973687
-1.056264466759502
-1.0484924289192854
-1.0300245315595007
-1.009887588654962
-1.0002319804152413
-0.9793464843647258
-0.9778156775824758
-0.9750748817508661
-0.9725150151834641
-0.9591002698396474
-0.9197410642575402
-0.9152531274744559
-0.9103117984654251
-0.9051890764796992
-0.9002685354854585
-0.8741200423614043
-0.8472832072633829
-0.8353008723429538
-0.8290453915340505
-0.8221110843990775
-0.8143026195175794
-0.7641725445899971
-0.7605183193200563
-0.7540288694973711
-0.7518134258712272
-0.739898452562809
-0.6211319465721901
-0.598709364215563
-0.5788792494850177
-0.5623945720639846
-0.5476426099867343
-0.3620612061958001
-0.36123934356526094
-0.3607015781352413
-0.3594558339195534
-0.35857516653886556
-0.09992877217885131
-0.0954248227136252
-0.09196899552066039
-0.08526010424345411
-0.08402783515115855
-0.05090323312434885
-0.04556958901243833
-0.04057701547154608
-0.03454013245891002
-0.025462458397291277
0.06621024827176224
0.08485392234023313
0.09595927353543328
0.10001638095769316
0.11767110947925236
0.12423195268527663
0.16332167812268256
0.17840379347264923
0.18307735320515334
0.19713327699048253
0.22092492789012877
0.28304059575149254
0.29094896856234215
0.2994433498060575
0.31016276627896394
0.32178469870915005
0.4190929692000715
0.42432875969352196
0.4298754635881236
0.4348674507410518
0.4414287166933433
0.5724138262042738
0.5752916403346159
0.5772678790137292
0.5790886798331991
0.5810010855771593
0.7475495460205452
0.7482473691879499
0.7486595553618695
0.7489897074608807
0.7493155686269264
0.9611178989092262
0.9611852959476537
0.9612217773240718
0.9612452448680738
0.9612718451348118
2.163005469998775
2.1630252354818733
2.163043473381934
2.163053689258204
2.1630655504733607
2.3512790861018096
2.351773847398251
2.352132456763979
2.352422827317974
2.352631060648943
2.447836775028411
2.4522478881356875
2.4548890582028684
2.4579656104175855
2.4593451312428734
2.5009624813492723
2.5112553860853373
2.520219503769392
2.525671387968675
2.5352407542433983
2.553211129081865
2.567802820056089
2.5735885806228675
2.5900514689860508
2.595145670715468
2.612864372229457
2.6203581568700773
2.6359426928219074
2.639669868195516
2.65234663854649
2.6586957621992466
2.6799871196292764
2.6846637565561573
2.6905386611660638
2.6950582633413194
2.7014744012660676
2.7453949952047703
2.7499117762324325
2.753519006954967
2.756263473754853
2.7588220873632037
2.828925507429999
2.831506141040416
2.8333308409036384
2.834516169949984
2.835230356484784
2.9221932073251122
2.92281966370253
2.9231941523822553
2.9233999544024556
2.9235023669981204
-2.3976732476508897
-2.3875944223356838
-2.3785964096080736
-2.372409108700733
-2.371047577317494
-2.3481400465526834
-2.34751729918285
-2.344196333015791
-2.344075849032821
-2.339886539220079
-2.3056322539310266
-2.299894086271891
-2.294841240012397
-2.2928292754400785
-2.2906091613197197
-2.278203491449752
-2.27200446471874
-2.268829827179161
-2.265671668113666
-2.2624033968474984
-2.2575202696805716
-2.2436615348268023
-2.2394013807346487
-2.2365678959651407
-2.232074023715259
-2.2260994844072584
-2.2070006429135125
-2.2040908988196364
-2.201231590838366
-2.1983564573894943
-2.194158896606437
-2.1682517323449444
-2.1654803490919683
-2.1628861769316816
-2.1602942549881115
-2.1572274603127624
-2.12227676307569
-2.1192688696235775
-2.1163754577074627
-2.1136060485664077
-2.1109398791191047
-2.0536927289021545
-2.050615477204888
-2.047794381933317
-2.045239503781045
-2.042960246431772
-1.2560911865089328
-1.2560315831441369
-1.2560059880264975
-1.255994078024544
-1.255989727810097
-1.1623363683077275
-1.1608649105260904
-1.1603775498384525
-1.1602399226318645
-1.1601946638802567
-1.10553947465374
-1.0860826082292283
-1.0771955868175425
-1.0741327566495391
-1.0728702155208951
-1.0562644730347202
-1.0484924213745932
-1.0300245419914338
-1.0098875019427027
-1.0002322430312238
-0.9792786240728923
-0.9779457153404373
-0.9749757200839334
-0.9725523795587572
-0.9590997159373229
-0.9197313013391755
-0.9152891739282735
-0.9102553619080211
-0.9052336577802066
-0.9002537529045761
-0.8741205684650832
-0.8472822289478815
-0.8353042069776916
-0.8290410703931074
-0.8221133171519773
-0.8143021661765427
-0.7641726380148608
-0.7605181620776824
-0.7540290259440711
-0.7518133362704709
-0.7398984534811086
-0.6211319465723867
-0.5987093642151982
-0.5788792494853608
-0.5623945720638068
-0.5476426099867698
-0.36206120896862637
-0.36123933029773103
-0.3607015924255983
-0.3594558285754979
-0.3585751680872749
-0.09993023942376499
-0.09541083608837912
-0.0919985831122289
-0.08514683141096145
-0.08412594673696423
-0.05089232161862764
-0.04553824114803563
-0.04067774434747796
-0.034460996689200676
-0.025481487449097447
0.06619866080895147
0.08537076951603711
0.09343136914904776
0.10330754948144845
0.1149987071310401
0.12576171953115386
0.16311264863978797
0.17757009519714878
0.18451717265127582
0.19650718602577139
0.22104472114073417
0.28266873486404454
0.2918576706157543
0.2987062468067503
0.31037473830197154
0.32175675556249633
0.4190306335907904
0.42453817210716693
0.4296101205168721
0.43500964452145496
0.44140460697598183
0.5724208691639804
0.5752529262083278
0.5773363226176732
0.5790413492302899
0.5810116463349297
0.7475492615051597
0.7482497367689069
0.7486543222723744
0.7489941061042164
0.7493143200069146
0.9611178613947857
0.9611857054396999
0.9612206563324078
0.9612462884823259
0.9612715505346144
2.1630050351421506
2.1630282661617874
2.1630379162981095
2.1630591548705937
2.1630630461215055
2.3512834556611666
2.3517466949469688
2.3522204763337524
2.3523354171843462
2.352653234128452
2.4478298588491905
2.4523337657208923
2.4546933161164666
2.4582978973408687
2.4591288717835247
2.5009804376278333
2.511165016507754
2.520501258606347
2.525383615785276
2.53533342764996
2.5532172270111397
2.567560146367318
2.5739792125536907
2.5892628640270363
2.5960152803272902
2.612047456767162
2.6213265187570873
2.634401719677709
2.6412100319681096
2.6516211920343418
2.659068097384384
2.679728540215831
2.6850602377640485
2.6902620251844183
2.695161636888423
2.701463675216238
2.7453951299698947
2.749911416722404
2.7535194449535085
2.7562632178279896
2.7588221406078275
2.8289255074257094
2.8315061410613085
2.8333308408587574
2.8345161699969017
2.8352303564661017
2.922193207325112
2.922819663702526
2.923194152382261
2.92339995440245
2.923502366998121
-2.397673247650887
-2.387594422335686
-2.3785964096080723
-2.372409108700737
-2.3710475773174964
-2.3481400465953337
-2.347517299110164
-2.344196334161145
-2.344075847899906
-2.3398865392391035
-2.3056322483747955
-2.2998942058655514
-2.2948392425262663
-2.292833694469094
-2.2906061245835114
-2.2782084685052157
-2.271963572290734
-2.268924450097973
-2.265570993194986
-2.262452396735395
-2.25751513729014
-2.243628930111349
-2.2395249462572338
-2.236421504363441
-2.232144066251746
-2.2260813510115773
-2.207049644964173
-2.203954902242908
-2.20137376941214
-2.198294715535979
-2.194167638007492
-2.1682505576949382
-2.165483223878129
-2.162883425555618
-2.1602954043467486
-2.157227301261476
-2.122276763280145
-2.1192688692352615
-2.116375458001925
-2.113606048461905
-2.1109398791334995
-2.0536927289021576
-2.05061547720489
-2.0477943819333184
-2.045239503781045
-2.04296024643177
-1.2560911865089754
-1.2560315831432383
-1.2560059880316046
-1.2559940780130798
-1.2559897278173064
-1.1623363683068129
-1.1608649105755828
-1.1603775491706119
-1.1602399246411035
-1.1601946624902693
-1.1055394746538239
-1.086082608244848
-1.0771955854045965
-1.0741327641754383
-1.072870208891379
-1.056264475456266
-1.0484924178079833
-1.0300245495888651
-1.0098874032924177
-1.0002326141779592
-0.9790384719134022
-0.9783317610962866
-0.974705084044239
-0.9726798111612808
-0.9590963919247045
-0.91976221315536
-0.9151918042420077
-0.9103832402887778
-0.9051479832553688
-0.9002787062666393
-0.874120116107729
-0.8472825988879319
-0.8353035133404408
-0.8290416070005664
-0.8221132431089178
-0.8143021346363828
-0.7641727270852571
-0.7605179958381486
-0.754029224987308
-0.7518132146662256
-0.7398984552991849
-0.6211319465723325
-0.5987093642151625
-0.5788792494855185
-0.562394572063662
-0.5476426099868166
-0.36206121366756117
-0.36123930725221953
-0.3607016176520827
-0.3594558187798857
-0.3585751710029808
-0.09993097240357075
-0.0954089454565272
-0.09199562683383745
-0.08520853363078768
-0.08406533102193466
-0.05105294631278199
-0.04494945829926389
-0.04130102084610995
-0.034237701457107354
-0.02551258659597178
0.06616741261342071
0.08592362240995459
0.09239392613633986
0.10390310647755593
0.1153064064376359
0.1252102023592554
0.16446392495017462
0.1743806336735824
0.1876213455777997
0.19534740144754315
0.22109984714675487
0.2829960549000252
0.29083123070468775
0.29977378693690887
0.3099171750271412
0.32184910174679365
0.4189592756733189
0.42478122165138266
0.42933443917565267
0.4351335619898742
0.441384140635899
0.5724195121674418
0.5752609095582978
0.5773210139489489
0.5790526033807083
0.5810090747962167
0.7475498898491201
0.7482445138362394
0.7486661298909827
0.7489840994711788
0.7493171136107645
0.9611178033526815
0.9611863703780429
0.9612190088459246
0.961247814412463
0.9612710651947295
2.163005151849747
2.1630272437330476
2.1630394645154154
2.163057489728068
2.1630640687678713
2.351277976870428
2.3517819737812515
2.352114471457626
2.352441569380027
2.3526232867283077
2.4478490685973413
2.452105691004234
2.455323448043436
2.4573874686267327
2.4596209996273553
2.500878121905076
2.51190274045143
2.518392205791917
2.528416132773359
2.5332919804736718
2.5548680409979827
2.5642338474759168
2.5788598056893535
2.5841678694051478
2.600343386726418
2.608395018096726
2.6256981435024564
2.629848392769415
2.645088086061393
2.6489260977222693
2.6598722698958053
2.67923657734909
2.6859118801535584
2.689629182273861
2.6953430203740587
2.7014438371937777
2.7453953076210733
2.7499109575823106
2.7535199906152505
2.7562629048905065
2.758822204560116
2.8289255074225133
2.831506141076584
2.833330840826354
2.8345161700304895
2.8352303564527976
2.922193207325116
2.9228196637025246
2.923194152382262
2.923399954402449
2.9235023669981226
-2.4002686939058733
-2.3900512207238958
-2.3806751528599426
-2.373548082128294
-2.3709497890004507
-2.348381325004772
-2.346858228774381
-2.3454925578674115
-2.3431676502084984
-2.3387718452102666
-2.304281291558931
-2.298543641016081
-2.2939442455885026
-2.2933944017942376
-2.2905257720410215
-2.278320660119644
-2.2722108481628114
-2.2691431205600683
-2.266015919207076
-2.2626252072740822
-2.256686369964961
-2.2430588095681063
-2.239041070285337
-2.2356769501349723
-2.231517305292987
-2.225544359746607
-2.206446507329221
-2.2033383247452987
-2.20085864221587
-2.19767865163988
-2.1935308881090876
-2.1675867685680363
-2.1648308418645557
-2.1622449184180197
-2.159669391891418
-2.156587137455608
-2.1215165174768487
-2.1185345893348875
-2.115671016172647
-2.1129345257757075
-2.110300723767284
-2.052899970973856
-2.04988579077593
-2.0471303190096863
-2.044643521866913
-2.042434600075634
-1.2561167222496425
-1.2560419211229887
-1.2560106852189648
-1.255996191742929
-1.25599017831016
-1.1630453566573182
-1.1610981415515034
-1.1604517270444419
-1.1602590892048241
-1.160204354620053
-1.1112862260465317
-1.0900518653839149
-1.078582818251665
-1.0746616939375075
-1.0730669919213134
-1.0568345499728435
-1.0513355507362754
-1.0353767198416475
-1.014221287472801
-1.0015336632235883
-0.9795357778881721
-0.9783845182172557
-0.9754923427975267
-0.9731633225674918
-0.9637259675912524
-0.9199552876948894
-0.9139163470671856
-0.9121266498844334
-0.9038064636118707
-0.8997969983493269
-0.8728909989043875
-0.8429079495889684
-0.8385018459749132
-0.825824680751772
-0.8241152623515507
-0.8140979213110089
-0.7645618110412473
-0.7584753955019035
-0.7572415772172748
-0.7498643676924686
-0.7433198841297323
-0.6154262415884877
-0.5934330425025268
-0.5744743596521722
-0.5586402818675421
-0.5439507066887271
-0.361945310691307
-0.3615767069556991
-0.3601604880785413
-0.3598677360337679
-0.35821173465397643
-0.0997296968230293
-0.0947286455214257
-0.09178888075296211
-0.08640766211675285
-0.08311828919065092
-0.051410050320995326
-0.04330828105018143
-0.04250028738402202
-0.033698951231633766
-0.025636585681199718
0.0688322192057656
0.08850487553365963
0.09208228161742338
0.10524088579683485
0.11568841082473694
0.12743268083582834
0.16486712347230473
0.17416201632700007
0.18826810083693574
0.19372698030738447
0.22076978138069697
0.28206843566906775
0.28930855543159917
0.2982351857188484
0.30826467327295093
0.3207671125389033
0.4179290733528253
0.4236093246903397
0.4282695807324769
0.43402393989374866
0.4405290413621556
0.5717078590334083
0.5746969960891265
0.5768592649628925
0.5787194092979339
0.5807696710655594
0.7473484033615415
0.7481110346136238
0.7485819456297317
0.748920482320805
0.7492806098385291
0.9610965266025397
0.9611743543478236
0.9612128394848592
0.9612428079687368
0.9612690124189299
2.1630018649623453
2.1630242306177565
2.163039626188522
2.163055530320079
2.1630647577303614
2.351199864607877
2.3517452425422536
2.3520459865353094
2.3524592352583564
2.3526066636138614
2.4471562078120623
2.451515748474023
2.4551576200486336
2.456904636231801
2.4596415037264343
2.49930477235342
2.51081043809479
2.5169368208255833
2.5284379472188814
2.532304619531623
2.5542168719031393
2.562933648878515
2.579495805099328
2.582765856353835
2.6009636724403773
2.60771271923382
2.626683124600112
2.6292886494369183
2.6460443526264528
2.649043321094798
2.6605283408753757
2.6800635909862365
2.6868908973591
2.6904249773060087
2.69625440632323
2.702242005961506
2.7465797954877007
2.7508963188074147
2.754277845805044
2.7568055862320815
2.759251303347218
2.8296463526726776
2.832029161474592
2.8336819245956533
2.834728615472301
2.8353481265772804
2.922378578507237
2.922933371254176
2.9232585475284365
2.9234330865520515
2.9235175415726107
-2.40026869390587
-2.3900512207238975
-2.3806751528599444
-2.373548082128297
-2.3709497890004507
-2.348381324998738
-2.3468582288045705
-2.345492557825428
-2.3431676502320413
-2.3387718452035093
-2.3042813049823554
-2.298543173148616
-2.2939676417081176
-2.293365357866049
-2.290533250450574
-2.2783040681609337
-2.272364263415004
-2.2686484685703023
-2.2665891428928875
-2.2623381071751996
-2.2567744518933215
-2.2429012414637954
-2.2393888660384076
-2.2353389100878354
-2.2316726245350607
-2.2255171934830216
-2.2064709217975818
-2.20327854704327
-2.2009085193416755
-2.197664959348915
-2.193531956618644
-2.1675873502498995
-2.164829227512002
-2.162246636035112
-2.159668603487252
-2.156587257280796
-2.1215165170095633
-2.1185345903438066
-2.115671015296263
-2.112934526135353
-2.110300723709249
-2.0528999709738547
-2.049885790775931
-2.0471303190096855
-2.0446435218669126
-2.042434600075633
-1.2561167222496115
-1.256041921123694
-1.2560106852149777
-1.2559961917511173
-1.2559901783052811
-1.1630453566579797
-1.16109814151319
-1.1604517275475243
-1.1602590875218224
-1.1602043558376303
-1.1112862260464007
-1.0900518653938092
-1.078582818172691
-1.0746616932915984
-1.0730669929175911
-1.0568345472744196
-1.0513355547925085
-1.0353767147823703
-1.0142213263607023
-1.0015334627230834
-0.9797086584355343
-0.9780080411513761
-0.9758234039734748
-0.97302995637523
-0.9637322840367838
-0.9199342113889001
-0.9140823010139341
-0.9119505170084555
-0.9038608658982255
-0.8997732730573278
-0.8728914523351186
-0.8429065708731609
-0.8385035859809602
-0.8258225255175204
-0.8241169499652391
-0.8140979044770928
-0.7645617424120273
-0.7584759641698541
-0.7572410347642539
-0.7498644144593374
-0.7433198778736875
-0.6154262415885354
-0.5934330425025641
-0.5744743596519895
-0.5586402818677176
-0.5439507066886734
-0.36194529998617353
-0.36157672531563834
-0.36016044853355245
-0.3598677693971056
-0.35821173318081945
-0.099727132984292
-0.09475922409167936
-0.09172804010192796
-0.08648108034946149
-0.08307559949642103
-0.051410326905627066
-0.04367356988161179
-0.04206808996270767
-0.03379346258097419
-0.025610532879925943
0.06884924633000003
0.08733214556615634
0.09470019761072737
0.10237389925873833
0.11837467920914237
0.12602146194629593
0.16502165328287055
0.17466967803684116
0.18663941249512758
0.19492293836690439
0.22065516517146827
0.2823940662050027
0.2887321129721582
0.29858781058569844
0.30817643301795494
0.32076786014842384
0.4179983554905507
0.4233672294699588
0.42855775936939616
0.4338856828197556
0.4405522226607342
0.571703870518177
0.5747184299326837
0.5768223406157594
0.578744530758289
0.5807640265732208
0.7473483588944988
0.7481114079259039
0.7485810259796496
0.7489212950430466
0.7492803879212728
0.9610965657517706
0.9611739041553544
0.9612140417635897
0.9612416583910826
0.9612693707610964
2.163002252489137
2.163022127980085
2.163045614182539
2.1630498564657232
2.1630661587015805
2.3511978617448746
2.3517639484143413
2.352015086355242
2.3524982605016005
2.3525818355309775
2.4471552848925735
2.4515279589636574
2.455091303422699
2.4569868189217985
2.4596137530706956
2.4993290004834616
2.510575891718147
2.5174521479758614
2.527320277118273
2.5333025064061516
2.553435818147386
2.564213010493159
2.5766708786683346
2.58578927023405
2.5986604378626508
2.6099573573762025
2.623426067986712
2.6327182484425427
2.643253026946699
2.6513175470869457
2.6599606487335365
2.680472260732552
2.6861143628729818
2.6910345939723483
2.6960814752988647
2.7022626254843685
2.7465795244422413
2.750897088058632
2.754276859767243
2.756806176162292
2.7592511827429447
2.8296463526822677
2.8320291614244515
2.833681924710685
2.834728615345908
2.835348126629265
2.922378578507234
2.9229333712541785
2.923258547528429
2.9234330865520652
2.9235175415726027
-2.4002686939058715
-2.3900512207238966
-2.3806751528599444
-2.373548082128295
-2.370949789000451
-2.348381324985964
-2.3468582288648774
-2.3454925577457097
-2.343167650273181
-2.338771845193341
-2.3042813114151497
-2.298542999714609
-2.293974002509572
-2.293357654339967
-2.2905349696734487
-2.2783036683032987
-2.272353426028748
-2.268725923063613
-2.2664783212020754
-2.2624055392894458
-2.256742929775306
-2.243005972585907
-2.2391290770528594
-2.2356263475141884
-2.2315187192090553
-2.225550625683861
-2.2063988884324486
-2.2034824076699064
-2.200702899053921
-2.1977466969729518
-2.1935205173692736
-2.1675886914874
-2.164825994031023
-2.1622496756034284
-2.1596673642327375
-2.1565874223882484
-2.1215165169065573
-2.1185345904996216
-2.1156710152156473
-2.112934526147105
-2.110300723710668
-2.0528999709738565
-2.049885790775936
-2.0471303190096886
-2.044643521866912
-2.0424346000756324
-1.2561167222496032
-1.2560419211238918
-1.256010685213851
-1.2559961917534355
-1.2559901783039003
-1.1630453566585923
-1.1610981414762587
-1.1604517280388267
-1.1602590858716668
-1.1602043570328016
-1.1112862260460075
-1.0900518654662743
-1.078582813528757
-1.074661719238557
-1.0730669691801675
-1.0568345598410542
-1.0513355399403774
-1.0353767259865025
-1.0142212747221115
-1.001533662192978
-0.9796152883437449
-0.9782204162138728
-0.9756432602718511
-0.9730932467503828
-0.9637299464352466
-0.9199306293640164
-0.9141190947361139
-0.9119065451247861
-0.9038817893329096
-0.8997628784929325
-0.8728918777845373
-0.8429035166966428
-0.8385081409148911
-0.8258114598918928
-0.8241268248056169
-0.8140974271392883
-0.7645618328181039
-0.758475338217401
-0.7572416107307285
-0.7498643744495795
-0.74331988226532
-0.6154262415887269
-0.5934330425021693
-0.5744743596523935
-0.5586402818675045
-0.5439507066887158
-0.3619453054605661
-0.36157671609456393
-0.360160467054122
-0.3598677539978782
-0.358211733806174
-0.09972532080683849
-0.09477440972635542
-0.09170464818976108
-0.08649341106569346
-0.08307493087643024
-0.051319429673755385
-0.044381039586114036
-0.04131479817145466
-0.033955871966814974
-0.025583290408350664
0.06888346401989703
0.08682205802549456
0.09587005753520178
0.10171105043202071
0.11775201331846527
0.12680063566301603
0.16352919157030482
0.17863402456798635
0.18297090918991013
0.19597552475396177
0.2206161873923809
0.2819766308085164
0.2897463294507038
0.29764603704913334
0.30858674158733773
0.32069765457915367
0.4180328011234313
0.42326949329332814
0.4286610075667165
0.4338402605956923
0.4405580279210191
0.5717071771440081
0.5746999416436961
0.5768550007284396
0.5787218089608753
0.5807692707291442
0.7473479002545761
0.7481151600943504
0.7485722167778648
0.7489289195456978
0.7492782790910284
0.9610965861455341
0.9611736761445907
0.961214689736775
0.9612410390120564
0.9612695497839354
2.1630019287743174
2.1630238289370785
2.163040414436055
2.1630547896543546
2.1630650480172546
2.351205285214933
2.3517060507403715
2.3521316572534006
2.352371418307073
2.3526425810921907
2.4471323313142657
2.4517880709779396
2.454322917630073
2.458030298180289
2.4590971423006645
2.4994472637835026
2.509799350155467
2.519731156283872
2.5242580967001005
2.535305710858377
2.55180568909119
2.5679113067244983
2.5721551206063342
2.590880198744133
2.5940312811784216
2.613341570115175
2.619966672162267
2.6370326840192084
2.6393382788158575
2.6531379068706293
2.659153504851335
2.6809462806521265
2.6854098893115737
2.691509702147737
2.6959102076135877
2.702279954939654
2.74657935320975
2.750897559273776
2.7542762706744615
2.7568065219468805
2.759251113291912
2.8296463526851676
2.832029161409709
2.833681924743839
2.834728615309943
2.835348126643944
2.922378578507236
2.922933371254178
2.9232585475284325
2.923433086552066
2.9235175415726045
-2.4002686939058715
-2.3900512207239
-2.3806751528599466
-2.373548082128294
-2.370949789000451
-2.3483813249919994
-2.3468582288346806
-2.3454925577876944
-2.3431676502496366
-2.3387718452000934
-2.304281297991839
-2.298543467683377
-2.2939512257074894
-2.2933860909374664
-2.2905274793208568
-2.278320260350838
-2.272197873889227
-2.26919922406791
-2.265917785150407
-2.2627023366538515
-2.2566558840109505
-2.2431523750580644
-2.2387510037249134
-2.235992875453705
-2.2313758597509095
-2.2255783516839593
-2.2063725940424743
-2.2035383551345404
-2.2006575504589634
-2.1977615568783118
-2.1935194652431873
-2.1675881107055512
-2.164827610179949
-2.162247956325007
-2.1596681516339817
-2.156587302530553
-2.121516517373847
-2.1185345894907073
-2.1156710160920347
-2.112934525787464
-2.110300723768701
-2.0528999709738587
-2.0498857907759356
-2.0471303190096832
-2.0446435218669143
-2.0424346000756324
-1.256116722249635
-1.2560419211231888
-1.2560106852178325
-1.255996191745251
-1.2559901783087775
-1.1630453566579317
-1.1610981415145698
-1.1604517275357484
-1.160259087554726
-1.1602043558151558
-1.1112862260461378
-1.0900518654563787
-1.0785828136077376
-1.0746617198844426
-1.0730669681839102
-1.0568345625394633
-1.0513355358841519
-1.0353767310457755
-1.0142212358336424
-1.0015338626855503
-0.9793787278057208
-0.9786340534170264
-0.975326225721076
-0.9732390981005712
-0.9637236380670762
-0.919951767140533
-0.9139598334253233
-0.9120761034941963
-0.9038274010505061
-0.8997864102017926
-0.872891424338453
-0.8429048977148068
-0.83850639890827
-0.8258136376175639
-0.8241251144020295
-0.8140974439659295
-0.7645619014435006
-0.7584747690292775
-0.7572421537067776
-0.7498643276836588
-0.7433198885213876
-0.6154262415886794
-0.5934330425021307
-0.5744743596525785
-0.5586402818673285
-0.543950706688772
-0.3619453161652267
-0.36157669773500073
-0.3601605065952106
-0.35986772063852435
-0.35821173527933325
-0.09972788989382882
-0.09474423885599499
-0.09176530425548343
-0.0864198733408649
-0.08311751088126965
-0.051319453203880296
-0.044239426858658906
-0.041527794134693305
-0.03385695321084887
-0.025608976671622766
0.06886621326403705
0.08765893739663298
0.09327422724850369
0.1049101039234693
0.11523157829615398
0.12803188294209675
0.16336907779282997
0.1774234578055479
0.18490099153356335
0.1951817910745458
0.2207317413340794
0.28170028465833746
0.29035124473415025
0.297226358910415
0.30866436494030347
0.3206968126436359
0.4179619403921916
0.42350573419585674
0.4283772969423772
0.43398138011985476
0.4405349490800286
0.5717111851456342
0.57467889423239
0.5768921457072597
0.5786961230310117
0.5807748531406611
0.747347944589448
0.7481147785536023
0.7485731155444313
0.7489281307242066
0.7492785063516809
0.961096546941976
0.9611741185935966
0.9612134570080652
0.9612422176232542
0.9612692006560003
2.1630015660387887
2.1630267425153096
2.1630356807635676
2.16305983064157
2.163062189859832
2.351207433540979
2.3516934674181216
2.3521750987369376
2.3523289149680955
2.352652077954455
2.447133226080587
2.4517718315023345
2.454365345804018
2.45793947942043
2.4591614740911383
2.4994218060139013
2.50997342417003
2.518969571245189
2.525245132934316
2.534717648805679
2.552422935265706
2.5659385242401545
2.5745429984724333
2.5878001354056033
2.597086660814082
2.61110475020417
2.6224048628426004
2.6336078926097795
2.642636741979876
2.6516273361116407
2.659881865561758
2.6804655865384697
2.6861518915355744
2.69099035400402
2.696101441388852
2.7022596504692302
2.746579624222268
2.7508967898890715
2.754277256697924
2.7568059321815395
2.7592512339121313
2.829646352675579
2.8320291614598445
2.833681924628808
2.8347286154363394
2.835348126591958
2.9223785785072347
2.9229333712541816
2.923258547528438
2.9234330865520524
2.92351754157261
