-2.725757689706726
-2.7256849368743707
-2.7256429366477315
-2.7254859309673503
-2.2098065016725297
-2.2072519612538937
-2.2065517283426455
-2.2053458792776404
-1.7670808069136612
-1.7592686027712277
-1.7551039970267575
-1.7370422272633848
-1.4401068564217645
-1.3819096613046082
-1.3597540001115318
-1.330389663250669
-1.1505375852024042
-1.1033973163286612
-1.1028203396237115
-1.0437002131262691
-0.9916297341287291
-0.16396621284690707
-0.12170195402579996
-0.07291176559401981
-0.03183616497396515
0.031836164973964166
0.07291176559401723
0.12170195402579886
0.16396621284690555
0.9916297341287287
1.04370021312627
1.1028203396237133
1.1033973163286621
1.1505375852024047
1.3303896632506695
1.3597540001115316
1.3819096613046087
1.4401068564217663
1.7370422272633848
1.7551039970267577
1.7592686027712283
1.7670808069136614
2.20534587927764
2.2065517283426495
2.2072519612538946
2.2098065016725283
2.7254859309673485
2.725642936647732
2.7256849368743725
2.7257576897067244
-2.725756235264929
-2.7256898392293833
-2.725639109976692
-2.725486309725179
-2.20980053937638
-2.2073136955507637
-2.2064716627761047
-2.205370173232816
-1.7669306897082222
-1.7598476781336727
-1.7546207714150948
-1.7370971067537573
-1.4400405856254204
-1.3826967999183937
-1.3583943303964106
-1.3310876763967219
-1.1496262542049445
-1.1107908077213795
-1.095858157701834
-1.0441846648010968
-0.9915654394257377
-0.16412659799219168
-0.12085312004194032
-0.07511508918096566
-0.028994944858635817
0.028994944858634592
0.07511508918096653
0.12085312004194011
0.16412659799219115
0.9915654394257373
1.0441846648010966
1.0958581577018336
1.1107908077213784
1.1496262542049445
1.3310876763967219
1.3583943303964088
1.382696799918393
1.4400405856254204
1.7370971067537573
1.7546207714150952
1.759847678133675
1.7669306897082213
2.2053701732328164
2.206471662776104
2.207313695550764
2.2098005393763787
2.725486309725178
2.7256391099766932
2.725689839229381
2.72575623526493
-2.7257521389205563
-2.7257003215893896
-2.7256317911967702
-2.7254872424894963
-2.209785860427056
-2.2074321822563396
-2.2062994849480306
-2.2054385442446263
-1.7665062483574996
-1.7610341226353734
-1.7537247533611628
-1.7372325991971156
-1.439878971020227
-1.3843649148963462
-1.355111864044221
-1.333006055890567
-1.1470553659306857
-1.1183379644785707
-1.0896526508713313
-1.0454235012843167
-0.9914118505989117
-0.16450263934616896
-0.11862124432604898
-0.0800329975592079
-0.022106994045254274
0.02210699404525468
0.08003299755920837
0.11862124432605005
0.16450263934616877
0.9914118505989116
1.0454235012843172
1.089652650871332
1.118337964478572
1.1470553659306868
1.333006055890566
1.355111864044222
1.3843649148963446
1.4398789710202273
1.737232599197116
1.7537247533611624
1.7610341226353707
1.7665062483574987
2.2054385442446285
2.2062994849480315
2.2074321822563405
2.209785860427059
2.725487242489497
2.7256317911967693
2.7257003215893887
2.725752138920556
-2.7257465674919157
-2.7257108368913325
-2.7256258870350663
-2.7254882027779237
-2.2097707552217054
-2.2075279083962775
-2.2061260189570513
-2.205531390241005
-1.7659239604231618
-1.7621911379365565
-1.753011467267188
-1.7373726354016892
-1.4397149940736733
-1.385807228746779
-1.351495320037945
-1.335485927347571
-1.1434890954876946
-1.1249252364182405
-1.0852797004458636
-1.0467835553221672
-0.9912605040213097
-0.1648640961561834
-0.11600924054857556
-0.08480044189785972
-0.01402877045000525
0.0140287704500039
0.08480044189785925
0.11600924054857573
0.16486409615618286
0.9912605040213103
1.046783555322167
1.0852797004458634
1.12492523641824
1.1434890954876942
1.3354859273475699
1.351495320037943
1.3858072287467789
1.4397149940736724
1.7373726354016896
1.7530114672671884
1.7621911379365554
1.765923960423161
2.205531390241006
2.206126018957052
2.207527908396279
2.209770755221708
2.725488202777924
2.7256258870350645
2.725710836891333
2.725746567491914
-2.725743300258238
-2.725715894161333
-2.7256236906768794
-2.725488609099794
-2.209764366075987
-2.2075635225742656
-2.2060424557720437
-2.2055857287830993
-1.765578336664525
-1.7627428461198893
-1.7527465624820904
-1.7374320677348487
-1.4396463601022693
-1.3863567703851305
-1.3497106391231717
-1.3368481626528734
-1.1412711065733332
-1.1281534395719854
-1.083664263798598
-1.047391714104808
-0.991198452345498
-0.165009859942462
-0.11475260179744763
-0.08684300873201208
-0.009389488192421091
0.009389488192421741
0.08684300873201126
0.11475260179744763
0.16500985994246214
0.9911984523454977
1.047391714104807
1.0836642637985991
1.1281534395719857
1.1412711065733336
1.3368481626528739
1.3497106391231735
1.38635677038513
1.4396463601022702
1.7374320677348496
1.7527465624820913
1.7627428461198893
1.7655783366645246
2.205585728783096
2.206042455772042
2.2075635225742665
2.2097643660759885
2.7254886090997936
2.72562369067688
2.7257158941613335
2.7257433002582365
-2.7257465674919152
-2.7257108368913325
-2.725625887035067
-2.7254882027779255
-2.2097707552217063
-2.207527908396278
-2.2061260189570517
-2.2055313902410045
-1.7659239604231625
-1.7621911379365574
-1.753011467267188
-1.7373726354016892
-1.4397149940736733
-1.3858072287467786
-1.3514953200379443
-1.3354859273475708
-1.1434890954876944
-1.12492523641824
-1.0852797004458636
-1.0467835553221676
-0.9912605040213099
-0.16486409615618328
-0.11600924054857555
-0.08480044189785997
-0.014028770450005178
0.014028770450004207
0.0848004418978588
0.11600924054857434
0.16486409615618292
0.991260504021311
1.0467835553221672
1.085279700445863
1.124925236418242
1.1434890954876946
1.3354859273475699
1.3514953200379425
1.3858072287467782
1.4397149940736729
1.7373726354016905
1.7530114672671897
1.7621911379365565
1.765923960423162
2.205531390241006
2.206126018957051
2.2075279083962793
2.2097707552217085
2.725488202777922
2.7256258870350623
2.7257108368913316
2.725746567491913
-2.7257521389205555
-2.7257003215893887
-2.72563179119677
-2.725487242489496
-2.209785860427057
-2.2074321822563396
-2.206299484948031
-2.205438544244626
-1.7665062483574996
-1.7610341226353732
-1.7537247533611633
-1.7372325991971156
-1.4398789710202267
-1.3843649148963464
-1.3551118640442226
-1.3330060558905683
-1.1470553659306864
-1.1183379644785705
-1.0896526508713313
-1.045423501284317
-0.9914118505989112
-0.16450263934616907
-0.11862124432604883
-0.08003299755920795
-0.022106994045254034
0.022106994045254295
0.0800329975592082
0.11862124432604919
0.16450263934616904
0.9914118505989115
1.0454235012843167
1.0896526508713307
1.118337964478571
1.147055365930685
1.3330060558905683
1.355111864044223
1.3843649148963466
1.439878971020227
1.7372325991971158
1.7537247533611626
1.7610341226353734
1.7665062483574994
2.205438544244625
2.20629948494803
2.207432182256338
2.2097858604270564
2.725487242489499
2.7256317911967702
2.7257003215893882
2.7257521389205577
-2.72575623526493
-2.725689839229385
-2.725639109976694
-2.725486309725179
-2.20980053937638
-2.2073136955507637
-2.2064716627761056
-2.2053701732328155
-1.7669306897082222
-1.7598476781336732
-1.7546207714150954
-1.737097106753758
-1.4400405856254206
-1.3826967999183937
-1.358394330396411
-1.3310876763967219
-1.149626254204945
-1.1107908077213804
-1.0958581577018351
-1.044184664801097
-0.9915654394257375
-0.16412659799219123
-0.1208531200419399
-0.07511508918096575
-0.028994944858635366
0.02899494485863553
0.07511508918096471
0.12085312004194027
0.16412659799219065
0.9915654394257383
1.0441846648010975
1.0958581577018343
1.11079080772138
1.1496262542049456
1.3310876763967212
1.358394330396413
1.3826967999183932
1.4400405856254204
1.7370971067537562
1.7546207714150945
1.7598476781336745
1.7669306897082204
2.205370173232818
2.206471662776105
2.2073136955507637
2.209800539376381
2.725486309725179
2.725639109976695
2.725689839229385
2.7257562352649303
-2.725756235264932
-2.725689839229386
-2.7256391099766946
-2.72548630972518
-2.20980053937638
-2.2073136955507633
-2.206471662776105
-2.205370173232817
-1.7669306897082224
-1.7598476781336734
-1.7546207714150956
-1.737097106753758
-1.44004058562542
-1.382696799918394
-1.3583943303964117
-1.3310876763967223
-1.149626254204945
-1.1107908077213806
-1.0958581577018347
-1.0441846648010977
-0.991565439425738
-0.16412659799219032
-0.1208531200419392
-0.07511508918096442
-0.028994944858634384
0.028994944858635803
0.07511508918096584
0.12085312004194047
0.1641265979921916
0.9915654394257378
1.0441846648010973
1.095858157701834
1.1107908077213813
1.149626254204944
1.3310876763967217
1.3583943303964097
1.382696799918395
1.4400405856254193
1.7370971067537575
1.7546207714150956
1.7598476781336705
1.7669306897082226
2.2053701732328173
2.2064716627761087
2.2073136955507633
2.2098005393763795
2.7254863097251802
2.725639109976697
2.725689839229384
2.725756235264931
-2.725756235264931
-2.7256898392293865
-2.7256391099766955
-2.72548630972518
-2.20980053937638
-2.2073136955507633
-2.2064716627761056
-2.205370173232816
-1.766930689708222
-1.759847678133673
-1.754620771415095
-1.7370971067537573
-1.4400405856254204
-1.3826967999183941
-1.3583943303964108
-1.3310876763967219
-1.1496262542049454
-1.1107908077213797
-1.0958581577018343
-1.0441846648010977
-0.9915654394257373
-0.1641265979921911
-0.12085312004194036
-0.07511508918096511
-0.028994944858635335
0.028994944858635865
0.07511508918096459
0.12085312004194014
0.16412659799219204
0.9915654394257375
1.044184664801097
1.0958581577018336
1.1107908077213782
1.1496262542049442
1.3310876763967223
1.3583943303964088
1.382696799918395
1.4400405856254204
1.7370971067537573
1.7546207714150948
1.7598476781336652
1.7669306897082218
2.2053701732328173
2.2064716627761074
2.207313695550763
2.2098005393763818
2.72548630972518
2.725639109976696
2.7256898392293896
2.7257562352649316
-2.7257534443530567
-2.7256973414793064
-2.7256337418357677
-2.725486966528074
-2.2097902025789598
-2.207400572499451
-2.2063485322465133
-2.205416764275811
-1.7666417942166261
-1.7607014525746436
-1.7539615829393658
-1.7371924610654716
-1.4399265476705212
-1.3839042136613167
-1.3560868123256562
-1.332402598236377
-1.1478763969788692
-1.1163815175894682
-1.0911593731338678
-1.0450495414356844
-0.9914565999212885
-0.16439407334057088
-0.11930620423935775
-0.07862864575835735
-0.02417101040686465
0.024171010406863747
0.07862864575835492
0.11930620423935669
0.16439407334057013
0.9914565999212899
1.0450495414356857
1.0911593731338696
1.1163815175894725
1.1478763969788708
1.3324025982363776
1.3560868123256562
1.383904213661317
1.4399265476705212
1.7371924610654728
1.7539615829393658
1.760701452574644
1.766641794216627
2.2054167642758107
2.206348532246513
2.20740057249945
2.2097902025789598
2.725486966528075
2.7256337418357703
2.725697341479304
2.7257534443530584
-2.7257484403390153
-2.72570761788635
-2.7256275174263864
-2.7254879185444767
-2.2097752254138063
-2.2075014708539347
-2.2061791745283457
-2.2055002017446377
-1.7661204921022298
-1.7618390012170608
-1.7532081492822438
-1.7373311256904567
-1.439763271529515
-1.3854031290904354
-1.3526243299887006
-1.3346713240985417
-1.1447052719248185
-1.1229242189098565
-1.0864753469415533
-1.0463705264226477
-0.9913046049146447
-0.16475965729309003
-0.11682678551720896
-0.08339297037974963
-0.016660462241034135
0.016660462241035522
0.08339297037974888
0.11682678551720917
0.16475965729309017
0.9913046049146449
1.046370526422647
1.0864753469415542
1.1229242189098592
1.1447052719248187
1.3346713240985428
1.3526243299887015
1.3854031290904358
1.4397632715295152
1.737331125690457
1.753208149282243
1.7618390012170597
1.7661204921022293
2.205500201744636
2.206179174528346
2.2075014708539333
2.209775225413806
2.7254879185444754
2.7256275174263838
2.7257076178863504
2.7257484403390144
-2.7257433002582374
-2.7257158941613344
-2.725623690676879
-2.725488609099794
-2.2097643660759876
-2.207563522574266
-2.2060424557720433
-2.2055857287830993
-1.765578336664525
-1.7627428461198889
-1.7527465624820902
-1.7374320677348483
-1.4396463601022695
-1.3863567703851303
-1.349710639123171
-1.336848162652873
-1.141271106573333
-1.1281534395719863
-1.0836642637985987
-1.0473917141048075
-0.9911984523454965
-0.16500985994246342
-0.11475260179744806
-0.08684300873201253
-0.00938948819242131
0.009389488192421419
0.0868430087320119
0.11475260179744723
0.1650098599424636
0.991198452345497
1.0473917141048064
1.083664263798598
1.1281534395719828
1.1412711065733323
1.3368481626528728
1.349710639123171
1.3863567703851298
1.439646360102269
1.737432067734848
1.7527465624820904
1.762742846119888
1.7655783366645246
2.2055857287831016
2.206042455772045
2.2075635225742656
2.2097643660759907
2.725488609099795
2.72562369067688
2.7257158941613344
2.7257433002582383
-2.7257433002582365
-2.7257158941613335
-2.7256236906768794
-2.7254886090997945
-2.2097643660759876
-2.2075635225742656
-2.2060424557720437
-2.2055857287830993
-1.7655783366645248
-1.7627428461198884
-1.7527465624820897
-1.7374320677348478
-1.4396463601022698
-1.386356770385131
-1.349710639123173
-1.336848162652874
-1.1412711065733334
-1.1281534395719854
-1.0836642637985978
-1.0473917141048068
-0.9911984523454973
-0.16500985994246356
-0.11475260179744796
-0.08684300873201209
-0.00938948819242121
0.009389488192421986
0.08684300873201144
0.11475260179744809
0.16500985994246264
0.9911984523454973
1.0473917141048086
1.0836642637985998
1.1281534395719863
1.1412711065733343
1.3368481626528725
1.3497106391231724
1.38635677038513
1.4396463601022689
1.737432067734846
1.752746562482089
1.7627428461198897
1.765578336664525
2.2055857287830976
2.2060424557720424
2.2075635225742642
2.2097643660759867
2.7254886090997976
2.7256236906768807
2.7257158941613358
2.725743300258239
-2.7257484403390158
-2.72570761788635
-2.7256275174263864
-2.7254879185444767
-2.2097752254138063
-2.2075014708539342
-2.2061791745283448
-2.2055002017446377
-1.7661204921022298
-1.7618390012170593
-1.753208149282244
-1.7373311256904571
-1.4397632715295143
-1.3854031290904356
-1.3526243299887009
-1.3346713240985424
-1.1447052719248187
-1.122924218909858
-1.0864753469415545
-1.046370526422648
-0.9913046049146456
-0.1647596572930898
-0.11682678551720865
-0.08339297037974916
-0.01666046224103492
0.016660462241034738
0.08339297037975056
0.11682678551720914
0.16475965729309072
0.9913046049146451
1.046370526422647
1.086475346941554
1.122924218909859
1.1447052719248185
1.334671324098542
1.352624329988701
1.3854031290904352
1.4397632715295143
1.737331125690457
1.7532081492822438
1.7618390012170622
1.7661204921022304
2.2055002017446386
2.206179174528344
2.2075014708539356
2.2097752254138086
2.7254879185444767
2.7256275174263833
2.725707617886351
2.725748440339015
-2.725753444353058
-2.725697341479305
-2.725633741835769
-2.725486966528075
-2.2097902025789598
-2.207400572499451
-2.2063485322465133
-2.205416764275811
-1.766641794216626
-1.760701452574643
-1.753961582939366
-1.7371924610654716
-1.4399265476705208
-1.3839042136613167
-1.3560868123256573
-1.3324025982363779
-1.1478763969788688
-1.1163815175894682
-1.0911593731338676
-1.0450495414356848
-0.9914565999212882
-0.164394073340571
-0.11930620423935803
-0.07862864575835658
-0.024171010406864393
0.024171010406864635
0.0786286457583563
0.11930620423935714
0.16439407334057077
0.9914565999212888
1.045049541435685
1.0911593731338671
1.1163815175894676
1.1478763969788688
1.3324025982363794
1.3560868123256578
1.3839042136613189
1.4399265476705216
1.7371924610654714
1.7539615829393655
1.760701452574644
1.7666417942166255
2.2054167642758107
2.206348532246516
2.20740057249945
2.2097902025789598
2.725486966528074
2.7256337418357703
2.7256973414793038
2.725753444353058
-2.725752138920556
-2.7257003215893896
-2.7256317911967702
-2.725487242489498
-2.2097858604270555
-2.20743218225634
-2.20629948494803
-2.2054385442446254
-1.7665062483574996
-1.7610341226353732
-1.7537247533611635
-1.7372325991971158
-1.4398789710202264
-1.3843649148963464
-1.3551118640442206
-1.3330060558905679
-1.1470553659306848
-1.118337964478571
-1.0896526508713311
-1.0454235012843172
-0.9914118505989111
-0.16450263934616802
-0.11862124432604854
-0.08003299755920706
-0.02210699404525386
0.022106994045254017
0.08003299755920774
0.11862124432604887
0.16450263934616938
0.9914118505989109
1.045423501284316
1.0896526508713305
1.1183379644785723
1.147055365930685
1.333006055890567
1.3551118640442184
1.3843649148963444
1.439878971020225
1.7372325991971165
1.7537247533611635
1.7610341226353803
1.7665062483575
2.205438544244625
2.206299484948028
2.2074321822563396
2.209785860427056
2.7254872424894954
2.7256317911967685
2.7257003215893887
2.7257521389205546
-2.725753444353058
-2.725697341479307
-2.72563374183577
-2.725486966528076
-2.20979020257896
-2.2074005724994508
-2.2063485322465137
-2.2054167642758107
-1.7666417942166261
-1.7607014525746434
-1.7539615829393658
-1.737192461065472
-1.43992654767052
-1.3839042136613169
-1.3560868123256542
-1.3324025982363765
-1.1478763969788706
-1.11638151758947
-1.0911593731338685
-1.0450495414356857
-0.9914565999212896
-0.16439407334057
-0.1193062042393569
-0.0786286457583562
-0.024171010406864542
0.02417101040686521
0.07862864575835736
0.11930620423935814
0.16439407334056985
0.9914565999212894
1.0450495414356855
1.0911593731338687
1.1163815175894705
1.1478763969788703
1.3324025982363763
1.3560868123256549
1.3839042136613169
1.4399265476705205
1.737192461065472
1.753961582939366
1.7607014525746463
1.7666417942166257
2.2054167642758125
2.2063485322465137
2.2074005724994534
2.209790202578962
2.725486966528074
2.7256337418357663
2.7256973414793038
2.725753444353056
-2.725752138920557
-2.7257003215893887
-2.7256317911967702
-2.7254872424894976
-2.209785860427056
-2.20743218225634
-2.2062994849480306
-2.205438544244626
-1.7665062483574998
-1.7610341226353732
-1.7537247533611633
-1.7372325991971156
-1.4398789710202275
-1.3843649148963462
-1.3551118640442201
-1.3330060558905679
-1.1470553659306857
-1.1183379644785703
-1.0896526508713311
-1.0454235012843163
-0.9914118505989113
-0.1645026393461685
-0.11862124432604955
-0.08003299755920812
-0.022106994045254312
0.022106994045253504
0.08003299755920713
0.1186212443260484
0.16450263934616882
0.9914118505989115
1.0454235012843165
1.0896526508713318
1.118337964478573
1.1470553659306852
1.3330060558905679
1.3551118640442255
1.3843649148963462
1.4398789710202267
1.737232599197116
1.7537247533611624
1.76103412263537
1.7665062483574996
2.205438544244626
2.206299484948032
2.20743218225634
2.2097858604270564
2.7254872424894985
2.7256317911967716
2.7257003215893882
2.7257521389205572
-2.725748440339017
-2.7257076178863504
-2.725627517426386
-2.725487918544476
-2.2097752254138063
-2.207501470853934
-2.2061791745283457
-2.2055002017446372
-1.7661204921022302
-1.76183900121706
-1.753208149282244
-1.737331125690457
-1.4397632715295139
-1.3854031290904352
-1.3526243299887024
-1.3346713240985422
-1.1447052719248183
-1.1229242189098578
-1.0864753469415538
-1.046370526422648
-0.9913046049146451
-0.16475965729308995
-0.11682678551720929
-0.08339297037974894
-0.016660462241034558
0.01666046224103538
0.0833929703797498
0.11682678551720847
0.16475965729309056
0.991304604914645
1.0463705264226468
1.0864753469415545
1.122924218909858
1.144705271924819
1.3346713240985426
1.3526243299886997
1.3854031290904358
1.4397632715295148
1.7373311256904573
1.7532081492822431
1.7618390012170584
1.76612049210223
2.2055002017446386
2.2061791745283474
2.2075014708539356
2.209775225413806
2.7254879185444736
2.725627517426387
2.725707617886351
2.725748440339015
-2.7257433002582387
-2.7257158941613353
-2.7256236906768803
-2.7254886090997954
-2.2097643660759876
-2.2075635225742656
-2.2060424557720437
-2.2055857287830993
-1.7655783366645255
-1.7627428461198893
-1.7527465624820902
-1.7374320677348478
-1.4396463601022693
-1.3863567703851305
-1.3497106391231724
-1.3368481626528739
-1.1412711065733334
-1.128153439571987
-1.0836642637985985
-1.0473917141048075
-0.9911984523454964
-0.16500985994246217
-0.11475260179744712
-0.08684300873201103
-0.009389488192421224
0.009389488192422045
0.08684300873201288
0.11475260179744831
0.16500985994246348
0.9911984523454971
1.0473917141048075
1.0836642637985991
1.1281534395719859
1.141271106573334
1.3368481626528745
1.349710639123175
1.3863567703851327
1.4396463601022704
1.7374320677348487
1.75274656248209
1.7627428461198935
1.7655783366645263
2.205585728783098
2.2060424557720424
2.2075635225742665
2.209764366075985
2.7254886090997927
2.725623690676879
2.725715894161331
2.7257433002582356
-2.7257401362368467
-2.7257202543612036
-2.7256222040254334
-2.7254888995727775
-2.2097597994331704
-2.2075876265786256
-2.2059704276637557
-2.205638219805161
-1.7652380218144397
-1.7632204096313453
-1.7525671902568944
-1.7374746240222374
-1.439597571294724
-1.3867314207550683
-1.3482066427325632
-1.3380675601313812
-1.1387997814306805
-1.1312814045695374
-1.082560468901284
-1.0478408006139517
-0.9911547963220148
-0.16511160275038095
-0.11377206809770392
-0.0883489901585025
-0.0038535297631282165
0.003853529763127326
0.08834899015850345
0.11377206809770485
0.16511160275038173
0.9911547963220156
1.0478408006139528
1.0825604689012847
1.1312814045695394
1.1387997814306823
1.3380675601313816
1.3482066427325596
1.3867314207550696
1.4395975712947244
1.7374746240222387
1.7525671902568942
1.7632204096313437
1.7652380218144401
2.205638219805161
2.205970427663754
2.2075876265786265
2.209759799433171
2.7254888995727753
2.7256222040254316
2.7257202543612036
2.725740136236846
-2.7257433002582374
-2.725715894161334
-2.7256236906768785
-2.725488609099794
-2.2097643660759876
-2.207563522574265
-2.2060424557720433
-2.2055857287830993
-1.7655783366645252
-1.7627428461198893
-1.75274656248209
-1.737432067734848
-1.439646360102269
-1.386356770385131
-1.3497106391231717
-1.3368481626528737
-1.1412711065733327
-1.1281534395719843
-1.0836642637985978
-1.047391714104807
-0.9911984523454961
-0.165009859942463
-0.11475260179744809
-0.08684300873201176
-0.009389488192422323
0.009389488192421079
0.08684300873201205
0.11475260179744748
0.16500985994246337
0.9911984523454956
1.0473917141048064
1.0836642637985971
1.1281534395719868
1.1412711065733323
1.3368481626528737
1.3497106391231752
1.3863567703851314
1.439646360102269
1.7374320677348476
1.7527465624820904
1.7627428461198886
1.765578336664525
2.205585728783098
2.206042455772046
2.207563522574263
2.209764366075986
2.725488609099795
2.7256236906768803
2.725715894161333
2.725743300258238
-2.7257484403390153
-2.725707617886349
-2.725627517426385
-2.725487918544476
-2.209775225413807
-2.2075014708539342
-2.2061791745283448
-2.2055002017446377
-1.7661204921022298
-1.7618390012170584
-1.7532081492822438
-1.7373311256904576
-1.4397632715295143
-1.3854031290904356
-1.3526243299887015
-1.3346713240985426
-1.144705271924818
-1.1229242189098565
-1.0864753469415536
-1.0463705264226477
-0.9913046049146443
-0.16475965729308992
-0.11682678551720901
-0.08339297037975041
-0.01666046224103489
0.016660462241034894
0.08339297037974855
0.11682678551720806
0.16475965729308956
0.9913046049146453
1.0463705264226475
1.086475346941555
1.1229242189098556
1.1447052719248183
1.3346713240985424
1.3526243299887015
1.3854031290904358
1.4397632715295146
1.7373311256904584
1.7532081492822458
1.7618390012170577
1.7661204921022307
2.2055002017446372
2.206179174528347
2.2075014708539333
2.209775225413805
2.7254879185444767
2.7256275174263878
2.7257076178863504
2.725748440339017
-2.725746567491915
-2.725710836891334
-2.725625887035067
-2.7254882027779233
-2.2097707552217054
-2.2075279083962784
-2.2061260189570517
-2.2055313902410036
-1.7659239604231618
-1.762191137936556
-1.7530114672671877
-1.7373726354016894
-1.4397149940736729
-1.3858072287467795
-1.3514953200379447
-1.335485927347571
-1.143489095487695
-1.1249252364182407
-1.0852797004458647
-1.0467835553221672
-0.9912605040213102
-0.1648640961561825
-0.11600924054857475
-0.08480044189785918
-0.014028770450004112
0.014028770450005366
0.08480044189785892
0.11600924054857571
0.16486409615618425
0.9912605040213095
1.046783555322167
1.0852797004458643
1.1249252364182436
1.1434890954876957
1.3354859273475703
1.3514953200379454
1.3858072287467802
1.4397149940736729
1.7373726354016894
1.7530114672671873
1.762191137936559
1.7659239604231616
2.2055313902410028
2.206126018957048
2.207527908396277
2.209770755221704
2.725488202777924
2.725625887035067
2.725710836891333
2.7257465674919152
-2.725748440339017
-2.7257076178863517
-2.725627517426387
-2.7254879185444767
-2.2097752254138063
-2.207501470853934
-2.206179174528345
-2.205500201744638
-1.7661204921022298
-1.7618390012170615
-1.753208149282244
-1.7373311256904571
-1.4397632715295143
-1.3854031290904352
-1.3526243299887017
-1.3346713240985422
-1.1447052719248187
-1.1229242189098576
-1.086475346941554
-1.046370526422647
-0.9913046049146446
-0.16475965729309006
-0.11682678551720883
-0.08339297037974859
-0.01666046224103445
0.01666046224103461
0.08339297037975074
0.11682678551720937
0.16475965729309017
0.9913046049146454
1.0463705264226477
1.0864753469415536
1.1229242189098587
1.1447052719248185
1.3346713240985426
1.3526243299887017
1.3854031290904358
1.4397632715295152
1.737331125690457
1.7532081492822436
1.7618390012170613
1.7661204921022298
2.2055002017446363
2.2061791745283426
2.207501470853933
2.2097752254138054
2.7254879185444763
2.725627517426388
2.7257076178863544
2.7257484403390166
-2.7257484403390166
-2.72570761788635
-2.7256275174263864
-2.725487918544476
-2.2097752254138068
-2.2075014708539342
-2.206179174528346
-2.205500201744638
-1.7661204921022298
-1.7618390012170597
-1.7532081492822438
-1.7373311256904573
-1.4397632715295148
-1.3854031290904347
-1.352624329988702
-1.3346713240985417
-1.1447052719248183
-1.122924218909858
-1.0864753469415536
-1.0463705264226473
-0.9913046049146453
-0.16475965729308964
-0.11682678551720857
-0.0833929703797497
-0.016660462241034096
0.01666046224103515
0.08339297037975121
0.11682678551720967
0.16475965729309097
0.9913046049146442
1.046370526422647
1.0864753469415533
1.1229242189098563
1.1447052719248174
1.334671324098542
1.352624329988701
1.3854031290904352
1.4397632715295134
1.7373311256904576
1.7532081492822431
1.7618390012170615
1.7661204921022298
2.2055002017446386
2.2061791745283434
2.2075014708539342
2.2097752254138068
2.725487918544475
2.725627517426387
2.725707617886355
2.725748440339016
-2.725746567491915
-2.725710836891334
-2.7256258870350667
-2.7254882027779246
-2.2097707552217054
-2.207527908396278
-2.2061260189570513
-2.2055313902410045
-1.7659239604231616
-1.7621911379365562
-1.7530114672671882
-1.7373726354016887
-1.4397149940736729
-1.3858072287467795
-1.3514953200379443
-1.3354859273475705
-1.143489095487695
-1.12492523641824
-1.085279700445864
-1.0467835553221676
-0.9912605040213104
-0.16486409615618336
-0.11600924054857563
-0.0848004418978606
-0.014028770450005022
0.014028770450004042
0.0848004418978584
0.11600924054857491
0.16486409615618294
0.9912605040213092
1.0467835553221674
1.0852797004458654
1.1249252364182423
1.1434890954876955
1.3354859273475692
1.3514953200379443
1.3858072287467789
1.439714994073672
1.737372635401689
1.753011467267186
1.7621911379365574
1.765923960423161
2.2055313902410045
2.206126018957052
2.2075279083962775
2.2097707552217054
2.7254882027779246
2.7256258870350676
2.7257108368913276
2.7257465674919157
-2.7257433002582383
-2.7257158941613344
-2.72562369067688
-2.725488609099794
-2.2097643660759876
-2.207563522574267
-2.206042455772044
-2.2055857287830984
-1.7655783366645252
-1.7627428461198893
-1.75274656248209
-1.737432067734848
-1.4396463601022698
-1.3863567703851305
-1.349710639123172
-1.336848162652874
-1.1412711065733334
-1.1281534395719859
-1.0836642637985976
-1.047391714104807
-0.9911984523454969
-0.16500985994246314
-0.11475260179744798
-0.08684300873201307
-0.009389488192422232
0.009389488192420822
0.08684300873201224
0.11475260179744741
0.1650098599424622
0.9911984523454977
1.047391714104807
1.0836642637985991
1.1281534395719843
1.141271106573333
1.3368481626528728
1.3497106391231724
1.3863567703851292
1.4396463601022689
1.7374320677348487
1.752746562482093
1.762742846119892
1.7655783366645261
2.2055857287830998
2.206042455772046
2.207563522574265
2.209764366075988
2.725488609099795
2.72562369067688
2.7257158941613353
2.7257433002582374
-2.7257401362368454
-2.725720254361198
-2.725622204025433
-2.7254888995727757
-2.2097597994331704
-2.2075876265786256
-2.2059704276637557
-2.2056382198051607
-1.76523802181444
-1.7632204096313462
-1.7525671902568947
-1.7374746240222376
-1.4395975712947238
-1.386731420755068
-1.3482066427325612
-1.338067560131381
-1.1387997814306812
-1.1312814045695352
-1.0825604689012842
-1.047840800613953
-0.9911547963220145
-0.16511160275038173
-0.11377206809770597
-0.08834899015850455
-0.0038535297631278193
0.003853529763127944
0.08834899015850367
0.11377206809770476
0.16511160275038095
0.9911547963220143
1.0478408006139521
1.082560468901283
1.131281404569537
1.138799781430681
1.3380675601313814
1.3482066427325592
1.3867314207550687
1.4395975712947233
1.737474624022238
1.752567190256897
1.763220409631347
1.765238021814441
2.205638219805159
2.2059704276637584
2.207587626578624
2.2097597994331695
2.725488899572774
2.725622204025431
2.7257202543611965
2.7257401362368436
-2.7257401362368454
-2.7257202543612005
-2.7256222040254316
-2.725488899572776
-2.2097597994331704
-2.2075876265786256
-2.205970427663755
-2.2056382198051607
-1.7652380218144403
-1.763220409631345
-1.7525671902568956
-1.737474624022238
-1.4395975712947238
-1.386731420755069
-1.3482066427325616
-1.3380675601313816
-1.138799781430682
-1.1312814045695379
-1.0825604689012835
-1.0478408006139526
-0.9911547963220148
-0.16511160275038167
-0.1137720680977058
-0.08834899015850455
-0.0038535297631272624
0.0038535297631285
0.0883489901585025
0.11377206809770483
0.16511160275037978
0.9911547963220161
1.0478408006139537
1.0825604689012847
1.131281404569536
1.1387997814306818
1.338067560131382
1.3482066427325625
1.3867314207550685
1.4395975712947247
1.7374746240222376
1.752567190256895
1.7632204096313449
1.76523802181444
2.2056382198051585
2.2059704276637526
2.2075876265786256
2.209759799433169
2.725488899572777
2.7256222040254348
2.7257202543612022
2.7257401362368467
-2.7257433002582374
-2.7257158941613335
-2.7256236906768785
-2.725488609099794
-2.2097643660759876
-2.207563522574266
-2.206042455772043
-2.205585728783099
-1.765578336664525
-1.7627428461198882
-1.7527465624820904
-1.7374320677348478
-1.439646360102269
-1.3863567703851303
-1.3497106391231724
-1.3368481626528734
-1.1412711065733327
-1.128153439571985
-1.083664263798597
-1.047391714104806
-0.9911984523454962
-0.1650098599424638
-0.11475260179744806
-0.08684300873201171
-0.009389488192422546
0.009389488192420265
0.08684300873201134
0.11475260179744724
0.16500985994246298
0.9911984523454954
1.0473917141048048
1.0836642637985978
1.1281534395719834
1.1412711065733316
1.3368481626528732
1.3497106391231735
1.3863567703851307
1.4396463601022678
1.737432067734847
1.752746562482089
1.7627428461198895
1.7655783366645241
2.2055857287830993
2.2060424557720424
2.2075635225742665
2.2097643660759876
2.725488609099796
2.72562369067688
2.7257158941613358
2.725743300258238
-2.7257433002582383
-2.725715894161333
-2.72562369067688
-2.7254886090997954
-2.2097643660759876
-2.2075635225742656
-2.206042455772044
-2.205585728783099
-1.765578336664525
-1.7627428461198882
-1.7527465624820897
-1.7374320677348478
-1.4396463601022695
-1.38635677038513
-1.3497106391231728
-1.3368481626528737
-1.1412711065733334
-1.1281534395719852
-1.0836642637985976
-1.0473917141048064
-0.9911984523454973
-0.16500985994246278
-0.11475260179744746
-0.086843008732011
-0.009389488192421542
0.009389488192421771
0.08684300873201369
0.11475260179744777
0.16500985994246298
0.9911984523454967
1.0473917141048072
1.083664263798597
1.1281534395719859
1.1412711065733332
1.336848162652874
1.3497106391231735
1.3863567703851318
1.4396463601022695
1.7374320677348478
1.7527465624820893
1.7627428461198864
1.765578336664525
2.2055857287830976
2.2060424557720455
2.207563522574264
2.2097643660759863
2.7254886090997945
2.7256236906768767
2.7257158941613335
2.7257433002582365
-2.725743300258238
-2.725715894161335
-2.725623690676879
-2.725488609099795
-2.209764366075987
-2.2075635225742656
-2.206042455772044
-2.2055857287830993
-1.7655783366645252
-1.7627428461198904
-1.7527465624820904
-1.7374320677348474
-1.4396463601022693
-1.3863567703851303
-1.3497106391231726
-1.3368481626528739
-1.1412711065733334
-1.1281534395719863
-1.0836642637985987
-1.047391714104807
-0.9911984523454971
-0.16500985994246284
-0.11475260179744783
-0.08684300873201117
-0.009389488192421682
0.009389488192421825
0.08684300873201187
0.11475260179744755
0.16500985994246226
0.9911984523454974
1.047391714104807
1.0836642637985983
1.1281534395719846
1.1412711065733325
1.336848162652873
1.3497106391231724
1.3863567703851298
1.4396463601022695
1.7374320677348463
1.7527465624820897
1.7627428461198857
1.765578336664524
2.2055857287830993
2.206042455772047
2.2075635225742656
2.2097643660759867
2.7254886090997976
2.7256236906768807
2.725715894161334
2.7257433002582396
-2.7257433002582387
-2.725715894161334
-2.7256236906768803
-2.7254886090997963
-2.209764366075987
-2.2075635225742656
-2.206042455772045
-2.2055857287830993
-1.7655783366645255
-1.762742846119889
-1.7527465624820908
-1.7374320677348485
-1.4396463601022693
-1.386356770385131
-1.3497106391231717
-1.3368481626528739
-1.1412711065733334
-1.128153439571986
-1.0836642637985978
-1.0473917141048068
-0.9911984523454977
-0.16500985994246217
-0.11475260179744685
-0.08684300873201051
-0.009389488192421303
0.009389488192422031
0.08684300873201208
0.11475260179744746
0.16500985994246348
0.9911984523454963
1.0473917141048068
1.0836642637985976
1.128153439571985
1.141271106573333
1.3368481626528725
1.3497106391231688
1.3863567703851292
1.4396463601022693
1.7374320677348483
1.7527465624820913
1.7627428461198893
1.7655783366645257
2.2055857287830998
2.206042455772042
2.2075635225742647
2.209764366075989
2.7254886090997963
2.725623690676881
2.725715894161336
2.7257433002582387
-2.725743300258238
-2.725715894161335
-2.7256236906768785
-2.7254886090997954
-2.2097643660759876
-2.2075635225742656
-2.2060424557720437
-2.2055857287830993
-1.7655783366645248
-1.7627428461198895
-1.75274656248209
-1.7374320677348474
-1.4396463601022693
-1.3863567703851307
-1.3497106391231717
-1.3368481626528734
-1.1412711065733332
-1.1281534395719857
-1.083664263798598
-1.0473917141048068
-0.9911984523454969
-0.16500985994246284
-0.11475260179744755
-0.08684300873201216
-0.009389488192420985
0.009389488192422168
0.0868430087320139
0.11475260179744808
0.16500985994246364
0.991198452345497
1.0473917141048072
1.083664263798598
1.1281534395719857
1.1412711065733334
1.3368481626528737
1.3497106391231712
1.3863567703851323
1.4396463601022704
1.7374320677348463
1.752746562482091
1.7627428461198882
1.765578336664524
2.205585728783099
2.2060424557720424
2.2075635225742665
2.2097643660759876
2.7254886090997945
2.725623690676877
2.7257158941613366
2.725743300258237
-2.7257433002582383
-2.725715894161332
-2.72562369067688
-2.725488609099795
-2.2097643660759876
-2.207563522574266
-2.206042455772044
-2.2055857287830993
-1.7655783366645252
-1.7627428461198897
-1.752746562482091
-1.7374320677348478
-1.4396463601022693
-1.3863567703851296
-1.3497106391231726
-1.3368481626528734
-1.1412711065733336
-1.1281534395719859
-1.0836642637985978
-1.0473917141048064
-0.9911984523454973
-0.16500985994246256
-0.11475260179744783
-0.0868430087320124
-0.009389488192420746
0.009389488192422276
0.08684300873201217
0.11475260179744794
0.16500985994246326
0.9911984523454965
1.0473917141048064
1.0836642637985978
1.1281534395719859
1.1412711065733334
1.3368481626528732
1.3497106391231721
1.3863567703851305
1.43964636010227
1.7374320677348474
1.7527465624820897
1.7627428461198908
1.7655783366645252
2.205585728783098
2.206042455772043
2.2075635225742642
2.209764366075987
2.7254886090997936
2.7256236906768763
2.7257158941613366
2.7257433002582365
-2.7257433002582365
-2.7257158941613358
-2.7256236906768785
-2.7254886090997936
-2.2097643660759876
-2.2075635225742656
-2.206042455772044
-2.2055857287830993
-1.765578336664525
-1.7627428461198895
-1.7527465624820906
-1.7374320677348476
-1.4396463601022695
-1.38635677038513
-1.3497106391231717
-1.3368481626528734
-1.1412711065733334
-1.1281534395719852
-1.083664263798598
-1.047391714104807
-0.9911984523454973
-0.16500985994246317
-0.1147526017974476
-0.08684300873201249
-0.009389488192422324
0.009389488192420642
0.08684300873201219
0.11475260179744766
0.16500985994246314
0.9911984523454974
1.0473917141048075
1.0836642637985983
1.1281534395719848
1.1412711065733332
1.3368481626528734
1.349710639123173
1.3863567703851307
1.4396463601022693
1.737432067734848
1.7527465624820917
1.7627428461198866
1.7655783366645257
2.205585728783099
2.2060424557720464
2.2075635225742647
2.209764366075987
2.725488609099795
2.7256236906768785
2.7257158941613358
2.7257433002582374
-2.7257433002582383
-2.725715894161334
-2.72562369067688
-2.725488609099795
-2.209764366075987
-2.207563522574265
-2.2060424557720437
-2.2055857287830984
-1.7655783366645252
-1.7627428461198897
-1.75274656248209
-1.7374320677348476
-1.4396463601022698
-1.3863567703851298
-1.3497106391231717
-1.3368481626528737
-1.1412711065733327
-1.1281534395719857
-1.0836642637985974
-1.0473917141048066
-0.9911984523454969
-0.165009859942463
-0.11475260179744795
-0.08684300873201274
-0.009389488192422033
0.00938948819242119
0.08684300873201042
0.11475260179744669
0.16500985994246198
0.9911984523454977
1.0473917141048084
1.0836642637985996
1.128153439571985
1.1412711065733339
1.3368481626528728
1.3497106391231732
1.3863567703851296
1.4396463601022693
1.7374320677348478
1.7527465624820924
1.762742846119887
1.7655783366645255
2.205585728783097
2.2060424557720424
2.207563522574264
2.209764366075987
2.7254886090997945
2.7256236906768785
2.725715894161338
2.7257433002582374
-2.7257433002582383
-2.7257158941613353
-2.7256236906768794
-2.7254886090997936
-2.2097643660759876
-2.2075635225742656
-2.2060424557720437
-2.205585728783099
-1.7655783366645248
-1.7627428461198889
-1.75274656248209
-1.7374320677348476
-1.4396463601022695
-1.3863567703851305
-1.3497106391231717
-1.3368481626528734
-1.1412711065733343
-1.128153439571987
-1.083664263798599
-1.0473917141048072
-0.9911984523454971
-0.1650098599424629
-0.11475260179744741
-0.08684300873201153
-0.009389488192421329
0.00938948819242152
0.08684300873200988
0.11475260179744771
0.16500985994246303
0.9911984523454972
1.0473917141048068
1.0836642637985976
1.128153439571986
1.1412711065733334
1.3368481626528743
1.3497106391231712
1.3863567703851312
1.4396463601022687
1.737432067734848
1.7527465624820897
1.7627428461198902
1.765578336664525
2.205585728783101
2.2060424557720464
2.207563522574266
2.20976436607599
2.725488609099795
2.72562369067688
2.725715894161335
2.725743300258238
-2.7257465674919144
-2.725710836891331
-2.7256258870350654
-2.7254882027779237
-2.209770755221706
-2.2075279083962775
-2.206126018957052
-2.2055313902410045
-1.765923960423162
-1.7621911379365565
-1.7530114672671873
-1.7373726354016896
-1.4397149940736724
-1.3858072287467784
-1.3514953200379445
-1.3354859273475703
-1.143489095487695
-1.1249252364182407
-1.0852797004458634
-1.0467835553221674
-0.9912605040213095
-0.16486409615618217
-0.11600924054857574
-0.08480044189786018
-0.014028770450005335
0.014028770450004174
0.08480044189785857
0.11600924054857513
0.16486409615618308
0.9912605040213105
1.046783555322167
1.085279700445864
1.1249252364182394
1.1434890954876942
1.3354859273475717
1.3514953200379456
1.38580722874678
1.4397149940736735
1.7373726354016885
1.753011467267188
1.762191137936555
1.7659239604231614
2.205531390241005
2.206126018957054
2.2075279083962767
2.2097707552217054
2.7254882027779237
2.7256258870350663
2.7257108368913348
2.7257465674919152
-2.725743300258238
-2.7257158941613335
-2.725623690676878
-2.7254886090997954
-2.209764366075987
-2.207563522574266
-2.2060424557720433
-2.2055857287830993
-1.7655783366645248
-1.7627428461198882
-1.7527465624820902
-1.7374320677348478
-1.439646360102269
-1.3863567703851296
-1.3497106391231717
-1.3368481626528728
-1.1412711065733334
-1.1281534395719852
-1.0836642637985971
-1.0473917141048064
-0.991198452345497
-0.1650098599424638
-0.1147526017974476
-0.08684300873201224
-0.009389488192421311
0.00938948819242154
0.0868430087320117
0.11475260179744784
0.16500985994246276
0.9911984523454969
1.0473917141048077
1.083664263798596
1.1281534395719837
1.1412711065733312
1.3368481626528745
1.349710639123172
1.3863567703851323
1.439646360102269
1.7374320677348476
1.7527465624820895
1.762742846119888
1.7655783366645244
2.2055857287830993
2.206042455772045
2.2075635225742656
2.2097643660759885
2.725488609099794
2.7256236906768785
2.7257158941613353
2.7257433002582374
-2.7257401362368445
-2.7257202543611996
-2.725622204025432
-2.725488899572776
-2.209759799433171
-2.2075876265786247
-2.2059704276637553
-2.2056382198051607
-1.76523802181444
-1.7632204096313455
-1.7525671902568944
-1.7374746240222383
-1.439597571294724
-1.3867314207550676
-1.3482066427325616
-1.3380675601313807
-1.1387997814306814
-1.1312814045695356
-1.0825604689012849
-1.0478408006139524
-0.9911547963220142
-0.16511160275038134
-0.11377206809770592
-0.08834899015850431
-0.0038535297631284767
0.0038535297631271956
0.08834899015850418
0.11377206809770461
0.16511160275038078
0.9911547963220158
1.0478408006139528
1.0825604689012829
1.1312814045695363
1.1387997814306812
1.3380675601313814
1.3482066427325619
1.3867314207550674
1.439597571294723
1.737474624022238
1.7525671902568958
1.763220409631346
1.765238021814441
2.205638219805161
2.2059704276637557
2.207587626578625
2.209759799433171
2.7254888995727753
2.7256222040254325
2.7257202543612005
2.725740136236845
-2.725740136236845
-2.7257202543611996
-2.7256222040254325
-2.725488899572776
-2.2097597994331712
-2.207587626578625
-2.2059704276637553
-2.205638219805161
-1.7652380218144401
-1.763220409631346
-1.752567190256895
-1.7374746240222383
-1.4395975712947244
-1.386731420755069
-1.3482066427325616
-1.3380675601313812
-1.1387997814306814
-1.1312814045695372
-1.0825604689012842
-1.0478408006139528
-0.9911547963220154
-0.1651116027503808
-0.1137720680977052
-0.08834899015850307
-0.003853529763127172
0.0038535297631282902
0.08834899015850371
0.11377206809770532
0.16511160275038167
0.9911547963220138
1.0478408006139517
1.0825604689012824
1.1312814045695359
1.1387997814306807
1.3380675601313818
1.3482066427325619
1.3867314207550685
1.4395975712947244
1.7374746240222383
1.7525671902568944
1.763220409631343
1.7652380218144388
2.2056382198051616
2.2059704276637553
2.207587626578627
2.2097597994331717
2.725488899572776
2.725622204025434
2.7257202543611987
2.7257401362368445
-2.7257433002582387
-2.725715894161335
-2.7256236906768807
-2.725488609099795
-2.2097643660759876
-2.2075635225742656
-2.2060424557720437
-2.205585728783099
-1.7655783366645248
-1.7627428461198886
-1.7527465624820897
-1.7374320677348483
-1.439646360102269
-1.3863567703851303
-1.349710639123171
-1.3368481626528725
-1.1412711065733327
-1.1281534395719852
-1.0836642637985978
-1.0473917141048064
-0.9911984523454964
-0.16500985994246256
-0.1147526017974471
-0.08684300873201177
-0.009389488192421611
0.009389488192421254
0.08684300873201216
0.1147526017974482
0.16500985994246375
0.9911984523454958
1.0473917141048061
1.0836642637985976
1.1281534395719846
1.141271106573332
1.3368481626528739
1.3497106391231717
1.3863567703851314
1.439646360102269
1.7374320677348483
1.7527465624820906
1.7627428461198913
1.7655783366645263
2.2055857287830984
2.2060424557720424
2.2075635225742647
2.209764366075986
2.7254886090997945
2.7256236906768803
2.7257158941613384
2.725743300258239
-2.7257465674919144
-2.7257108368913334
-2.7256258870350663
-2.7254882027779224
-2.209770755221706
-2.2075279083962775
-2.206126018957052
-2.2055313902410045
-1.765923960423162
-1.7621911379365574
-1.7530114672671877
-1.7373726354016896
-1.4397149940736726
-1.3858072287467795
-1.3514953200379445
-1.3354859273475708
-1.1434890954876948
-1.1249252364182403
-1.0852797004458656
-1.046783555322167
-0.99126050402131
-0.16486409615618344
-0.11600924054857568
-0.08480044189786001
-0.014028770450004738
0.014028770450004188
0.08480044189785925
0.11600924054857507
0.1648640961561832
0.9912605040213102
1.0467835553221678
1.0852797004458634
1.12492523641824
1.1434890954876948
1.33548592734757
1.3514953200379431
1.38580722874678
1.4397149940736726
1.737372635401689
1.7530114672671857
1.7621911379365596
1.7659239604231618
2.205531390241004
2.2061260189570535
2.2075279083962753
2.209770755221706
2.725488202777923
2.725625887035068
2.7257108368913308
2.7257465674919152
-2.725748440339016
-2.725707617886349
-2.725627517426387
-2.725487918544476
-2.2097752254138063
-2.207501470853934
-2.206179174528345
-2.2055002017446372
-1.766120492102229
-1.7618390012170595
-1.7532081492822436
-1.7373311256904564
-1.4397632715295148
-1.3854031290904356
-1.3526243299887009
-1.3346713240985422
-1.1447052719248185
-1.1229242189098572
-1.086475346941553
-1.0463705264226475
-0.9913046049146454
-0.1647596572930902
-0.11682678551720962
-0.08339297037975114
-0.01666046224103601
0.01666046224103434
0.08339297037974976
0.11682678551720849
0.16475965729309022
0.991304604914645
1.0463705264226477
1.086475346941554
1.1229242189098572
1.1447052719248183
1.3346713240985433
1.3526243299887033
1.3854031290904376
1.4397632715295148
1.7373311256904567
1.7532081492822433
1.7618390012170588
1.7661204921022293
2.2055002017446363
2.206179174528344
2.207501470853934
2.209775225413805
2.7254879185444767
2.725627517426388
2.725707617886348
2.725748440339016
-2.7257484403390166
-2.7257076178863526
-2.7256275174263864
-2.7254879185444763
-2.2097752254138068
-2.2075014708539342
-2.2061791745283457
-2.2055002017446377
-1.7661204921022295
-1.7618390012170606
-1.753208149282244
-1.7373311256904567
-1.4397632715295143
-1.385403129090435
-1.352624329988701
-1.3346713240985422
-1.1447052719248185
-1.1229242189098578
-1.0864753469415553
-1.0463705264226475
-0.991304604914645
-0.1647596572930898
-0.11682678551720829
-0.0833929703797483
-0.016660462241035307
0.01666046224103528
0.08339297037975185
0.116826785517209
0.1647596572930906
0.9913046049146446
1.0463705264226468
1.0864753469415551
1.1229242189098572
1.1447052719248183
1.3346713240985413
1.3526243299887002
1.385403129090435
1.4397632715295137
1.737331125690457
1.7532081492822458
1.7618390012170646
1.7661204921022315
2.205500201744637
2.2061791745283448
2.2075014708539316
2.209775225413806
2.7254879185444763
2.7256275174263846
2.7257076178863513
2.7257484403390158
-2.725752138920556
-2.725700321589391
-2.725631791196771
-2.7254872424894967
-2.2097858604270555
-2.207432182256341
-2.20629948494803
-2.2054385442446254
-1.7665062483574994
-1.761034122635373
-1.753724753361163
-1.7372325991971158
-1.4398789710202267
-1.384364914896346
-1.3551118640442215
-1.3330060558905676
-1.1470553659306852
-1.1183379644785705
-1.0896526508713311
-1.045423501284316
-0.9914118505989108
-0.1645026393461696
-0.11862124432604974
-0.08003299755920718
-0.022106994045254028
0.022106994045253934
0.08003299755920679
0.11862124432604933
0.16450263934616915
0.9914118505989113
1.0454235012843178
1.0896526508713313
1.1183379644785711
1.1470553659306844
1.3330060558905676
1.3551118640442226
1.3843649148963486
1.4398789710202267
1.7372325991971167
1.7537247533611642
1.7610341226353736
1.7665062483575
2.205438544244624
2.2062994849480297
2.207432182256339
2.2097858604270546
2.7254872424894976
2.7256317911967702
2.7257003215893887
2.725752138920556
-2.7257484403390166
-2.7257076178863513
-2.7256275174263878
-2.7254879185444767
-2.209775225413807
-2.207501470853934
-2.206179174528345
-2.2055002017446372
-1.7661204921022293
-1.7618390012170602
-1.7532081492822436
-1.737331125690457
-1.4397632715295152
-1.3854031290904358
-1.3526243299887015
-1.3346713240985424
-1.144705271924818
-1.1229242189098572
-1.0864753469415531
-1.0463705264226473
-0.9913046049146448
-0.16475965729309028
-0.11682678551720894
-0.08339297037974927
-0.01666046224103514
0.016660462241034152
0.08339297037975026
0.11682678551720924
0.16475965729309017
0.9913046049146452
1.0463705264226473
1.0864753469415536
1.122924218909856
1.1447052719248174
1.3346713240985417
1.3526243299887
1.385403129090435
1.4397632715295137
1.7373311256904576
1.753208149282243
1.7618390012170602
1.766120492102229
2.2055002017446386
2.206179174528346
2.2075014708539356
2.209775225413807
2.7254879185444763
2.725627517426385
2.7257076178863526
2.725748440339016
-2.7257433002582387
-2.725715894161335
-2.725623690676878
-2.725488609099795
-2.2097643660759876
-2.2075635225742656
-2.2060424557720437
-2.2055857287830993
-1.7655783366645248
-1.7627428461198886
-1.7527465624820904
-1.737432067734848
-1.4396463601022693
-1.3863567703851303
-1.3497106391231717
-1.3368481626528728
-1.1412711065733327
-1.1281534395719852
-1.0836642637985987
-1.0473917141048072
-0.9911984523454964
-0.16500985994246353
-0.11475260179744734
-0.08684300873201035
-0.00938948819242056
0.009389488192422843
0.08684300873201256
0.11475260179744838
0.16500985994246342
0.9911984523454966
1.047391714104807
1.083664263798597
1.128153439571986
1.1412711065733339
1.3368481626528723
1.3497106391231717
1.3863567703851285
1.4396463601022689
1.7374320677348474
1.752746562482091
1.7627428461198886
1.7655783366645261
2.205585728783098
2.206042455772042
2.2075635225742674
2.209764366075986
2.7254886090997954
2.7256236906768803
2.7257158941613335
2.725743300258238
-2.725740136236845
-2.725720254361201
-2.725622204025433
-2.7254888995727766
-2.209759799433171
-2.207587626578625
-2.2059704276637553
-2.2056382198051607
-1.7652380218144406
-1.7632204096313455
-1.7525671902568947
-1.737474624022238
-1.4395975712947244
-1.3867314207550692
-1.3482066427325614
-1.3380675601313814
-1.1387997814306807
-1.1312814045695367
-1.0825604689012855
-1.0478408006139526
-0.9911547963220146
-0.16511160275038173
-0.1137720680977052
-0.08834899015850586
-0.00385352976312758
0.0038535297631279433
0.08834899015850067
0.1137720680977054
0.16511160275038136
0.9911547963220154
1.0478408006139543
1.082560468901283
1.1312814045695383
1.1387997814306832
1.338067560131382
1.348206642732562
1.3867314207550694
1.4395975712947235
1.737474624022238
1.7525671902568938
1.763220409631346
1.7652380218144397
2.20563821980516
2.205970427663754
2.2075876265786265
2.2097597994331712
2.7254888995727753
2.7256222040254325
2.725720254361201
2.725740136236845
-2.7257433002582387
-2.725715894161335
-2.72562369067688
-2.7254886090997954
-2.2097643660759876
-2.207563522574265
-2.206042455772044
-2.2055857287830993
-1.7655783366645246
-1.7627428461198886
-1.7527465624820897
-1.7374320677348478
-1.43964636010227
-1.38635677038513
-1.349710639123172
-1.336848162652873
-1.1412711065733319
-1.1281534395719846
-1.0836642637985974
-1.0473917141048066
-0.9911984523454955
-0.16500985994246326
-0.11475260179744792
-0.08684300873201145
-0.009389488192420784
0.00938948819242213
0.08684300873201169
0.11475260179744759
0.16500985994246342
0.991198452345496
1.0473917141048066
1.0836642637985967
1.1281534395719852
1.1412711065733323
1.3368481626528728
1.3497106391231717
1.3863567703851298
1.4396463601022698
1.7374320677348476
1.752746562482087
1.7627428461198875
1.7655783366645228
2.2055857287831007
2.2060424557720433
2.2075635225742682
2.209764366075986
2.725488609099796
2.7256236906768825
2.725715894161334
2.725743300258239
-2.725748440339018
-2.7257076178863517
-2.725627517426388
-2.7254879185444767
-2.2097752254138068
-2.2075014708539347
-2.206179174528345
-2.2055002017446372
-1.7661204921022295
-1.7618390012170597
-1.753208149282244
-1.7373311256904571
-1.4397632715295148
-1.3854031290904354
-1.3526243299887009
-1.334671324098542
-1.1447052719248183
-1.122924218909857
-1.0864753469415553
-1.0463705264226475
-0.9913046049146452
-0.16475965729309072
-0.11682678551720918
-0.08339297037975087
-0.01666046224103476
0.01666046224103427
0.08339297037975091
0.1168267855172084
0.16475965729308947
0.9913046049146457
1.0463705264226477
1.086475346941554
1.1229242189098574
1.1447052719248185
1.3346713240985422
1.3526243299887013
1.3854031290904345
1.4397632715295159
1.7373311256904584
1.7532081492822431
1.761839001217057
1.7661204921022282
2.205500201744638
2.206179174528346
2.207501470853934
2.2097752254138077
2.7254879185444767
2.7256275174263878
2.7257076178863526
2.725748440339019
-2.725752138920556
-2.7257003215893905
-2.7256317911967707
-2.7254872424894985
-2.2097858604270555
-2.2074321822563396
-2.206299484948031
-2.2054385442446254
-1.7665062483574998
-1.7610341226353727
-1.7537247533611633
-1.7372325991971158
-1.439878971020227
-1.384364914896346
-1.355111864044221
-1.3330060558905674
-1.1470553659306855
-1.118337964478571
-1.0896526508713313
-1.0454235012843165
-0.9914118505989116
-0.164502639346169
-0.11862124432604874
-0.08003299755920847
-0.02210699404525459
0.022106994045253403
0.08003299755920858
0.11862124432604915
0.1645026393461699
0.9914118505989112
1.045423501284317
1.0896526508713325
1.1183379644785711
1.1470553659306841
1.3330060558905665
1.3551118640442215
1.384364914896345
1.4398789710202267
1.7372325991971165
1.7537247533611635
1.7610341226353727
1.7665062483574998
2.2054385442446267
2.206299484948032
2.2074321822563405
2.2097858604270564
2.725487242489497
2.7256317911967707
2.7257003215893905
2.725752138920557
-2.7257534443530567
-2.7256973414793038
-2.7256337418357677
-2.7254869665280728
-2.20979020257896
-2.207400572499451
-2.2063485322465137
-2.205416764275811
-1.7666417942166261
-1.7607014525746434
-1.753961582939366
-1.7371924610654716
-1.439926547670521
-1.3839042136613167
-1.3560868123256546
-1.3324025982363772
-1.1478763969788692
-1.1163815175894694
-1.091159373133868
-1.0450495414356846
-0.9914565999212881
-0.16439407334057102
-0.11930620423935717
-0.07862864575835649
-0.024171010406864677
0.024171010406865024
0.0786286457583554
0.11930620423935741
0.16439407334057132
0.9914565999212898
1.0450495414356844
1.0911593731338678
1.1163815175894696
1.1478763969788708
1.3324025982363765
1.3560868123256546
1.3839042136613176
1.4399265476705205
1.737192461065472
1.7539615829393669
1.7607014525746425
1.766641794216627
2.2054167642758107
2.206348532246515
2.2074005724994503
2.209790202578959
2.7254869665280737
2.725633741835769
2.7256973414793055
2.725753444353058
-2.725756235264931
-2.725689839229387
-2.7256391099766955
-2.725486309725179
-2.20980053937638
-2.2073136955507633
-2.206471662776105
-2.2053701732328155
-1.7669306897082218
-1.7598476781336727
-1.7546207714150943
-1.737097106753757
-1.4400405856254206
-1.3826967999183941
-1.3583943303964112
-1.3310876763967219
-1.1496262542049456
-1.1107908077213808
-1.0958581577018356
-1.0441846648010975
-0.9915654394257377
-0.1641265979921909
-0.12085312004193927
-0.0751150891809641
-0.028994944858634183
0.028994944858636216
0.07511508918096237
0.12085312004194036
0.1641265979921921
0.9915654394257375
1.0441846648010988
1.095858157701834
1.1107908077213808
1.1496262542049478
1.3310876763967234
1.3583943303964117
1.3826967999183961
1.4400405856254204
1.7370971067537577
1.7546207714150968
1.7598476781336734
1.766930689708222
2.2053701732328137
2.206471662776104
2.20731369555076
2.209800539376379
2.7254863097251794
2.7256391099766897
2.7256898392293847
2.7257562352649316
-2.725753444353057
-2.7256973414793055
-2.7256337418357686
-2.725486966528075
-2.20979020257896
-2.2074005724994508
-2.206348532246513
-2.2054167642758107
-1.7666417942166261
-1.7607014525746427
-1.7539615829393653
-1.7371924610654714
-1.4399265476705212
-1.3839042136613167
-1.3560868123256544
-1.3324025982363767
-1.1478763969788697
-1.1163815175894685
-1.0911593731338673
-1.0450495414356857
-0.9914565999212891
-0.1643940733405705
-0.11930620423935681
-0.07862864575835651
-0.024171010406864424
0.02417101040686596
0.078628645758354
0.11930620423935796
0.16439407334057082
0.9914565999212898
1.0450495414356857
1.0911593731338678
1.1163815175894698
1.1478763969788695
1.3324025982363776
1.3560868123256555
1.3839042136613184
1.439926547670522
1.737192461065471
1.7539615829393655
1.7607014525746418
1.766641794216624
2.2054167642758085
2.206348532246511
2.2074005724994503
2.2097902025789598
2.725486966528076
2.7256337418357686
2.7256973414793055
2.725753444353057
-2.7257484403390158
-2.7257076178863513
-2.7256275174263873
-2.725487918544476
-2.2097752254138068
-2.2075014708539342
-2.206179174528345
-2.2055002017446377
-1.7661204921022298
-1.7618390012170597
-1.7532081492822436
-1.7373311256904564
-1.439763271529514
-1.3854031290904345
-1.352624329988701
-1.3346713240985417
-1.1447052719248187
-1.1229242189098572
-1.0864753469415545
-1.0463705264226468
-0.9913046049146447
-0.1647596572930898
-0.11682678551720817
-0.08339297037975019
-0.01666046224103487
0.01666046224103516
0.08339297037975002
0.1168267855172091
0.1647596572930906
0.9913046049146443
1.0463705264226466
1.0864753469415533
1.1229242189098558
1.1447052719248172
1.3346713240985422
1.3526243299887017
1.385403129090436
1.4397632715295143
1.7373311256904587
1.7532081492822424
1.7618390012170606
1.7661204921022282
2.205500201744639
2.206179174528347
2.2075014708539342
2.209775225413807
2.7254879185444767
2.7256275174263873
2.7257076178863504
2.7257484403390175
-2.7257433002582383
-2.7257158941613344
-2.725623690676881
-2.7254886090997945
-2.209764366075987
-2.2075635225742647
-2.206042455772044
-2.2055857287830984
-1.7655783366645248
-1.7627428461198893
-1.7527465624820893
-1.7374320677348483
-1.4396463601022689
-1.38635677038513
-1.349710639123172
-1.336848162652873
-1.1412711065733339
-1.128153439571986
-1.083664263798598
-1.047391714104807
-0.9911984523454966
-0.16500985994246326
-0.1147526017974478
-0.08684300873201178
-0.009389488192422192
0.009389488192420761
0.0868430087320132
0.11475260179744717
0.1650098599424631
0.9911984523454967
1.047391714104809
1.0836642637985998
1.1281534395719865
1.1412711065733339
1.3368481626528719
1.3497106391231726
1.3863567703851267
1.4396463601022698
1.7374320677348483
1.7527465624820868
1.7627428461198897
1.7655783366645237
2.2055857287831007
2.206042455772044
2.2075635225742656
2.2097643660759885
2.725488609099795
2.72562369067688
2.725715894161334
2.725743300258237
-2.725743300258237
-2.725715894161333
-2.7256236906768785
-2.725488609099794
-2.2097643660759867
-2.2075635225742665
-2.2060424557720437
-2.205585728783099
-1.7655783366645241
-1.762742846119889
-1.7527465624820895
-1.7374320677348478
-1.4396463601022698
-1.38635677038513
-1.3497106391231717
-1.3368481626528728
-1.141271106573332
-1.1281534395719857
-1.0836642637985965
-1.0473917141048068
-0.9911984523454974
-0.1650098599424627
-0.11475260179744701
-0.08684300873201108
-0.009389488192421915
0.009389488192421316
0.08684300873201274
0.11475260179744658
0.16500985994246248
0.9911984523454964
1.0473917141048066
1.0836642637985963
1.128153439571985
1.1412711065733323
1.3368481626528725
1.3497106391231712
1.3863567703851307
1.4396463601022687
1.7374320677348485
1.75274656248209
1.7627428461198897
1.7655783366645241
2.2055857287830993
2.2060424557720424
2.207563522574266
2.2097643660759863
2.725488609099794
2.7256236906768803
2.725715894161334
2.72574330025824
-2.7257484403390175
-2.725707617886352
-2.7256275174263878
-2.7254879185444767
-2.2097752254138068
-2.2075014708539333
-2.206179174528345
-2.2055002017446386
-1.76612049210223
-1.7618390012170595
-1.7532081492822444
-1.7373311256904564
-1.4397632715295146
-1.3854031290904356
-1.352624329988701
-1.3346713240985428
-1.1447052719248185
-1.1229242189098572
-1.086475346941554
-1.0463705264226473
-0.9913046049146453
-0.1647596572930906
-0.11682678551720838
-0.08339297037974949
-0.016660462241034894
0.01666046224103509
0.08339297037974874
0.1168267855172092
0.1647596572930906
0.9913046049146451
1.046370526422647
1.0864753469415533
1.122924218909856
1.1447052719248167
1.334671324098543
1.3526243299887015
1.3854031290904378
1.4397632715295143
1.7373311256904573
1.7532081492822424
1.761839001217059
1.766120492102229
2.2055002017446377
2.206179174528346
2.2075014708539333
2.2097752254138077
2.725487918544477
2.725627517426387
2.7257076178863513
2.7257484403390175
-2.725753444353057
-2.725697341479305
-2.7256337418357686
-2.725486966528075
-2.2097902025789606
-2.2074005724994508
-2.206348532246514
-2.205416764275811
-1.7666417942166264
-1.7607014525746434
-1.7539615829393664
-1.7371924610654714
-1.4399265476705208
-1.383904213661317
-1.3560868123256544
-1.3324025982363772
-1.14787639697887
-1.1163815175894687
-1.0911593731338676
-1.0450495414356844
-0.991456599921289
-0.1643940733405708
-0.11930620423935756
-0.07862864575835646
-0.024171010406865086
0.024171010406864472
0.07862864575835668
0.11930620423935716
0.1643940733405701
0.9914565999212904
1.0450495414356846
1.091159373133869
1.1163815175894694
1.1478763969788701
1.3324025982363785
1.3560868123256558
1.3839042136613182
1.4399265476705216
1.737192461065471
1.7539615829393653
1.760701452574642
1.766641794216625
2.205416764275812
2.206348532246514
2.207400572499454
2.2097902025789598
2.725486966528075
2.7256337418357655
2.7256973414793046
2.725753444353056
-2.725756235264931
-2.7256898392293865
-2.725639109976694
-2.725486309725179
-2.209800539376379
-2.207313695550763
-2.2064716627761047
-2.2053701732328155
-1.766930689708222
-1.7598476781336727
-1.7546207714150945
-1.7370971067537573
-1.4400405856254197
-1.382696799918394
-1.3583943303964108
-1.3310876763967212
-1.1496262542049447
-1.1107908077213802
-1.0958581577018336
-1.0441846648010968
-0.9915654394257377
-0.16412659799219118
-0.12085312004193997
-0.07511508918096532
-0.028994944858635137
0.02899494485863539
0.07511508918096353
0.12085312004193992
0.1641265979921917
0.9915654394257383
1.0441846648010973
1.0958581577018314
1.1107908077213813
1.1496262542049458
1.3310876763967208
1.3583943303964099
1.3826967999183952
1.4400405856254204
1.7370971067537564
1.754620771415094
1.7598476781336716
1.7669306897082206
2.205370173232819
2.206471662776107
2.2073136955507637
2.20980053937638
2.7254863097251802
2.7256391099766932
2.7256898392293865
2.7257562352649325
