-2.809532765423805
-2.8095259466162648
-2.8094923008997505
-2.8094851887546546
-2.3720839809735885
-2.3718353807783443
-2.371366395781808
-2.371115422364689
-1.9919799574641819
-1.989314336271412
-1.9863306251221604
-1.983629906379229
-1.6878279570636547
-1.6766593060036499
-1.6659513504790409
-1.6488815995446187
-1.4683050303995766
-1.4405386160082458
-1.4188258505367126
-1.3830567288826472
-1.3060380213095253
-1.281541741975546
-1.2670770173182557
-1.0833555206725667
-1.071879856990749
-1.0629071033987598
-1.0586366137178644
0.2643269968955166
0.2675089568158026
0.2693267384604741
0.27441293710943304
0.6770963372624229
0.6890481408399863
0.6966964804919019
0.7181459005179953
0.95443018265817
0.9799679086393942
0.9968384277981139
1.0866078404050308
1.127908944102602
1.1601769445927868
1.1858903016272586
1.3566435811409465
1.3794292192694286
1.3975151500255942
1.4076154833372296
1.6710857986313823
1.6750613965453875
1.6811483239291924
1.6850872945101634
2.0110382357530363
2.012025626799773
2.0131307557788496
2.013825048878344
2.3793209854008324
2.379389513820062
2.3795138660034216
2.3796530011976365
2.7743410070783825
2.7743485811560085
2.774354335949429
2.774359210784825
-2.809534284830509
-2.809523578697594
-2.809494620089354
-2.8094837180770114
-2.3720256091590617
-2.3719298049015527
-2.3712712247422885
-2.371174541122689
-1.991405813941894
-1.9904361930768106
-1.9850172439474218
-1.9843957211152177
-1.68490160946091
-1.682391152644714
-1.6609417882616757
-1.6511443044769674
-1.463695842118206
-1.4512937032600328
-1.4047043800966412
-1.3923276246859784
-1.2977749494929063
-1.2912023779054114
-1.2643083121482217
-1.083970480130096
-1.0692489265829124
-1.0658748338162782
-1.0577018823499276
0.26466465059753874
0.26658322266787965
0.2700663759273315
0.27426134000880026
0.6777995509692412
0.6868277731916315
0.6986160923633916
0.7177359879691776
0.9550716320920265
0.9779910079819994
0.998400157701746
1.0859217399481846
1.128928639957987
1.1593706160293114
1.1861469190306952
1.3566221060527497
1.3794740653385125
1.3974709831921044
1.4076336167651093
1.6710816211065416
1.6750701503882992
1.6811407467605617
1.685090289553649
2.0110391950516022
2.012022884702297
2.0131340295915354
2.013823557877305
2.3793206220826306
2.3793902271659912
2.3795133852746777
2.3796531318986482
2.7743410419347345
2.7743484466021604
2.774354504569272
2.7743591418624733
-2.809537871648904
-2.809513155162005
-2.8095050018898915
-2.8094801729936743
-2.372111650634097
-2.37176627307641
-2.371435706262816
-2.371087549915014
-1.991881175216348
-1.9895808141320404
-1.9860399030849245
-1.983752988598822
-1.6867401634068737
-1.6795023145080246
-1.6631085854110206
-1.6500043531286925
-1.4658319595264544
-1.447414212384224
-1.4103179337381462
-1.3880220896016708
-1.3017541587176154
-1.2868674611242106
-1.2651292795055036
-1.0837353037142563
-1.0705641506633685
-1.0644632783232757
-1.058027014764495
0.26467221019974596
0.26656825391005456
0.2700765519139883
0.2742585723393998
0.6778279745125262
0.6867563151303432
0.69867386111383
0.7177210268229949
0.9550748801130804
0.9779938540439254
0.9983890673575678
1.0859488605804757
1.1288689237290277
1.1594286987259754
1.1861264139392986
1.3566211576297043
1.3794800061448962
1.397461339820908
1.4076385103958056
1.671084775918985
1.6750630894140595
1.6811474941433864
1.6850874476895537
2.011038390996473
2.0120252207669695
2.013131187677481
2.013824867787259
2.379319881569956
2.379391709644386
2.3795123720043594
2.379653403203228
2.7743410344992996
2.774348474715222
2.774354469003374
2.774359156750752
-2.8095372846971545
-2.809516153188597
-2.8095020080951074
-2.809480755713615
-2.3721361074717446
-2.3716395417917355
-2.3715628188537337
-2.37106271174396
-1.992218654582286
-1.9880055831810852
-1.9876746840658315
-1.983355812358092
-1.6885041883286533
-1.6730618067554877
-1.6695772714974593
-1.6481534486788054
-1.4694196753282858
-1.4344325213913895
-1.4254812625851778
-1.3809131466229
-1.3078538402740558
-1.2786763802471333
-1.2686361393670122
-1.083074294577103
-1.072653405583066
-1.0616849303772942
-1.0593600937749925
0.2643316457244235
0.2674896499743587
0.2693438158525776
0.2744105168915015
0.6771183105678087
0.6889580300999821
0.6967782528131714
0.7181320386621121
0.954433239891809
0.9799722996658942
0.9968260513029947
1.0866358037660055
1.1278505327770854
1.1602335576481648
1.1858690506009384
1.356642628919713
1.3794351405913399
1.397505500587216
1.4076204062911117
1.6710889641702567
1.6750543350855
1.6811550686085324
1.685084445108768
2.0110374345200692
2.0120279684200244
2.01312791468396
2.013826349591391
2.37932023292949
2.3793910011668666
2.3795128588338925
2.379653273491685
2.7743409997777575
2.7743486102808856
2.7743542999504567
2.774359224959539
-2.8095372850786395
-2.809516151667999
-2.8095020096129546
-2.809480755334879
-2.372136124166604
-2.371639305852213
-2.3715630550487026
-2.371062694793629
-1.9922189508836723
-1.9879967808249976
-1.987683538844388
-1.9833554634391934
-1.6885071400293927
-1.673026056334338
-1.6696138108805831
-1.648149523529871
-1.4694321920118871
-1.4342924631653713
-1.4256333560044208
-1.3808787146851806
-1.307891979538318
-1.278599351820316
-1.2686853289178786
-1.0830610076426928
-1.0726879842055381
-1.0616110396797063
-1.0594124571385732
0.2643903763803423
0.267271909412817
0.2695333624373382
0.2743799687291868
0.6775806458816674
0.6873579678239462
0.6982321786106805
0.7178067903460308
0.9561842579261038
0.9747465815288098
1.0012631849899565
1.0829182571963551
1.1383843628401604
1.1497064103130115
1.1887277727477146
1.355081715436655
1.3863395727730765
1.3901770952748491
1.4095051036760675
1.670390975033115
1.6777037748722992
1.6786452280750757
1.6856417949406877
2.01095110950182
2.0124636856451987
2.0126591858842464
2.0139456845400305
2.3793061669623827
2.37943458836807
2.3794769986384865
2.3796596124526364
2.7743407048929427
2.7743504462986612
2.7743522421472613
2.774359741629778
-2.80953276659603
-2.809525944970111
-2.8094923024912712
-2.8094851876370592
-2.3720840102426015
-2.3718353201213342
-2.3713664568208506
-2.3711153927136253
-1.9919803546688466
-1.9893131597665101
-1.986331879212695
-1.9836294313980496
-1.6878318223068574
-1.6766453584580943
-1.6659660614374825
-1.648876757547758
-1.4683250243548638
-1.4404495606372003
-1.4189399240296128
-1.3829951256808257
-1.306117949344083
-1.2814118018942078
-1.2671444266168932
-1.083320122072114
-1.0719906081612838
-1.0627494970622218
-1.05871827489011
0.2647674868428311
0.2663898411524057
0.27019325456059073
0.27422499405371653
0.6784570298280975
0.6853391849618153
0.6998036082367346
0.717370355338044
0.9570645084630902
0.9729983647181742
1.0023744648629787
1.082296936932374
1.1411680630735417
1.1471189706977751
1.1889196909816424
1.355068087281121
1.3864193722319678
1.3901056107477945
1.4095076884712545
1.6703890322580417
1.6777356553230822
1.6786134349232025
1.6856436513127777
2.0109513327039985
2.0124598103069897
2.0126631422445
2.0139453803093454
2.379306196384877
2.37943440482171
2.3794771680408697
2.379659597174122
2.774340710354032
2.7743503772236866
2.7743523145757027
2.7743597328152214
-2.809534285723147
-2.809523577145905
-2.8094946216221537
-2.809483717203271
-2.372025691521013
-2.371929698293172
-2.3712713323660393
-2.3711744577453517
-1.9914069730749133
-1.9904345702343587
-1.9850199569619031
-1.984393471625501
-1.6849162740234471
-1.6823725816373936
-1.6609514554557612
-1.6511384113882268
-1.4637167520806644
-1.451259118836011
-1.4047699977815322
-1.3922708682917586
-1.2978522673154074
-1.2911198877571455
-1.2643185426161252
-1.0839657238225593
-1.0692870913141692
-1.0658346895083481
-1.0577085057871398
0.2647857370363378
0.2663580557938614
0.2702124727867498
0.2742193098494109
0.6784900927622948
0.6852752437982752
0.699848630771727
0.7173559763528292
0.9570789578755509
0.9729780950816446
1.0023776737058239
1.0823169409784033
1.1408866578788346
1.1474058153575073
1.1888962178792666
1.3550751742404434
1.3863611099463393
1.390160486626862
1.4095048705247013
1.6703864396229229
1.6777765309850308
1.678573220967682
1.685645576420839
2.010951585133855
2.0124558544764923
2.0126671491725827
2.0139450767914577
2.3793055101307763
2.3794392222614995
2.37947267142522
2.379659962604067
2.7743407228269636
2.774350236128819
2.774352463407702
2.7743597126051522
-2.809537872072448
-2.809513152171349
-2.8095050048779795
-2.8094801725726866
-2.3721116720076494
-2.3717662065135316
-2.3714357731470037
-2.3710875282201314
-1.9918816371353385
-1.9895796922149847
-1.9860411272928542
-1.9837524242001305
-1.6867445207899046
-1.679493426334399
-1.6631169861747683
-1.6500003796777272
-1.4658374425499936
-1.447404681882393
-1.4103233240893214
-1.3880224150894696
-1.301731355682687
-1.286899902686348
-1.2651178316376381
-1.083750879025328
-1.0704891868513415
-1.0645499912239105
-1.0579999350104417
0.26440048488735046
0.2672388471835471
0.26956125736424075
0.27437502638136035
0.6776036096716213
0.687293696833877
0.6982864680851503
0.7177935733340931
0.9561967413007726
0.9747276504625924
1.0012670649619233
1.0829387526266405
1.1382291800693936
1.1498670016655081
1.188703795645858
1.3550888106766068
1.386283419541883
1.3902298561617679
1.4095022832814927
1.6703883793093923
1.677741700005849
1.6786079652274157
1.685643722557891
2.010951361755571
2.012459579517927
2.0126633429515173
2.013945381355833
2.3793054813598875
2.379439452292993
2.3794724550280155
2.3796599777406646
2.774340717332798
2.774350295842074
2.774352400268672
2.774359721525094
-2.809537871801698
-2.809513154083373
-2.809505002967599
-2.8094801728418
-2.3721116586580044
-2.3717662480927664
-2.3714357313657026
-2.3710875417718595
-1.9918813498922914
-1.989580389658543
-1.9860403668207929
-1.9837527745865622
-1.686741808943464
-1.6794989888298033
-1.6631116540063295
-1.6500029355199908
-1.4658302363377562
-1.4474203690029
-1.4103009517877139
-1.3880387087862733
-1.301714601009101
-1.286919538478985
-1.2651124253485584
-1.0837529906123367
-1.0704794685790602
-1.0645609030885703
-1.0579966782598642
0.26435290270954537
0.26740578983320606
0.26941745851475707
0.27439947386053576
0.6772644172012927
0.6883811667036205
0.6973147722049522
0.7180230531634342
0.9550175858849155
0.977905239851875
0.9986566812174329
1.0851969922031315
1.1309688864695524
1.1570844153714044
1.1870311098734545
1.3560307946443473
1.3812825608264756
1.3954139822429033
1.408439578654949
1.6707883643412873
1.675789131085809
1.68048383393848
1.685321095395167
2.011003829964771
2.0121372676788707
2.013002878369792
2.0138756906107993
2.37931420221768
2.3794047056930934
2.379502748172892
2.3796557103381417
2.774340916208739
2.774348971956183
2.774353865347293
2.774359381456433
-2.809537284761151
-2.8095161529335053
-2.809502008349752
-2.8094807556500623
-2.372136113561963
-2.3716394558793366
-2.3715629048611997
-2.371062705558667
-1.9922187638356819
-1.9880023889339513
-1.987677898039647
-1.9833556833020323
-1.6885058650646387
-1.6730407895298467
-1.6695989446368884
-1.6481509769780969
-1.4694326341850736
-1.4342721632078104
-1.425659642701745
-1.3808676360717906
-1.3079148899459248
-1.2785431020284577
-1.2687235808383734
-1.0830383066907967
-1.0727484877444502
-1.0614674047765285
-1.0595179810656192
0.26469475305565826
0.2665240552657753
0.2701066706701386
0.27425010588113674
0.6780236296562804
0.6862735879474613
0.6990757962571655
0.717602997438872
0.9557180737312437
0.9761142821155937
0.9999791820245156
1.0845323076227713
1.13215943425558
1.1560936067417666
1.1872748138591178
1.356007080082045
1.3813371810188166
1.3953683711213039
1.4084509266250815
1.6707917161711168
1.67577984190907
1.6804922267865394
1.6853186459673417
2.0110030868635067
2.0121400415100243
2.012999807966544
2.013876730273584
2.3793145900893147
2.379403703490147
2.3795035326578455
2.3796555401845043
2.7743409015668568
2.7743490417942307
2.7743537836983942
2.774359407909163
-2.8095327658648306
-2.809525945996963
-2.8094923014984903
-2.8094851883341905
-2.372083991496877
-2.371835358971185
-2.3713664177281717
-2.371115411702186
-1.991980099221259
-1.9893139169096499
-1.986331071679998
-1.9836297373604677
-1.6878293487127123
-1.6766542350713454
-1.6659567587955122
-1.6488797832258746
-1.4683148595006246
-1.440493026338912
-1.4188862153006419
-1.3830223549489378
-1.3060872428110226
-1.2814596216181142
-1.267120194103676
-1.0833291118153108
-1.0719633396312684
-1.062788160402968
-1.0586980620912805
0.2647059349166419
0.2665025650837235
0.2701211008288885
0.27424598262979993
0.6780503943164212
0.6862134524610665
0.6991216209925537
0.7175903567071561
0.9557309133470611
0.9760876401001306
0.9999942601722535
1.0845370729141557
1.1321252837845925
1.1561375002044672
1.1872583902352807
1.3560198984285874
1.381294908114374
1.3954128548325082
1.408436724427242
1.6707891716760364
1.6757874966279271
1.6804847631657776
1.6853210002468835
2.0110028041856354
2.012141093458034
2.0129986515111242
2.013877117449219
2.3793139807723707
2.3794052878512257
2.3795022892678053
2.3796558085304023
2.774340888588368
2.774349105678773
2.774353709570967
2.7743594311305344
-2.8095342853080916
-2.8095235778674432
-2.809494620909375
-2.809483717609568
-2.372025639669954
-2.371929765416159
-2.371271264596431
-2.3711745102430384
-1.9914062387946592
-1.9904355986490039
-1.9850182372708707
-1.9843948973032473
-1.6849032615130237
-1.6823891589058673
-1.6609423688190625
-1.6511440879626753
-1.4636808557565046
-1.4513210135063743
-1.4046314741939219
-1.3923960441373147
-1.297612025303945
-1.291381281659127
-1.2642840562473212
-1.083992569058756
-1.069049564282449
-1.0660854618819513
-1.0576689442650353
0.2643596322619178
0.26738030334716184
0.26943982620408014
0.27439586169122215
0.6772844810296335
0.6883123549767954
0.6973750060671816
0.7180113803301437
0.9550291316766378
0.977877668490466
0.9986739700584693
1.0852020043973751
1.130937044361925
1.1571262419536954
1.1870142105123727
1.356043647173762
1.38124048350375
1.395458287081984
1.4084253254397834
1.6707858258911943
1.6757968001841304
1.6804763544678858
1.6853234451000914
2.0110035465708256
2.012138314789951
2.0130017257813084
2.013876079472503
2.379313601812259
2.3794063003693253
2.3795014867783175
2.3796559774618964
2.774340903133473
2.7743490342002826
2.7743537925530823
2.7743594050818015
-2.8095342844153524
-2.809523579419209
-2.8094946193765047
-2.8094837184834036
-2.3720255571971087
-2.3719298721329527
-2.3712711568628153
-2.3711745937327295
-1.9914050773521401
-1.9904372236892913
-1.9850155121551836
-1.9843971590058282
-1.684888407781674
-1.682407916301465
-1.6609326951108954
-1.6511499903451274
-1.4636597674865448
-1.4513557399716885
-1.4045646544752415
-1.3924540347196772
-1.2975283145087488
-1.291470113724119
-1.2642738809455325
-1.08399729140481
-1.0690052420478415
-1.0661316579057372
-1.057662460579418
0.2642923628316149
0.26767010145611103
0.2691812651926821
0.27443190775918835
0.6768275558931585
0.6904878089099561
0.6953273765804752
0.718349946245321
0.9535296752040474
0.9851176244263786
0.9920079347811712
1.089356910045211
1.1230218798408789
1.1653633828004846
1.1833534998151283
1.3578291429291998
1.376656549417666
1.4017053186653268
1.4050755763282459
1.6718991486615407
1.673694069617804
1.6822833091624783
1.6845069379887325
2.011113118514621
2.011846533613615
2.0133835727592193
2.0136764433754846
2.3793431425460105
2.3793570559871027
2.3795289034199976
2.3796482644690715
2.774341256724039
2.7743477385703845
2.7743554885971715
2.7743586510770464
-2.8095378713781316
-2.8095131570727405
-2.809504999980794
-2.8094801732628065
-2.3721116372813857
-2.3717663146466186
-2.3714356644904835
-2.3710875634698603
-1.9918808877736234
-1.9895815115086868
-1.986039142599308
-1.9837533392654092
-1.686737446233649
-1.6795078794532563
-1.663103253792518
-1.650006911297636
-1.4658247467134782
-1.447429902444743
-1.4102955625631322
-1.3880383860903183
-1.3017374608176044
-1.28688705005345
-1.2651238630493773
-1.083737424515873
-1.070554642723314
-1.0644740232474232
-1.058023705407074
0.264602919323915
0.266712116916596
0.26997492081656943
0.27428564040764214
0.6774617845626635
0.6877994382957583
0.6977701989873966
0.7179538174811285
0.9540819397928266
0.9819238731480643
0.9948657908868636
1.0885794891709766
1.1240126343452375
1.1645575640140524
1.1837403933888961
1.3577929123973982
1.3767195185814212
1.4015830421476614
1.4051678250799013
1.6719066991837188
1.6736836081644635
1.6822914487266258
1.6845017087260474
2.011112872133585
2.011847051473919
2.0133824993143903
2.0136772453496716
2.379343683218329
2.379356446622274
2.3795290108191973
2.379648225762375
2.77434127142762
2.774347695841946
2.774355556465696
2.7743586112333767
-2.809537284379644
-2.809516154453905
-2.8095020068321057
-2.809480756028822
-2.372136096865433
-2.3716396909174744
-2.3715626695675827
-2.3710627225106906
-1.992218467468485
-1.9880109023081052
-1.9876693322266923
-1.983356032303077
-1.6885029121622241
-1.6730762454146053
-1.6695626999806197
-1.6481549031378917
-1.4694201186994715
-1.4344129404260748
-1.425506843983818
-1.3809020562822514
-1.307876810296719
-1.2786205833147672
-1.2686738756521834
-1.0830516896356588
-1.0727140909429396
-1.0615479500683513
-1.0594586852732253
0.2646056749458236
0.26670587995948447
0.2699797285252422
0.2742843129253297
0.6774863468628736
0.6877254834360419
0.6978327364391743
0.7179404935478196
0.9540857763969457
0.9819170740070277
0.9948675078134767
1.0885892662944756
1.1239950918741077
1.1645766430895585
1.1837303104954668
1.3577982240470294
1.3767074885580606
1.4016156708782295
1.4051421036029372
1.6719166130162482
1.6736703124057721
1.6823004187306885
1.6844961267078977
2.011110915657526
2.0118510621311647
2.013374800042106
2.013682890427012
2.379341862098296
2.379358523413176
2.379528612780449
2.3796483681302476
2.774341230893305
2.7743478151186163
2.77435537048883
2.7743587184678864
-2.8095327646922734
-2.8095259476434267
-2.8094922999066947
-2.809485189452075
-2.372083962220757
-2.3718354196304317
-2.3713663566868166
-2.371115441360436
-1.9919797018754382
-1.9893150931301427
-1.9863298178284354
-1.9836302125282421
-1.687825480017938
-1.676668167517945
-1.6659420636147368
-1.648884627994394
-1.4682948356146077
-1.4405817730809554
-1.418772386105483
-1.3830840445604717
-1.306007119974418
-1.2815894170957334
-1.2670531320598049
-1.083364415823554
-1.0718521472490947
-1.062945096411121
-1.0586176070557338
0.2642941464412538
0.267660415057903
0.2691903379717494
0.2744307366598422
0.6768473096884762
0.6903618145654038
0.6954458286806461
0.7183375556090031
0.9535332767947873
0.9851078603567183
0.9920128687990171
1.0893671429318834
1.123004226180645
1.1653827754606914
1.1833427416884716
1.357834483387637
1.37664452443641
1.401739701234993
1.40504806713085
1.671908954146056
1.673680877390947
1.682292246545855
1.6845013934074498
2.0111111599360285
2.0118505449225608
2.013375837114682
2.013682126275911
2.3793414463231377
2.37935900829119
2.3795285051366406
2.379648406671208
2.774341216519409
2.7743478585610877
2.7743553052336267
2.7743587546545205
