-2.665012315767267
-2.013670122310713
-1.6180339887498945
-1.0573749208431016
-0.3267511030495501
0.32675110304955013
1.0573749208431018
1.6180339887498947
2.013670122310714
2.6650123157672665
-2.664627382191143
-2.0192702100531665
-1.6029201047998518
-1.0781552923060163
-0.3008937290306634
0.30089372903066414
1.078155292306016
1.602920104799852
2.019270210053167
2.664627382191142
-2.66369218043264
-2.0318523869019
-1.5640194440979691
-1.1293594386238242
-0.23390229288704362
0.23390229288704248
1.1293594386238244
1.564019444097969
2.0318523869018987
2.6636921804326414
-2.662748503937276
-2.0433564527387436
-1.5187254858126384
-1.18545649951802
-0.15043469787380218
0.1504346978738018
1.1854564995180215
1.5187254858126382
2.043356452738743
2.662748503937275
-2.662355094572019
-2.047860619687223
-1.49633896933737
-1.211970775933698
-0.1011373317115308
0.10113733171153076
1.2119707759336962
1.4963389693373699
2.047860619687223
2.662355094572019
-2.662748503937276
-2.0433564527387436
-1.518725485812639
-1.185456499518021
-0.15043469787380254
0.15043469787380231
1.1854564995180206
1.5187254858126378
2.043356452738744
2.6627485039372756
-2.663692180432641
-2.0318523869019
-1.5640194440979691
-1.1293594386238242
-0.23390229288704315
0.23390229288704367
1.1293594386238242
1.5640194440979691
2.0318523869018987
2.6636921804326414
-2.6646273821911426
-2.019270210053166
-1.6029201047998514
-1.0781552923060165
-0.30089372903066347
0.30089372903066275
1.0781552923060178
1.602920104799852
2.0192702100531665
2.6646273821911453
-2.6646273821911426
-2.0192702100531665
-1.6029201047998518
-1.0781552923060167
-0.3008937290306641
0.3008937290306631
1.0781552923060176
1.6029201047998518
2.0192702100531665
2.664627382191143
-2.6646273821911417
-2.019270210053166
-1.6029201047998514
-1.0781552923060158
-0.300893729030664
0.30089372903066336
1.0781552923060163
1.6029201047998511
2.019270210053166
2.6646273821911426
-2.6639669641457715
-2.028290946284044
-1.5758737295496559
-1.1140781165196905
-0.2544951668879615
0.2544951668879625
1.1140781165196896
1.575873729549656
2.0282909462840446
2.663966964145771
-2.663025788796505
-2.0400840584521998
-1.5329945596317862
-1.1681537521486163
-0.17803138525103093
0.17803138525103085
1.1681537521486165
1.5329945596317858
2.0400840584522006
2.6630257887965043
-2.66235509457202
-2.047860619687223
-1.4963389693373699
-1.2119707759336973
-0.1011373317115304
0.1011373317115311
1.2119707759336968
1.4963389693373699
2.047860619687222
2.6623550945720185
-2.6623550945720207
-2.0478606196872233
-1.4963389693373699
-1.2119707759336966
-0.10113733171153086
0.10113733171153047
1.2119707759336977
1.4963389693373708
2.047860619687223
2.6623550945720194
-2.663025788796505
-2.0400840584521998
-1.5329945596317869
-1.168153752148618
-0.1780313852510291
0.17803138525103013
1.1681537521486172
1.532994559631785
2.0400840584522006
2.6630257887965048
-2.663966964145772
-2.0282909462840446
-1.5758737295496563
-1.1140781165196905
-0.25449516688796275
0.2544951668879623
1.1140781165196902
1.5758737295496559
2.028290946284045
2.6639669641457697
-2.6636921804326406
-2.0318523869019
-1.564019444097969
-1.1293594386238244
-0.23390229288704262
0.23390229288704295
1.129359438623824
1.564019444097969
2.031852386901899
2.6636921804326406
-2.6639669641457715
-2.0282909462840437
-1.5758737295496559
-1.1140781165196902
-0.2544951668879621
0.254495166887962
1.11407811651969
1.575873729549656
2.0282909462840437
2.6639669641457715
-2.6636921804326406
-2.0318523869018996
-1.5640194440979693
-1.129359438623824
-0.23390229288704376
0.23390229288704226
1.1293594386238248
1.56401944409797
2.0318523869019
2.663692180432641
-2.6630257887965043
-2.0400840584521998
-1.5329945596317864
-1.1681537521486183
-0.1780313852510311
0.17803138525103135
1.1681537521486174
1.5329945596317869
2.0400840584522
2.663025788796504
-2.662355094572017
-2.047860619687222
-1.4963389693373697
-1.211970775933698
-0.10113733171153101
0.10113733171153075
1.2119707759336977
1.4963389693373688
2.0478606196872224
2.6623550945720185
-2.662076007998426
-2.050963934275283
-1.4781827499863798
-1.232940068870452
-0.0416270604012056
0.041627060401206
1.2329400688704533
1.47818274998638
2.050963934275283
2.662076007998426
-2.662355094572019
-2.0478606196872224
-1.4963389693373697
-1.2119707759336968
-0.1011373317115307
0.10113733171153144
1.2119707759336966
1.4963389693373692
2.0478606196872224
2.662355094572018
-2.663025788796505
-2.0400840584521998
-1.5329945596317862
-1.1681537521486178
-0.1780313852510303
0.1780313852510311
1.1681537521486178
1.532994559631786
2.0400840584522
2.6630257887965048
-2.662748503937276
-2.0433564527387444
-1.5187254858126389
-1.185456499518021
-0.15043469787380187
0.15043469787380168
1.1854564995180212
1.5187254858126384
2.043356452738744
2.6627485039372765
-2.6630257887965043
-2.0400840584522006
-1.5329945596317867
-1.168153752148618
-0.17803138525102954
0.1780313852510305
1.1681537521486176
1.5329945596317864
2.0400840584522
2.663025788796504
-2.6630257887965048
-2.0400840584521998
-1.5329945596317864
-1.1681537521486178
-0.17803138525103057
0.1780313852510299
1.1681537521486187
1.532994559631787
2.0400840584522
2.6630257887965043
-2.662748503937276
-2.0433564527387436
-1.5187254858126387
-1.1854564995180215
-0.15043469787380195
0.15043469787380076
1.1854564995180215
1.5187254858126389
2.043356452738745
2.6627485039372756
-2.662355094572019
-2.047860619687223
-1.4963389693373699
-1.2119707759336973
-0.10113733171153058
0.10113733171153166
1.2119707759336975
1.4963389693373703
2.0478606196872247
2.6623550945720194
-2.6620760079984263
-2.0509639342752823
-1.47818274998638
-1.2329400688704506
-0.041627060401205396
0.04162706040120541
1.2329400688704513
1.4781827499863798
2.0509639342752832
2.662076007998425
-2.662076007998427
-2.050963934275283
-1.4781827499863798
-1.232940068870452
-0.04162706040120528
0.041627060401205555
1.2329400688704522
1.4781827499863802
2.0509639342752832
2.6620760079984276
-2.662355094572019
-2.047860619687222
-1.4963389693373699
-1.2119707759336973
-0.10113733171153098
0.10113733171153112
1.2119707759336973
1.4963389693373699
2.0478606196872224
2.6623550945720194
-2.6623550945720194
-2.0478606196872224
-1.4963389693373703
-1.2119707759336975
-0.1011373317115313
0.10113733171153026
1.2119707759336984
1.4963389693373703
2.047860619687222
2.662355094572019
-2.66235509457202
-2.047860619687223
-1.4963389693373697
-1.2119707759336973
-0.1011373317115308
0.10113733171153043
1.2119707759336975
1.49633896933737
2.047860619687221
2.6623550945720207
-2.6623550945720202
-2.0478606196872224
-1.4963389693373699
-1.2119707759336975
-0.1011373317115311
0.10113733171153028
1.2119707759336982
1.4963389693373703
2.047860619687222
2.66235509457202
-2.6623550945720202
-2.0478606196872224
-1.4963389693373697
-1.2119707759336973
-0.10113733171153137
0.10113733171153125
1.2119707759336984
1.4963389693373708
2.047860619687223
2.662355094572019
-2.662355094572019
-2.0478606196872224
-1.4963389693373697
-1.2119707759336977
-0.10113733171153115
0.10113733171153033
1.2119707759336984
1.49633896933737
2.047860619687222
2.66235509457202
-2.66235509457202
-2.047860619687223
-1.4963389693373694
-1.211970775933697
-0.10113733171153112
0.10113733171153105
1.2119707759336982
1.4963389693373699
2.047860619687223
2.662355094572019
-2.6623550945720194
-2.047860619687223
-1.4963389693373699
-1.2119707759336973
-0.10113733171153153
0.1011373317115309
1.2119707759336975
1.49633896933737
2.047860619687222
2.662355094572018
-2.6623550945720202
-2.0478606196872224
-1.4963389693373699
-1.2119707759336973
-0.10113733171153101
0.10113733171153044
1.211970775933698
1.4963389693373703
2.047860619687222
2.6623550945720207
-2.6627485039372742
-2.043356452738744
-1.518725485812638
-1.1854564995180217
-0.15043469787380237
0.15043469787380218
1.1854564995180215
1.5187254858126384
2.043356452738743
2.662748503937276
-2.662355094572019
-2.047860619687222
-1.4963389693373697
-1.2119707759336975
-0.10113733171153064
0.10113733171153018
1.2119707759336977
1.4963389693373703
2.0478606196872224
2.6623550945720185
-2.662076007998426
-2.050963934275283
-1.4781827499863798
-1.2329400688704515
-0.041627060401205104
0.04162706040120516
1.2329400688704513
1.47818274998638
2.050963934275282
2.662076007998427
-2.662076007998427
-2.050963934275283
-1.4781827499863796
-1.2329400688704515
-0.041627060401205014
0.041627060401205736
1.2329400688704524
1.4781827499863796
2.050963934275282
2.6620760079984254
-2.6623550945720194
-2.047860619687222
-1.4963389693373697
-1.2119707759336975
-0.10113733171153091
0.10113733171153173
1.2119707759336975
1.4963389693373688
2.0478606196872224
2.6623550945720194
-2.6627485039372756
-2.043356452738744
-1.5187254858126389
-1.1854564995180212
-0.1504346978738017
0.1504346978738025
1.1854564995180208
1.5187254858126389
2.043356452738744
2.662748503937275
-2.663025788796505
-2.0400840584521993
-1.5329945596317867
-1.1681537521486178
-0.17803138525103027
0.17803138525102993
1.1681537521486176
1.5329945596317873
2.0400840584522015
2.663025788796505
-2.6630257887965056
-2.0400840584521993
-1.5329945596317862
-1.1681537521486178
-0.17803138525103004
0.17803138525103016
1.168153752148617
1.532994559631786
2.040084058452199
2.6630257887965043
-2.6636921804326423
-2.0318523869019
-1.5640194440979691
-1.1293594386238246
-0.23390229288704317
0.23390229288704317
1.129359438623824
1.5640194440979698
2.031852386901904
2.6636921804326383
-2.6630257887965043
-2.0400840584522
-1.532994559631786
-1.1681537521486178
-0.17803138525103068
0.17803138525103088
1.1681537521486176
1.532994559631786
2.0400840584522
2.663025788796504
-2.6623550945720185
-2.047860619687223
-1.4963389693373692
-1.2119707759336973
-0.10113733171153085
0.10113733171153079
1.2119707759336982
1.4963389693373703
2.047860619687224
2.6623550945720185
-2.6620760079984276
-2.0509639342752823
-1.47818274998638
-1.2329400688704508
-0.04162706040120582
0.0416270604012057
1.2329400688704515
1.4781827499863809
2.0509639342752823
2.6620760079984267
-2.6623550945720194
-2.047860619687223
-1.4963389693373697
-1.2119707759336975
-0.10113733171153118
0.10113733171153129
1.2119707759336982
1.496338969337371
2.0478606196872233
2.662355094572019
-2.663025788796506
-2.0400840584522
-1.5329945596317864
-1.1681537521486176
-0.17803138525103118
0.17803138525102996
1.168153752148618
1.532994559631786
2.0400840584522
2.6630257887965065
-2.6636921804326414
-2.0318523869018983
-1.5640194440979707
-1.1293594386238255
-0.23390229288704348
0.23390229288704292
1.1293594386238246
1.5640194440979702
2.0318523869019005
2.6636921804326423
-2.6639669641457715
-2.028290946284044
-1.5758737295496565
-1.1140781165196902
-0.2544951668879611
0.2544951668879623
1.1140781165196916
1.5758737295496563
2.028290946284043
2.663966964145773
-2.6646273821911417
-2.0192702100531656
-1.6029201047998514
-1.0781552923060165
-0.3008937290306634
0.3008937290306631
1.0781552923060163
1.6029201047998516
2.019270210053164
2.6646273821911426
-2.663966964145771
-2.0282909462840446
-1.575873729549656
-1.1140781165196902
-0.25449516688796137
0.25449516688796137
1.1140781165196898
1.5758737295496559
2.028290946284045
2.6639669641457706
-2.663025788796507
-2.0400840584522006
-1.5329945596317867
-1.168153752148618
-0.17803138525102985
0.17803138525103027
1.168153752148619
1.5329945596317858
2.040084058452201
2.6630257887965065
-2.6623550945720194
-2.0478606196872224
-1.4963389693373697
-1.2119707759336973
-0.10113733171153101
0.10113733171153111
1.2119707759336973
1.4963389693373694
2.047860619687222
2.6623550945720194
-2.6623550945720202
-2.047860619687223
-1.496338969337369
-1.211970775933697
-0.10113733171153026
0.10113733171153125
1.211970775933697
1.4963389693373697
2.0478606196872216
2.6623550945720185
-2.663025788796506
-2.040084058452202
-1.532994559631786
-1.168153752148618
-0.17803138525103054
0.17803138525103035
1.1681537521486178
1.5329945596317862
2.0400840584522006
2.6630257887965074
-2.6639669641457706
-2.0282909462840433
-1.5758737295496565
-1.1140781165196902
-0.25449516688796175
0.2544951668879624
1.1140781165196902
1.5758737295496559
2.0282909462840446
2.6639669641457706
-2.664627382191143
-2.019270210053166
-1.6029201047998514
-1.0781552923060165
-0.3008937290306622
0.30089372903066314
1.0781552923060158
1.6029201047998511
2.019270210053167
2.664627382191142
