-2.92953791551524
-2.9245054690238375
-2.9197984555138166
-2.9158454260592475
-2.7807576970172083
-2.7805407475662602
-2.7800269098332793
-2.7798793272958973
-2.639520400569033
-2.637603487700085
-2.6360442542179516
-2.63571605120833
-2.5006378501801234
-2.500345156832462
-2.4996428082805586
-2.499555287208041
-2.3667896671883817
-2.3659096542222486
-2.365733479812997
-2.365121680962358
-2.2371212755758183
-2.2367935804341634
-2.2360195771235856
-2.236001081110856
-2.1124362120817617
-2.1119004133538
-2.1112934225675355
-2.111164504216621
-1.992017067941523
-1.991675193531014
-1.9909773077896524
-1.9908489121440063
-1.8777577175469522
-1.876469034599944
-1.8762881706741257
-1.8761409704079062
-1.7671525543173725
-1.7668083130537813
-1.7662089222493729
-1.7659870050923194
-1.6639959041958727
-1.6624820140691927
-1.6623199389360896
-1.6621785233566393
-1.5645011172043408
-1.56416114968614
-1.5636626878932212
-1.563374113371285
-1.4733439800145436
-1.4718718168343303
-1.471504478845405
-1.4714906304701418
-1.3862644162832696
-1.385935495936518
-1.385514539179406
-1.3851938944881717
-1.308207461453087
-1.306782173142542
-1.3063857062027562
-1.3063130900177957
-1.2349469173478342
-1.2345918946014671
-1.2340860365091222
-1.233793452831143
-1.171179320681068
-1.1697378880545937
-1.169441250216225
-1.1689942887625848
-1.1129628940406913
-1.1125524982065205
-1.1121467862810965
-1.1115941590920737
-1.0647961201616583
-1.0638122584231344
-1.0632507271464458
-1.061807256315321
-1.0260051006230317
-1.0239446134206318
-1.0218280769673922
-1.0180859500265635
-0.9982619387140262
-0.9883949171441978
-0.9835149652422367
-0.9814266762595713
-0.9658648931201349
-0.9640356708863703
-0.9592054018995185
-0.955864347956758
-0.9495620870860522
-0.9315088709987123
-0.9300371935847647
-0.9293289213155466
-0.9267736078652655
-0.9192859807547197
-0.9176710225448655
-0.9164763086091878
-0.9141050281383688
-0.9020027763742227
-0.9017751111745423
-0.9015007927466423
-0.9012614823326816
1.1419919647430175
1.1427590141755848
1.1429820429566362
1.144024630740868
1.1508162280419298
1.1545780390422238
1.1550380151339226
1.1594070092155901
1.1611682279541418
1.1677079334617624
1.1703022860079775
1.1727501813356296
1.1744160966460668
1.1868277682314459
1.1890675592681896
1.1915977880805684
1.193527230525868
1.2122972326104076
1.2147803052769348
1.216974062578571
1.2215976598224427
1.2478581777546096
1.2500550953649328
1.252019805038695
1.252645097371845
1.2899687338499168
1.2917883006175932
1.292404602141069
1.2933524526413247
1.3411590526359056
1.3416651143320448
1.3420596385366332
1.3424240822004703
1.3979072080265416
1.3995028360189803
1.3998490581799028
1.3999940984087298
1.4648694142447172
1.4653497017523152
1.4656356415420477
1.4660076059360736
1.537321751242331
1.5389726298767366
1.5392910126113324
1.5393379237151799
1.61959290903182
1.620061261091907
1.6204600847034882
1.6208056439148317
1.7069719070024494
1.7086056228059527
1.7087427687243528
1.7088422569977444
1.8032877592927279
1.8037424245359917
1.804235347706466
1.804530707215273
1.9045591017167596
1.9058549381810368
1.9060741002494643
1.9061487827910435
2.013526267695606
2.013959993524072
2.01453837384703
2.0147604746743712
2.127770034440032
2.128235503371613
2.1288156207958044
2.129018316775322
2.2479644342842073
2.248364910404145
2.249005260050934
2.2491384471611084
2.3735683033986783
2.374567044019299
2.3746052044594586
2.3752832421498677
2.5044434756115153
2.5047894006669087
2.5054373371403176
2.5054792638388497
2.63959726310056
2.6415028025204506
2.6431094800524
2.643522543227207
2.7809604932017553
2.78120961639017
2.781717099514204
2.7817448855018974
2.923141057955529
2.928109583341339
2.9331437940244407
2.9378761250670733
-2.929537915515235
-2.9245054690238357
-2.919798455513814
-2.9158454260592452
-2.780757697017211
-2.7805407475662554
-2.780026909833286
-2.779879327295895
-2.639520400569033
-2.637603487700086
-2.6360442542179516
-2.635716051208331
-2.5006378501801225
-2.5003451568324655
-2.4996428082805595
-2.4995552872080444
-2.3667896671883852
-2.3659096542222486
-2.3657334798129943
-2.365121680962358
-2.237121275575819
-2.2367935804341643
-2.2360195771235856
-2.236001081110856
-2.1124362120817612
-2.1119004133538
-2.111293422567537
-2.111164504216621
-1.9920170679415234
-1.991675193531015
-1.9909773077896513
-1.990848912144006
-1.8777577175469522
-1.8764690345999442
-1.8762881706741252
-1.8761409704079066
-1.7671525543173714
-1.7668083130537835
-1.7662089222493726
-1.7659870050923203
-1.6639959041958738
-1.6624820140691927
-1.66231993893609
-1.6621785233566382
-1.5645011172043415
-1.5641611496861414
-1.5636626878932212
-1.563374113371284
-1.4733439800145436
-1.471871816834351
-1.4715044788449594
-1.4714906304705673
-1.3862644162720699
-1.385935495965936
-1.385514539148741
-1.3851938945006224
-1.3082074614592694
-1.3067821729643905
-1.306385707202621
-1.3063130891898644
-1.2349470396695705
-1.2345915867011077
-1.2340863945548701
-1.233793280358363
-1.171179461403803
-1.1697353580286485
-1.1694447517238398
-1.1689931765363397
-1.112962341244911
-1.1125539668592528
-1.1121456125715683
-1.1115944169028427
-1.064651369462173
-1.0641901074374853
-1.0629254952465543
-1.0618997827558765
-1.0256068012656334
-1.0247499035391103
-1.0212107183024297
-1.0183064704403493
-0.9982157387962762
-0.9886011271997405
-0.982647996399001
-0.9821473508460404
-0.965713448629277
-0.9641534090823424
-0.9592690111119592
-0.9557949618132799
-0.9495790301353217
-0.9313548652158266
-0.9304391550376788
-0.9290336455479339
-0.9268212175626264
-0.9192862482213595
-0.9176568096903145
-0.9164912553310514
-0.9141019545100746
-0.9020276216383833
-0.901692309504111
-0.9015751831062526
-0.9012451100734243
1.1420308931235135
1.1425454810460518
1.1432453277813526
1.1439280498899966
1.1508982659322728
1.1539237428849465
1.1558607335133595
1.1588918460793711
1.1614754547411001
1.1677082840014557
1.1701498072449619
1.172991798175834
1.1742907869129142
1.1868724983261514
1.1889440923409806
1.19175403187212
1.1934498501739763
1.212280896704431
1.214845758132125
1.2169129049746252
1.2216114528358701
1.2478046728887318
1.2502572387096276
1.2517059205173335
1.252809707958963
1.2899608617989164
1.2918508445611492
1.2923335196710528
1.293368818128382
1.3411582302782536
1.3416680516799377
1.3420563911248808
1.3424252143300162
1.3979072080495138
1.3995028357879122
1.39984905865584
1.3999940981410572
1.4648694142410175
1.4653497017672483
1.4656356415268845
1.4660076059399996
1.5373217512422965
1.5389726298779611
1.5392910126034223
1.5393379237219047
1.619592909031813
1.6200612610919383
1.6204600847034527
1.6208056439148393
1.7069719070024458
1.7086056228059512
1.7087427687243508
1.708842256997747
1.8032877592927317
1.8037424245359899
1.8042353477064648
1.8045307072152759
1.9045591017167574
1.9058549381810372
1.906074100249464
1.9061487827910404
2.0135262676956067
2.0139599935240717
2.0145383738470315
2.014760474674369
2.1277700344400263
2.128235503371612
2.1288156207958098
2.129018316775323
2.2479644342842096
2.2483649104041437
2.249005260050937
2.2491384471611067
2.373568303398674
2.3745670440193005
2.3746052044594586
2.3752832421498646
2.504443475611516
2.5047894006669016
2.5054373371403145
2.5054792638388523
2.639597263100557
2.6415028025204523
2.6431094800523938
2.6435225432272125
2.7809604932017575
2.7812096163901705
2.7817170995142093
2.7817448855019027
2.9231410579555304
2.9281095833413366
2.9331437940244425
2.937876125067076
-2.9295379155152386
-2.9245054690238397
-2.9197984555138157
-2.915845426059249
-2.7807576970172057
-2.7805407475662554
-2.7800269098332806
-2.779879327295895
-2.639520400569035
-2.6376034877000842
-2.636044254217954
-2.635716051208332
-2.500637850180119
-2.5003451568324606
-2.4996428082805573
-2.4995552872080444
-2.3667896671883852
-2.365909654222249
-2.3657334798129943
-2.3651216809623583
-2.237121275575819
-2.2367935804341617
-2.2360195771235856
-2.2360010811108557
-2.1124362120817612
-2.1119004133537995
-2.111293422567537
-2.11116450421662
-1.9920170679415232
-1.991675193531013
-1.9909773077896515
-1.990848912144006
-1.877757717546952
-1.8764690345999433
-1.8762881706741246
-1.8761409704079068
-1.7671525543173716
-1.7668083130537813
-1.766208922249374
-1.765987005092319
-1.6639959041958716
-1.6624820140691934
-1.6623199389360905
-1.6621785233566377
-1.5645011172043426
-1.5641611496861412
-1.5636626878932216
-1.5633741133712848
-1.4733439800145436
-1.4718718168343492
-1.4715044788449865
-1.471490630470541
-1.3862644162907363
-1.3859354959166201
-1.3855145392005364
-1.3851938944794697
-1.3082074617015267
-1.3067821680576053
-1.306385732623128
-1.3063130684337478
-1.234947168142406
-1.2345912661222087
-1.2340867617416529
-1.2337931052756672
-1.1711793834036461
-1.1697368897073193
-1.1694425998813565
-1.168993874775903
-1.112956966760617
-1.1125688129749534
-1.1121326927526347
-1.111597865842053
-1.0645833196974992
-1.0642914086247306
-1.0628735134638536
-1.0619184516716715
-1.025863700948745
-1.0242768098536432
-1.0215725625609726
-1.0181514379863936
-0.9982675257113219
-0.9882894056740811
-0.98389484008928
-0.9811029001530773
-0.9664516769935216
-0.9630304792784864
-0.9599154260318905
-0.9555788856883579
-0.9496009285781019
-0.9313233346545943
-0.9304944086130073
-0.9290041681141317
-0.9268262061313183
-0.9192882824968674
-0.9176545592836779
-0.9164911581966884
-0.914102513654376
-0.9020126848358759
-0.9017500106098236
-0.9015220504180208
-0.9012554470627117
1.1420692024593544
1.1424394040681967
1.1434199500385767
1.1438144647471062
1.150994538045718
1.1535097466897617
1.1569361081097855
1.1577635223122387
1.1620206156609552
1.1672114416532162
1.1708516967159224
1.1724329340058253
1.174482079065348
1.1867451366493713
1.1892421714276045
1.1914658747815148
1.1935623958645158
1.212300488089639
1.2147871935595542
1.2169592159924667
1.2216035670289924
1.2478125538766067
1.2502289593233114
1.2517396576143291
1.252796583599924
1.2899589906670383
1.2918699583227795
1.29231195771587
1.2933731330405316
1.3411572491112393
1.341671689656047
1.342052326802129
1.342426621639471
1.397907208045155
1.3995028357425119
1.3998490588453187
1.399994098001059
1.464869414200015
1.4653497019500001
1.4656356413289247
1.4660076059962035
1.5373217512423558
1.5389726298759332
1.539291012616471
1.5393379237108222
1.6195929090318184
1.620061261091912
1.6204600847034736
1.6208056439148348
1.7069719070024456
1.7086056228059558
1.7087427687243564
1.708842256997741
1.8032877592927312
1.803742424535993
1.8042353477064605
1.804530707215277
1.904559101716764
1.9058549381810386
1.906074100249464
1.9061487827910402
2.0135262676956027
2.013959993524074
2.014538373847028
2.014760474674372
2.1277700344400294
2.1282355033716143
2.128815620795806
2.1290183167753223
2.247964434284211
2.2483649104041397
2.249005260050933
2.2491384471611044
2.3735683033986787
2.3745670440192956
2.3746052044594577
2.375283242149865
2.504443475611513
2.5047894006669056
2.505437337140317
2.5054792638388483
2.6395972631005606
2.641502802520453
2.643109480052398
2.6435225432272134
2.7809604932017553
2.781209616390171
2.781717099514205
2.781744885501899
2.9231410579555286
2.9281095833413366
2.9331437940244434
2.9378761250670755
-2.929537915515239
-2.9245054690238415
-2.919798455513816
-2.9158454260592457
-2.780757697017203
-2.780540747566258
-2.7800269098332815
-2.779879327295893
-2.639520400569029
-2.6376034877000833
-2.6360442542179503
-2.6357160512083313
-2.5006378501801207
-2.5003451568324624
-2.499642808280557
-2.4995552872080395
-2.3667896671883835
-2.3659096542222486
-2.3657334798129965
-2.3651216809623574
-2.2371212755758196
-2.236793580434163
-2.236019577123586
-2.236001081110856
-2.112436212081762
-2.111900413353799
-2.1112934225675355
-2.111164504216621
-1.9920170679415232
-1.991675193531015
-1.9909773077896524
-1.9908489121440063
-1.8777577175469522
-1.8764690345999433
-1.876288170674125
-1.8761409704079057
-1.7671525543173723
-1.7668083130537797
-1.7662089222493735
-1.765987005092319
-1.663995904195873
-1.662482014069192
-1.6623199389360888
-1.6621785233566382
-1.564501117204342
-1.56416114968614
-1.563662687893222
-1.563374113371284
-1.4733439800145436
-1.471871816834329
-1.4715044788454328
-1.471490630470114
-1.3862644163019364
-1.3859354958872054
-1.385514539231201
-1.385193894467019
-1.3082074616953445
-1.3067821682357634
-1.3063857316238157
-1.3063130692611196
-1.2349470459744
-1.2345915741151878
-1.2340864037804486
-1.233793277417557
-1.1711792426418755
-1.1697393885537992
-1.1694391233629726
-1.1689949932314163
-1.1129575461398904
-1.1125673796663238
-1.112133811264683
-1.1115976013011668
-1.0647684361327052
-1.063909297142348
-1.0631675610316822
-1.0618210062892381
-1.0261348947583042
-1.0233548318990486
-1.022407350593223
-1.0179572501658227
-0.9983130674717456
-0.988039775227702
-0.9843686468607064
-0.9808188146126215
-0.9665388325214839
-0.9629817350209143
-0.9598569140350247
-0.9556394046195809
-0.9495837339893575
-0.9314889003194631
-0.9301042396458818
-0.9292765183964687
-0.9267781687314733
-0.9192880247653193
-0.9176687806410547
-0.916476191268131
-0.9141055896344567
-0.901980435502632
-0.9018200021468955
-0.9014644953348586
-0.9012751982492319
1.142018932298405
1.1425873558884845
1.1431919320965067
1.1439526500763986
1.1509025811708813
1.1538317119497548
1.1561261445340854
1.1584927350535208
1.1618238569215724
1.1672280058676023
1.1711239156951891
1.1720958049774792
1.1745712811892246
1.1867076940279253
1.1893828269339073
1.1912978041743962
1.1936271210022273
1.2123173550650548
1.2147235641626788
1.2170181085646166
1.2215896845200267
1.2478667369132035
1.250031287386463
1.2520606603110744
1.2526197052169037
1.2899668283348185
1.291803193356262
1.2923870040753598
1.2933570590702281
1.3411580654384885
1.3416687133764273
1.3420556034659747
1.342425505219962
1.397907208022184
1.3995028359735777
1.3998490583693783
1.3999940982687278
1.4648694142037184
1.465349701935082
1.4656356413440823
1.466007605992272
1.5373217512423956
1.5389726298747088
1.5392910126243753
1.5393379237040967
1.6195929090318268
1.6200612610918852
1.6204600847035093
1.6208056439148224
1.7069719070024496
1.7086056228059514
1.7087427687243542
1.7088422569977446
1.8032877592927286
1.8037424245359892
1.804235347706462
1.8045307072152725
1.9045591017167594
1.90585493818104
1.9060741002494674
1.9061487827910386
2.013526267695602
2.013959993524071
2.0145383738470324
2.01476047467437
2.1277700344400285
2.128235503371612
2.128815620795809
2.129018316775322
2.2479644342842096
2.248364910404135
2.249005260050935
2.24913844716111
2.373568303398679
2.3745670440192996
2.374605204459463
2.3752832421498637
2.5044434756115206
2.5047894006669114
2.5054373371403145
2.5054792638388528
2.6395972631005575
2.6415028025204497
2.6431094800523964
2.643522543227207
2.7809604932017535
2.7812096163901674
2.7817170995142058
2.7817448855018987
2.9231410579555313
2.9281095833413393
2.9331437940244407
2.937876125067073
-2.928272627542217
-2.9232812150221696
-2.9187235464498786
-2.915019695989524
-2.7806675878778404
-2.7806567043109482
-2.780135262611046
-2.779417857804539
-2.6390660048138934
-2.637139506334179
-2.6358765732912177
-2.6358230805973375
-2.5005180574312798
-2.500504531470457
-2.4997874165796286
-2.4990346903029423
-2.3665601278656263
-2.366329852823385
-2.365487073084065
-2.3651725037767455
-2.236989201852234
-2.2369752377987626
-2.236159418345379
-2.2355424123284533
-2.112921223611361
-2.1117919967891416
-2.1113495613169966
-2.111157585326448
-1.9918816021383203
-1.9918677423479236
-1.9910077844414718
-1.990580184833769
-1.878227384897718
-1.8765438586191903
-1.8764389299345672
-1.876069731681476
-1.7670188961627975
-1.7670045216878874
-1.7661372948163918
-1.7658992518070646
-1.66441662977894
-1.6627714107858402
-1.6623447421099502
-1.6621460064700397
-1.564372580201838
-1.5643559690355122
-1.5635091263129814
-1.5634330339818039
-1.4737054072573774
-1.4721713112392787
-1.4715685933243856
-1.4714802863773189
-1.3861440671308642
-1.386122027869454
-1.3853499141032313
-1.3853114240738076
-1.3085149550147834
-1.3070868452362294
-1.3064363756673318
-1.3063378790515838
-1.2349071025128506
-1.234669266475787
-1.233992661410664
-1.23389414633428
-1.1714512743789445
-1.1700377814836531
-1.1694935209407982
-1.1689926001587585
-1.1129483720128124
-1.112590865273468
-1.1121357549789768
-1.1116319030674977
-1.0648883864050782
-1.063899145205823
-1.0633677563863504
-1.0620005411593971
-1.026058535008295
-1.0238591963683097
-1.021927930729013
-1.0180559685301689
-0.9982818299394838
-0.9882828958940191
-0.9840261305806669
-0.9813785829629137
-0.9663941760410975
-0.9632792561883488
-0.9596946342382932
-0.9556685969680341
-0.949587772804493
-0.931524643578584
-0.9301837149340637
-0.9294868053434794
-0.926802023444233
-0.9196278442433675
-0.9178557506906886
-0.9168609571627331
-0.9146503417821261
-0.9020005582687288
-0.9017961556108113
-0.901523417792553
-0.9012744881025506
1.1419936397834218
1.1425168673684236
1.143140119802669
1.143933539183429
1.1505670904627625
1.1536148163368747
1.156029173456137
1.158366763496665
1.1618277554780962
1.1669044603222791
1.1707943916255972
1.1720714578967713
1.1744069926106797
1.1867299896584005
1.189349749585482
1.1912417439885812
1.1936623926597791
1.2117673415226908
1.2146483747480832
1.2168485609358395
1.2216127172312126
1.247830816886094
1.2501513586987347
1.2518455141689568
1.25273980094421
1.2895502689239158
1.2915569464853816
1.2922611621411408
1.293370173564973
1.3412215139436436
1.3415211959140643
1.3421829341770715
1.342383632660447
1.39748518116874
1.3991999450101986
1.3998560444518466
1.399876841972616
1.4649627444796598
1.465136491565466
1.4658594824971927
1.4659295315628444
1.5368547370995158
1.538666785653283
1.5392459862582368
1.539315018655904
1.6196996944042072
1.6198424158472733
1.6206988532435935
1.6207457898548396
1.7064682940839542
1.7083169509826068
1.7086953690356732
1.708888459925315
1.8033996985209124
1.8035258367772329
1.804404057048058
1.8045894534165932
1.9040356315349076
1.905829021346356
1.9058646127708065
1.9062334126212928
2.013639645333085
2.013751271857908
2.014620700654734
2.0149618723097324
2.1272623445933703
2.1283263567110984
2.128851877539844
2.128963808603629
2.248074601562914
2.2481713183280894
2.248994469753499
2.249485267403974
2.373784225885235
2.374151519580637
2.37486175661455
2.375254618086432
2.5045428424769747
2.5046221521045124
2.505344284074742
2.5059352370165366
2.640043114992309
2.641973401150043
2.643350094314283
2.6433824408513176
2.781034708900682
2.7810895408293335
2.781613791208481
2.7821663491867867
2.9243544144494122
2.9293775921247587
2.9343678315471675
2.9389765586332923
-2.9282726275422193
-2.9232812150221745
-2.9187235464498813
-2.91501969598952
-2.7806675878778404
-2.780656704310949
-2.780135262611046
-2.77941785780454
-2.6390660048138925
-2.6371395063341874
-2.6358765732912173
-2.6358230805973366
-2.500518057431279
-2.500504531470453
-2.499787416579626
-2.4990346903029415
-2.3665601278656263
-2.3663298528233843
-2.365487073084061
-2.3651725037767464
-2.236989201852233
-2.236975237798762
-2.236159418345379
-2.2355424123284533
-2.112921223611361
-2.1117919967891408
-2.111349561316997
-2.111157585326449
-1.9918816021383208
-1.9918677423479234
-1.9910077844414709
-1.9905801848337688
-1.878227384897718
-1.876543858619191
-1.8764389299345674
-1.8760697316814763
-1.7670188961627984
-1.7670045216878887
-1.766137294816393
-1.765899251807064
-1.6644166297789398
-1.662771410785842
-1.6623447421099509
-1.6621460064700413
-1.564372580201837
-1.5643559690355142
-1.5635091263129814
-1.5634330339818023
-1.4737054072573748
-1.472171311239285
-1.4715685933243492
-1.4714802863773473
-1.3861440669153957
-1.3861220280974316
-1.3853499139628547
-1.3853114242016722
-1.3085149549981203
-1.3070868453884605
-1.3064363748800638
-1.3063378797032656
-1.2349072456355423
-1.2346690093123407
-1.2339932114141676
-1.233893710366807
-1.1714513945508374
-1.1700367118949502
-1.1694951620065017
-1.168991908455762
-1.112957154421074
-1.1125677287934805
-1.1121558249970722
-1.1116261869294728
-1.0647335721384075
-1.0643025145529201
-1.063011868062846
-1.0621082551088947
-1.0257018313479078
-1.024654885740305
-1.021278790677169
-1.0182771916613964
-0.9982282491231633
-0.9885710156321204
-0.9830897450168201
-0.9821120590611568
-0.9660111697495463
-0.9638411559371273
-0.9593810947991283
-0.9557688192910624
-0.9495788298437244
-0.9315484708984848
-0.9300910881820439
-0.9295601593793245
-0.9267976843502552
-0.919634681179709
-0.9178291177417283
-0.9168845981250716
-0.914646517280806
-0.9020259854045213
-0.9017194231399616
-0.9015890107177924
-0.9012602524707785
1.1419607083212122
1.1427135378669686
1.1429076273754426
1.1440102314588734
1.150483607868026
1.1542179628416382
1.1550793861015896
1.159266790622266
1.1611702145893983
1.167377964660634
1.1701272745477034
1.1725286378801312
1.1743231232544855
1.186776021488693
1.189202200858669
1.1913857353075503
1.1936201392602526
1.2117490216804288
1.2147024006350546
1.2168058988866808
1.2216196269117923
1.2478250943317937
1.25016849685458
1.2518247457178395
1.2527489731998416
1.2895518494643512
1.2915460247343054
1.2922738364611408
1.293366846582147
1.3412232282096725
1.3415179631239726
1.3421870104223914
1.342381075142674
1.3974851811393825
1.3991999454503035
1.3998560337065693
1.3998768523074474
1.4649627443933293
1.4651364916952714
1.465859482218803
1.4659295317977599
1.536854737099452
1.5386667856541663
1.53924598625216
1.5393150186611588
1.6196996944041855
1.6198424158472993
1.6206988532435262
1.6207457898548985
1.706468294083953
1.7083169509826088
1.7086953690356728
1.7088884599253165
1.8033996985209142
1.8035258367772322
1.804404057048058
1.8045894534165934
1.9040356315349136
1.9058290213463558
1.9058646127708057
1.9062334126212965
2.0136396453330847
2.0137512718579105
2.0146207006547328
2.014961872309732
2.1272623445933685
2.1283263567111
2.1288518775398413
2.1289638086036304
2.2480746015629154
2.2481713183280876
2.248994469753499
2.249485267403973
2.373784225885233
2.3741515195806393
2.3748617566145502
2.3752546180864313
2.5045428424769782
2.504622152104509
2.5053442840747455
2.5059352370165295
2.640043114992306
2.6419734011500373
2.6433500943142842
2.643382440851321
2.7810347089006777
2.781089540829337
2.7816137912084775
2.7821663491867827
2.9243544144494154
2.92937759212476
2.9343678315471697
2.9389765586332937
-2.928272627542216
-2.9232812150221723
-2.918723546449878
-2.9150196959895203
-2.7806675878778413
-2.780656704310949
-2.7801352626110503
-2.779417857804536
-2.6390660048138948
-2.6371395063341843
-2.6358765732912133
-2.6358230805973397
-2.50051805743128
-2.500504531470457
-2.4997874165796263
-2.499034690302941
-2.366560127865626
-2.3663298528233847
-2.365487073084063
-2.365172503776747
-2.236989201852233
-2.236975237798762
-2.236159418345379
-2.2355424123284537
-2.1129212236113606
-2.1117919967891403
-2.111349561316997
-2.1111575853264486
-1.991881602138321
-1.9918677423479247
-1.9910077844414722
-1.990580184833769
-1.878227384897719
-1.8765438586191905
-1.8764389299345678
-1.8760697316814752
-1.7670188961627975
-1.767004521687887
-1.7661372948163918
-1.7658992518070644
-1.664416629778939
-1.6627714107858418
-1.6623447421099506
-1.6621460064700408
-1.564372580201836
-1.5643559690355118
-1.5635091263129817
-1.5634330339818026
-1.4737054072573752
-1.472171311239285
-1.4715685933243519
-1.471480286377345
-1.3861440672534635
-1.3861220277396085
-1.3853499141858763
-1.385311423998405
-1.3085149551957291
-1.307086843379749
-1.3064363858289199
-1.306337870565353
-1.2349075724632717
-1.2346684241138777
-1.2339944295073084
-1.2338927506384103
-1.1714514594552794
-1.1700361560933217
-1.1694959986521183
-1.168991562704171
-1.11295631169723
-1.1125703967471787
-1.112153157992738
-1.1116270297346005
-1.0646570111042113
-1.064412140240897
-1.0629567366246326
-1.0621302615388868
-1.025917040193818
-1.0242247972819423
-1.021630124301636
-1.0181315440053562
-0.9982802943795038
-0.9882248668228955
-0.9842238698061677
-0.9812113685643056
-0.9666756706496965
-0.9626164463050534
-0.960251148041416
-0.9554952060138313
-0.9496143706554642
-0.9313515724274712
-0.9306030896234129
-0.9291964815740039
-0.9268466376925124
-0.9196285050962122
-0.9178381764217187
-0.9168786276040568
-0.9146474034593228
-0.9020106538439041
-0.9017723384290814
-0.9015422777511631
-0.9012693751402563
1.1420081159409858
1.1424717591071285
1.1431941948187736
1.143908879077136
1.1505632286033438
1.1536998758377812
1.155768680537281
1.1587642411648542
1.1614707357750946
1.1673520038162584
1.1700449948018328
1.172624296685325
1.174302613852506
1.186666259291603
1.1895157482975693
1.1910961967146387
1.193701387568859
1.2116988504176338
1.2148590198421323
1.2166777979255903
1.2216400427495677
1.2477687337902938
1.250431952696588
1.2514840091138875
1.252881852316859
1.2895458252463938
1.291586577514224
1.292228270577527
1.2933778359668173
1.3412218176192605
1.3415205917614859
1.3421837706539872
1.3423830965787937
1.3974851811920674
1.399199944950518
1.3998560441219534
1.3998768423393546
1.464962744310305
1.465136491819475
1.4658594819579254
1.4659295320174572
1.5368547370994028
1.5386667856548848
1.539245986247204
1.5393150186654554
1.6196996944041546
1.6198424158473446
1.6206988532434132
1.6207457898550042
1.706468294083952
1.7083169509826077
1.708695369035671
1.7088884599253122
1.8033996985209169
1.803525836777234
1.8044040570480622
1.8045894534165903
1.9040356315349087
1.905829021346359
1.9058646127708048
1.906233412621297
2.013639645333081
2.013751271857901
2.014620700654736
2.014961872309734
2.1272623445933734
2.1283263567111024
2.128851877539844
2.1289638086036264
2.248074601562908
2.248171318328085
2.248994469753496
2.249485267403971
2.3737842258852293
2.3741515195806406
2.3748617566145476
2.3752546180864273
2.504542842476972
2.5046221521045147
2.505344284074741
2.5059352370165326
2.6400431149923076
2.641973401150044
2.6433500943142807
2.643382440851319
2.7810347089006817
2.7810895408293352
2.7816137912084815
2.7821663491867876
2.924354414449414
2.9293775921247596
2.93436783154717
2.9389765586332923
-2.9282726275422184
-2.923281215022173
-2.9187235464498795
-2.915019695989523
-2.7806675878778386
-2.780656704310948
-2.7801352626110436
-2.7794178578045363
-2.639066004813895
-2.6371395063341794
-2.6358765732912124
-2.635823080597338
-2.500518057431283
-2.5005045314704533
-2.4997874165796286
-2.499034690302941
-2.3665601278656254
-2.366329852823385
-2.365487073084062
-2.3651725037767455
-2.236989201852233
-2.2369752377987635
-2.2361594183453786
-2.2355424123284533
-2.112921223611361
-2.111791996789141
-2.1113495613169975
-2.1111575853264473
-1.9918816021383206
-1.9918677423479232
-1.9910077844414718
-1.990580184833768
-1.878227384897719
-1.87654385861919
-1.876438929934567
-1.8760697316814767
-1.7670188961627977
-1.767004521687887
-1.7661372948163923
-1.7658992518070638
-1.6644166297789393
-1.6627714107858416
-1.6623447421099513
-1.6621460064700384
-1.5643725802018356
-1.5643559690355118
-1.5635091263129812
-1.563433033981803
-1.4737054072573765
-1.4721713112392798
-1.47156859332439
-1.471480286377313
-1.3861440674689236
-1.3861220275116382
-1.3853499143262529
-1.3853114238705404
-1.3085149552123918
-1.3070868432275162
-1.3064363866160467
-1.3063378699138126
-1.2349074299322766
-1.2346686808671117
-1.2339938894700515
-1.2338931764581589
-1.1714513393089991
-1.170037228194226
-1.169494356642891
-1.1689922528128738
-1.1129474531151196
-1.1125934293072082
-1.1121332328855953
-1.1116327810554696
-1.0648606483212957
-1.0640000824993756
-1.0632795559895056
-1.0620154819861385
-1.026176555469661
-1.0232041230036675
-1.022577023526495
-1.017934701456055
-0.9983330775159291
-0.9878529943050449
-0.9848866463881397
-0.9808348026486969
-0.9669233578703009
-0.9618186960084558
-0.9609188284661486
-0.9554130405400656
-0.9496235679499156
-0.931304920831943
-0.9306772428708783
-0.929164029759336
-0.9268513720435353
-0.9196216077075606
-0.9178645682662425
-0.9168552825553568
-0.914651234155736
-0.9019762869870389
-0.901841561664323
-0.9014906890426749
-0.9012860555128506
1.1420614361598393
1.1423462438555658
1.1433793918096744
1.1437880096532484
1.1506551806999143
1.1533126522387376
1.1568229030970911
1.157641359820208
1.1620288954754452
1.1668679863582634
1.1706656221370857
1.1722127768679975
1.174391162647693
1.1866261093370056
1.189709553855063
1.190904918897779
1.1937387882808372
1.2117161484760557
1.2148001551288812
1.2167262038737643
1.2216332498505393
1.247774004482197
1.2504084012435324
1.2515084085919725
1.2528759142355455
1.2895442641978827
1.291598904638399
1.292214298040967
1.293381036301106
1.3412201277267197
1.3415238111070442
1.3421797549789785
1.3423855825972848
1.3974851812214202
1.3991999445104133
1.3998560548775547
1.3998768319942028
1.4649627443966373
1.4651364916896727
1.4658594822363131
1.4659295317825438
1.5368547370994663
1.5386667856540033
1.5392459862532768
1.5393150186601978
1.6196996944041744
1.6198424158473146
1.6206988532434787
1.6207457898549427
1.7064682940839555
1.7083169509826086
1.7086953690356737
1.7088884599253165
1.8033996985209164
1.803525836777234
1.8044040570480624
1.8045894534165894
1.9040356315349085
1.905829021346358
1.905864612770807
1.9062334126212979
2.0136396453330856
2.0137512718579047
2.014620700654735
2.0149618723097364
2.127262344593371
2.128326356711099
2.1288518775398435
2.128963808603627
2.248074601562913
2.248171318328088
2.2489944697535003
2.2494852674039705
2.373784225885234
2.374151519580638
2.3748617566145493
2.375254618086429
2.5045428424769764
2.5046221521045076
2.5053442840747415
2.5059352370165278
2.6400431149923067
2.6419734011500395
2.6433500943142807
2.6433824408513207
2.7810347089006804
2.7810895408293344
2.781613791208483
2.782166349186782
2.9243544144494154
2.9293775921247605
2.9343678315471706
2.938976558633291
-2.927007847937986
-2.9220840401867605
-2.9177025008929194
-2.914268207331529
-2.780740185230809
-2.780497123534919
-2.7802661567548457
-2.778848081568643
-2.6385838218365874
-2.6367150646687416
-2.6361327641446803
-2.6356909817277363
-2.500617690452376
-2.5002996315724757
-2.4999661132615842
-2.498426205133637
-2.366813883866999
-2.366292736902223
-2.3653220905684016
-2.3652913531946624
-2.237102534147153
-2.236757465292399
-2.236360582291201
-2.2350224162530807
-2.113424642632887
-2.111637412447019
-2.1116304801694277
-2.1110787045856085
-1.992001144907422
-1.9916530161794326
-1.9912166955915807
-1.9901867750211564
-1.878672299808027
-1.8768868694245282
-1.87635536621897
-1.8760584387741244
-1.7671393412963652
-1.766801736484004
-1.7663436594194681
-1.765632470129404
-1.6647780419317606
-1.6631376095173147
-1.662309813234899
-1.6621738763745384
-1.564489376522592
-1.5641706935051214
-1.56370503499119
-1.5632749838893372
-1.4739833630288368
-1.4725372352021227
-1.471568148637448
-1.4715285835208687
-1.3862563407223087
-1.3859510206627192
-1.3854950578498517
-1.385274375567799
-1.308719945800617
-1.307450337825342
-1.3064614729860549
-1.306379644556763
-1.234977971478128
-1.2345076604613316
-1.2341530451349345
-1.2339202862448013
-1.1715934066597609
-1.1704197015641122
-1.1694927235929546
-1.1690238801879935
-1.1129905675812541
-1.1125021110237203
-1.1122166261934543
-1.1117031552463918
-1.064998660795979
-1.0639518409767934
-1.063465207369235
-1.0621613749987238
-1.0260811800368397
-1.0239504761879938
-1.021876787724762
-1.018072722093467
-0.9982842102958628
-0.9883201970339819
-0.9842416098383947
-0.9814578098721075
-0.9665154324363486
-0.9632121542322853
-0.9597757728279291
-0.9556288204928183
-0.9496041019598773
-0.9313280105736041
-0.9308533404113324
-0.9292560981666479
-0.9268936567351878
-0.9199608716240953
-0.9180858837363275
-0.917155523481486
-0.9152000379505691
-0.9020007130336338
-0.9018058949305056
-0.9015490137915229
-0.9012880834732524
1.1420550572119073
1.1422351434421918
1.1433516220263746
1.1437430974648728
1.1503743248328278
1.1530377097151203
1.1566385511383501
1.157539781145742
1.1620194031165982
1.1666485081179234
1.1702930113957535
1.172141969674335
1.1742771538351326
1.1866700352663084
1.18950528221326
1.191042941184395
1.1936169520670936
1.2115938011821272
1.2141808528094098
1.2167976946266923
1.22162130337759
1.2477509581617723
1.25055158212086
1.2513378531006067
1.2528566041588691
1.289295195675823
1.2911341925487285
1.2922186248935592
1.293364333927188
1.3411861633347266
1.341603642422811
1.3420871557142913
1.3423844833418432
1.3971531803063595
1.3988117615775817
1.3998085853105608
1.3998374668087175
1.4649649536805878
1.465144889664207
1.4657784744482025
1.4660006985761016
1.5364598188388519
1.5382705738907565
1.5392242092053572
1.5392864513149938
1.6196751210232814
1.6198973237761094
1.6205220013436443
1.6209707501305772
1.7060098265054975
1.7079329137053303
1.70871373768966
1.7088801747072928
1.803362518786699
1.8036081291990744
1.8042127056477135
1.8049156009113898
1.903521691662623
1.9054840692045736
1.9059343893034497
1.9062640287185793
2.013594973070461
2.0138541932784317
2.0144234209099765
2.015396961345124
2.1267233017843994
2.1284699141281505
2.1285829776882546
2.1290608398411552
2.248026723125354
2.248287419890618
2.248801724496501
2.2500189249683675
2.373664197051977
2.3740435863720606
2.3750727333225794
2.375125755203701
2.5044971424879914
2.5047392401110598
2.5051710124047832
2.5065226565991825
2.6405205412428048
2.6424081082989583
2.643143917350414
2.6435034909026083
2.7809995077567145
2.781184897663881
2.781485592719474
2.782686949020824
2.925591448654739
2.930643202304694
2.9355676098742784
2.940036115567276
-2.9270078479379826
-2.9220840401867614
-2.917702500892918
-2.9142682073315282
-2.7807401852308065
-2.7804971235349196
-2.7802661567548452
-2.7788480815686416
-2.6385838218365887
-2.636715064668746
-2.6361327641446826
-2.635690981727738
-2.500617690452377
-2.5002996315724766
-2.4999661132615865
-2.498426205133634
-2.3668138838669988
-2.3662927369022224
-2.3653220905683994
-2.3652913531946638
-2.2371025341471524
-2.2367574652924005
-2.236360582291202
-2.2350224162530807
-2.113424642632887
-2.1116374124470196
-2.1116304801694272
-2.1110787045856085
-1.9920011449074209
-1.9916530161794328
-1.991216695591581
-1.9901867750211568
-1.8786722998080272
-1.8768868694245284
-1.8763553662189705
-1.8760584387741241
-1.767139341296365
-1.7668017364840054
-1.7663436594194684
-1.7656324701294042
-1.6647780419317604
-1.6631376095173163
-1.6623098132348988
-1.6621738763745382
-1.564489376522593
-1.5641706935051212
-1.563705034991191
-1.563274983889338
-1.473983363028837
-1.472537235202127
-1.4715681486374041
-1.47152858352091
-1.3862563407091018
-1.3859510206953973
-1.3854950578083989
-1.3852743755897858
-1.3087199457697738
-1.3074503379870763
-1.3064614717476544
-1.306379645664281
-1.2349779830707428
-1.2345076099675754
-1.234153119939326
-1.2339202503408153
-1.171593400040322
-1.1704197360648956
-1.169492656161534
-1.169023919761132
-1.1129935420633728
-1.1124871802198104
-1.1122319579127498
-1.1116997793825545
-1.0648579965805147
-1.0643571737205857
-1.063075946549109
-1.0622863405429506
-1.02573049478351
-1.0247056307548197
-1.0212677043933798
-1.018288137225171
-0.9982306692995667
-0.9886221492434224
-0.9833348769908892
-0.9821512283919782
-0.9660702473782729
-0.9639129224109397
-0.9593252048039227
-0.9557983347451147
-0.9495816571389847
-0.9315996702706179
-0.9302854200867645
-0.9296036511757311
-0.9268409070102884
-0.9199770584802462
-0.9180416093409736
-0.9171920337972522
-0.9151946729816098
-0.9020257901163554
-0.9017285537668269
-0.9016138980918806
-0.901275507453901
1.1419585795394374
1.1424378039154992
1.1430955618497978
1.1439034991344026
1.1502836981954854
1.1533252205749007
1.1558934496715774
1.1582269317494496
1.1618213857881987
1.1666741177335214
1.1704961869546424
1.1718915742328135
1.174345722044965
1.1867119463499873
1.189365397037423
1.1911768110054954
1.1935811612947886
1.211647940970269
1.2140577384116342
1.2168864258424466
1.221602223619703
1.247808239405816
1.2502302455723855
1.2517371287277708
1.252722152777793
1.2893012280692047
1.2911104725831317
1.2922447840667899
1.293355913031334
1.3411871956480914
1.341600875749521
1.3420903120952472
1.342383061601736
1.3971531802329706
1.3988117620113334
1.3998085765709039
1.3998374751878309
1.4649649535661526
1.4651448898401542
1.4657784743037898
1.4660006986590077
1.536459818838873
1.538270573890591
1.5392242092070838
1.5392864513134137
1.6196751210232971
1.6198973237760776
1.6205220013436639
1.6209707501305708
1.7060098265054995
1.7079329137053318
1.7087137376896602
1.7088801747072937
1.8033625187866953
1.803608129199074
1.8042127056477117
1.8049156009113885
1.9035216916626159
1.905484069204574
1.9059343893034475
1.9062640287185801
2.013594973070458
2.013854193278432
2.0144234209099783
2.015396961345125
2.1267233017844034
2.1284699141281487
2.128582977688254
2.12906083984115
2.2480267231253612
2.2482874198906178
2.2488017244965004
2.2500189249683693
2.3736641970519776
2.374043586372065
2.375072733322585
2.375125755203704
2.504497142487989
2.5047392401110615
2.5051710124047863
2.5065226565991834
2.640520541242802
2.642408108298958
2.643143917350412
2.643503490902618
2.7809995077567193
2.781184897663882
2.78148559271948
2.7826869490208246
2.925591448654737
2.930643202304697
2.9355676098742802
2.9400361155672745
-2.927007847937982
-2.9220840401867605
-2.9177025008929176
-2.9142682073315287
-2.7807401852308073
-2.7804971235349183
-2.780266156754845
-2.7788480815686443
-2.6385838218365856
-2.6367150646687447
-2.6361327641446852
-2.635690981727736
-2.500617690452376
-2.5002996315724793
-2.4999661132615856
-2.4984262051336366
-2.3668138838669988
-2.366292736902222
-2.3653220905684
-2.36529135319466
-2.237102534147152
-2.236757465292399
-2.236360582291201
-2.2350224162530807
-2.113424642632887
-2.1116374124470196
-2.111630480169427
-2.1110787045856085
-1.992001144907421
-1.9916530161794326
-1.991216695591581
-1.9901867750211562
-1.8786722998080274
-1.8768868694245286
-1.87635536621897
-1.8760584387741241
-1.7671393412963656
-1.7668017364840047
-1.7663436594194677
-1.7656324701294046
-1.6647780419317628
-1.663137609517316
-1.6623098132348995
-1.6621738763745395
-1.5644893765225925
-1.5641706935051198
-1.563705034991191
-1.5632749838893387
-1.4739833630288366
-1.4725372352021258
-1.4715681486374075
-1.4715285835209064
-1.3862563407297208
-1.385951020644173
-1.3854950578738046
-1.3852743755549835
-1.3087199459369208
-1.3074503370846833
-1.3064614788188378
-1.3063796393282106
-1.2349781293555058
-1.2345069817615402
-1.2341540375171876
-1.2339198146791992
-1.1715934780694885
-1.1704194005686692
-1.1694932293423623
-1.1690236040117903
-1.113000195148709
-1.1124488884542554
-1.1122696380346941
-1.111693738820375
-1.06479828005172
-1.064450920568643
-1.0630145262803767
-1.0623136663794324
-1.0259429688848543
-1.0242925612703782
-1.0215994630140743
-1.0181484481439078
-0.998277707078599
-0.9883248367528691
-0.9842584566001974
-0.9814360487398479
-0.9665319479362466
-0.963216463581928
-0.9597295479564433
-0.9556700321797071
-0.9495905644348129
-0.9316269003500705
-0.9301821993901596
-0.9296843245783664
-0.9268361043392093
-0.9199791819924028
-0.9180390397232315
-0.9171922506090464
-0.915195319107716
-0.9020105643904474
-0.9017825797912362
-0.901566911080171
-0.9012836714806772
1.141918999210379
1.1426502682733168
1.1428486176839103
1.1439868636724702
1.1501977046324814
1.1538378093093464
1.1550423569264519
1.1590962442951755
1.1611722532838002
1.167167086163467
1.1698936810930938
1.1722132368575975
1.1743359514969922
1.1866162129528688
1.1897513490474374
1.1907867089838173
1.193677200045791
1.2115821576866554
1.2141875081672766
1.2168055557763913
1.2216159182910435
1.2477972464750526
1.2502704913134834
1.2516874968871137
1.2527422183251946
1.2893027611126076
1.2911041710465623
1.2922520907591708
1.2933533801764354
1.3411884868787018
1.3415974148466492
1.3420943552834679
1.3423811882907277
1.3971531802385124
1.3988117620240779
1.3998085757832492
1.3998374759575425
1.464964953406
1.465144890087609
1.465778474097104
1.466000698778397
1.5364598188388094
1.5382705738910822
1.539224209202099
1.5392864513179756
1.6196751210232831
1.6198973237760985
1.6205220013436485
1.62097075013058
1.7060098265055004
1.7079329137053305
1.7087137376896593
1.708880174707293
1.803362518786699
1.803608129199075
1.804212705647713
1.8049156009113865
1.9035216916626163
1.9054840692045727
1.905934389303448
1.9062640287185817
2.0135949730704623
2.0138541932784313
2.0144234209099774
2.0153969613451217
2.1267233017844043
2.1284699141281465
2.1285829776882523
2.129060839841152
2.2480267231253612
2.248287419890618
2.2488017244965017
2.2500189249683658
2.373664197051979
2.3740435863720646
2.3750727333225794
2.375125755203702
2.5044971424879923
2.5047392401110615
2.5051710124047837
2.506522656599185
2.640520541242809
2.642408108298959
2.6431439173504123
2.643503490902617
2.7809995077567167
2.781184897663882
2.781485592719478
2.7826869490208197
2.9255914486547363
2.930643202304692
2.9355676098742762
2.94003611556727
-2.927007847937984
-2.92208404018676
-2.9177025008929203
-2.91426820733153
-2.780740185230811
-2.7804971235349223
-2.7802661567548466
-2.7788480815686456
-2.6385838218365882
-2.636715064668744
-2.6361327641446817
-2.6356909817277376
-2.5006176904523794
-2.5002996315724753
-2.499966113261588
-2.4984262051336334
-2.366813883866999
-2.366292736902221
-2.365322090568403
-2.365291353194663
-2.2371025341471533
-2.2367574652923996
-2.2363605822912
-2.2350224162530807
-2.1134246426328867
-2.11163741244702
-2.111630480169427
-2.111078704585607
-1.992001144907419
-1.9916530161794328
-1.9912166955915813
-1.9901867750211566
-1.878672299808026
-1.876886869424528
-1.8763553662189698
-1.876058438774123
-1.7671393412963645
-1.7668017364840027
-1.7663436594194675
-1.7656324701294046
-1.664778041931761
-1.6631376095173143
-1.6623098132348986
-1.6621738763745397
-1.5644893765225925
-1.5641706935051205
-1.5637050349911905
-1.563274983889338
-1.4739833630288364
-1.4725372352021218
-1.4715681486374521
-1.4715285835208645
-1.3862563407429305
-1.3859510206114944
-1.3854950579152576
-1.3852743755329961
-1.3087199459677659
-1.3074503369229478
-1.3064614800570478
-1.3063796382208812
-1.234978117777626
-1.2345070324122522
-1.2341539627552598
-1.2339198503690283
-1.17159348468704
-1.1704193660436253
-1.1694932967215879
-1.1690235645169982
-1.1129973807986864
-1.112468417304422
-1.1122497026660882
-1.1116969601551667
-1.06497226008228
-1.0640586288712746
-1.0633680234071534
-1.0621781076609427
-1.026198172500213
-1.0234167181686253
-1.0224016534850489
-1.0179560656990345
-0.9983305240058031
-0.987948142459581
-0.9849558023221073
-0.9810265294941143
-0.9668596037394701
-0.9625047656244043
-0.9602940384206867
-0.9555158677950636
-0.9496131804730873
-0.931393520918818
-0.9307600747126743
-0.9292889613526726
-0.9268884300811104
-0.919963034274156
-0.9180833653795922
-0.917155642676409
-0.9152006900952987
-0.9019760834604604
-0.90185155732877
-0.9015179494809669
-0.9012980922729177
1.1419759448974074
1.1423898597729727
1.143150166466812
1.143878154635901
1.1502797685354385
1.1534027250619292
1.1556430815514045
1.1586166136134481
1.1614557842085291
1.1671596582791737
1.169743660052136
1.172404018812951
1.1742632429521056
1.1865786239852134
1.190022496079266
1.1905215764051753
1.1937086675501891
1.2115319066950474
1.2143130089131433
1.2167107609344545
1.2216347844498434
1.2477408339755345
1.2506256479957492
1.2512600985695297
1.2528701034430878
1.2892967095319445
1.2911276765362598
1.29222609531242
1.293361871009057
1.3411874432471727
1.3416001666501263
1.342091194883543
1.3423826402377808
1.3971531803119008
1.3988117615903248
1.3998085845224446
1.3998374675788887
1.464964953520428
1.4651448899116624
1.4657784742415183
1.4660006986954934
1.5364598188387857
1.5382705738912494
1.539224209200374
1.5392864513195523
1.6196751210232652
1.619897323776132
1.6205220013436308
1.620970750130586
1.7060098265055026
1.7079329137053303
1.708713737689659
1.7088801747072904
1.8033625187867008
1.803608129199073
1.8042127056477117
1.804915600911391
1.9035216916626174
1.9054840692045734
1.9059343893034464
1.9062640287185837
2.013594973070458
2.013854193278432
2.0144234209099787
2.0153969613451186
2.1267233017844043
2.1284699141281482
2.128582977688253
2.1290608398411535
2.2480267231253563
2.248287419890616
2.248801724496498
2.25001892496837
2.3736641970519825
2.374043586372063
2.3750727333225776
2.375125755203703
2.5044971424879843
2.5047392401110615
2.5051710124047863
2.5065226565991847
2.6405205412428066
2.642408108298954
2.6431439173504088
2.643503490902614
2.780999507756716
2.7811848976638798
2.7814855927194757
2.7826869490208233
2.925591448654735
2.93064320230469
2.9355676098742753
2.9400361155672714
-2.9257499333856067
-2.9209208422852537
-2.916741305110629
-2.913594223744337
-2.7807780179319974
-2.7804059433111576
-2.780236994086379
-2.778167391589881
-2.638090602680535
-2.6364785618581967
-2.636345433594535
-2.635654223965328
-2.5006671232118114
-2.5001588938960104
-2.499978575412186
-2.4977435608530896
-2.367340820591315
-2.366009553190511
-2.3655698676886776
-2.3651646698321156
-2.237156092926822
-2.236580407762799
-2.236430500585478
-2.2344875933411177
-2.113914076505141
-2.111998220617779
-2.1114622063055664
-2.1110764334188947
-1.9920552971411238
-1.991448764676864
-1.9913444278570414
-1.9898336352808572
-1.8790542001628934
-1.8773000624762295
-1.8762460254140392
-1.876127230656673
-1.767192447766789
-1.7665777554324464
-1.7665218368763385
-1.7654479728445367
-1.6650411188922396
-1.6635566928021395
-1.662282438791537
-1.662243716071299
-1.5645409667620822
-1.563933286918706
-1.5639221955941545
-1.5632264346334415
-1.4741416687489073
-1.4729406202816069
-1.47165617902719
-1.4715311347803979
-1.3863049768229856
-1.3857295465550086
-1.3857139194267445
-1.3853245570958794
-1.3087912399601112
-1.307837766041463
-1.3065620671989875
-1.3063871287153128
-1.2350009472644372
-1.234391266000956
-1.2342814192254108
-1.2340474656472096
-1.171581785778326
-1.1708172594038693
-1.1695339940060365
-1.1690690974236717
-1.1130073681904435
-1.1125257083355433
-1.1122331703371169
-1.1118195344768302
-1.0651073293234279
-1.0639785526167567
-1.0635463426395153
-1.0622884374430024
-1.0260939427494877
-1.0240996854825362
-1.0218074284116097
-1.0181074052301904
-0.9982752812881177
-0.9885522076895528
-0.9840226532506381
-0.9817614398912718
-0.9661729545905801
-0.9639821144063062
-0.9592772048979923
-0.9558348493829938
-0.949589406153514
-0.9315203905195855
-0.930850560123143
-0.9293250055652514
-0.9269403872951583
-0.9202978371523649
-0.9183630497694892
-0.9173704674592846
-0.9157416839238014
-0.9020036736926699
-0.9018057936206222
-0.9015746203490611
-0.9013040286208033
1.1419209643276362
1.142308692324872
1.1431120254939398
1.1438404070648382
1.150044450226258
1.1530617009546642
1.155448825695546
1.1584398253526573
1.1614280471879788
1.1671231316845387
1.1693375477357832
1.172266706352609
1.174183346216545
1.1867509262949323
1.1891663776998416
1.1912055800675794
1.1934254218507088
1.2118432143499611
1.21338915291306
1.2168057968372343
1.2215868587196244
1.2477742270377858
1.2503807101752378
1.2514619092977344
1.252722470417973
1.289254446518122
1.2905934269856487
1.2922013937676942
1.2933170210518559
1.341136550887515
1.3417970535667136
1.3419039279552951
1.3422967288200016
1.3969594183676641
1.398367126989646
1.3997069996814802
1.399827790050905
1.464871528153306
1.4653809090636951
1.4655753852841713
1.46600991327575
1.536186290659907
1.5378094819795842
1.5391770433165888
1.5392507169762528
1.6195862569525348
1.6201625284615724
1.6202991286647317
1.621086558887751
1.7056442606205997
1.70747387117344
1.7087729742421158
1.708791544861759
1.8032775266500392
1.803895987011567
1.8039820521402885
1.8051686891309426
1.9030601893289372
1.9050528133861158
1.906038913450491
1.9062165459383895
2.0135143341568917
2.014160101553539
2.014193746532908
2.015805634495957
2.1261868313679035
2.1282175998050996
2.128641916928426
2.1290846121671456
2.2479521925480586
2.248583500178449
2.2486006990672545
2.250579473172415
2.373125775624241
2.3743248503544376
2.374895143188033
2.3752186260474897
2.5044323911480886
2.504979199965504
2.505037306719211
2.507187281882518
2.6410128222366573
2.642791459439458
2.6428119537913535
2.643562438491911
2.780952450679276
2.781346238027491
2.781419389326384
2.7833080613203505
2.9268453856522716
2.931900480169578
2.936738479762803
2.941051444684049
-2.925749933385598
-2.9209208422852497
-2.9167413051106212
-2.9135942237443335
-2.780778017931997
-2.780405943311158
-2.780236994086379
-2.7781673915898786
-2.638090602680535
-2.6364785618581963
-2.636345433594538
-2.635654223965329
-2.500667123211812
-2.5001588938960078
-2.4999785754121833
-2.4977435608530922
-2.3673408205913153
-2.3660095531905108
-2.3655698676886794
-2.365164669832111
-2.2371560929268215
-2.236580407762798
-2.236430500585477
-2.2344875933411177
-2.113914076505141
-2.111998220617779
-2.1114622063055664
-2.1110764334188956
-1.9920552971411258
-1.9914487646768635
-1.9913444278570418
-1.9898336352808568
-1.8790542001628932
-1.8773000624762293
-1.876246025414038
-1.8761272306566752
-1.7671924477667893
-1.7665777554324464
-1.7665218368763382
-1.7654479728445374
-1.66504111889224
-1.6635566928021372
-1.6622824387915358
-1.6622437160712982
-1.5645409667620809
-1.5639332869187068
-1.563922195594156
-1.563226434633442
-1.4741416687489057
-1.4729406202816082
-1.4716561790271803
-1.4715311347804072
-1.3863049768146476
-1.385729547347552
-1.3857139186233638
-1.385324557115053
-1.3087912399480492
-1.307837766075142
-1.306562067086572
-1.3063871288060964
-1.23500098704545
-1.2343905105122799
-1.2342823642682483
-1.2340472363103072
-1.1715817600148346
-1.1708173273833353
-1.1695338753040712
-1.1690691739650354
-1.113002063727238
-1.1125469385533115
-1.1122109461267031
-1.111825832620819
-1.0649877115782227
-1.0643783326881948
-1.0631255376334445
-1.0624294523572373
-1.025717673879599
-1.0248412184480606
-1.021242378554177
-1.018317230409803
-0.9982273077068995
-0.9887824759566965
-0.983203212950749
-0.9824152369603345
-0.9659341794876719
-0.9642492214405222
-0.959215037920135
-0.9558371380704347
-0.9495945217555002
-0.9314598577564352
-0.9309372166919632
-0.9292925022834564
-0.9269462700861151
-0.9203042103817354
-0.9183333236768545
-0.9174002294816369
-0.9157351014268338
-0.9020273504371243
-0.9017202336871925
-0.9016480606544779
-0.9012925094354469
1.1420355495639345
1.1421162612018538
1.1433352981903613
1.14368420039591
1.1501479994848232
1.1527066065355926
1.1563541688724188
1.157454262984872
1.1619847494225843
1.1665323377468788
1.1699923324603174
1.1719229520593042
1.1742462274655032
1.1867925711376612
1.1890456127311866
1.1913479309932347
1.1933620088177603
1.211957406766114
1.2132262101929976
1.2168699712553415
1.2215740162975206
1.2477867716518063
1.250321564661758
1.2515302261794965
1.252701083855935
1.2892524878788778
1.2905983451593066
1.2921964375192747
1.2933190133261323
1.3411355647023908
1.3418159260724782
1.3418837999506275
1.3422989702984562
1.3969594183314298
1.3983671271074947
1.39970699907215
1.3998277905782766
1.4648715281397435
1.4653809091444416
1.4655753852027116
1.4660099132900182
1.5361862906599568
1.5378094819793766
1.5391770433186511
1.5392507169743517
1.6195862569525405
1.620162528461529
1.6202991286647717
1.621086558887746
1.7056442606205986
1.707473871173444
1.7087729742421176
1.7087915448617628
1.803277526650043
1.8038959870115636
1.8039820521402845
1.805168689130941
1.9030601893289374
1.9050528133861193
1.9060389134504943
1.9062165459383889
2.0135143341568846
2.014160101553537
2.014193746532907
2.0158056344959596
2.1261868313679004
2.128217599805098
2.1286419169284234
2.1290846121671474
2.247952192548051
2.2485835001784493
2.248600699067255
2.250579473172418
2.373125775624238
2.374324850354435
2.374895143188032
2.375218626047502
2.504432391148083
2.504979199965507
2.5050373067192093
2.507187281882523
2.6410128222366525
2.6427914594394553
2.6428119537913526
2.643562438491913
2.7809524506792767
2.7813462380274876
2.7814193893263806
2.7833080613203465
2.9268453856522747
2.9319004801695736
2.9367384797628024
2.9410514446840543
-2.9257499333856036
-2.9209208422852506
-2.9167413051106266
-2.9135942237443384
-2.780778017931996
-2.780405943311157
-2.780236994086383
-2.7781673915898795
-2.638090602680537
-2.636478561858193
-2.636345433594539
-2.6356542239653287
-2.50066712321181
-2.500158893896009
-2.499978575412186
-2.497743560853089
-2.3673408205913153
-2.366009553190514
-2.365569867688677
-2.365164669832112
-2.237156092926823
-2.236580407762798
-2.236430500585476
-2.2344875933411172
-2.113914076505141
-2.111998220617779
-2.1114622063055655
-2.1110764334188956
-1.9920552971411225
-1.9914487646768628
-1.9913444278570418
-1.9898336352808572
-1.8790542001628932
-1.8773000624762293
-1.8762460254140387
-1.8761272306566756
-1.7671924477667889
-1.766577755432446
-1.7665218368763387
-1.765447972844535
-1.6650411188922392
-1.6635566928021368
-1.6622824387915378
-1.6622437160713002
-1.5645409667620802
-1.5639332869187064
-1.5639221955941554
-1.5632264346334417
-1.4741416687489068
-1.4729406202816082
-1.4716561790271812
-1.4715311347804065
-1.386304976828949
-1.3857295459752894
-1.3857139200147468
-1.3853245570816304
-1.3087912401457997
-1.307837765469562
-1.306562069407881
-1.3063871268925074
-1.2350010656259043
-1.234389007611954
-1.2342842272692534
-1.2340467976281893
-1.1715816677377526
-1.170817549423787
-1.1695335364774873
-1.1690693830685268
-1.1130053047497295
-1.1125336371011305
-1.112225396818392
-1.1118214429607736
-1.0649432240488608
-1.0644583143286581
-1.0630554452262104
-1.0624639852319264
-1.0259633593839457
-1.0243941097837113
-1.021583004985026
-1.0181690334017643
-0.9982770924994221
-0.9884899880725935
-0.98423314619401
-0.9815900570806548
-0.9664032328419463
-0.9636471053761437
-0.9594609504625697
-0.9557740988007194
-0.9495900122846413
-0.9317268763055527
-0.9303753190526626
-0.929643590755714
-0.9268875569646603
-0.9203179046214569
-0.9183128664519956
-0.917411533924545
-0.9157347903900899
-0.9020128043396908
-0.9017824872116114
-0.9015927771374299
-0.9013000659976106
1.1419018325339372
1.1423576370497224
1.143057257056212
1.1438667837637924
1.1500489455025156
1.1529895021650125
1.155683937868547
1.1580707393624132
1.1617920212101098
1.166550471398923
1.1702646540890072
1.1715798941064728
1.1743547534860277
1.1866822382864595
1.1893897286823334
1.1909918947004667
1.1934805997589013
1.211978457216442
1.2131816720559185
1.216901968735043
1.2215630188516127
1.2478431685384495
1.2500778093227558
1.2518994663709064
1.2525198179928925
1.2892606256958756
1.2905792528834612
1.292214430960797
1.2933120248844014
1.3411363457239793
1.3418006702391356
1.3418999723232603
1.3422972730171134
1.3969594182826561
1.3983671272723202
1.3997069982050918
1.3998277913291242
1.4648715280689075
1.4653809095972372
1.4655753847327226
1.4660099133780546
1.5361862906599593
1.5378094819793637
1.5391770433188094
1.539250716974199
1.6195862569525492
1.6201625284614747
1.6202991286648238
1.6210865588877421
1.7056442606205988
1.7074738711734414
1.7087729742421156
1.7087915448617674
1.8032775266500416
1.8038959870115663
1.8039820521402874
1.8051686891309442
1.903060189328938
1.905052813386116
1.9060389134504965
1.906216545938384
2.0135143341568877
2.014160101553539
2.014193746532909
2.015805634495957
2.126186831367902
2.1282175998050996
2.1286419169284243
2.1290846121671487
2.247952192548051
2.2485835001784475
2.248600699067251
2.2505794731724174
2.373125775624242
2.3743248503544336
2.3748951431880294
2.3752186260474875
2.504432391148081
2.5049791999655047
2.5050373067192093
2.5071872818825205
2.6410128222366587
2.642791459439463
2.642811953791357
2.6435624384919083
2.78095245067927
2.7813462380274845
2.7814193893263766
2.7833080613203443
2.9268453856522707
2.9319004801695754
2.9367384797627993
2.9410514446840517
-2.9257499333856027
-2.920920842285256
-2.9167413051106257
-2.913594223744338
-2.7807780179319948
-2.780405943311158
-2.7802369940863834
-2.7781673915898795
-2.6380906026805357
-2.6364785618581914
-2.6363454335945367
-2.6356542239653296
-2.5006671232118105
-2.5001588938960118
-2.4999785754121855
-2.4977435608530887
-2.367340820591315
-2.366009553190514
-2.3655698676886767
-2.3651646698321134
-2.237156092926822
-2.236580407762798
-2.2364305005854774
-2.2344875933411172
-2.1139140765051416
-2.111998220617779
-2.1114622063055655
-2.111076433418895
-1.992055297141125
-1.9914487646768633
-1.9913444278570418
-1.9898336352808574
-1.8790542001628932
-1.8773000624762295
-1.8762460254140403
-1.8761272306566752
-1.7671924477667882
-1.7665777554324462
-1.766521836876339
-1.7654479728445363
-1.6650411188922396
-1.663556692802139
-1.662282438791537
-1.6622437160712986
-1.564540966762083
-1.563933286918705
-1.5639221955941545
-1.563226434633442
-1.474141668748907
-1.4729406202816067
-1.4716561790271905
-1.471531134780397
-1.3863049768372881
-1.3857295451826073
-1.3857139208182672
-1.3853245570624564
-1.3087912401578612
-1.3078377654358817
-1.306562069520297
-1.3063871268017255
-1.2350010258706616
-1.2343897874568817
-1.2342832594834816
-1.2340470253259983
-1.1715816935122803
-1.1708174814492538
-1.1695336552598812
-1.1690693064307656
-1.1130104690642637
-1.1125107581637041
-1.1122491613672305
-1.1118153933466934
-1.0650831101658849
-1.0640926418269032
-1.0634374671287956
-1.062307377473443
-1.0262223154274663
-1.0236037957826707
-1.0222901378577007
-1.0179831893046025
-0.9983243866513251
-0.9882115874480172
-0.98476520950926
-0.9812719542208174
-0.9665659880665598
-0.9634466966942976
-0.9595323672431071
-0.9557724044263382
-0.94958489801138
-0.9317534405874079
-0.9302806572542364
-0.9297175483481792
-0.9268821941113018
-0.9203116532109643
-0.9183432747426259
-0.9173809788783002
-0.9157413617702942
-0.9019807727932382
-0.9018506846786759
-0.9015435246901882
-0.9013131145936149
1.1418575206277652
1.1425737564309288
1.1428047902890779
1.143958359671691
1.1499554421695435
1.1534562273512445
1.1549029585363135
1.1588884163919586
1.161165320509563
1.167112302131899
1.1695334264112411
1.1720084515391378
1.174304189552281
1.1866461754374837
1.1895529380878975
1.1908110196551442
1.1935345048060892
1.2118592639628611
1.21334848611172
1.2168388133163393
1.2215759696002217
1.2478295036206792
1.2501214288053974
1.2518292829059603
1.2525597175368341
1.2892626245859835
1.2905743620803436
1.2922193644258737
1.2933099877719985
1.3411373374199895
1.3417862615441287
1.3419156739418237
1.3422949886031192
1.3969594183188874
1.3983671271544726
1.3997069988144166
1.3998277908017607
1.4648715280824658
1.4653809095164851
1.4655753848141777
1.466009913363783
1.5361862906599106
1.5378094819795738
1.5391770433167427
1.5392507169761034
1.6195862569525472
1.6201625284615149
1.620299128664783
1.6210865588877479
1.7056442606205988
1.7074738711734423
1.7087729742421174
1.7087915448617566
1.8032775266500436
1.8038959870115692
1.8039820521402883
1.8051686891309442
1.903060189328939
1.905052813386116
1.9060389134504907
1.9062165459383886
2.0135143341568944
2.01416010155354
2.014193746532909
2.0158056344959596
2.1261868313679027
2.1282175998050983
2.128641916928427
2.1290846121671434
2.2479521925480515
2.248583500178447
2.2486006990672522
2.2505794731724156
2.373125775624242
2.3743248503544407
2.3748951431880365
2.3752186260475003
2.504432391148084
2.5049791999655073
2.5050373067192115
2.5071872818825254
2.641012822236655
2.6427914594394584
2.642811953791355
2.6435624384919096
2.7809524506792735
2.7813462380274903
2.7814193893263806
2.7833080613203465
2.9268453856522716
2.9319004801695745
2.936738479762801
2.941051444684051
