-2.4615457678647585
-2.4552299117470766
-2.449071330235083
-2.3693800852748987
-2.36011872579942
-2.351183471009786
-2.319050977332414
-2.3151493342828453
-2.312066032041371
-2.2917576859060795
-2.2857881169258536
-2.281360917797695
-2.266204017432197
-2.2637579671821433
-2.2590810355365027
-2.2386880149242057
-2.236708401328889
-2.233414164724445
-2.224572693235562
-2.2235356626337066
-2.2157410391040204
-2.2070893515115135
-2.201588640559628
-2.193485830634226
-2.185475837773859
-2.182785092570525
-2.169295413779893
-2.1646221204086555
-2.1589364255740646
-2.1455402404093653
-2.1404711775498515
-2.1367474935768445
-2.1207728948526823
-2.1171234262024705
-2.1140030649657517
-2.096300500919242
-2.093545480984839
-2.0908382482304697
-2.0728874404586763
-2.0707296825787402
-2.0687010419410354
-2.050827160602425
-2.0481689671488823
-2.045449351577717
-2.011536904837504
-2.007357193249821
-2.003275357139429
-1.943300582952036
-1.937629399840154
-1.9321234305112804
-1.1966368253745079
-1.1966335078012884
-1.1966327132961345
-1.1330535211952009
-1.1329689187384642
-1.1329497206431127
-1.074860272257568
-1.07251860303786
-1.072203354031606
-1.0526947442047516
-1.0241880436124653
-1.0149990344028004
-1.0083205494503193
-1.0041848535041906
-0.9796304617150875
-0.9520436568580531
-0.950972660597513
-0.9507022330016727
-0.8985350774072477
-0.8964759580733089
-0.8948356037069566
-0.8466352143162763
-0.8457219623888977
-0.8423542041706675
-0.8061641438962202
-0.8020176960760247
-0.7926263084067307
-0.7716759175757432
-0.7628804245659512
-0.756287689713632
-0.7435173590200953
-0.7349956678372604
-0.7161452306872151
-0.7062217357266188
-0.6976462549662124
-0.6474742879195103
-0.6447317881058879
-0.6382316955389723
-0.5785399961086387
-0.577051806794523
-0.5687053390271416
-0.5342478841401179
-0.5330862039104927
-0.5325980292811752
-0.4581789058950953
-0.44444491430777294
-0.42891922550680434
-0.16673360562205986
-0.13952161654357517
-0.11565617507516031
-0.10412117102891703
-0.10407139918081677
-0.10262855937930007
0.03807898883418009
0.03833812151941084
0.03849211931677093
0.13574260545074585
0.1367494818026262
0.13876341946531132
0.18774807082842024
0.19534271505568085
0.2034582565101872
0.22064463910032472
0.22731963324514864
0.24934919146316833
0.26512927274513753
0.2723261612594217
0.3084790330147005
0.31002722343596706
0.32048115806064537
0.3713011190487052
0.37642368342718363
0.3829888373900362
0.44829648697811064
0.45323464802603497
0.4580937753872317
0.5331275430531797
0.5354742205378451
0.5376342896675324
0.6205134209821688
0.6206447062811695
0.6210362958151379
0.7114386100708905
0.7117521478248195
0.7126657841983097
0.8147290241290327
0.8148264193875959
0.8151600226690747
0.9343882377372005
0.9344007372172154
0.9344526670339045
1.0767191505808382
1.0767198723087819
1.0767235972118314
1.2564384119662573
1.2564384287074668
1.2564385219969014
2.356324597366071
2.356325950396866
2.3563266685690767
2.436641288984061
2.4366765213064623
2.436722998992563
2.492460376045049
2.493261033974676
2.493874709471456
2.5240312405197693
2.527935587223425
2.5323189571840627
2.5488371611882163
2.556585112455048
2.564704714938909
2.5811018280341513
2.5910311301309537
2.6016637381997363
2.6163844302051746
2.6270453819187503
2.6400014293265133
2.6518672209439176
2.664723371141713
2.67522849881425
2.68845293782459
2.69689530319182
2.710524307076745
2.717846421946264
2.7257516624823164
2.74129914393354
2.7462098889133233
2.749043541335353
2.7754517839775503
2.776893574137997
2.7780127393339242
2.8139917980661524
2.814720402411465
2.8149651594902876
2.857662936146473
2.8579315500007567
2.8580025258264996
2.905655518125243
2.9057152013894454
2.9057296188435795
2.957504017662583
2.9575098913277307
2.9575112097673193
-2.4615457678647563
-2.4552299117470753
-2.4490713302350846
-2.3693800852749014
-2.36011872579942
-2.3511834710097856
-2.3190509773323513
-2.315149334283308
-2.3120660320406605
-2.2917576859808424
-2.285788116214931
-2.2813609193529105
-2.2662039335113553
-2.2637581418904036
-2.2590808971504948
-2.238691061361805
-2.2367095174539364
-2.2333960583093213
-2.2249231034543064
-2.2230940703422997
-2.2159707691325083
-2.206568425722261
-2.2022991568394246
-2.1925551756711936
-2.1871395804823384
-2.1814553446863734
-2.170250515256297
-2.163211562350451
-2.1598104823239033
-2.1449793134652255
-2.141197335761964
-2.1364205555020983
-2.120878278151801
-2.1169913046703437
-2.114055985642294
-2.0963022680333196
-2.0935398850580884
-2.0908416615927674
-2.0728861893080963
-2.0707314930628367
-2.0687003311455747
-2.050827170933653
-2.0481689580025186
-2.045449353725072
-2.011536904837383
-2.007357193249892
-2.0032753571394144
-1.943300582952039
-1.937629399840155
-1.9321234305112769
-1.1966368253745086
-1.19663350780129
-1.196632713296138
-1.1330535211951842
-1.1329689187385632
-1.132949720643037
-1.0748602722576914
-1.0725186030364249
-1.0722033540329388
-1.0526947442047523
-1.0241880436026662
-1.014999034516681
-1.0083205490339424
-1.0041848538864728
-0.9796304613577552
-0.9520441257422301
-0.9509702062327714
-0.9507042206750999
-0.8985334366509279
-0.896480100233327
-0.8948330543729814
-0.8466809190836834
-0.8456606554909031
-0.8423703386961623
-0.8061773674910147
-0.8019818336667481
-0.7926709545789129
-0.7714581863693892
-0.7634675804235822
-0.755680289544666
-0.7439171103216674
-0.7347711304204577
-0.7162236407896062
-0.7061681970539943
-0.6976618671147871
-0.6474711502401825
-0.6447353678134427
-0.6382310413959806
-0.57853928122942
-0.5770526529692775
-0.5687051936171088
-0.5342487874622647
-0.533083490171464
-0.532599850256788
-0.4581789058913279
-0.44444491430867683
-0.428919225506922
-0.1667336056220378
-0.13952161654242562
-0.11565617521652777
-0.10412083105128654
-0.10407174960635218
-0.10262854879098297
0.038082911272392835
0.038328096467464975
0.03849822119357145
0.13609601036209493
0.13628728852708025
0.13887352447913656
0.18830822095312963
0.1935246595245953
0.20669136020620588
0.21586644406720482
0.23144980008198876
0.2470790688704975
0.26693599804658286
0.2716043497156114
0.3058071735187211
0.31372917084023355
0.3192793144249011
0.37154697369567585
0.3761294847351623
0.38306512810549936
0.44831397882218754
0.453203971071104
0.45810754243478063
0.5331261754912746
0.5354763855654971
0.5376334445885984
0.6204878442087499
0.6206813522955774
0.6210252240948883
0.7114386059553088
0.7117521543510306
0.7126657818282832
0.8147290409726515
0.8148263977246766
0.8151600274893319
0.9343882363945715
0.9344007388815678
0.9344526667121776
1.0767191498985205
1.0767198731234318
1.0767235970794986
1.2564384122673136
1.2564384283535577
1.256438522049754
2.3563248787928934
2.3563254261708715
2.356326911368256
2.4366335921965425
2.4366971936699344
2.436710023049921
2.492601117375899
2.4929917582933774
2.4940055015699727
2.5237422918639156
2.529100065925538
2.5312234211471094
2.550381006625848
2.5542348343657215
2.5664727295383303
2.579171699545907
2.5949527665106733
2.597922032012837
2.620523141395177
2.6227249837316857
2.643319203548314
2.6486534327398426
2.667994007837636
2.6721631806034543
2.691513976286668
2.6941313074944127
2.712421127759933
2.71606697111755
2.7263307717474317
2.7409450015056245
2.746706998274051
2.748784327659074
2.775479659183897
2.776845269425262
2.7780346435816368
2.8139916064516686
2.814721069387372
2.81496468169719
2.8576629365283397
2.8579315482717047
2.8580025271744556
2.9056555181252315
2.9057152013895085
2.9057296188435333
2.9575040176625818
2.957509891327735
2.9575112097673126
-2.4615457678647528
-2.4552299117470744
-2.4490713302350833
-2.369380085274901
-2.360118725799417
-2.351183471009786
-2.3190509773323496
-2.3151493342832636
-2.3120660320407644
-2.291757685938493
-2.2857881167287815
-2.2813609180202743
-2.266204063009871
-2.2637578423061844
-2.259081193021268
-2.238596036935021
-2.236937516817796
-2.2331490105075917
-2.2256807171585145
-2.222136114839851
-2.216489577349877
-2.205563474977568
-2.203357368798823
-2.1916752503904346
-2.1880844491362064
-2.1810484382363455
-2.1703811694581963
-2.163224758425539
-2.1597133185783934
-2.145248547076205
-2.140764972298318
-2.136650337485073
-2.120706392680498
-2.1172528437786915
-2.113932214601944
-2.096334187199151
-2.0934956902042487
-2.0908591619737322
-2.0728845968061944
-2.0707335410071237
-2.0686996117035865
-2.0508271741727615
-2.0481689558623084
-2.0454493540580283
-2.0115369048375165
-2.0073571932497924
-2.003275357139434
-1.9433005829520376
-1.9376293998401541
-1.932123430511278
-1.1966368253745092
-1.196633507801293
-1.1966327132961394
-1.1330535211951691
-1.1329689187386442
-1.1329497206429708
-1.0748602722581941
-1.0725186030298064
-1.0722033540391425
-1.0526947442043868
-1.0241880436302542
-1.0149990342815896
-1.0083205497430832
-1.0041848533035225
-0.9796304616534213
-0.9520439611398217
-0.950971033645889
-0.9507035575278442
-0.8985327981937344
-0.8964818419627499
-0.8948319163231803
-0.8467578466404687
-0.8455479138331702
-0.8424084468270722
-0.8060582052042337
-0.8021858043318508
-0.7925360621076668
-0.7717487743108205
-0.7628648215321153
-0.756183410056533
-0.7436957948235635
-0.7348565733491257
-0.7162174812095699
-0.7061637721209082
-0.6976653930288017
-0.6474658102216416
-0.644742118290705
-0.6382294210141352
-0.5785402293202412
-0.5770515887948622
-0.5687053308926128
-0.5342486204318789
-0.5330839376731514
-0.5325995650910681
-0.458178905881276
-0.4444449143150625
-0.42891922550592454
-0.16673360562225456
-0.13952161653345518
-0.1156561754793766
-0.10412047686130192
-0.10407211349418581
-0.10262853884273769
0.03807630823945917
0.03834599903951593
0.038486919461532945
0.135735319983394
0.13678157701355093
0.13873427883614248
0.18930140607054946
0.19195498693391405
0.20793928114573249
0.21547766132612645
0.23029959580248482
0.2495160538146342
0.2625833871187948
0.2748218804772432
0.30425600737784275
0.3165812591213042
0.3175578368529368
0.37131746739066185
0.3764775864348114
0.38293722001391534
0.44832599785675553
0.453187667838169
0.4581129536498041
0.5331308146953662
0.5354674039147002
0.537637828536323
0.6204867521497387
0.6206829274024779
0.6210247392447945
0.711438449903306
0.711752361104366
0.7126657310479304
0.8147290416348426
0.8148263968995902
0.8151600276526844
0.9343882399850593
0.9344007344294508
0.9344526675738084
1.0767191490256487
1.0767198741660333
1.0767235969097688
1.256438412263454
1.256438428358079
1.2564385220490928
2.3563247806000174
2.3563255716967655
2.3563268640352386
2.4366367621513523
2.43668596884936
2.4367180781032793
2.4924986216575
2.493171750769997
2.493926441590888
2.5239580058278217
2.5281438873430755
2.532145038383832
2.54899235136844
2.5563718538904943
2.5648170745102097
2.5811416809581287
2.59082390314083
2.602012176077567
2.6158045152309004
2.6279148755490467
2.6389761815382533
2.653114217123344
2.663272668990847
2.676770011985268
2.686765353314143
2.698442249484592
2.7090532420931672
2.719371095138722
2.72489451062519
2.741887060650189
2.745476715857196
2.7493364648647436
2.77539713948643
2.776998604838769
2.777959526297259
2.8139924675695553
2.814718069589811
2.814966830274748
2.857662933239063
2.857931563250813
2.858002515479084
2.905655518132641
2.9057152013518732
2.905729618873756
2.957504017662572
2.9575098913277813
2.957511209767274
-2.4615457678647545
-2.455229911747076
-2.449071330235083
-2.3693800852748983
-2.3601187257994183
-2.351183471009784
-2.319050977332416
-2.315149334282804
-2.3120660320414763
-2.2917576858637343
-2.285788117439705
-2.2813609164650566
-2.2662041469159475
-2.2637576676007463
-2.259081331416919
-2.2385925722756377
-2.2369374599225975
-2.2331676000544034
-2.225536059062345
-2.222393121030621
-2.216250095664532
-2.206345400628558
-2.20241326181908
-2.192798204238938
-2.1864761138992286
-2.182100278061358
-2.1694390305188738
-2.164590210832107
-2.158859582464989
-2.1457546022464675
-2.1400309177757446
-2.1370418369447997
-2.1205901606314583
-2.1173899628153356
-2.113885427223721
-2.0963324881352325
-2.093501287172879
-2.0908556806972074
-2.0728858499318252
-2.0707317294294394
-2.068700321602194
-2.050827163841542
-2.048168965008647
-2.0454493519106745
-2.0115369048376373
-2.007357193249718
-2.0032753571394455
-1.9433005829520373
-1.9376293998401555
-1.9321234305112809
-1.1966368253745063
-1.1966335078012917
-1.1966327132961367
-1.1330535211951867
-1.1329689187385465
-1.1329497206430443
-1.0748602722580707
-1.072518603031246
-1.072203354037815
-1.052694744204385
-1.0241880436400528
-1.0149990341677113
-1.00832055015946
-1.0041848529212434
-0.9796304620107555
-0.9520434919932007
-0.9509734767056711
-0.9507015814218218
-0.898534440686074
-0.8964777026843073
-0.8948344610398442
-0.8467203986725276
-0.8456015448422257
-0.8423917316016847
-0.806043570396639
-0.8022223283836761
-0.7924918850140859
-0.7719483106843555
-0.7622111829451225
-0.7568658240173648
-0.7432996956147153
-0.7350873210491298
-0.7161391612119313
-0.7062173230135046
-0.6976497602368869
-0.6474689616572227
-0.644738525477446
-0.6382300745003048
-0.5785409431745996
-0.5770507436365225
-0.5687054763110851
-0.5342477167133777
-0.5330866488954805
-0.5325977470285268
-0.4581789058850437
-0.4444449143141597
-0.4289192255058069
-0.16673360562227377
-0.13952161653460404
-0.11565617533800993
-0.1041208218858529
-0.10407175802203825
-0.10262854943074912
0.03807268995999428
0.038357242549552174
0.03847929496789741
0.13557826634371956
0.13707597477995206
0.13859561904165893
0.1883541571450838
0.19389072677491317
0.20465992015188503
0.22109621663000112
0.2258527306529223
0.2521894823249965
0.26069972839443745
0.2749985798484565
0.3055523408133736
0.313127808230421
0.3198974878631287
0.37109484266518256
0.37675438393330796
0.3828550712013502
0.448308400114556
0.45321839696625593
0.4580992403957601
0.5331321896024733
0.535465237224331
0.5376386679325595
0.620511796504564
0.6206467638934436
0.6210358608782653
0.7114384540134026
0.7117523545832107
0.7126657334183847
0.8147290247909469
0.8148264185627767
0.8151600228324372
0.9343882413286098
0.9344007327641966
0.9344526678955164
1.0767191497060555
1.0767198733532743
1.0767235970421263
1.256438411962559
1.2564384287118313
1.2564385219962357
2.356324551746461
2.356326110356689
2.356326554228868
2.436647797119321
2.436666656428074
2.436726355923283
2.492401262562211
2.4934894730437462
2.4937038216492335
2.524324304839813
2.5272159425768597
2.5329402847612785
2.5479278309109685
2.5590622627519086
2.562347518978909
2.5842671344276225
2.587068880710207
2.604846695761175
2.6129740548226934
2.6320052761412702
2.635066443996448
2.657103152106031
2.659377269390137
2.6797177157838297
2.6839596855008385
2.700242530367938
2.7074849598660173
2.7210120027249394
2.7237380166923164
2.7424317336541217
2.744886928082012
2.7494882397445037
2.775372927596213
2.77704909608462
2.777931770261404
2.8139926599183545
2.8147174125244656
2.814967297422968
2.8576629328572127
2.857931564980391
2.858002514130587
2.905655518132655
2.905715201351814
2.9057296188738033
2.9575040176625773
2.9575098913277804
2.957511209767281
-2.4631452514270693
-2.4567954288654437
-2.450594485312922
-2.371708956997848
-2.3624189519067724
-2.3533582654042142
-2.318099248744191
-2.3142147951957392
-2.3117662700574853
-2.2928877853374265
-2.2873411007324354
-2.282004651171009
-2.2660679493694844
-2.262643169591743
-2.2579955485413845
-2.2396539946218312
-2.236537196381841
-2.233348537908457
-2.2252862797331474
-2.222409378127162
-2.215763652913579
-2.206302620984787
-2.201840779084985
-2.1928002323592164
-2.1857483397557256
-2.182072867650417
-2.168859142097712
-2.164333721584292
-2.1582085360889782
-2.1452829296730154
-2.1393868425735967
-2.136428489429188
-2.1199940128841432
-2.116724979939374
-2.1132270349546305
-2.095691236993877
-2.092878002861006
-2.0902283339031733
-2.072345640593799
-2.070219365387632
-2.0682134150402183
-2.0501695737639176
-2.0474942729552863
-2.0447622836557406
-2.010483944156934
-2.006326740236873
-2.0022726659081185
-1.9418686106325003
-1.9362364138284396
-1.9307759805288274
-1.1966386869404002
-1.1966339585104273
-1.1966328193686835
-1.1331046776526825
-1.1329799405440615
-1.1329522919507853
-1.0771753920067988
-1.072729769093025
-1.0722419861292247
-1.058925452793627
-1.030506007247413
-1.0157259221862767
-1.008337731006281
-1.0064553541555692
-0.9869750327633111
-0.9518588133197291
-0.9516621541409408
-0.9502843770953261
-0.8980680359136184
-0.8960250865031834
-0.894439191522901
-0.8465703435058557
-0.8454112998656027
-0.8418255900234064
-0.8083993873217004
-0.8004680243776671
-0.7935897174705026
-0.7719369330401601
-0.7644424551725048
-0.7599837192667988
-0.7412362981110916
-0.7379142619312842
-0.7139821449357598
-0.7084768038582628
-0.6942698959878084
-0.6477384441473042
-0.6438710628529598
-0.6385347023880774
-0.5790703761920419
-0.5761326993442617
-0.5718820661389709
-0.5341937868112733
-0.533066937216798
-0.5325685764229524
-0.45508537721379927
-0.44061268867578457
-0.42506335437782194
-0.1597527155727973
-0.13312029778557843
-0.11094494623643054
-0.10413191945086707
-0.10397584288533594
-0.10140038501446452
0.03811131971575072
0.0383188558614733
0.03851197084168504
0.13553548763708106
0.13722574950906874
0.13853243889677652
0.18836592490267398
0.1935225361071963
0.20480218122813854
0.22094484598813083
0.2258221896312461
0.2521028941980602
0.2614728674426873
0.2756281772930632
0.30542423973604704
0.3130403973381936
0.3201063748046103
0.37041101017170336
0.3757881533632399
0.3812579420726319
0.4471246233010215
0.4520403818672752
0.45690753278175483
0.5324802496053537
0.5349210599155504
0.5371159391453314
0.6205218877653846
0.6206830225452128
0.6211507528581579
0.7114833695154174
0.7119049484328337
0.7130446135618399
0.814742443949421
0.8148774375254392
0.8153177103931457
0.9343898045970439
0.9344079505008306
0.9344800273968963
1.076719230225189
1.0767203316963443
1.076725793054657
1.2564384139409126
1.2564384376037525
1.256438586378227
2.3563243981012683
2.356326147988867
2.3563264502682766
2.4366442509503297
2.436662168682606
2.436726781628482
2.4922899688851787
2.4934489661774224
2.493684736798065
2.523613864191921
2.526655130869035
2.5326917466027514
2.546967417240748
2.558151938573422
2.5620684622725927
2.58311390960351
2.5871948401341016
2.6041830561432553
2.6130051359954884
2.6307675183690225
2.635992322374888
2.655672331767162
2.6607983873158094
2.678862582774401
2.685062831562347
2.7000323693051205
2.7082252777396483
2.720723096073535
2.7247468811917273
2.742548122417206
2.7454851270073344
2.7497950749137936
2.7757458915816575
2.7772192031031566
2.7780600696565556
2.8142374489419377
2.8147979143838544
2.814987784408747
2.8577590032367906
2.8579609523193734
2.858006410047448
2.9056777651227117
2.9057212594474735
2.9057305138928573
2.957506281278259
2.9575104473234797
2.95751129832771
-2.4631452514270666
-2.4567954288654423
-2.4505944853129247
-2.3717089569978453
-2.3624189519067755
-2.3533582654042142
-2.318099248744153
-2.3142147951961314
-2.3117662700568817
-2.2928877853942002
-2.2873411002989745
-2.282004652307808
-2.2660678572261057
-2.262643465591353
-2.2579951644460445
-2.2396919293478175
-2.236371419420286
-2.2335684376461935
-2.2244792254882797
-2.223343247321729
-2.21537757123847
-2.2068094399929663
-2.2013224363315294
-2.193141237377263
-2.185452236795674
-2.182179715735069
-2.16911649522838
-2.1638534529871567
-2.1585516321693796
-2.1448784795150027
-2.140094569013725
-2.135992128961759
-2.120222875189439
-2.1163965235503
-2.113372290528194
-2.095656815984883
-2.092924333234812
-2.0902105951243963
-2.072346926483735
-2.070217788448646
-2.0682139401081314
-2.0501695743498316
-2.0474942716722726
-2.04476228413476
-2.0104839441567517
-2.006326740237005
-2.002272665908094
-1.941868610632501
-1.9362364138284394
-1.9307759805288274
-1.1966386869404004
-1.1966339585104293
-1.1966328193686873
-1.1331046776526672
-1.1329799405441447
-1.1329522919507216
-1.0771753920068783
-1.0727297690912718
-1.072241986130959
-1.0589254527935377
-1.0305060072460812
-1.0157259222530535
-1.008337730329236
-1.0064553548410362
-0.9869750325721608
-0.9518604496405372
-0.951660262166844
-0.9502846345408321
-0.8980662336522469
-0.8960297435472702
-0.8944362809002163
-0.8466147000946485
-0.8453482835286599
-0.8418451398981752
-0.8083999207747254
-0.8004429879134378
-0.793635454516729
-0.7716370262996295
-0.7652585769274368
-0.7593226239590417
-0.7417428660737766
-0.7375020750021313
-0.7140698417425333
-0.708410474509684
-0.694277200022335
-0.6477358178778158
-0.643874413605669
-0.638533738497283
-0.57906992772543
-0.5761334706294965
-0.5718817316293274
-0.5341946180237642
-0.5330645136871925
-0.53257017761097
-0.45508537721163667
-0.44061268867597114
-0.425063354377991
-0.1597527155727524
-0.1331202977975326
-0.1109449453755315
-0.10413201937732569
-0.10397574000703382
-0.10140038881140415
0.03812234664161039
0.038297428936454804
0.03852237322605326
0.1356934443927486
0.13686976661897352
0.13873651813366578
0.1877183850589309
0.19495883305956868
0.20367389984689632
0.22043260705351045
0.22733039381944503
0.2494278513482976
0.26574062306665386
0.27293244546973944
0.30831821881827304
0.3100332704916655
0.3206506444788963
0.3706566590552639
0.37538927356913937
0.38142166372319397
0.4471140764717789
0.45205453724697786
0.45690286874133285
0.5324766793904131
0.5349280323976489
0.5371125009935573
0.62052140260435
0.6206837425043568
0.62115051929986
0.7114834358796862
0.7119048593101327
0.7130446363818186
0.8147424451829425
0.8148774359084475
0.8153177107764292
0.9343898032058465
0.9344079522407919
0.9344800270481295
1.0767192304060738
1.0767203314789984
1.0767257930911176
1.256438413994586
1.256438437541564
1.2564385863867398
2.3563245358658893
2.35632571008864
2.3563267504038876
2.4366329744455753
2.4366806903181004
2.4367195360975904
2.4924005219582033
2.4930952320181
2.493930992799332
2.52318277100257
2.52782444235082
2.531620765852135
2.548487740810616
2.554867446545911
2.5650763758486947
2.5794950697083263
2.592079467591294
2.5999109637493274
2.6175726409628166
2.6251626491406976
2.6414516870699134
2.650235013426775
2.6663893543184374
2.673783640808282
2.6901266424479964
2.695849466222385
2.7119133038454017
2.7171256056212076
2.7266829253264295
2.7413261794976407
2.7470127030326337
2.749172204098377
2.775871158463371
2.776989032894285
2.778170275627094
2.8142357556148037
2.8148041406702355
2.8149832394449477
2.857759010130573
2.8579609162032145
2.858006439276324
2.9056777651069425
2.9057212595365693
2.9057305138195355
2.95750628127828
2.9575104473233753
2.9575112983277982
-2.463145251427067
-2.4567954288654428
-2.4505944853129207
-2.371708956997851
-2.362418951906773
-2.353358265404216
-2.3180992487440646
-2.3142147951968863
-2.3117662700558306
-2.292887785442679
-2.28734109999925
-2.2820046529381033
-2.266067837941041
-2.262643507555292
-2.2579951446918334
-2.239680078149824
-2.2364381375584133
-2.233465425636272
-2.22509479158309
-2.222582247579159
-2.215769879480313
-2.2059886421622013
-2.202350935291436
-2.191902321445379
-2.187316537545922
-2.180836386045053
-2.1700444487651747
-2.1624574810805193
-2.1594520255924476
-2.1443973350082146
-2.140666894583221
-2.1357648360712256
-2.1202660663089685
-2.116362196928678
-2.1133772778949935
-2.095671970130208
-2.0928999842819165
-2.0902214610640386
-2.0723448385730268
-2.07022070567683
-2.0682128314093613
-2.0501695864743157
-2.047494261238663
-2.044762286517914
-2.010483944156676
-2.0063267402370406
-2.0022726659080905
-1.9418686106325014
-1.9362364138284383
-1.9307759805288254
-1.1966386869404002
-1.1966339585104313
-1.196632819368687
-1.1331046776526574
-1.1329799405442003
-1.1329522919506774
-1.0771753920070757
-1.0727297690862314
-1.0722419861360264
-1.058925452793048
-1.030506007255024
-1.0157259220570847
-1.008337731845448
-1.0064553533976006
-0.9869750328058013
-0.9518596874944694
-0.9516611379935729
-0.9502845204580818
-0.8980656967735062
-0.8960312686466327
-0.8944352588343323
-0.846678799856767
-0.8452488530418771
-0.8418833187655673
-0.8083362178095831
-0.8006378042876963
-0.7934418811014519
-0.7721009034420561
-0.7642251384239362
-0.7600464066747057
-0.7414567688244802
-0.7377002933597332
-0.7140608533747966
-0.7084113827683836
-0.6942787786932415
-0.647731806685997
-0.6438803203831506
-0.6385316294402775
-0.5790706103360322
-0.5761324232001604
-0.5718821190378952
-0.5341944529541904
-0.5330649490812756
-0.5325699031380581
-0.45508537720459086
-0.44061268868062436
-0.4250633543771851
-0.15975271557270734
-0.13312029778641804
-0.11094494696713844
-0.1041317715342539
-0.10397599715795887
-0.1014003779222536
0.03813084051057929
0.038283003435643226
0.03852830420551254
0.13594244762109123
0.13649924300072427
0.1388594643533239
0.1883059683296081
0.19319611411112267
0.2068457875093965
0.2157326863135438
0.2312755541509188
0.24732719435610356
0.26730800558077433
0.27238220011517933
0.3056359477752651
0.31372764763860456
0.31944817443516954
0.370946589686359
0.3750375952830277
0.3815133497504788
0.44713024471403623
0.4520264127035466
0.4569153937856836
0.5324757848196621
0.5349293937321232
0.5371119960864453
0.6205067524174493
0.6207040521842273
0.62114485782914
0.7114834250073963
0.711904874578535
0.7130446320086212
0.8147424516469575
0.8148774275184273
0.8153177127031765
0.9343898031807508
0.9344079522718794
0.9344800270421324
1.0767192300614643
1.0767203318930862
1.0767257930216352
1.2564384140965446
1.2564384374235589
1.2564385864027867
2.3563248104926924
2.356325268683236
2.356326917182492
2.4366280794867086
2.436697350889986
2.436707770196953
2.4925028282983615
2.4929182286076537
2.4940073483465994
2.5230230120229247
2.528547958291114
2.5309222859101106
2.5494101872522523
2.5536077077455297
2.56593068987462
2.578627876914468
2.5937956620166864
2.598307998805799
2.6190656894383277
2.623688268943854
2.642447837469515
2.649347226396144
2.6670954104172737
2.673193779947894
2.690482506365159
2.6955907928444747
2.711941103155282
2.717152081513822
2.726642384986629
2.7413886872048847
2.7468966026030768
2.7492422988915908
2.775851166028247
2.77702247461148
2.778156175886517
2.8142361498118027
2.8148026525461884
2.814984335910452
2.8577590077742774
2.8579609285609178
2.8580064292728435
2.905677765114347
2.9057212594947286
2.905730513853971
2.95750628127827
2.957510447323444
2.957511298327743
-2.4631452514270684
-2.456795428865446
-2.450594485312919
-2.371708956997845
-2.362418951906774
-2.3533582654042133
-2.318099248744104
-2.3142147951964938
-2.3117662700564363
-2.2928877853859038
-2.2873411004327076
-2.282004651801306
-2.2660679300862765
-2.2626432115571653
-2.2579955287833675
-2.2396414877518467
-2.2365974984011086
-2.2332496457492406
-2.2256278784681833
-2.2218950507350352
-2.2161709592679553
-2.2052106990034
-2.203124637491968
-2.1914674548868858
-2.1876686125837064
-2.1808022242575786
-2.1698592763945617
-2.1630232281550836
-2.158951904800937
-2.144875813805544
-2.139955703254295
-2.1361264504823843
-2.1200418739271556
-2.116686886868207
-2.113230880482257
-2.0957059770494832
-2.092853829819649
-2.090239440845967
-2.0723435500808853
-2.0702222841855216
-2.068212307400131
-2.0501695858884084
-2.0474942625216705
-2.0447622860388925
-2.0104839441568614
-2.006326740236912
-2.002272665908115
-1.9418686106324994
-1.9362364138284394
-1.9307759805288227
-1.1966386869404007
-1.1966339585104315
-1.1966328193686862
-1.1331046776526734
-1.1329799405441194
-1.1329522919507438
-1.0771753920069973
-1.072729769087986
-1.0722419861342947
-1.0589254527931389
-1.0305060072563572
-1.0157259219903074
-1.0083377325224945
-1.0064553527121356
-0.9869750329969514
-0.9518580366785458
-0.9516630443852676
-0.9502842630900943
-0.898067500674766
-0.8960266148053856
-0.894438164614623
-0.8466402262898551
-0.8453067154983746
-0.8418631402199728
-0.8083356083166495
-0.8006614855249462
-0.7933972265747732
-0.7723540539386935
-0.7630261667031044
-0.7611341926981451
-0.7408819025939506
-0.738183993972513
-0.7139731120466919
-0.7084778078048285
-0.6942714718540651
-0.6477344393766452
-0.6438769645902689
-0.6385325919428929
-0.5790710585196698
-0.5761316521010911
-0.5718824536443498
-0.5341936213695778
-0.533067370553157
-0.5325683043798957
-0.45508537720675096
-0.4406126886804369
-0.42506335437701825
-0.1597527155727527
-0.13312029777445922
-0.11094494782803707
-0.10413167127952223
-0.1039761003644586
-0.10140037412538758
0.03811833790230976
0.03830501431224986
0.03851879355196122
0.13567929364819778
0.13691862694708973
0.13869718013732335
0.18946218923883165
0.19148571148531326
0.20804646547614303
0.21539805132971082
0.23011713724490399
0.24969186676654734
0.26311000457976824
0.27552157571673347
0.3040770728143383
0.31624149494898396
0.31804913121035633
0.37066531783343
0.37546272263161806
0.38135904038106416
0.4471408771856886
0.4520122139368546
0.4569200155065522
0.5324793515532881
0.5349224220357853
0.5371154369339205
0.6205071418303731
0.6207034183115903
0.6211451010490431
0.7114833586474841
0.7119049636971808
0.713044609188341
0.8147424504132922
0.8148774291355606
0.8153177123198986
0.934389804571944
0.9344079505319247
0.9344800273909005
1.0767192298807116
1.0767203321103014
1.0767257929851755
1.2564384140423412
1.256438437486273
1.2564385863942775
2.3563245572500904
2.3563256659664593
2.356326773141868
2.436634859315693
2.4366767571831685
2.4367215844749404
2.49234719004745
2.4932223508172284
2.493855788040921
2.523385904434114
2.527178920575502
2.5322462998243234
2.5475232720306775
2.5566973577542305
2.563404334511616
2.581606641171505
2.588888146851498
2.603033039085761
2.614082057663623
2.6294117117794196
2.63722557641725
2.654695875700082
2.6616759204180815
2.678363147173905
2.6854623895378027
2.6998958073299333
2.708279704319035
2.720782061177852
2.7246749879394656
2.7426589286415504
2.7453522547167286
2.7498320775799976
2.775730384258103
2.7772543697770176
2.778039758817414
2.8142378470848195
2.814796488388253
2.8149888147999147
2.8577590008807845
2.8579609646921385
2.8580064000286263
2.905677765130117
2.9057212594056367
2.905730513927293
2.9575062812782513
2.9575104473235494
2.9575112983276544
-2.464751750362869
-2.458370277749699
-2.452128946814343
-2.3740378420152655
-2.3647319778665716
-2.3555801846046704
-2.317116840895487
-2.313356706713297
-2.3117977990815297
-2.2937077472234892
-2.2889031390752583
-2.283024896169292
-2.265554681833873
-2.261464326057095
-2.257057891581533
-2.240669018486122
-2.2368148060017212
-2.233338344856424
-2.225478612944156
-2.221559800640186
-2.215642136019769
-2.2051708069001124
-2.2027447985912616
-2.1914799868851667
-2.1870473133104564
-2.1806437172255335
-2.169276295452603
-2.1628930953356558
-2.1581840060458273
-2.144527771718457
-2.139138749332474
-2.135629994071534
-2.119388854585324
-2.1161253369223707
-2.1125391997303793
-2.095084799323009
-2.092221365548749
-2.089624057593501
-2.0718117235672078
-2.069718186795459
-2.0677309464010984
-2.049507405503176
-2.0468159755297908
-2.0440730625561687
-2.009436121182383
-2.0053027297656065
-2.0012777605379575
-1.9404458658302184
-1.9348541276936484
-1.9294411536965999
-1.1966413410234522
-1.1966346017598848
-1.196632972467184
-1.1331823782072226
-1.1329959166809436
-1.1329559812463914
-1.081432445218877
-1.0730799644254752
-1.072299312002595
-1.0632173836997485
-1.0378154199805187
-1.0170795015490888
-1.0082257496240408
-1.0075800002370572
-0.9940559456226451
-0.9520175016731001
-0.951552948155703
-0.9497896672409567
-0.897541610068057
-0.8956244202106783
-0.8940037514479582
-0.8466366194622046
-0.8447638174848722
-0.8419208298550035
-0.8098431454539389
-0.8006738286778697
-0.7938236332713621
-0.7733130405854006
-0.7671283989441504
-0.7607739468661255
-0.7422992818063016
-0.7371127235560189
-0.7151960379005432
-0.7062135178255574
-0.6921253517029541
-0.6498403949880036
-0.6411500942804127
-0.6399336249749544
-0.578827122292966
-0.5753959977198682
-0.574729022624382
-0.5338315702547775
-0.5335400905466375
-0.5323227046696496
-0.4517332218413714
-0.43672135851799426
-0.42125782234222287
-0.15287154610613976
-0.12695700505399968
-0.10757697603625559
-0.10417179665728003
-0.1037225210687786
-0.09901616548238001
0.03814008524498319
0.038303202110031444
0.03855399228757213
0.13566475073165124
0.13698517110276076
0.1386890398343593
0.18957521723895304
0.1911893088226598
0.2079753112670101
0.21537912238907875
0.22990179215072992
0.24985691262515794
0.26370170569863177
0.2760847728409275
0.30413393613344286
0.3161172413315093
0.3188349447650724
0.37015952082315473
0.3747000754938663
0.37986208682084166
0.445983421172669
0.45083088434047325
0.4557331834149346
0.5317755113160649
0.5343618296271322
0.536587820199333
0.6205224718313194
0.6207629389534498
0.6212792625448128
0.7115464000217452
0.7121025438902217
0.7134987649199788
0.8147615851239053
0.8149464591784866
0.8155206754234995
0.9343921397194221
0.9344182277816951
0.9345171397772767
1.0767193544102376
1.0767210303048032
1.0767289278527987
1.2564384163398188
1.2564384534672528
1.2564386842773103
2.356324333446421
2.356325767649301
2.3563266416621413
2.436633749898291
2.4366668082217253
2.436724309156816
2.4921964155906036
2.4932906278665197
2.493758064759756
2.522813146209316
2.5262250526529884
2.532309427069609
2.54612292488132
2.5570848705070115
2.561886433930097
2.5822284910265436
2.586968573849334
2.603862682651484
2.6125578113267918
2.6308971612140963
2.6354158159832606
2.6563068492578625
2.659998541269928
2.6798123773957343
2.684218701516212
2.7010844151111657
2.7076184096807046
2.722067997193192
2.724336236330741
2.7433613087868327
2.7451756194749555
2.7502389664212212
2.7759711128046387
2.777483369321264
2.7780905227770196
2.814434732303235
2.814841282317393
2.8150084125620323
2.857833414920331
2.8579806875025455
2.8580078590106384
2.9056943615770514
2.905725344465947
2.9057309275094982
2.9575079163569886
2.9575108187565418
2.9575113462381815
-2.4647517503628684
-2.4583702777496987
-2.452128946814345
-2.3740378420152637
-2.3647319778665716
-2.355580184604672
-2.3171168408956038
-2.3133567067119922
-2.311797799083081
-2.2937077471961924
-2.288903139175423
-2.2830248960358412
-2.265554668669882
-2.2614644084189472
-2.257057724276494
-2.240684367164972
-2.2367303390363342
-2.233477051262162
-2.2250283255436165
-2.2222204462510367
-2.215110521635348
-2.206380371263241
-2.2013472656458903
-2.192818530829628
-2.185061755520824
-2.182012937722946
-2.1683564220756306
-2.1639906701514735
-2.1576324324497334
-2.14477737175068
-2.1388454088396798
-2.1357651205823163
-2.1194339501178057
-2.116034625645967
-2.1125885993872418
-2.095054956360674
-2.0922666178839187
-2.089604473139006
-2.071814629024504
-2.0697142171340563
-2.0677324203981966
-2.049507393017449
-2.046815985962997
-2.0440730602437203
-2.009436121182387
-2.005302729765617
-2.0012777605379535
-1.9404458658302206
-1.9348541276936493
-1.9294411536965987
-1.1966413410234489
-1.1966346017598868
-1.1966329724671876
-1.1331823782072104
-1.1329959166810148
-1.1329559812463372
-1.081432445218908
-1.0730799644236502
-1.0722993120046007
-1.0632173836994547
-1.037815419980698
-1.0170795015775855
-1.0082257481155945
-1.0075800018086252
-0.9940559454754837
-0.9520178917726032
-0.9515524409038298
-0.9497897859904497
-0.8975394498141492
-0.8956297488058076
-0.8940005168467584
-0.8466742541133462
-0.8446932703103649
-0.8419551562609392
-0.8098381504580623
-0.8006626601481784
-0.7938600485613472
-0.7729994127366298
-0.767747890901052
-0.7603550575888214
-0.7425915051202765
-0.7368876220324895
-0.7152479687025343
-0.7061801971429306
-0.6921313386082939
-0.6498388883357442
-0.6411563685018994
-0.6399285651513499
-0.5788265063966755
-0.5753998597527584
-0.5747257666459404
-0.5338344556949021
-0.5335366111364681
-0.5323233061626438
-0.4517332218398538
-0.43672135851792676
-0.4212578223424253
-0.15287154610692258
-0.1269570050670269
-0.10757696823648642
-0.1041719094469549
-0.10372241156504744
-0.09901616998435075
0.038132165058357766
0.03831685398879782
0.038548261307358424
0.1355276560397214
0.13729468394935102
0.1385152971058609
0.1883371775920326
0.1933716636359379
0.20474462645412614
0.22086103321134723
0.22572456520426168
0.2520073428110564
0.2623086387945269
0.276120032526116
0.30552355826468897
0.3131565952030355
0.32062942809559714
0.3698664437986838
0.3750968901987879
0.37972580843960496
0.4459680147127329
0.4508572973273604
0.45572161212602064
0.531776099328573
0.5343609831898926
0.536588109849859
0.6205298027429788
0.6207524641924901
0.6212824079784027
0.7115464083685102
0.7121025321053275
0.7134987683456567
0.8147615826640919
0.8149464623987914
0.8155206746624409
0.9343921395730177
0.9344182279666473
0.9345171397387287
1.0767193545457285
1.076721030140574
1.0767289278815342
1.2564384163169613
1.2564384534937894
1.2564386842736306
2.356324261663648
2.3563260108627095
2.356326470231506
2.4366367111808143
2.436662390131185
2.436725766048446
2.492191323808819
2.493310719200005
2.4937429847088546
2.5227969749455634
2.526272006257841
2.532250551942273
2.546251431093622
2.5566293127764945
2.562370779729633
2.5813875151766883
2.588021441757697
2.6028770294263457
2.6136748549728717
2.6289660323822712
2.637425089599135
2.6539372853125283
2.6624721427904454
2.677492800902307
2.6865843425301454
2.6992987201067358
2.709346934763198
2.720054290424734
2.725868076105667
2.7423974491016083
2.746240840101758
2.749972590356971
2.776055318983781
2.7772936896073777
2.778199406867945
2.8144324375942134
2.8148488964502474
2.81500308417584
2.857833426761193
2.8579806136716215
2.858007921006324
2.90569436154423
2.9057253446795572
2.905730927328705
2.957507916357031
2.957510818756245
2.9575113462384324
-2.4647517503628684
-2.4583702777496996
-2.4521289468143403
-2.3740378420152664
-2.3647319778665774
-2.3555801846046713
-2.317116840895482
-2.3133567067135337
-2.3117977990811407
-2.2937077472705956
-2.288903138805286
-2.2830248968815643
-2.2655545919372693
-2.261464734098689
-2.257057239075663
-2.240704124907355
-2.236630041914947
-2.233616669895597
-2.2245901513964785
-2.2227275604852235
-2.214888245709688
-2.2065929954004315
-2.2012136673798066
-2.1927407710749374
-2.185553480109306
-2.1814803733485326
-2.168987190208471
-2.163029826440937
-2.15823666562859
-2.1442031203929957
-2.1397497591438226
-2.1352473026340766
-2.119681660910571
-2.1156825691357994
-2.1127460457705842
-2.0950234001897727
-2.0923075105382143
-2.0895895148376566
-2.071815218345079
-2.069713638380421
-2.0677325569970706
-2.049507398303049
-2.0468159806027963
-2.0440730616631746
-2.0094361211821727
-2.0053027297657664
-2.0012777605379237
-1.9404458658302202
-1.9348541276936484
-1.929441153696598
-1.1966413410234507
-1.1966346017598861
-1.1966329724671858
-1.133182378207206
-1.1329959166810468
-1.132955981246307
-1.081432445218959
-1.0730799644200069
-1.0722993120087045
-1.063217383698646
-1.037815419984253
-1.017079501435885
-1.0082257528470495
-1.0075799970141275
-0.99405594575207
-0.9520176592740666
-0.9515527390770602
-0.9497897198156157
-0.8975389923695087
-0.8956310232821152
-0.8939996664440568
-0.846721763602048
-0.8445930290244251
-0.8420113779398427
-0.8097791008265979
-0.8008687809330564
-0.7936329051690537
-0.7735858222093842
-0.7667721280480052
-0.7609038827574025
-0.7423870769234364
-0.7370164483706897
-0.7152387009269784
-0.7061812471838262
-0.6921325105514076
-0.6498370010494449
-0.6411671137756865
-0.6399194794446265
-0.5788275558960794
-0.575394085081567
-0.5747305155444502
-0.5338338353991989
-0.5335373406814451
-0.5323231929233324
-0.451733221834923
-0.43672135852122623
-0.42125782234181125
-0.15287154610670178
-0.1269570050824164
-0.1075769677656917
-0.10417190765019048
-0.10372241436309822
-0.09901616943257292
0.03814789528025913
0.038290509362985545
0.03855887854870802
0.13568903355542783
0.136913348437274
0.13874170340796219
0.1876554146114246
0.19486155184282364
0.20358830294293248
0.22037627288496933
0.22718953331504954
0.249534360241034
0.2664194653402008
0.2733930447413454
0.3082923583402956
0.3103337262943021
0.3211234624095899
0.37015940649514306
0.37459938897859857
0.3799421105639823
0.44595830651785323
0.45087012328804743
0.45571747887486685
0.5317733695456937
0.5343663856036484
0.536585405867428
0.6205290553162012
0.6207535669161421
0.6212820535496566
0.7115464377035764
0.7121024922055188
0.7134987789580618
0.8147615836606268
0.8149464610841245
0.8155206749805344
0.9343921390831657
0.934418228584882
0.9345171396103445
1.0767193545563192
1.0767210301277426
1.0767289278837766
1.2564384163491216
1.256438453456456
1.2564386842788053
2.356324487822626
2.356325447737684
2.3563268071975636
2.436624839408249
2.43668550480189
2.436714522572128
2.492349144082956
2.4929211508306777
2.493979150767149
2.522333899360687
2.5277485004053517
2.5308168297277422
2.5482703536952465
2.5531825788428044
2.5653158981458644
2.5780764381155654
2.593151398423473
2.598082576975497
2.6188543957285297
2.62324565916987
2.642729429116357
2.6487319346325453
2.6679606332053227
2.6723279995461833
2.6917728797366856
2.694675018940542
2.713187421134631
2.716402334074459
2.7274202091025472
2.7413481186753264
2.7477131649645052
2.7492312324906054
2.7762185443356797
2.7770274639681487
2.778307589546324
2.8144296870663617
2.8148588630844236
2.8149958566338364
2.857833438694392
2.857980539660271
2.85800798309038
2.90569436151751
2.9057253448534768
2.9057309271815095
2.9575079163570615
2.9575108187560537
2.9575113462385914
-2.4647517503628666
-2.4583702777497023
-2.452128946814342
-2.3740378420152646
-2.3647319778665685
-2.355580184604675
-2.3171168408953666
-2.313356706714837
-2.3117977990795886
-2.293707747297898
-2.2889031387051206
-2.283024897015015
-2.265554605102435
-2.261464651750001
-2.2570574063771085
-2.240689118902004
-2.2367199825313717
-2.233474657789646
-2.225178989883221
-2.2219485383260693
-2.2154086590360063
-2.205494192632626
-2.202491740463868
-2.1913196232165917
-2.1874246043414356
-2.1802878377075046
-2.1697819338166457
-2.161840144733184
-2.1590181921232636
-2.1438984355125195
-2.1400596039581083
-2.1351556019551277
-2.119643909831273
-2.1157731665901984
-2.112689428469349
-2.0950539666020997
-2.092261899197052
-2.089608727109866
-2.0718123144051224
-2.06971760691832
-2.0677310825808073
-2.04950741078874
-2.046815970169616
-2.044073063975626
-2.009436121182167
-2.005302729765753
-2.001277760537932
-1.9404458658302186
-1.9348541276936495
-1.9294411536966012
-1.1966413410234504
-1.1966346017598843
-1.196632972467184
-1.1331823782072155
-1.1329959166809778
-1.1329559812463632
-1.081432445218927
-1.0730799644218272
-1.0722993120066935
-1.0632173836989391
-1.0378154199840735
-1.017079501407391
-1.0082257543554731
-1.0075799954425804
-0.9940559458992324
-0.9520172686937614
-0.9515532467946016
-0.9497896010812594
-0.8975411544035807
-0.8956256972904173
-0.894002896662066
-0.8466868829862029
-0.8446627594089458
-0.8419751152516135
-0.8097841576572838
-0.8008788537087718
-0.7935970657451218
-0.7738352634828415
-0.7661144487018763
-0.761423530111254
-0.7420822101907117
-0.7372562215088018
-0.7151867898718924
-0.7062145943332243
-0.6921265222237395
-0.6498385085476319
-0.6411609265670869
-0.6399244513999082
-0.5788281711214148
-0.5753901687170084
-0.5747338265255159
-0.53383093573896
-0.5335408340894803
-0.5323225916525894
-0.4517332218364388
-0.43672135852129434
-0.4212578223416072
-0.15287154610591513
-0.1269570050693882
-0.10757697556546322
-0.10417179485938162
-0.10372252386796
-0.09901616493060297
0.03815873471248982
0.03827462882855127
0.03856391893898479
0.13591985357037975
0.1365590642323889
0.13886649327201742
0.18826787856976474
0.1930638717984698
0.20674981940791834
0.21572851959701672
0.23100897080699134
0.2476151323224116
0.2677669661870481
0.272991151813553
0.3056722226205389
0.31392299106434196
0.3199456176006393
0.37050788760616926
0.3741651653114336
0.3800603473039923
0.445973638551101
0.4508437496561082
0.4557290852979597
0.5317727831519216
0.5343672316655663
0.5365851149733862
0.6205217840182479
0.6207639892549106
0.6212789009245513
0.7115464293556873
0.712102503991446
0.7134987755324735
0.8147615861204698
0.8149464578637865
0.8155206757415905
0.9343921392295619
0.9344182283999354
0.934517139648895
1.0767193544208238
1.0767210302919705
1.0767289278550412
1.256438416372025
1.2564384534298725
1.2564386842824844
2.356324633099063
2.356325227520413
2.3563268821383923
2.436623460102878
2.4366904899629236
2.4367109166328564
2.492358966969586
2.492905167315709
2.4939853919822057
2.522344282474572
2.527674927046242
2.5309043661214834
2.548035503074382
2.553544348040877
2.564986754622157
2.5785275998009363
2.5919717678166894
2.5993327075195265
2.617180943763358
2.6251052432141373
2.6409275127388936
2.6506379143756598
2.66563718516337
2.6746893323059613
2.6891382645437143
2.6972267086356734
2.7110484893082516
2.7185146297292446
2.7266784291110087
2.741912653058174
2.7468133876429803
2.7497492698322903
2.7760999971548377
2.7772133309850378
2.7782368645211495
2.814431931718329
2.8148506366304376
2.815001847398243
2.8578334268500445
2.857980613167259
2.8580079214221197
2.905694361550328
2.9057253446398534
2.905730927362312
2.957507916357018
2.957510818756353
2.957511346238339
-2.466364627518383
-2.4599539132216846
-2.4536742500615527
-2.376364858902818
-2.3670535000508712
-2.3578367759719705
-2.316125778655146
-2.312620588317135
-2.3122174063952152
-2.294156591107486
-2.2904011814082526
-2.284319932351671
-2.2647558772313996
-2.2602705883783925
-2.256353965952971
-2.241558968214128
-2.2374719898407105
-2.2335600469000316
-2.225096072868435
-2.2212309095166782
-2.2149550216532687
-2.2051088916446857
-2.2026746208597223
-2.190895369835418
-2.1873740026734185
-2.1798270363804098
-2.16944718729287
-2.161408245368901
-2.1584659013209713
-2.1434882336457184
-2.1393693772364037
-2.1345965983710258
-2.119010907367365
-2.1152232819969456
-2.1119945176449115
-2.0944479823083126
-2.0916264079206
-2.0890032044058433
-2.0712884465157373
-2.069221785950496
-2.067254788658652
-2.0488408426690827
-2.046134410248987
-2.043382098060812
-2.008393762619012
-2.00428549120654
-2.000290991165358
-1.9390326774508955
-1.9334829780302476
-1.9281195061972978
-1.1966451308962889
-1.1966355187937603
-1.196633192515377
-1.1333034541301814
-1.1330192192260213
-1.132961283741
-1.0876142888972722
-1.0736958702062547
-1.0723856535036256
-1.0655222992648716
-1.0454061979132159
-1.0196725039571097
-1.0081122557472706
-1.0080164888092766
-1.0000603411977471
-0.952112505690155
-0.9511875261478666
-0.9492750200853886
-0.8970065778418422
-0.8952551313703521
-0.8935370299856206
-0.8465822119866596
-0.8444980854095693
-0.8423318714563139
-0.8104175920406121
-0.8029435948756123
-0.7930111075034882
-0.7758668418601925
-0.7697671991215996
-0.7596960256567812
-0.7447780481211728
-0.7347957245353798
-0.7169332549718955
-0.7019110605468907
-0.6915636276004316
-0.6512016097452937
-0.6422169165870566
-0.6391231068859662
-0.5780906502577776
-0.5770379718628585
-0.5747072511676344
-0.5340116857130557
-0.5331195533278444
-0.5323422986477944
-0.4481692136404875
-0.4328127011666265
-0.41750715050374704
-0.1461173666377521
-0.1210947994643625
-0.1057838936446981
-0.10417539614023867
-0.10330936131168161
-0.09524983392374438
0.038100106417825914
0.03837485594885202
0.03859985673020401
0.13603841233930503
0.13644680074231458
0.1389208885002872
0.18817580918346505
0.1931012961249352
0.20656437965377017
0.21570282027522522
0.23076995149899562
0.24787432773564397
0.2683639969463072
0.2733164068440375
0.30585080585464053
0.3143962979342037
0.32070360850023316
0.3702304450957469
0.3735240943798069
0.37877575691243115
0.4448684799108422
0.4496574139073359
0.4545443364965127
0.53101005263601
0.5337826652785748
0.5360524428175039
0.6205426839505088
0.6208595440269686
0.6214072830502009
0.7116331555911215
0.7123528831530352
0.7140327905639561
0.8147885433560988
0.8150385251702456
0.8157789860568733
0.934395595458849
0.9344326481875379
0.9345669894627158
1.0767195500811297
1.0767220699759055
1.0767333534449488
1.2564384199232432
1.2564384797863395
1.2564388307528505
2.3563243835165837
2.3563252684300258
2.356326801598995
2.4366199016916683
2.4366807115419293
2.4367151229669624
2.492187686690326
2.492939160530865
2.4939337075683476
2.521711114572843
2.526616218527848
2.5310438501163586
2.546460880314221
2.5538444298021306
2.563682644629287
2.5788276252518516
2.589954050090275
2.600506684154093
2.6152207032048143
2.626635610366904
2.6391088314601485
2.652169179896444
2.6639374922481176
2.6763216774586143
2.6876398410941147
2.6988680917865002
2.7099435825114457
2.7199550794500666
2.7264269638222083
2.7425211757842645
2.7465141905046107
2.7502323296177282
2.776227626754381
2.7774361979105313
2.7782701805276195
2.8145830113902655
2.8148697702536207
2.81502101169658
2.8578896575678585
2.8579924130463694
2.8580083577812276
2.9057065050121067
2.905727978122246
2.9057310370999936
2.957509079031305
2.957511059516187
2.957511368232136
-2.466364627518385
-2.459953913221684
-2.45367425006155
-2.3763648589028215
-2.3670535000508717
-2.357836775971968
-2.316125778655491
-2.312620588305755
-2.3122174064070675
-2.2941565910020367
-2.290401181751964
-2.2843199317601375
-2.264755945996508
-2.2602702153922727
-2.2563545382622503
-2.2415476390367313
-2.237514886534751
-2.2335019537859413
-2.2251997139172213
-2.221118007334959
-2.2149805599569
-2.20538162273499
-2.202277874069186
-2.1916342656620675
-2.1862949840092187
-2.1805595545094256
-2.1686496015032697
-2.162802821432966
-2.157440402947786
-2.14418551825131
-2.138343847926451
-2.1351441001606895
-2.1187579899581257
-2.1155546521323845
-2.1118625293148168
-2.0944692553264415
-2.0916006800614624
-2.0890120460650428
-2.0712889850138603
-2.0692207986377325
-2.0672552414574055
-2.0488408323521616
-2.046134419853542
-2.0433820956877864
-2.0083937626192347
-2.004285491206395
-2.000290991165385
-1.939032677450894
-1.9334829780302478
-1.9281195061972993
-1.1966451308962893
-1.1966355187937596
-1.1966331925153777
-1.1333034541301714
-1.1330192192260802
-1.1329612837409522
-1.0876142888972815
-1.073695870204605
-1.0723856535057916
-1.0655222992641555
-1.0454061979137348
-1.01967250396165
-1.008112247826362
-1.008016496859158
-1.0000603410347852
-0.9521126325521119
-0.9511873255695025
-0.9492750953046432
-0.8970038632643398
-0.895261301009388
-0.8935334947805892
-0.8466316071463498
-0.8443832430740921
-0.8423994358529746
-0.8104042903479232
-0.8029540339229879
-0.7930322593891919
-0.7756499943099984
-0.7701119972619092
-0.7594653558747085
-0.7449401513406364
-0.734693033357943
-0.7169692776384953
-0.7018907310249264
-0.6915712806289085
-0.6512000462748724
-0.6422199571711218
-0.6391212645753797
-0.5780883522470504
-0.5770413305608385
-0.5747061820975102
-0.5340124719914585
-0.533118009668769
-0.5323430627946667
-0.4481692136392824
-0.43281270116660714
-0.4175071505039179
-0.14611736664013514
-0.12109479934248611
-0.10578390420521963
-0.1041753692573308
-0.10330937760053382
-0.09524983408639832
0.03809214878947584
0.03839417677289566
0.03858849035075064
0.13571825400199197
0.1369325356489341
0.13874867062574442
0.18942567435175886
0.19127189747711018
0.20778988543953775
0.2153624671036093
0.22971504378466853
0.24997706683093163
0.2643647050997105
0.27642750987871134
0.30439159967522283
0.3162928248659104
0.319819896858407
0.36979860280914495
0.37421317345160326
0.3785052648791331
0.44487787400897316
0.44964524112739646
0.45454811704227377
0.5310121327515033
0.5337784899711517
0.5360545657330775
0.6205432569785753
0.6208586149344375
0.6214076384966125
0.7116331420215314
0.7123529018205607
0.714032785429092
0.8147885427731056
0.8150385259457043
0.8157789858643771
0.9343955956204176
0.9344326479818287
0.9345669895068611
1.076719550095467
1.076722069958367
1.0767333534481498
1.2564384199102243
1.2564384798015769
1.2564388307506298
2.3563241191085873
2.356325853476069
2.3563264809609366
2.4366327210770957
2.436657148041487
2.436725867728715
2.492052619187785
2.49336109007066
2.4936418782368817
2.522192960866075
2.525365220878473
2.5322594900387436
2.544880608756942
2.557271523628376
2.560537764924783
2.582672305913988
2.585370320323963
2.604184029525884
2.6115389370697253
2.6319431005889316
2.6339819876158277
2.657410988941459
2.658766512867767
2.680474686577555
2.6836628979461814
2.7016783811245033
2.7073980700174936
2.7226861578451964
2.7243987034484043
2.7437063312563654
2.7452396008545987
2.750530182105237
2.77613986983975
2.7776485891914495
2.778141989115516
2.8145862650466285
2.814861184069851
2.815026351468984
2.857889644192175
2.8579925112204188
2.858008272979581
2.905706505036332
2.90572797792886
2.905731037269157
2.957509079031287
2.957511059516308
2.957511368232033
-2.4663646275183817
-2.459953913221686
-2.453674250061552
-2.376364858902818
-2.3670535000508703
-2.3578367759719705
-2.316125778655624
-2.31262058830203
-2.3122174064108574
-2.294156591003184
-2.290401181724908
-2.2843199318733
-2.264755903661041
-2.2602704911827853
-2.2563540450982913
-2.24156512303215
-2.237434309454801
-2.233633733222415
-2.224741124689097
-2.2218088393703677
-2.2143645337020526
-2.2065603395027127
-2.200964821399457
-2.192813152941708
-2.1845096941772395
-2.181835004045215
-2.167962969953942
-2.163531579627594
-2.157140718130358
-2.1442316126154846
-2.1384080965573617
-2.1350535414579856
-2.1189081413824264
-2.115321123201051
-2.111970589601986
-2.0944241765210405
-2.091666577255729
-2.088984449334836
-2.071292511465924
-2.069216068678195
-2.067256964089612
-2.0488408213380365
-2.0461344286921976
-2.0433820938151377
-2.0083937626191597
-2.0042854912064656
-2.000290991165368
-1.939032677450897
-1.933482978030248
-1.9281195061972953
-1.196645130896289
-1.1966355187937605
-1.1966331925153786
-1.1333034541301692
-1.1330192192261035
-1.1329612837409395
-1.0876142888972926
-1.0736958702021744
-1.0723856535090928
-1.0655222992628457
-1.0454061979157216
-1.0196725038849563
-1.0081122864800605
-1.0080164578135382
-1.0000603415551605
-0.9521125391542204
-0.9511874694441257
-0.949275044214414
-0.8970035223833476
-0.8952622301298326
-0.8935328739209107
-0.8466841557994895
-0.8442366567420282
-0.8424976475548369
-0.8103259670454033
-0.803139569771353
-0.7928185063317805
-0.7761897234645884
-0.7694321371310289
-0.7597948705868691
-0.7447975921318969
-0.734757203774255
-0.716959366721467
-0.7018911059728373
-0.6915724524593544
-0.6511983854815188
-0.642224372382505
-0.6391182591964947
-0.5780924199065282
-0.5770356187927631
-0.5747078501649976
-0.5340122484213018
-0.5331184205917474
-0.5323428713098292
-0.448169213635498
-0.4328127011691042
-0.4175071505034479
-0.14611736664168626
-0.12109479934797993
-0.10578388732467327
-0.104175427005376
-0.10330933566302376
-0.09524983515016747
0.03808867760505099
0.038403362935313996
0.03858277641207116
0.135565837233654
0.1372514523758523
0.13858091124536318
0.1882193940476817
0.19347670705383394
0.20451410991367486
0.22085443276292094
0.2255695009923901
0.2519309926090016
0.26315297428292306
0.27641632877029443
0.30578683594020295
0.31353937485111166
0.32141542135715595
0.3694611787850649
0.37471937186484827
0.3783007907626265
0.4448627589788183
0.44967077419752055
0.45453712845680116
0.5310125214940822
0.5337779703397556
0.5360547227906207
0.6205469719896565
0.62085288977657
0.6214096499219234
0.7116331473509498
0.7123528942005354
0.7140327877134008
0.8147885418283359
0.8150385271916879
0.815778985562743
0.9343955955176885
0.9344326481127433
0.934566989478674
1.076719550141057
1.0767220699026077
1.0767333534583228
1.2564384199080625
1.2564384798041108
1.25643883075026
2.3563241454496753
2.356325764330044
2.3563265437658782
2.4366271760744254
2.436665488907884
2.4367230716359516
2.4921081782111183
2.493128550086408
2.4938213356979424
2.5219014037281364
2.5260529808452645
2.5315876834112085
2.5458135996503595
2.5548463957085765
2.5628856571711274
2.579561344586078
2.589088099655762
2.601167746479352
2.6147405532289434
2.626984425608636
2.638968873653034
2.652099140409728
2.6642029750080263
2.675883541524255
2.6882412164356317
2.698201184940693
2.7106802782840056
2.719148834645596
2.7269257202665025
2.742103464961919
2.7470496444587207
2.7500073811110135
2.7763140700024027
2.7772800501448964
2.7783424843279123
2.814579189592499
2.81488094427454
2.815013651453748
2.8578896832742338
2.857992227095898
2.8580085180310295
2.9057065049317514
2.905727978764007
2.905731036538586
2.9575090790314253
2.9575110595152707
2.9575113682329275
-2.4663646275183826
-2.4599539132216837
-2.453674250061552
-2.3763648589028183
-2.3670535000508677
-2.357836775971968
-2.3161257786552825
-2.312620588313412
-2.3122174063990024
-2.294156591108633
-2.2904011813811973
-2.2843199324648356
-2.264755834892802
-2.2602708641089686
-2.2563534728190833
-2.241576256680152
-2.2373897111042558
-2.233692713848118
-2.224603464214635
-2.2219510687578756
-2.214346783942434
-2.2064241961612567
-2.201254544886154
-2.192295536638806
-2.185708889324531
-2.1807533901781584
-2.1688778000818902
-2.162185100739309
-2.157979388304716
-2.1435348200099007
-2.1394086152378757
-2.1345276897861187
-2.119141226410347
-2.114994982307173
-2.112117514459889
-2.094402187856754
-2.091692715399879
-2.088975923512943
-2.071291975229147
-2.069217055080088
-2.0672565099418274
-2.048840831655011
-2.046134419087597
-2.043382096188156
-2.008393762618938
-2.004285491206617
-2.00029099116534
-1.939032677450895
-1.9334829780302474
-1.928119506197296
-1.1966451308962893
-1.196635518793762
-1.1966331925153795
-1.1333034541301785
-1.1330192192260415
-1.1329612837409855
-1.0876142888972828
-1.0736958702038255
-1.0723856535069298
-1.0655222992635598
-1.045406197915204
-1.0196725038804164
-1.0081122943945027
-1.0080164497701296
-1.000060341718124
-0.9521124122570267
-0.9511876700514801
-0.9492749690014097
-0.8970062387798992
-0.8952560619638176
-0.8935364058343699
-0.8466386298308771
-0.84435655282792
-0.8424211620003362
-0.8103396256529422
-0.8031287062985871
-0.7927967897106237
-0.7763704066545911
-0.7691093755454429
-0.7600382377988407
-0.7446359257292254
-0.734861466381126
-0.716923391213896
-0.7019114428479964
-0.6915647975232768
-0.6511999495955799
-0.6422213361170007
-0.6391200965314515
-0.5780946950897379
-0.5770322803132174
-0.5747089218442007
-0.5340114615867874
-0.5331199642148283
-0.5323421077550645
-0.44816921363670614
-0.43281270116912485
-0.4175071505032751
-0.14611736663930477
-0.12109479946985806
-0.10578387676378247
-0.10417545388656108
-0.10330931937626713
-0.09524983498751323
0.0380963273294205
0.038383488580299496
0.03859500422647657
0.13574025827639216
0.1368673759723799
0.13879720685750999
0.1875509575265433
0.19499309832361938
0.20332203694580211
0.2203640477028859
0.2270064472359835
0.24965621085638637
0.26714714286209046
0.27364456001863163
0.3082122038950012
0.3111105182921516
0.32184991951842784
0.36980792644439076
0.3740734726832927
0.37861325723952916
0.44485343560091806
0.4496829072728482
0.4545333168321313
0.5310104406331729
0.5337821458451865
0.5360526004225348
0.6205463799958004
0.6208538336363142
0.6214092986740843
0.7116331609207966
0.7123528755327749
0.7140327928482401
0.8147885424113234
0.8150385264162331
0.8157789857552367
0.9343955953561238
0.9344326483184525
0.9345669894345298
1.0767195501267188
1.076722069920142
1.0767333534551238
1.2564384199210776
1.2564384797888721
1.2564388307524805
2.356324436963326
2.3563251874420508
2.356326829140232
2.4366172641497514
2.4366901569253003
2.436708314896468
2.492291432432155
2.492760410917183
2.4940111915108867
2.5215087774992995
2.5275775709853066
2.530045933187204
2.5479845816859923
2.55174301523555
2.5652685304533325
2.576992389207251
2.593907077492412
2.596535401038673
2.619826813007241
2.621667709742458
2.6433245848507076
2.647857582388228
2.668855800931129
2.671444664741092
2.6926526049775044
2.6941151825879803
2.7137337048752257
2.716267685777757
2.7278959926210073
2.7414309598576616
2.748122952071894
2.7493741172143302
2.776463264099739
2.7770645777443943
2.7784123129981375
2.8145761763392922
2.814890866703035
2.8150067350334327
2.8578896966687286
2.85799213177295
2.8580085999627665
2.9057065049075295
2.905727978957488
2.905731036369329
2.957509079031443
2.95751105951515
2.957511368233034
