-2.4417062603869337
-2.4365347665681276
-2.431403518804224
-2.426325121919638
-2.4213117626249745
-2.4163758526327603
-2.4115306794734517
-2.2907340855612244
-2.2832662072457293
-2.2762783859919993
-2.2699406068973835
-2.2650777638978603
-2.263108596380795
-2.262636896810586
-2.2303058093544053
-2.2295536269191447
-2.2281867128823514
-2.220278292193082
-2.2164428952859065
-2.2129691717342492
-2.208615019341228
-2.1794542884784645
-2.1772437616140135
-2.1753156981608526
-2.1580324196386944
-2.1534040257830354
-2.1485593037915187
-2.14120234846998
-2.1348084361584583
-2.1285551646403857
-2.125531683090201
-2.095831859543924
-2.0927424949354068
-2.087306737734508
-2.082578410350015
-2.071811995841888
-2.069048203072099
-2.0651975281557107
-2.0420658827341116
-2.0397067935257103
-2.037533886171835
-2.0341829447434816
-2.0299450557546725
-2.0279345261834445
-2.025746508421844
-1.955175223275603
-1.9482167383842048
-1.9412604811719523
-1.9343231774076728
-1.927429297963975
-1.9206183148820022
-1.9139227301675548
-1.117659401921232
-1.1149183136240233
-1.1133951754867943
-1.112528067767227
-1.1121362315794783
-1.1120543022865228
-1.1120269526235744
-1.0151133408159525
-1.0001795986018693
-0.9882812650923156
-0.9807810680800068
-0.9764410593304076
-0.9733183031940175
-0.9706566963209194
-0.9099865238498519
-0.9094080512187224
-0.9042480071684988
-0.8913764080848174
-0.8745068644108293
-0.86079828044347
-0.8556200078572229
-0.8045963986520502
-0.803289609128074
-0.8001717379758614
-0.784730539242879
-0.7764379302976353
-0.767797425330067
-0.7594059644178637
-0.7160903577530638
-0.7144914080161486
-0.713360605198084
-0.6371214447594131
-0.6346922249112348
-0.6250570657455653
-0.6192807979109921
-0.5940571185126464
-0.5756266729799366
-0.5644164394438326
-0.46316741753994833
-0.45934317994090107
-0.4568084827234911
-0.45052011221097005
-0.4414522104146418
-0.4389540393388709
-0.43686961933556
-0.17567335896779646
-0.16806077371409228
-0.15740094951006287
-0.1416361963610258
-0.12336624591428572
-0.10638578360462908
-0.09492431253383496
0.10167568156076072
0.10387092371825185
0.1051601434627402
0.11308338831303999
0.12120147550565362
0.12372701086498186
0.12476615517163403
0.2699367594763916
0.2723164353122218
0.2740349524103178
0.30920494827081957
0.3168899895489159
0.320311594389881
0.3306045853103745
0.36431997012125017
0.369119692168389
0.37279088688877543
0.4730319297806359
0.4793786861953479
0.4820149471071907
0.493092103384674
0.49713967633687484
0.5034654475335635
0.5074922470915274
0.6687444941019017
0.6710216487734173
0.6728107286158397
0.677906271386352
0.681228051517337
0.6825467318123788
0.6853943584767184
0.9074748663081225
0.9082158463138276
0.9088946723180871
0.9107888355865921
0.9116122067501794
0.9130014909696864
0.9160924811024009
1.2596456505454137
1.2597462284202996
1.2598215267613226
1.260058007576499
1.260203595898321
1.260366174764382
1.2608260950940258
2.483578284177337
2.484580638743589
2.485072260647878
2.4874230261508403
2.4882134859953253
2.4903762167862555
2.490713104758909
2.5628867974856906
2.565227790506254
2.572164707051049
2.5751131227987534
2.588309725584629
2.5910282609785016
2.603933259700078
2.6173460595803695
2.6326092262630203
2.635393366732411
2.6553677697163574
2.6588555993919933
2.678682146034062
2.6810512447901753
2.7038454920365256
2.705222759080764
2.7191318149036263
2.7356657029460116
2.7482366811338093
2.7488986327425935
2.7620160333165225
2.766433486364557
2.7738353374220437
2.774342819194343
2.829280497046773
2.8294299948942783
2.832702995311673
2.8333461597074265
2.83693967805514
2.837095610024988
2.8385236303210477
2.9352583459991126
2.93544787644923
2.935526667519394
2.9357522754779994
2.9358816869858577
2.936026231851347
2.936092199620628
-2.441706260386931
-2.4365347665681254
-2.431403518804226
-2.4263251219196422
-2.421311762624977
-2.4163758526327617
-2.411530679473449
-2.2907340855612834
-2.283266207243465
-2.27627838603135
-2.2699406064775083
-2.2650777667408604
-2.26310858989873
-2.2626369005951164
-2.230339250489676
-2.2294807466821496
-2.2282337757502217
-2.2202387184148047
-2.2165186223668965
-2.21290553093903
-2.2086362091504275
-2.1790706595597915
-2.1779952364463626
-2.1749029424197763
-2.158449094843412
-2.1520849628266836
-2.1498493487174475
-2.1405565561788613
-2.13522448123344
-2.1284168260733445
-2.125550850235986
-2.096111039094252
-2.092017380784293
-2.088120816898259
-2.082077659253055
-2.072319219785309
-2.068504743823122
-2.0653745332014313
-2.0419722877097635
-2.039921532300698
-2.037357415725794
-2.034247466280701
-2.0299248410274866
-2.0279432425769035
-2.0257454941524613
-1.9551752232755837
-1.9482167383842282
-1.9412604811719403
-1.9343231774076741
-1.9274292979639733
-1.920618314882002
-1.9139227301675514
-1.1176594019212465
-1.1149183136229828
-1.1133951755105422
-1.1125280674058127
-1.1121362372087684
-1.1120542853267037
-1.112026964292793
-1.0151133408155617
-1.0001795986224578
-0.9882812645069734
-0.9807810742591397
-0.976441039393107
-0.9733183272252632
-0.9706566865554999
-0.9099858692895763
-0.9094088657101629
-0.9042477675269258
-0.8913765901453389
-0.8745064697311643
-0.8607995694418372
-0.8556188667353112
-0.804892139200371
-0.8026940110146054
-0.8005041218563688
-0.7846450100127156
-0.7765260641854183
-0.7677506968493182
-0.7594179046991754
-0.7160923707378206
-0.7144831052157514
-0.7133667177306094
-0.6371155677263041
-0.6347007086540398
-0.625051966278436
-0.6192833817021188
-0.5940569702446437
-0.5756267210281487
-0.5644164277410115
-0.46316675517075884
-0.45934653395554803
-0.45680470122387784
-0.45052169567298633
-0.44145044666498773
-0.4389559018085428
-0.436869026916786
-0.17567335896017383
-0.1680607737418267
-0.15740094947369035
-0.14163619637258235
-0.12336624595135472
-0.10638578353665265
-0.09492431256977507
0.10170526884395438
0.1037269426474493
0.10530203859693951
0.11301836011718124
0.12145405399266287
0.1233088402952146
0.12496927532631248
0.27040472892471523
0.2713927731922916
0.2745112959333527
0.30905799761263886
0.3168207674047795
0.3207150398578506
0.33035036152385094
0.36491331117525116
0.3682356322336786
0.3731281047215452
0.47334986462759576
0.4778116269522811
0.4841473928311654
0.49102193986732495
0.499182535647151
0.5024155156837705
0.5076859612505955
0.6687883068584612
0.6708486649218137
0.67300227074407
0.6777605271486267
0.6814735150892913
0.6823730331557781
0.6854059674308582
0.9074739310147922
0.9082196824544576
0.9088904109138206
0.9107926488645307
0.9116092255084234
0.9130020338826382
0.9160924667102786
1.2596451011729324
1.259748965462642
1.259818521737173
1.2600598188564645
1.2602022765612195
1.2603665066855216
1.260826088584309
2.483591395872301
2.4844903933749025
2.4851863174361
2.4872813931772275
2.488355547927523
2.4902737559545414
2.490778215666287
2.5627649077066215
2.565562670526475
2.571239859806778
2.576203395010485
2.586573501014133
2.592919025214017
2.603000874473365
2.618414061431266
2.6297478511264196
2.638409533830433
2.6522934373839178
2.662049964702211
2.675230516844274
2.6842044400393896
2.7004984353635977
2.7088039780630355
2.717900693964534
2.7368674633823686
2.744739660894117
2.7523642139368953
2.7602829577388843
2.7678954429837894
2.7725510383263283
2.775079999528901
2.828895002016767
2.830076223150618
2.8318980845527317
2.8341054844394455
2.8362623288171367
2.837651902272179
2.8384294504255965
2.9352597948785424
2.9354329391489795
2.9355524867646805
2.9357233559650067
2.9359140278039884
2.9360035662110966
2.936099113131271
-2.4417062603869333
-2.436534766568126
-2.4314035188042187
-2.4263251219196413
-2.4213117626249794
-2.4163758526327594
-2.4115306794734526
-2.290734085561193
-2.283266207248317
-2.2762783859033826
-2.2699406089016825
-2.265077728025525
-2.263108784325235
-2.26263674112942
-2.2303773290926547
-2.2293885500080597
-2.228295705531211
-2.2202046524365557
-2.2165722462338815
-2.2128681844472826
-2.2086464323737247
-2.1791889032791083
-2.1777783690720356
-2.1750247283209148
-2.1580805662278335
-2.153532747949504
-2.148084506039733
-2.1419624987194195
-2.1336588291780574
-2.129767697074418
-2.1250095648443774
-2.096353041701617
-2.0912534010465644
-2.0888218311615554
-2.081867985305026
-2.072395780755721
-2.068475594990382
-2.0653685976429594
-2.0420533918645543
-2.0397093924557295
-2.0375572778887756
-2.0341588109874613
-2.0299620912433123
-2.027924658610701
-2.0257481199123464
-1.9551752232755906
-1.9482167383842144
-1.9412604811719543
-1.9343231774076692
-1.9274292979639778
-1.9206183148820009
-1.9139227301675528
-1.1176594019212314
-1.114918313624057
-1.1133951754868852
-1.1125280677588196
-1.1121362317592538
-1.112054301714533
-1.1120269530240647
-1.0151133408154007
-1.000179598636025
-0.9882812639772806
-0.9807810810513039
-0.9764410148176315
-0.9733183594589068
-0.9706566724510782
-0.9099886894449725
-0.9094054787284988
-0.9042485224906843
-0.8913762478300414
-0.8745069097595726
-0.8607986131968552
-0.8556195842697577
-0.8049371120640526
-0.802549160611531
-0.8006174923330195
-0.7845966497094757
-0.7765917106264479
-0.7677051080664649
-0.7594333650195023
-0.7160213097511533
-0.714629038586891
-0.7132911255627353
-0.637116888873781
-0.6346991583652913
-0.6250520725297237
-0.6192835752043682
-0.5940568882625853
-0.5756267745500453
-0.564416407525447
-0.463166923045023
-0.45934595629976643
-0.45680515727169235
-0.45052169741079995
-0.4414501532186982
-0.4389562938085067
-0.4368688806236072
-0.17567335893272334
-0.16806077380434023
-0.1574009494477453
-0.1416361963093387
-0.1233662460727562
-0.10638578343148697
-0.09492431260692143
0.10175257009181723
0.10356339652584845
0.10544448777771094
0.11296944587742472
0.12158917777069807
0.12314703668614084
0.12501865865032663
0.27015137385867655
0.2718581034029861
0.27427652875658326
0.31008978011009053
0.31416382452221564
0.32311799495477955
0.3295566226141463
0.36515527755591354
0.36800509743765397
0.3731548651753596
0.4736872732191092
0.47705214933422907
0.4849829316183808
0.4905029292576995
0.49925875840597483
0.5024760261937687
0.5076553188882369
0.6687473341618037
0.6710271268310156
0.6727878465855267
0.6779655693828882
0.6810967591321584
0.6826452620715443
0.6853823877570621
0.9074726839694809
0.9082247481485515
0.9088849156062683
0.9107972377955086
0.9116057251630048
0.9130026363982026
0.9160924522678805
1.2596452741515922
1.259748074267855
1.2598195003494403
1.260059235768267
1.2602027043968167
1.2603663994046514
1.2608260907216429
2.48372511084908
2.4840994938455143
2.4858456057668152
2.486523974467856
2.489108754303561
2.489681500550249
2.490972589442405
2.5624789271634025
2.5669223701723225
2.569052006148903
2.57900016498797
2.583272342639308
2.597070903339264
2.5996891607657333
2.621994739615009
2.6250223481659463
2.643400894261352
2.647343785132422
2.667586507020129
2.6698260592996963
2.6873165468785656
2.6975738665524593
2.7132737601906234
2.7145649933028166
2.739900856265727
2.740936945569585
2.755786683280134
2.757368356574424
2.770277760094342
2.77050464019207
2.775433385181353
2.8287496930029166
2.8308404003592846
2.8310374160693916
2.834668766356634
2.8357763164676757
2.837980564302138
2.8382652297985027
2.935260718733247
2.9354258401268267
2.935568302039209
2.9357059041434717
2.935939747261836
2.9359823289948417
2.9361024426041373
-2.441706260386933
-2.4365347665681254
-2.431403518804225
-2.4263251219196365
-2.4213117626249763
-2.4163758526327643
-2.411530679473451
-2.2907340855611324
-2.2832662072505827
-2.2762783858640327
-2.2699406093215555
-2.2650777251823677
-2.2631087908039413
-2.262636737348402
-2.2303488097217326
-2.229461773741429
-2.228243418383858
-2.2202449769127686
-2.2164968785172805
-2.2129308494320252
-2.20862506741899
-2.179513593776566
-2.177016718591775
-2.1755062141546193
-2.1575158789055755
-2.1545540874696063
-2.1470419921123307
-2.142708067742152
-2.1332352216805943
-2.129999256088814
-2.125003567224721
-2.096130452880025
-2.092119058406576
-2.0878533264609676
-2.0823289054802823
-2.071899963922839
-2.069004573641388
-2.065191771144401
-2.0421374307004534
-2.0394733741348636
-2.037760658278009
-2.0340979121331277
-2.0299823867457576
-2.0279161594451307
-2.0257491409095203
-1.9551752232756163
-1.948216738384187
-1.941260481171966
-1.9343231774076661
-1.927429297963977
-1.920618314882002
-1.9139227301675525
-1.1176594019212143
-1.1149183136250946
-1.1133951754631408
-1.1125280681202334
-1.1121362261288823
-1.112054318662614
-1.112026941367671
-1.0151133408157915
-1.0001795986154354
-0.9882812645626252
-0.9807810748722023
-0.9764410347551722
-0.9733183354275824
-0.9706566822163265
-0.909989336461662
-0.9094046717145775
-0.9042487621931898
-0.891376065770384
-0.8745073044181007
-0.8607973238735536
-0.8556207257409393
-0.8046719898754842
-0.8031453593927753
-0.8002540359628353
-0.7846828229419803
-0.7765032442970062
-0.7677514599883807
-0.7594213432238972
-0.7160189072507067
-0.714636784656296
-0.7132859592525242
-0.637122758031688
-0.6346906822222353
-0.6250571724162962
-0.6192809912704337
-0.5940570365297444
-0.5756267265016354
-0.5644164192281842
-0.4631675852957773
-0.4593426011632062
-0.45680893997678923
-0.45052011399523856
-0.44145191733545186
-0.43895443111742594
-0.43686947288510286
-0.17567335894034689
-0.1680607737766078
-0.15740094948411926
-0.14163619629778584
-0.12336624603568765
-0.10638578349946358
-0.09492431257098362
0.10171998032211768
0.1036872108116024
0.10532533559903598
0.1130344272622536
0.12130425680673905
0.12356964247651651
0.1248439188790571
0.2698138274549242
0.2729844447012533
0.2734671750436198
0.3103262586678341
0.3140234768670943
0.3227626062040966
0.3298824102947334
0.3644924813723069
0.36894741319201463
0.3728291759186383
0.4732815736784024
0.4783002238404071
0.48310001638958083
0.49262020534575257
0.49733432988165643
0.5035235372991829
0.5074557010416085
0.6687067233361458
0.6712369808780708
0.6725602141798979
0.6781217354612058
0.6808985005180045
0.6827579145143353
0.6853702163693879
0.90747361263349
0.908220867934106
0.9088892223250591
0.910793403182919
0.9116087321312676
0.9130020944815275
0.9160924666604867
1.2596458277667921
1.2597453921091513
1.2598224502082322
1.2600574278859127
1.2602040172395061
1.2603660666195293
1.2608260972311416
2.4836961584386623
2.4841557592545236
2.4857169862859947
2.486665729362524
2.488960453847108
2.4898119950013875
2.49094994488653
2.5625596346793564
2.5663557611885635
2.569847214609574
2.5778984736662194
2.584558232623242
2.5951421042495357
2.601437894031981
2.6199523353052947
2.6275343910052977
2.6405955121802402
2.650249915362964
2.663997739222913
2.673462992322473
2.685449866022011
2.699453071856597
2.7099181800210768
2.7172867196922526
2.7373071858388967
2.7441237281501305
2.7528775649848933
2.7599448420546415
2.7681162282476772
2.772398662533352
2.775129665404623
2.8289105129455083
2.8300334333244623
2.831956018046605
2.834049439184705
2.8363126293834147
2.837614422615132
2.838442020545224
2.935259229642552
2.935438030949511
2.935542822336794
2.935734171071644
2.9359013080190675
2.9360130095765804
2.9360967123074135
-2.443003842498477
-2.4378243800650594
-2.4326818543268613
-2.427589094932932
-2.422558335394074
-2.4176018637739634
-2.41273268897747
-2.2926434749941254
-2.285100853646017
-2.277958675557015
-2.271380454299676
-2.2660850272374935
-2.2630444562424183
-2.2626978603695047
-2.2302515419587343
-2.2293507463933935
-2.227687853155565
-2.2198613326813192
-2.215690645982415
-2.2120386695613456
-2.2077819988988776
-2.1798368401466006
-2.176998382733747
-2.175593339939628
-2.1575461245302
-2.154436353904436
-2.1471194495771857
-2.142416472942052
-2.1331775322837774
-2.1292983464002404
-2.1246482574243517
-2.095669226047369
-2.091935759020423
-2.087138467772411
-2.0819435461461357
-2.0712097382914103
-2.068573471947454
-2.06462457878376
-2.0418026220475545
-2.039101809048106
-2.037344305856672
-2.033643746434781
-2.0294947289791136
-2.027420332674342
-2.0252397090323835
-1.953436344624574
-1.946476760553968
-1.9395239807579967
-1.9325957310825683
-1.9257179850666648
-1.9189319043954112
-1.9122722245649963
-1.1186350729305605
-1.115460707793861
-1.1136957910552299
-1.1126878117375845
-1.1122006291987383
-1.1120491183260461
-1.1120320046958982
-1.0189321970735217
-1.0037494493341144
-0.9908312876323035
-0.9821898869774773
-0.9773308002389545
-0.9740572647699678
-0.9712587441897148
-0.9101408111321587
-0.9094383482762128
-0.9062323402361243
-0.8945818262547972
-0.878556378483723
-0.8635663083223224
-0.8560660992509086
-0.8044275066515895
-0.8035276057387674
-0.80035250516217
-0.784898073821333
-0.7772968786652746
-0.7701145744982177
-0.761077968147792
-0.716332619481173
-0.7145797677343224
-0.713549017806531
-0.6369862836060332
-0.6346477844835878
-0.6260054978615495
-0.6160349331872507
-0.5896877542731123
-0.5716525813963689
-0.5638701540077425
-0.4624445778052311
-0.4610109414736159
-0.4540702992416493
-0.45212261577159873
-0.440344444068842
-0.440024409828537
-0.4366960937379582
-0.1738600816156007
-0.16580141581285388
-0.15398866447491014
-0.13721262736619966
-0.11880751036922468
-0.10289118273633857
-0.09311820773162154
0.10169657167936409
0.1036946491029776
0.10538933649835078
0.11344555644195092
0.12118177651041759
0.1238989684517513
0.124785875265021
0.26979355287734047
0.2730514839657398
0.2734271003500777
0.31025527656610224
0.31385952426803043
0.32273136720976475
0.3298815697611706
0.3641611551662657
0.3685861328944259
0.3716039704521916
0.472894094609819
0.47776608220359357
0.48251030083939495
0.49260961120730123
0.4967924397263414
0.5030886639247807
0.5063869519911204
0.669151780598289
0.6716023538182344
0.672776700550879
0.6780914958292991
0.6811135354699941
0.683056331659765
0.6861638637330938
0.9076368982869928
0.9083847117218073
0.9090531409045106
0.9109041583546662
0.9118261612886811
0.9135972809009766
0.917169802967986
1.2596646051517548
1.2597632342579466
1.2598385886414685
1.26007599478609
1.2602271238012968
1.2604457869946375
1.2610071262150047
2.4836131793013303
2.4842319232419223
2.4854686173125144
2.4868750354772087
2.488697645783592
2.490002651303457
2.4908966083528297
2.5622057457890324
2.5654600858436667
2.5701845464171518
2.5765359020858383
2.58535902523867
2.5934242597707535
2.602217806860616
2.6183777641452246
2.628755132449272
2.638454764469534
2.651734405163372
2.6619384286243
2.6748922923091984
2.6837760249496134
2.700657681855027
2.708213478197205
2.717938729701335
2.736483188274551
2.7453656755623825
2.751506257366293
2.760762560634749
2.767364259189661
2.7729072986325365
2.7748669364209926
2.8290648037271184
2.8298220148727977
2.832318208773362
2.8337876104863366
2.8365766763779923
2.8374630351023766
2.8385066968876904
2.9353174741628716
2.9354624773586155
2.9355460335517694
2.935759660133348
2.9358918046031888
2.936034485061755
2.9360996007045648
-2.4430038424984795
-2.4378243800650585
-2.432681854326863
-2.427589094932931
-2.422558335394073
-2.417601863773967
-2.4127326889774685
-2.2926434749941844
-2.2851008536432764
-2.277958675619394
-2.2713804533298645
-2.2660850378582618
-2.263044349313232
-2.262697958539237
-2.230233042533192
-2.2293872981921035
-2.227665751297455
-2.21987559934839
-2.2156702219842814
-2.2120511968196443
-2.207779956128609
-2.179701710686811
-2.1774608387629066
-2.175227860401353
-2.1581865909700997
-2.152946235827711
-2.148902218849337
-2.1408285214160236
-2.134689481231057
-2.1279412620130653
-2.1251966653566288
-2.095465328648256
-2.0923029168014384
-2.0868888447214564
-2.082012210658734
-2.0713268357681747
-2.068400854565029
-2.064690038544447
-2.0416998947853706
-2.0394071898336805
-2.037059055804561
-2.0337491220406023
-2.02945096284407
-2.0274414550895097
-2.0252367677205823
-1.9534363446245582
-1.94647676055399
-1.9395239807579774
-1.9325957310825754
-1.9257179850666617
-1.9189319043954085
-1.9122722245649968
-1.1186350729305659
-1.1154607077933831
-1.1136957910659486
-1.1126878116023071
-1.1122006304775185
-1.112049109958538
-1.1120320119096676
-1.0189321970732315
-1.0037494493468975
-0.9908312872785965
-0.9821898913760273
-0.9773307838427372
-0.9740572861899403
-0.9712587350264799
-0.9101400935906087
-0.9094393914983939
-0.9062319175718272
-0.8945820196311626
-0.878556091624329
-0.8635669813158028
-0.8560655021557565
-0.8048263531215014
-0.8027874838754603
-0.8007305488820556
-0.7847883358662509
-0.7774237349367615
-0.7700480517573238
-0.7610909194108693
-0.7163313909738723
-0.714579218764881
-0.7135506115121657
-0.6369816192738094
-0.6346544032001409
-0.6260026860860829
-0.6160358490730904
-0.5896876437019045
-0.5716526382530721
-0.5638701325965123
-0.4624427615708603
-0.4610138053356434
-0.4540652541256694
-0.4521270659489747
-0.44033190232046937
-0.44003693734567784
-0.43669565516774606
-0.17386008163255878
-0.1658014157681175
-0.15398866450908952
-0.13721262738651027
-0.11880751029803278
-0.10289118280681712
-0.09311820770657848
0.10165203221996338
0.10387552974726662
0.10522741645975013
0.11349730759831693
0.12108532750575858
0.12410238014885912
0.124652747083301
0.2699367580130622
0.2722760567102142
0.2740843607735172
0.30907019837884564
0.31686722835340075
0.3201806124912166
0.3306259110683342
0.363974889523526
0.36879337971832893
0.37154227148400165
0.4726484542513162
0.47877178075094934
0.48152633497224795
0.4930625710268544
0.49658676383339545
0.5030191789999267
0.5064325213135679
0.6691896316174737
0.6713811330257676
0.6730266217872429
0.6779213415994159
0.6813320416753956
0.6829290838142213
0.6861762076783617
0.9076376548031334
0.9083817308935557
0.9090563070887203
0.9109020214459019
0.9118275298749339
0.9135971031725788
0.9171698071468292
1.2596644021314782
1.2597641690444783
1.2598375935297315
1.2600765236097702
1.2602268027448418
1.2604458436040535
1.261007125183853
2.483530508299182
2.4846890144690743
2.4848696781960156
2.4875588635609085
2.4880258940307427
2.4905040500545645
2.490607644115728
2.5624623019086803
2.564713589012422
2.5720084977060838
2.5744315527770922
2.5884719628646464
2.5901402861163767
2.603780254528309
2.6167799914181353
2.6324940240005357
2.6347026400683777
2.655142319234976
2.6585466299971263
2.6781312503002437
2.680964879254099
2.7033361429252976
2.70543590268073
2.7188235106844605
2.7357228591321956
2.747405052757868
2.749549295071499
2.7617043926606537
2.766597426440099
2.7735373912163905
2.774500070663183
2.8292012419766563
2.8296103239177106
2.832592695290144
2.833526859569867
2.8367884741810534
2.8372867550538787
2.838532730816494
2.9353172982380458
2.935463932932953
2.9355439470070963
2.9357618310141014
2.9358896278073465
2.93603584682407
2.9360990517524983
-2.44300384249848
-2.437824380065063
-2.432681854326866
-2.427589094932934
-2.4225583353940743
-2.4176018637739647
-2.412732688977472
-2.2926434749942
-2.285100853642956
-2.2779586756179833
-2.271380453479376
-2.2660850350448127
-2.2630443847825332
-2.2626979252101522
-2.2302613914605023
-2.22932796423452
-2.2277051975125644
-2.219835783369603
-2.2157480510405176
-2.2119810744516473
-2.2078052519258415
-2.1793935382390313
-2.178060286834075
-2.174899814208451
-2.1584528924342097
-2.1521775343928247
-2.149560578710165
-2.1407072928307413
-2.1345783396617595
-2.128256946141523
-2.12498335132609
-2.0958257496954897
-2.0913472536352518
-2.0879052097615594
-2.081445338326967
-2.0718548619831707
-2.0678399902283044
-2.064880811888832
-2.041631745280509
-2.03954884664984
-2.036953986758619
-2.0337828432904055
-2.029443611908966
-2.0274437385681097
-2.025236653419907
-1.9534363446245417
-1.946476760554005
-1.9395239807579745
-1.9325957310825763
-1.9257179850666621
-1.9189319043954112
-1.9122722245649988
-1.1186350729305576
-1.115460707794024
-1.1136957910522407
-1.112687811771465
-1.1122006288961013
-1.1120491202696805
-1.1120320030238697
-1.0189321970731622
-1.0037494493528127
-0.9908312870343569
-0.9821898952253969
-0.977330767509579
-0.9740573094711941
-0.9712587242902151
-0.9101451495073712
-0.9094325247159705
-0.9062340486595686
-0.8945815108625821
-0.878556516180484
-0.8635663443792833
-0.8560659530717639
-0.8048626947535071
-0.8026658466711893
-0.8008282021043763
-0.7847353210231561
-0.7775033315897512
-0.7699957534348827
-0.7611047858720704
-0.7162780652493677
-0.7147008613911516
-0.7134817173685482
-0.6369828761900345
-0.6346529070373945
-0.6260028884571939
-0.6160359397071217
-0.589687577179322
-0.5716527036459399
-0.5638700994971386
-0.46244336556444854
-0.4610129452097367
-0.45406599787872354
-0.45212659814324446
-0.44032988705309145
-0.4400390357460363
-0.43669555252138564
-0.17386008160174024
-0.16580141586737904
-0.15398866437807765
-0.13721262747339175
-0.11880751030741417
-0.10289118271588023
-0.09311820776438194
0.10167900858165797
0.10374459688424688
0.10535720768604723
0.11343018003081783
0.12131190396022042
0.12361277246303012
0.1249570722019982
0.270404578885209
0.27137390181106524
0.2745385532155423
0.30896749536466017
0.3165856427647456
0.32079618887993544
0.33032268354766026
0.3647044386734152
0.3676256304329076
0.37203273815861565
0.47296658822643667
0.477288385310643
0.48346413676463995
0.49102399932563484
0.49874777503959505
0.5018794487075448
0.5066770849426313
0.6692301377214251
0.6712191504407463
0.6732005733620021
0.6778106099203829
0.6814637158006795
0.6828503531979792
0.6861815213221927
0.9076369699156985
0.9083844984017152
0.9090532992345326
0.9109041841375348
0.9118261005100088
0.9135973003199535
0.9171698019062424
1.2596641132304496
1.2597655465655815
1.2598361304553283
1.2600772789252497
1.2602263432116763
1.2604459237219503
1.2610071237379628
2.4835902919805437
2.484302041285564
2.485360000229183
2.4869983335560266
2.488580621269315
2.4900897158484776
2.4908646556663836
2.5621916318640423
2.5655261390362845
2.5700382756232125
2.5767698703419946
2.5849898672755116
2.5939382117509973
2.6017705874180668
2.619001740929582
2.6277021200058392
2.6396880933661433
2.6503366900567618
2.663561391410808
2.67314772237526
2.685195531677072
2.6991373557806013
2.7101177768889073
2.7167478537833856
2.7377045703412812
2.7433597339060656
2.7535002055801248
2.7592106185922747
2.7686302355882937
2.771889828540155
2.775226285401771
2.828852366513427
2.8303792180201426
2.8316163677887483
2.834415325220279
2.836051927052536
2.837843479499451
2.8383802754869953
2.935321185885114
2.935440628257822
2.935584153143298
2.935718886127213
2.9359362275956364
2.936002167561999
2.9361082870050357
-2.4430038424984812
-2.437824380065062
-2.432681854326864
-2.427589094932931
-2.422558335394076
-2.4176018637739647
-2.4127326889774725
-2.29264347499414
-2.2851008536456936
-2.277958675555606
-2.271380454449189
-2.266085024424007
-2.2630444916916197
-2.2626978270605567
-2.2302781500391506
-2.2292920266639884
-2.2277284030787565
-2.2198212556009684
-2.2157683329605344
-2.2119689198893715
-2.207807348228376
-2.179603923528195
-2.1776420790874993
-2.1751462866859743
-2.1579325778247824
-2.1538286756119027
-2.1475770241112278
-2.142214832019346
-2.1329734160958833
-2.129634320262018
-2.1245071279727923
-2.095982070119802
-2.0908988093320304
-2.088265498839228
-2.081395401648345
-2.071770751286024
-2.06799203216838
-2.064802439125388
-2.041743594088086
-2.0392596266405345
-2.037216612795292
-2.0336749612277387
-2.029487299922311
-2.0274225406210133
-2.0252395936462793
-1.9534363446245548
-1.9464767605539808
-1.9395239807579905
-1.9325957310825679
-1.9257179850666633
-1.9189319043954098
-1.9122722245649981
-1.1186350729305499
-1.115460707794505
-1.1136957910415248
-1.1126878119067396
-1.1122006276172842
-1.1120491286286764
-1.1120319958186489
-1.018932197073452
-1.0037494493400343
-0.9908312873880796
-0.9821898908268598
-0.9773307839059411
-0.9740572880511931
-0.9712587334533406
-0.9101458536309431
-0.9094314942773125
-0.9062344719464205
-0.8945813174930515
-0.8785568030323713
-0.863565671322159
-0.856066550242224
-0.8045103092082719
-0.8033897529554522
-0.8004200678713982
-0.7848462744264393
-0.7773761215174859
-0.7700613390943396
-0.7610917552305708
-0.7162793698346334
-0.714701144674298
-0.7134803132520093
-0.6369875343603563
-0.6346462942563668
-0.6260057004715843
-0.6160350238092609
-0.5896876877503078
-0.5716526467892894
-0.5638701209080551
-0.4624451796990793
-0.46101008327318643
-0.45407104050970076
-0.45212215062871774
-0.4403425912412091
-0.4400263458548622
-0.4366959910223066
-0.1738600815847816
-0.16580141591212014
-0.15398866434389824
-0.13721262745308116
-0.11880751037860397
-0.10289118264539936
-0.09311820778942541
0.101726238835133
0.1035813379699094
0.10549920165111486
0.11337864701116852
0.12142830683399294
0.12346149889881247
0.1250175037945202
0.27011632634066707
0.2719053106570927
0.2742702614015905
0.31009852047444
0.3138548199643015
0.3232168903132983
0.32948606010545367
0.3650034550021708
0.3673322762812965
0.3720673981802685
0.47330064740455063
0.476552992607645
0.48419732089382306
0.49058905379961476
0.4988157265294752
0.5019508140331177
0.5066414024128396
0.6691892210657877
0.6714009975178533
0.6729899601670466
0.6779768756442976
0.6812367633876295
0.6829929486778674
0.6861692957666052
0.9076362163058924
0.908387497596584
0.9090501138279401
0.9109063240679756
0.9118247269413722
0.9135974779585347
0.9171697977273531
1.259664313678363
1.259764582516952
1.2598371556185584
1.2600767496200893
1.2602266664426411
1.2604458672024648
1.2610071247691337
2.4837350993812715
2.4839881143624467
2.4860269140358238
2.4862657712012055
2.4893079312360276
2.4894712473241136
2.4909905903412497
2.562003970830422
2.566664106083859
2.5684125584742064
2.5788549188289576
2.582636255555243
2.597161371968872
2.5989901053466222
2.6218432533486196
2.624314235660853
2.6429217071867552
2.6471599580814984
2.6672862672288398
2.6695371532392023
2.6868584959050716
2.697601283628025
2.712619563080004
2.7147864407614297
2.739349884780088
2.741405458545222
2.7551636435151576
2.7577751767176903
2.769684603025751
2.7709850280545028
2.775366924219879
2.828804859860014
2.8306443733045383
2.831320725947805
2.83461666429455
2.8358772049692877
2.8379605161726214
2.838314580453768
2.935321388744885
2.9354397226899778
2.935586155243079
2.9357167626968628
2.9359390032490893
2.9359998692262566
2.9361086337259605
-2.44430285644694
-2.439116308680309
-2.4339633042340236
-2.428856942194558
-2.4238095470181626
-2.418833324439067
-2.413941041994445
-2.294564097026302
-2.2869595988793625
-2.2796888808005105
-2.2729039072436086
-2.267227863194795
-2.2635337611317508
-2.2625353333960363
-2.2301768238592334
-2.2291039356492095
-2.2270665901812907
-2.219292775746212
-2.214897895079119
-2.211086887275649
-2.207007753873896
-2.180079050472652
-2.1775970753748335
-2.1753298732827786
-2.1578239623402538
-2.154117611953081
-2.1471896060774895
-2.1424540050249834
-2.1323651541467035
-2.1293850469992472
-2.1240314694815767
-2.0955946338675444
-2.0906530598496484
-2.0876159325854853
-2.080972193934423
-2.071137822255845
-2.067575427576342
-2.0642430212506704
-2.041433274137277
-2.0388065340401864
-2.036874056599567
-2.0331922987377045
-2.0290086554718334
-2.0269186578310987
-2.0247299148255813
-1.951696799995682
-1.9447371912939273
-1.9377891732533388
-1.9308715807292143
-1.9240119891530054
-1.917253348710455
-1.9106326886024028
-1.1197623089615745
-1.1160888233824866
-1.1140450377687743
-1.1128784538818972
-1.112285220154104
-1.1120597651967925
-1.112032186231635
-1.0226755469923958
-1.0074656678748886
-0.9936805873755571
-0.9838381730709957
-0.9783050154858637
-0.9748193694234729
-0.9719093132045318
-0.910231800894245
-0.9094007992292154
-0.9077519202088162
-0.8972651996562955
-0.8825785679788439
-0.866867114723386
-0.8569868777855232
-0.8045683026911759
-0.8033664110962357
-0.8004044461708909
-0.7850905201662904
-0.7770836685736363
-0.7724487562245665
-0.7628465358785329
-0.716437813144168
-0.7156218793674388
-0.713090642208572
-0.6380685846759346
-0.6314796477268995
-0.6288699350959953
-0.6109104523380828
-0.5848971670216441
-0.5683790173258755
-0.5642288442065393
-0.4626703881349115
-0.46050769093482447
-0.454930809155415
-0.4511083015617562
-0.44164807461507627
-0.4386695032736487
-0.43697680440695
-0.1720306515046659
-0.16329298491422045
-0.15027153408097144
-0.1326555376021886
-0.11440799359668036
-0.09980354343006811
-0.09168826075085523
0.10196675740728164
0.10305800911607968
0.10583933896817055
0.11385435324071047
0.12155040059384296
0.12351637318042011
0.12516097601977855
0.2700906644334381
0.27194656112275634
0.27427551479848095
0.3101246225710274
0.3135903965248176
0.3232239077233885
0.32940247775954046
0.36488944551963476
0.3666929242157237
0.37130382804019924
0.4729891804354433
0.4759973057490036
0.4834160719759184
0.49061766688306646
0.49841053786847217
0.5014699142917709
0.5057606781163054
0.6696483827988245
0.6717373480102898
0.6731925658955792
0.6780065411063252
0.6814044504080808
0.6835748292074809
0.6869979159410297
0.9078053934776645
0.9085528636664952
0.9092200202415135
0.9110351715456286
0.9121227593279703
0.9143063456596725
0.9183815441966194
1.259684208395388
1.2597819811583348
1.259855245555305
1.2600967978690527
1.2602592533506949
1.2605472104429458
1.261221649751002
2.4837011666309214
2.4839684658399777
2.485926802999429
2.4863170030671524
2.4891881374933837
2.4895709046780894
2.4909890149372846
2.561559312608256
2.5659475713380915
2.568318312662436
2.577994645829934
2.5827743999974837
2.5957852994688255
2.5996168239087107
2.620350114152062
2.625034807763062
2.6411744916853332
2.6481781202049697
2.6652681347575213
2.670854360671527
2.6857579340143976
2.698155193809336
2.71098022875416
2.715664032419501
2.738242513645542
2.7425365212938346
2.753877800453885
2.758626288057747
2.7688409635768645
2.77156111888744
2.7751895132058513
2.8288796132827896
2.8303816616995676
2.8316567023550547
2.8344008325730394
2.8360862162044183
2.837836278084225
2.838392978597327
2.935362481042243
2.9354552319863267
2.9355911702418434
2.9357369019348805
2.935929540837033
2.936021386118745
2.936111611223647
-2.4443028564469413
-2.4391163086803123
-2.43396330423402
-2.4288569421945594
-2.4238095470181604
-2.418833324439064
-2.4139410419944465
-2.294564097026305
-2.286959598879066
-2.2796888808109337
-2.2729039070459964
-2.2672278654025346
-2.2635337482180247
-2.262535344871195
-2.2301581890701803
-2.229143735678551
-2.2270372948626194
-2.2193295751890534
-2.214822248397002
-2.2111597898947433
-2.2069799831245107
-2.1802308368224574
-2.1771409371944235
-2.1756570544216465
-2.157692008690111
-2.154228900115154
-2.1473704600635197
-2.142090885088916
-2.133114896723302
-2.1285482595318097
-2.124313361136392
-2.095212357879753
-2.091742751646912
-2.0864627081552696
-2.081556621553411
-2.070572229639773
-2.068142567151596
-2.0640877611188695
-2.041458267470399
-2.0387579894732317
-2.0368991770359126
-2.033196409977293
-2.029001178387507
-2.0269235331152444
-2.0247290305901777
-1.9516967999956947
-1.9447371912939186
-1.9377891732533368
-1.9308715807292167
-1.924011989153003
-1.917253348710456
-1.9106326886024028
-1.1197623089615767
-1.1160888233822717
-1.1140450377735767
-1.1128784538284333
-1.1122852205259879
-1.1120597631055653
-1.1120321879998483
-1.0226755469921678
-1.0074656678830756
-0.9936805871660082
-0.9838381759942554
-0.9783050028339713
-0.9748193875257803
-0.9719093049272683
-0.9102312692217052
-0.9094019402736153
-0.9077512006419319
-0.8972654068990855
-0.8825783328156241
-0.866867515772105
-0.8569865275648243
-0.8048980347497934
-0.8026671650256534
-0.800813740423028
-0.7849646438350919
-0.777279129842464
-0.7723242484657002
-0.7628619693776768
-0.716431268815669
-0.7156288260512108
-0.7130900498145111
-0.6380672859074724
-0.6314855589757981
-0.6288650192480489
-0.6109108003890034
-0.5848970652064975
-0.5683791223657084
-0.564228782930193
-0.46266906247709527
-0.4605103996394082
-0.4549272862839804
-0.4511110138375648
-0.4416463356397755
-0.43867147488173475
-0.4369759992045926
-0.17203065152698843
-0.16329298483030885
-0.1502715342216654
-0.13265553746023187
-0.11440799366127574
-0.09980354347790053
-0.0916882607006791
0.10191233804893919
0.10317014916507752
0.10575507212848108
0.11392821655285018
0.12127357332280377
0.12398108998549921
0.12492576854142916
0.26977923011155325
0.2730991732809361
0.2734153830810342
0.31018923297357087
0.31375372230941734
0.3226097889538684
0.3298646978528177
0.36384956593725404
0.3682720491534092
0.3707073265117127
0.4725605547554645
0.4772048747338923
0.48188460615010703
0.4925535393255875
0.4963179575139482
0.502695439663477
0.5054445569875851
0.669612894696117
0.6719262221323457
0.6729986488316035
0.6780890628246515
0.6813338328192245
0.6836061157581519
0.6869952558195258
0.9078058707488357
0.908550978126655
0.9092220119165484
0.9110340230930417
0.9121233935097067
0.9143062745928289
0.9183815461279259
1.2596843410623135
1.2597814003308667
1.2598558388884498
1.2600965337153498
1.2602593887227862
1.2605471937600845
1.2612216500428768
2.4835443155302035
2.4843421107985115
2.485226620186737
2.4871010624334344
2.488437958651882
2.4901846029417656
2.4908248143616243
2.561846983611159
2.564635700355684
2.5705124874807153
2.5752154487817274
2.5862061628988733
2.5917069710976817
2.6027646817762675
2.617006063659782
2.629921969684039
2.6363281682606
2.6531002035764133
2.659954968734062
2.676112979329466
2.6820235913135
2.7018865964670886
2.706485545175449
2.7182162331844646
2.735919269381263
2.746545782876222
2.750088175850974
2.761261590927793
2.7667580183949725
2.773238605154293
2.774552196160381
2.8292343690242796
2.829617546292068
2.8326338403263467
2.8335111656916507
2.836826526820942
2.8372704099660244
2.8385405444510927
2.935356295448012
2.935487364630475
2.935544726385959
2.9357845607565554
2.9358825630238687
2.9360525546986276
2.9361002584412224
-2.444302856446943
-2.4391163086803127
-2.4339633042340254
-2.4288569421945576
-2.4238095470181586
-2.4188333244390616
-2.4139410419944487
-2.2945640970263375
-2.2869595988776052
-2.279688880840054
-2.2729039066635535
-2.2672278687034364
-2.2635337316923594
-2.262535358964752
-2.23015387537482
-2.229151783098455
-2.2270328320582276
-2.2193291357840357
-2.214830629637171
-2.2111456673869094
-2.2069879441867095
-2.180039228091165
-2.1777500474877116
-2.1751889928318793
-2.158363967625456
-2.152526358070527
-2.149268295438293
-2.14063807032003
-2.1344006572880025
-2.1274097742254443
-2.1248084778750393
-2.0951453071413284
-2.091795586030622
-2.086556231261431
-2.081409896502019
-2.0709143391440867
-2.0677337214044575
-2.064218701225761
-2.0413312387852462
-2.0391036285822
-2.0365878967999653
-2.033311830558319
-2.0289556039845973
-2.0269451841435684
-2.0247260963422122
-1.9516967999956731
-1.9447371912939508
-1.9377891732533201
-1.9308715807292236
-1.9240119891530043
-1.9172533487104564
-1.9106326886024032
-1.1197623089615716
-1.116088823382645
-1.114045037765637
-1.1128784539143153
-1.1122852199374496
-1.1120597663963714
-1.1120321852192796
-1.022675546992148
-1.0074656678854494
-0.9936805870608477
-0.9838381779858381
-0.9783049927397869
-0.9748194034361357
-0.9719092970465851
-0.9102414395635847
-0.9093840874473449
-0.9077594678227651
-0.8972645626258511
-0.8825788108074917
-0.8668670294033204
-0.8569868439236099
-0.804913923932209
-0.8025920610182288
-0.8008834082820303
-0.7849134852732277
-0.7773840068774085
-0.7722466423630323
-0.7628758136994133
-0.7163410474421005
-0.7157394109975174
-0.7130692109888307
-0.6380677441235543
-0.6314842230464647
-0.6288658911043125
-0.6109108516646445
-0.5848969955321067
-0.5683792493893781
-0.5642286971224837
-0.4626695552683577
-0.46050950356267006
-0.4549280872166177
-0.45111058849900393
-0.4416462933281448
-0.4386716419881257
-0.43697590243846035
-0.1720306515205953
-0.16329298485910793
-0.15027153415361696
-0.13265553758038626
-0.11440799350454853
-0.09980354360076624
-0.09168826066151742
0.101839297909064
0.10332975234117082
0.10564215681428216
0.1139863155217029
0.1211597311099421
0.12421066512957249
0.12477829604717944
0.2699335710596412
0.2722612968626619
0.2741254883718022
0.3089666862116364
0.31689136443502114
0.3199646431279765
0.3306101160476719
0.363662895877719
0.36849520725980034
0.37062942620186096
0.4723116001074051
0.4781642453749664
0.48097880932277226
0.49298378114634966
0.49610892289720304
0.5026125670137725
0.5055010712252311
0.669651617433455
0.6717058159218058
0.6732389276848237
0.6779581235609129
0.6814673098422558
0.6835380542210413
0.6870021838430875
0.9078063173995525
0.9085492698988155
0.9092237741870184
0.9110330660435547
0.9121239013387168
0.9143062218883449
0.9183815473595648
1.2596841804437906
1.2597821062481795
1.2598551166994563
1.2600968563099748
1.2602592228282308
1.260547214314631
1.2612216496784578
2.4835059973994356
2.484595939244631
2.4849102875176645
2.487461051614272
2.488085153191063
2.4904324524055146
2.490670599744982
2.561940738788868
2.5643853910349566
2.5711348452640137
2.5745230102315992
2.587136759311022
2.590764557128637
2.603161272850519
2.616654875736383
2.6305970648291574
2.6357146595164123
2.653488142091271
2.659636986328348
2.676229255175419
2.6819813840778717
2.7017204253315965
2.7067150510921705
2.7180970966772477
2.7360917915341516
2.7459619412012404
2.7506975569411596
2.7609056335800934
2.7670794259511338
2.772952426464837
2.774718134745607
2.8290813809320086
2.8298565063962418
2.8323113032559606
2.833822874644487
2.8365615968731253
2.837493679989934
2.8385070325164024
2.9353591400964594
2.9354689283101014
2.9355692846393597
2.9357599119015068
2.935906573848474
2.9360377388048193
2.936106745783994
-2.444302856446939
-2.439116308680308
-2.4339633042340214
-2.4288569421945594
-2.4238095470181595
-2.418833324439065
-2.413941041994446
-2.29456409702634
-2.286959598877907
-2.27968888082963
-2.272903906861163
-2.2672278664957024
-2.263533744606439
-2.2625353474892402
-2.230172755168872
-2.2291118631374895
-2.227062005945754
-2.2192922989860935
-2.214906010079686
-2.211072914314901
-2.2070158647669986
-2.1798316887588514
-2.178150515905636
-2.17497284960376
-2.1584579035604463
-2.1524586419169243
-2.1491544374628164
-2.1409974156703306
-2.133820605249345
-2.1281328724699105
-2.1244022197515435
-2.0955424675855214
-2.090683628884734
-2.0876965238911236
-2.0808410913791944
-2.0714012046523256
-2.067225277228644
-2.0643986549857627
-2.0413020291195623
-2.0391492802279565
-2.036569877310211
-2.0333078243170872
-2.028963118607469
-2.0269401837872065
-2.024726974541256
-1.9516967999956643
-1.9447371912939553
-1.9377891732533197
-1.9308715807292216
-1.9240119891530019
-1.9172533487104555
-1.910632688602407
-1.1197623089615685
-1.1160888233828583
-1.1140450377608322
-1.112878453967777
-1.1122852195655608
-1.1120597684871734
-1.112032183451478
-1.0226755469923756
-1.0074656678772667
-0.9936805872704009
-0.9838381750625823
-0.978305005391751
-0.9748193853338335
-0.9719093053237765
-0.9102419511031132
-0.9093829577503293
-0.9077601961471946
-0.8972643554036545
-0.8825790459700898
-0.8668666283398482
-0.8569871941664892
-0.8045999990000035
-0.803298336661662
-0.8004514220813194
-0.7850408541378352
-0.7771914477612282
-0.7723667088856527
-0.7628602820160936
-0.7163497048558106
-0.7157303761664158
-0.7130697784293187
-0.6380690425822548
-0.6314783079864645
-0.6288708110744554
-0.6109105036127275
-0.5848970973474023
-0.568379144352722
-0.5642287583952093
-0.4626708799742439
-0.4605067954149144
-0.4549316097705305
-0.45110787692616483
-0.4416480323965748
-0.43866967044755684
-0.43697670748982603
-0.17203065149826954
-0.16329298494302305
-0.15027153401292284
-0.1326555377223405
-0.11440799343995617
-0.09980354355292854
-0.09168826071169361
0.10188369894279074
0.10322108114660199
0.10573258032857019
0.11391196663044058
0.12141042343196785
0.12369279067626787
0.12509367449748962
0.27039263710111827
0.2713821702434954
0.2745646015055761
0.30890894194900015
0.31638436827383787
0.32080436184725397
0.33025855317153097
0.36453523291162315
0.36703962790343075
0.3712703731014288
0.47264178739208923
0.4767288868224743
0.48276078418105195
0.49098734251897364
0.49835353293241363
0.5013871922637446
0.5058012971578058
0.6696902412169234
0.6715555041723085
0.6733934475568775
0.6778764297326372
0.6815378923385522
0.6835037046405186
0.687004813335564
0.9078058389391566
0.908551148619225
0.9092217898371696
0.9110342143944935
0.9121232679339116
0.9143062929633762
0.9183815454282602
1.2596840487084238
1.2597826959627447
1.2598545140005604
1.2600971203763667
1.2602590870961494
1.2605472309918968
1.26122164938658
2.48361231113359
2.484133264672614
2.4855578790809214
2.4867144858876804
2.488816921496051
2.4898928489339567
2.4909337806548217
2.5616222562225937
2.5655350871674636
2.5688750374697125
2.577313813311128
2.5835063807448826
2.594900910041923
2.6003634985832567
2.61973026169485
2.6257095336145184
2.6407007820689583
2.648575767909928
2.6649928247643038
2.6710505261184565
2.6857559511465463
2.6980828223338804
2.7112344877639027
2.7154262295486227
2.7386390308438
2.742021046029845
2.7544306142773594
2.758112955556236
2.7692988580472133
2.771152551281073
2.7752573083778485
2.82882684866721
2.8306842539460884
2.8313145419644288
2.834642405208326
2.8358723199456333
2.8379862839408676
2.838307601158928
2.9353662738799926
2.9354436710296645
2.93561465431995
2.9357122486253004
2.9359587038011035
2.935997322654484
2.936115449074226
-2.4456030632638086
-2.440410341181217
-2.435247674158092
-2.4301284749785332
-2.425065203575444
-2.420070025531027
-2.415155505341412
-2.2964937118581226
-2.2888384729309177
-2.281460345314095
-2.2744978712853925
-2.2684903737810647
-2.2642219098098835
-2.2625152816487755
-2.2300702370059393
-2.228779319299612
-2.226337182571822
-2.2186329417757906
-2.2140233233187905
-2.210198004244169
-2.20627623516542
-2.180340161276502
-2.178285835013813
-2.1751236689376885
-2.158462148733549
-2.1528432751519357
-2.1487185791255596
-2.141371219456125
-2.1330088660462163
-2.1280206556659405
-2.123826321885396
-2.095254948102149
-2.0900626956318185
-2.0874609951632612
-2.0802777556494516
-2.070947256797756
-2.0666758734569903
-2.0639191631837908
-2.0409821575874147
-2.038722497815421
-2.036203759023531
-2.0328236597762617
-2.0284826698934686
-2.026433110235736
-2.024216901980016
-1.9499568448244389
-1.9429983275396385
-1.9360564256871726
-1.929151190353223
-1.922311893528099
-1.9155833707486618
-1.9090049947560208
-1.1210606062861717
-1.1168164753953058
-1.1144497656998344
-1.1131031791689532
-1.112392337445502
-1.1120897985682854
-1.1120288054234018
-1.0262929852095561
-1.0112725197528454
-0.996808242840076
-0.9857629529502313
-0.9793958611271281
-0.9756099883175791
-0.9725973339661217
-0.9102408250661433
-0.9095554860617976
-0.9087813191865948
-0.899301453728328
-0.8864441129795075
-0.8705621490712838
-0.8585087625759108
-0.8048053619221553
-0.8029142199410136
-0.8002789737864165
-0.785250315661913
-0.7762796612234852
-0.7743984183339663
-0.764810931661611
-0.7176120416845683
-0.7154435199519237
-0.712988547465189
-0.6381434792390774
-0.6319298767358454
-0.6273980958554358
-0.6053351542947336
-0.5801162003798198
-0.5660519371408955
-0.565270074500253
-0.4632508217781801
-0.45841893650844784
-0.45720114766495545
-0.4499812008725638
-0.44224439852784814
-0.4379147436465145
-0.43739219679949526
-0.17011872989544588
-0.16050007958415782
-0.14627281196083697
-0.1280344103496726
-0.11024420973490041
-0.0971471375042366
-0.09057688064442994
0.1019208364859771
0.10319957021783155
0.10568319376662134
0.11447154256389301
0.12167948061720858
0.12381856817526063
0.1252923857958509
0.2704034947083465
0.2713690780640949
0.2746111104334585
0.30884900906934054
0.3162781093825857
0.32073331092038576
0.33015530829334366
0.3643492009480659
0.3665524899608292
0.3707760403760531
0.4723722787358169
0.47616612951686044
0.4820556625396917
0.4908956300196104
0.4979875018129896
0.5009047994093451
0.5050662587465113
0.6701536811357425
0.6718668678536756
0.6735971732473385
0.6779738155840933
0.6817644420368638
0.6842731019827942
0.6878294356707598
0.9079798044729133
0.9087174150889397
0.9094007273272033
0.9111939818239023
0.9125119245432369
0.9151341909471762
0.9197305545795219
1.2597047709566909
1.25980026662844
1.2598740966001738
1.2601200709057219
1.2603043310311197
1.260672618365403
1.2614735456516
2.4836537008765593
2.4839921368021893
2.4857739858489056
2.486440219421068
2.4890544190253956
2.4896901896538224
2.490985701303901
2.561068786611042
2.565485889283752
2.567853517312157
2.577665842152397
2.5822752389280237
2.595656826341164
2.5989795531925246
2.6203696745521485
2.6239351135570526
2.6410782030962685
2.6473821969584956
2.6661683717754223
2.669103164117728
2.685727494621283
2.697492908950131
2.71185762638659
2.714255634955016
2.739447713169597
2.740926687350849
2.7548220184278214
2.7573429898725053
2.7697159085805634
2.7705052891846638
2.775171407944156
2.828825904190507
2.8309359252680015
2.831057993921415
2.8347008905099216
2.835806164342786
2.8380238041871593
2.8382654944446943
2.935397432658538
2.9354468438623345
2.9356348842302555
2.935711584671821
2.935970510642428
2.935998622153964
2.9361199248066234
-2.4456030632638055
-2.440410341181211
-2.4352476741580853
-2.430128474978531
-2.4250652035754423
-2.4200700255310266
-2.415155505341413
-2.2964937118581012
-2.2888384729316513
-2.2814603453013653
-2.274497871427107
-2.2684903727804073
-2.2642219135125705
-2.262515278616427
-2.230068869405638
-2.2287831571763075
-2.226332764939773
-2.2186454945508225
-2.213988138746405
-2.210241501190517
-2.206255210474728
-2.180597002184214
-2.17764687534813
-2.1755641257458564
-2.157775708512091
-2.154369405303317
-2.1469676936362436
-2.142631664468988
-2.131884959808588
-2.128975720894664
-2.123586891476135
-2.0951910920221457
-2.090485870619992
-2.086907479646581
-2.0805967171665505
-2.0704997991280183
-2.0672201615532546
-2.063695212263409
-2.0411184101106548
-2.0383600565365496
-2.0365198779675384
-2.0327134681853445
-2.0285248593416854
-2.026413729713459
-2.0242195010543296
-1.949956844824461
-1.942998327539607
-1.9360564256871886
-1.9291511903532195
-1.9223118935280978
-1.915583370748662
-1.9090049947560224
-1.1210606062861714
-1.1168164753952223
-1.1144497657018795
-1.1131031791477843
-1.1123923375662466
-1.1120897981470155
-1.1120288057431382
-1.0262929852093687
-1.0112725197582806
-0.9968082427164391
-0.985762954785856
-0.9793958519273381
-0.9756100028682175
-0.9725973267728746
-0.9102419089489525
-0.909553844862492
-0.908781786418923
-0.8993016436971074
-0.8864439045921463
-0.8705624143689302
-0.8585085422450959
-0.8050203487399277
-0.8023058254447559
-0.8007149985923587
-0.785111774409412
-0.7766935541757873
-0.7740589871172184
-0.7648326613840294
-0.7176088662740154
-0.7154476901279797
-0.7129873596561331
-0.638142608504714
-0.6319323505445863
-0.62739633554566
-0.6053353554160116
-0.5801160756151394
-0.5660525896688048
-0.5652694923343486
-0.46325010850361226
-0.45842755567273974
-0.4571918815744185
-0.4499833294871848
-0.44224267000476974
-0.43791903602948995
-0.4373888644142998
-0.1701187298999784
-0.16050007955063825
-0.14627281206852555
-0.12803441011486957
-0.11024421010932442
-0.09714713712552953
-0.09057688080295719
0.10200893407516341
0.10303254876939864
0.10578623157344523
0.11441424055389135
0.12183893797340564
0.12362423943358576
0.12536043787352652
0.27008246508122474
0.2719642110585189
0.27430910268899394
0.3101153913854507
0.3134293389464992
0.3231641066274873
0.32929405785451904
0.36471798230390173
0.3662023023782725
0.37079767287889426
0.47274968311448823
0.47541706326398114
0.482653218803084
0.4905778371158027
0.49802992009290453
0.5009994326420559
0.5050216337647316
0.6701106497992183
0.6720427411631064
0.6734129550184612
0.6780725993095083
0.6816835570442502
0.6843108679556041
0.6878251475260353
0.9079795474402171
0.9087183527952805
0.9093997946563914
0.9111943978824406
0.9125117450233442
0.9151342067740695
0.9197305542111284
1.2597048767398082
1.2597998314382457
1.259874522616263
1.260119911531977
1.260304400088758
1.260672611958297
1.2614735457658008
2.4836298166219635
2.4840352133922923
2.4856767557908306
2.4865468405313327
2.4889496818561887
2.4897826581148768
2.4909693846068217
2.5611339439708143
2.565036160189126
2.5684929429518446
2.576760658313465
2.583348859870581
2.5940869074740394
2.600412493542679
2.618631452365236
2.6260623007503314
2.6390848168476513
2.6494659146141357
2.663150599461702
2.672148444245025
2.684241443624139
2.6990159402065648
2.7092159404883596
2.7163158424710643
2.737260799545973
2.7436795366598923
2.7524527264728533
2.759374306769467
2.767995360713623
2.7720056176500876
2.77491497110671
2.8289772095536585
2.830122032692519
2.8319790108620944
2.834107104838416
2.8363204843575285
2.8376595674984797
2.8384508460952964
2.935386223330276
2.9354757629341055
2.9355853709322264
2.935763175168919
2.935915740506526
2.9360422648003337
2.9361112653535755
-2.445603063263804
-2.4404103411812175
-2.4352476741580915
-2.430128474978533
-2.4250652035754414
-2.4200700255310257
-2.415155505341414
-2.2964937118581084
-2.288838472931227
-2.281460345311352
-2.2744978712809787
-2.2684903740911535
-2.264221907703471
-2.2625152837507696
-2.230058338848642
-2.22880720429908
-2.2263121778570136
-2.2186771270238967
-2.2139185080980504
-2.2103123742077115
-2.2062276234295584
-2.1806741455485743
-2.1774304924627854
-2.175708769260116
-2.1579235359131363
-2.153959293975784
-2.1477452073883097
-2.1417918510178113
-2.1330024243000825
-2.127787863411918
-2.1239937013915564
-2.0947732739020526
-2.0915217594966995
-2.08585020671943
-2.0811505777592383
-2.070014438443543
-2.06768416638962
-2.063585633200047
-2.041103080238859
-2.0384381396497853
-2.0364291056434927
-2.0327549158291234
-2.0285021398169945
-2.0264257079286496
-2.024217635220964
-1.9499568448244624
-1.9429983275396079
-1.9360564256871826
-1.9291511903532237
-1.9223118935280998
-1.9155833707486614
-1.9090049947560197
-1.121060606286169
-1.116816475395432
-1.1144497656972674
-1.1131031791935488
-1.1123923373109164
-1.1120897990295964
-1.1120288050745342
-1.0262929852093807
-1.0112725197590147
-0.9968082426747494
-0.9857629557267212
-0.9793958461525437
-0.9756100130957595
-0.9725973212548359
-0.9102724623292009
-0.9094817248395282
-0.9088244397930666
-0.8993001502815792
-0.8864445393273975
-0.8705619879971574
-0.8585087837857726
-0.8050188082662615
-0.8022806212456989
-0.8007497814397714
-0.7850663859319424
-0.7768608502074142
-0.7739131037363246
-0.7648489447783218
-0.7175895469075294
-0.7154799857932221
-0.7129739799090802
-0.6381429633817546
-0.6319316367210229
-0.6273966971388463
-0.6053353943847279
-0.5801159800320068
-0.5660534157702184
-0.5652687344512461
-0.46325035725581765
-0.4584253295324699
-0.4571940756247859
-0.44998308059735787
-0.44224265692413944
-0.4379193667433509
-0.43738857940938614
-0.17011872990325128
-0.16050007952918285
-0.14627281211965204
-0.12803441005940588
-0.11024421009054669
-0.0971471372618181
-0.09057688070767476
0.10194416063506692
0.10316113575482241
0.1056959697925933
0.11449673270309166
0.1215031846905804
0.1241686903836886
0.1250956956403077
0.2697737704498034
0.27307135058951976
0.273492036648704
0.31010889489175864
0.31371625036156064
0.32245080031434004
0.3298067647199471
0.3635402347094031
0.3680063240171315
0.37011004433057726
0.47227763929301086
0.47665237811571687
0.48123693447881427
0.4924342616562497
0.4958988441931559
0.5022968455547578
0.5046520467456074
0.6700766827947774
0.6722119814276508
0.6732453545260088
0.6781310204699693
0.6816434431304557
0.6843263261223007
0.6878237089277567
0.9079798677239467
0.9087171530269346
0.9094010181789337
0.9111938143780297
0.912512009581955
0.9151341809553099
0.9197305549377458
1.2597049271139822
1.2597996267058178
1.259874722491422
1.2601198366984443
1.260304432317007
1.2606726089949936
1.261473545817486
2.4834961615463667
2.484477643786488
2.485001783596225
2.487322156302298
2.4881999466180575
2.4903517991985984
2.490740848036691
2.5614411562414805
2.5639328147140206
2.570675570884335
2.574104423844797
2.5869747008429655
2.590089239593134
2.602964397284512
2.6159521407437274
2.630833702723437
2.6343943270784433
2.6540858380779833
2.658310564859265
2.6768017170329905
2.6805503715329815
2.7029242733368166
2.704909330882581
2.718068105980525
2.7356719058135144
2.7474968652114575
2.748793961175134
2.761277018333299
2.766460072790344
2.773243416114121
2.7743319901142143
2.829388976731909
2.829461246258157
2.832780317064382
2.8333529226976895
2.837000311758653
2.837092581147606
2.8385399871684713
2.935380984964649
2.935505577807536
2.9355477437769295
2.9357995190210557
2.935881039112871
2.9360637573191424
2.936101181023774
-2.4456030632638064
-2.440410341181213
-2.4352476741580853
-2.4301284749785306
-2.425065203575442
-2.420070025531024
-2.41515550534141
-2.296493711858131
-2.2888384729304994
-2.2814603453240774
-2.2744978711392645
-2.2684903750918073
-2.264221904000756
-2.262515286783137
-2.2300597486289755
-2.228803371214781
-2.2263165579436794
-2.2186647812716043
-2.213954492761016
-2.210268280434952
-2.206248229531101
-2.180444654010121
-2.1780972545694652
-2.1752132260802544
-2.1585507490419436
-2.152197382848937
-2.149602690749657
-2.1406375617962556
-2.133940722801739
-2.126980711936186
-2.1243530021117087
-2.0948666832695184
-2.091227148959414
-2.0863026345833435
-2.08078233373807
-2.0705609720250777
-2.06706079898338
-2.0637818529847296
-2.0409631797370476
-2.0387873200697695
-2.0361269431122095
-2.0328677220428992
-2.028459976791803
-2.0264453867511647
-2.0242150476910834
-1.9499568448244409
-1.9429983275396396
-1.936056425687167
-1.9291511903532292
-1.9223118935280947
-1.9155833707486616
-1.9090049947560175
-1.1210606062861679
-1.116816475395521
-1.11444976569522
-1.1131031792147161
-1.1123923371901738
-1.1120897994508505
-1.1120288047548093
-1.026292985209567
-1.011272519753579
-0.9968082427983916
-0.985762953891096
-0.9793958553523672
-0.9756099985451334
-0.9725973284480498
-0.9102715048136907
-0.9094833489834252
-0.9088238632009666
-0.8992999603473987
-0.8864447477214314
-0.8705617226972462
-0.8585090041250495
-0.8048040729691432
-0.8028999116330227
-0.8003027318976107
-0.785206477615123
-0.776493502667687
-0.7742044973286372
-0.764827034175128
-0.717592794119128
-0.7154757676545677
-0.7129751438665611
-0.6381438339613871
-0.631929162680481
-0.6273984578354838
-0.6053351932634127
-0.5801161047978173
-0.5660527644778253
-0.5652693153802257
-0.46325107035436125
-0.4584166792498807
-0.45720337282785795
-0.4499809521484717
-0.44224438549911993
-0.43791507866406854
-0.4373919074550318
-0.17011872989872012
-0.16050007956270404
-0.14627281201196338
-0.12803441029421125
-0.11024420971612345
-0.09714713764052557
-0.09057688054914809
0.10186876304247725
0.10332270017608396
0.10558602775707507
0.11455484983280884
0.12138033461746493
0.12442496090652357
0.12492794063794112
0.269937891341201
0.27224306881881427
0.27418400069473003
0.3088748144522869
0.3169890293605289
0.31968800458375257
0.3305442822429469
0.3633689966097863
0.36820447590983413
0.37004242796322073
0.4720194963997073
0.4775932164803564
0.4803831421318561
0.4928347745156626
0.49569820315776836
0.5022000516056819
0.5047195377384404
0.6701164285421864
0.6720031499418279
0.6734642383873596
0.6780325371192315
0.6817249272267937
0.6842892289045086
0.6878280069720943
0.9079801252126191
0.908716217496686
0.9094019484176167
0.911193398224517
0.9125121889976535
0.9151341651276492
0.9197305553061413
1.2597048210962414
1.2598000601605144
1.2598742983699915
1.2601199961123333
1.2603043632944282
1.260672615402353
1.2614735457032829
2.4835057208456814
2.484412761741641
2.485083596838793
2.487223525867507
2.488298909802122
2.4902800930471973
2.4907857329593117
2.56134544181671
2.564204554796092
2.569950657334313
2.5749722441170695
2.5855256757032588
2.5916767044408218
2.602135743766379
2.616906998749353
2.628490122503683
2.636815920363324
2.651591004123037
2.660973397059233
2.6741215249286574
2.6829112232057772
2.7001815503113886
2.7079013159951892
2.7170317570963327
2.7367053912529484
2.7445117039022335
2.751737099410288
2.759847743524649
2.767662247374071
2.772251889307476
2.7748360711383704
2.828980967220523
2.8301142875614933
2.8319844598309327
2.8341066031789515
2.8363171599052626
2.8376635969008137
2.8384491891967834
2.935389018196619
2.9354665318932134
2.935599074946683
2.935748845788756
2.935929467880834
2.936032506280549
2.936114358039299
