-2.43264811317265
-2.4278557095766065
-2.42307620727457
-2.4183152836259887
-2.41358050473474
-2.4088800075745347
-2.404223086952595
-2.3996207163030765
-2.3950829132981357
-2.2593144461455856
-2.251860376695279
-2.245309153249168
-2.2395526616185206
-2.235498261670831
-2.2339147812592235
-2.2306485067765274
-2.22618210686707
-2.2192640900933576
-2.194568166876401
-2.1900912670911037
-2.1857165214856376
-2.1808062892104547
-2.1766281814097033
-2.1718110969593583
-2.1678008778528293
-2.161366194207411
-2.140323525297608
-2.1169899389270683
-2.112466630064238
-2.110000204570511
-2.1008562388696417
-2.0978531326284537
-2.0895414445858083
-2.085089589856843
-2.078689247852754
-2.052169215999041
-2.045724178820799
-2.041521996184047
-2.038070566015182
-2.0331295965882057
-2.030560349807177
-2.0270112774051436
-2.0247261538959664
-2.021447894577736
-1.9562693605391293
-1.9485680103927543
-1.941145199430487
-1.9337018849016405
-1.926261763108747
-1.9188528278518986
-1.9115076941651066
-1.9042651393899295
-1.8970517608744835
-1.086568017879894
-1.0794022781484267
-1.0750336108404754
-1.0729102366091068
-1.0723683253424479
-1.0717308255807187
-1.0710393552564206
-1.0703027026263128
-1.06938672384422
-0.9588243561397086
-0.9492874800592951
-0.9416651151913297
-0.9317400540399394
-0.9200240816109113
-0.9087859687778789
-0.9011537887466818
-0.8936497451826134
-0.8817037276500946
-0.8268625650401312
-0.8215681394433217
-0.8168467697517031
-0.8097821455429899
-0.8004594986596906
-0.790414290816904
-0.7802281722186862
-0.7756013713249497
-0.7337512586300771
-0.6954362073648149
-0.6787188135088964
-0.6681403234315445
-0.660735838224361
-0.6528614554115281
-0.651355815692363
-0.6451259897879373
-0.6279966492150165
-0.4770907633388416
-0.45736213815677307
-0.4422394979204185
-0.43085527346300045
-0.42510862217584966
-0.41363682097431215
-0.4103408784113425
-0.403817604697051
-0.3963645468285638
-0.15154347848498706
-0.14767774530554528
-0.14148077116640573
-0.1362906571370316
-0.1326816951976343
-0.1247071738947018
-0.12388950997820924
-0.10621951812678002
-0.08230441140108866
0.17978877817864036
0.1841928656526522
0.18822806067814216
0.19320218961779628
0.19756245520491417
0.2055688596793805
0.2161898447255249
0.23193593653501846
0.25828044086219204
0.3612703560601709
0.37678739808761236
0.38606086898576436
0.39503993220095707
0.3998569361107234
0.40764315055023614
0.4152656971165332
0.42368430626622794
0.5549950283841182
0.5652474485569032
0.5732650525617093
0.58043975011024
0.5836237156276955
0.5935244802699479
0.5951823412123897
0.6016185039015324
0.6067683142796018
0.8374381782046633
0.8413050979394021
0.8441728524518973
0.8467381994791777
0.8488859614421367
0.8514115036464858
0.8527435431696276
0.8572247108157348
0.8665151232643072
1.2611817425275726
1.262030105615664
1.2627605475129786
1.2634122683725528
1.2639649945525766
1.2644269101949608
1.2646869456870362
1.2654068400200342
1.2676968258640202
2.5265075545404416
2.5280280158252033
2.5300113149109937
2.5324177966612464
2.535960025327289
2.53936488277397
2.543460675311084
2.5464281416575654
2.54901134798523
2.6041062523882537
2.609947524812132
2.615004629666626
2.623935467683851
2.63112572249469
2.642569408926451
2.6506739224237834
2.6626546563605027
2.675490353846343
2.6916257020783885
2.6985736955720387
2.7116930080644295
2.718743302514643
2.731153141393791
2.737300909694593
2.7464621729500265
2.7533503746751062
2.79237337808491
2.7961642215052276
2.802322076295661
2.8053632019885053
2.812385388858446
2.8149107180899833
2.8194616802077
2.8217958704767905
2.8248547618705593
2.9258640841448353
2.9262154604817336
2.926449535357194
2.9273248190776706
2.9276201126829817
2.92853665312691
2.9288236597425805
2.929385931989446
2.929806532134433
-2.4326481131726454
-2.427855709576605
-2.423076207274569
-2.41831528362599
-2.413580504734741
-2.408880007574532
-2.4042230869525993
-2.3996207163030725
-2.395082913298139
-2.2593144461486157
-2.251860376393639
-2.2453091647961454
-2.2395523685625776
-2.2355020826357412
-2.233908492966673
-2.2306528837264716
-2.2261798397297934
-2.2192649512655427
-2.194529021822272
-2.1903010407935293
-2.185060200168109
-2.181850258287927
-2.175234671528979
-2.1729804837113287
-2.167406472217958
-2.1614275183677125
-2.140322718233627
-2.116721323349337
-2.113573118354644
-2.108493456614453
-2.102719282989138
-2.095893797379168
-2.0908464698608276
-2.0843866804402156
-2.0788579843668393
-2.052105885521605
-2.045973331169395
-2.040968334548503
-2.0385644473932545
-2.0328813023367616
-2.0306825153726247
-2.0270149947001745
-2.0247145458682643
-2.021449699793345
-1.9562693605377537
-1.9485680103941079
-1.9411451994300304
-1.9337018849015892
-1.9262617631088421
-1.9188528278518635
-1.9115076941651132
-1.904265139389928
-1.8970517608744828
-1.0865680178798995
-1.0794022781458334
-1.0750336112985983
-1.0729102045737533
-1.0723684219049403
-1.0717307016813025
-1.0710394393050984
-1.0703026741534531
-1.0693867271851236
-0.9588243560653211
-0.9492874811273445
-0.94166511104236
-0.9317400653990646
-0.9200240497337567
-0.9087860599025641
-0.9011536573569155
-0.89364982286795
-0.8817037154380448
-0.8268528233511993
-0.8216221866233256
-0.8167518565924313
-0.8098709114730102
-0.8003924275289754
-0.7904623102046269
-0.7801921175542489
-0.7756184454309365
-0.7337510568113796
-0.6954366327427753
-0.6787180294336699
-0.668136813853322
-0.6607530282695866
-0.6527616600180556
-0.6514499981131883
-0.645118258677933
-0.6279967458638219
-0.47709076385813565
-0.4573621246362501
-0.4422396246204745
-0.43085454921682154
-0.42510968943996696
-0.4136349161550893
-0.4103426633856049
-0.4038172316844508
-0.3963645829568368
-0.151543575414028
-0.14767735959335493
-0.14148189275362852
-0.13628856408237291
-0.1326832225868806
-0.12470641176374407
-0.12388999952466989
-0.10621952386137556
-0.08230441111281393
0.17974829384921218
0.184504835554447
0.18761382808922084
0.1940172002656061
0.1970123340997332
0.20565198676096091
0.2161864730705031
0.2319336427129523
0.2582808652510165
0.3612778368455052
0.3766185774015346
0.38706527518156486
0.39274641835210006
0.40304469748117766
0.4055563433494505
0.4156647141758818
0.42363477961479773
0.5549828927045038
0.5653255088880185
0.5731146801340121
0.5803380582752348
0.584039611014833
0.5924916303939691
0.5961619084615342
0.6014134620915987
0.6067968573967247
0.8374390157074374
0.8412950153470449
0.8442144681374034
0.8466526388626456
0.84897895684414
0.8513437273524008
0.8527721435517339
0.8572240799307431
0.8665151246808493
1.2611817256575173
1.2620303111163507
1.2627595102960127
1.2634153557688774
1.263959381756142
1.2644338848495218
1.2646831587940819
1.2654070266667325
1.2676968254421557
2.5265542945539443
2.527828276289468
2.5307678573088883
2.5314781824674895
2.537288447547955
2.5379903690819785
2.5445522285084476
2.5455641989420257
2.549166216487432
2.603986451007342
2.6108139428313724
2.613713491243293
2.6260098588548098
2.6289651627832042
2.6444980062158536
2.6488927943940417
2.6635300646474964
2.674810779789112
2.6931190332828243
2.6968795398899825
2.7134196563129085
2.717114084436303
2.732271334189003
2.7363805168050614
2.7467295385563353
2.7532740964985996
2.792444288230998
2.79599729263686
2.802706587840672
2.80499043952979
2.8126560055528187
2.814682055724612
2.8195322369660607
2.8217666540302746
2.8248573144791767
2.92586799382855
2.9261939783564794
2.9264766317275823
2.927285674576855
2.9276599274577433
2.9285079206260973
2.9288462945958518
2.929381049363055
2.929807318205574
-2.432648113172647
-2.4278557095766082
-2.4230762072745704
-2.418315283625989
-2.4135805047347403
-2.4088800075745307
-2.4042230869525967
-2.399620716303073
-2.395082913298137
-2.2593144461586134
-2.251860375772388
-2.2453091819549673
-2.2395520322110665
-2.235505732510909
-2.2339028733860693
-2.230656278172873
-2.226178419967886
-2.219265320714352
-2.1945355688428454
-2.190246653988214
-2.185345579022066
-2.181314923645981
-2.176221964536038
-2.1719620344305244
-2.16781803374426
-2.16133997730136
-2.14033341364342
-2.115827996747732
-2.115059354810508
-2.1068270405033105
-2.1042296254002313
-2.094996068073655
-2.091384687916209
-2.084304858502632
-2.078853686872363
-2.0521719506113336
-2.045564367220364
-2.042034324609927
-2.0372159715549714
-2.0341364606390933
-2.029679754499087
-2.027510791793102
-2.024584908928278
-2.021459502728321
-1.9562693605391774
-1.948568010391586
-1.9411451994320443
-1.9337018849006642
-1.9262617631091115
-1.9188528278518144
-1.9115076941651217
-1.9042651393899286
-1.8970517608744828
-1.0865680178798793
-1.0794022781529424
-1.0750336102224998
-1.0729102747664427
-1.0723682138928794
-1.0717309632746566
-1.071039265634442
-1.070302731685548
-1.069386720618727
-0.9588243560396627
-0.9492874816617256
-0.9416651083794109
-0.9317400751823749
-0.9200240113265749
-0.9087862147320749
-0.9011533650880408
-0.893650061665683
-0.8817036296229523
-0.8268647311636275
-0.821566018298374
-0.8168371239883714
-0.8098069001512773
-0.8004273212802498
-0.7904460709057374
-0.7801981348721768
-0.7756168486262505
-0.7337509232156102
-0.6954377427068495
-0.6787090896915415
-0.6681741894724174
-0.6606763297417073
-0.6530077547950476
-0.6512367768067152
-0.6451327129297335
-0.6279966491442972
-0.47709076217679286
-0.45736214039539574
-0.44223954810797866
-0.4308547932628652
-0.42510944568714937
-0.4136349949283182
-0.4103426777642229
-0.40381719284623485
-0.39636459077210207
-0.15154365726075913
-0.14767711647983325
-0.141482141017011
-0.13628910952659945
-0.1326820397274672
-0.12471005880230941
-0.12388689132726284
-0.10621953566059976
-0.08230441089131861
0.17977485201131754
0.18424043346146166
0.18823842701573282
0.1929745351006703
0.19786247293843456
0.20541058502018492
0.21623954816309493
0.2319274920509533
0.25828109277978656
0.3612860180253567
0.37654727822931583
0.38723437722306214
0.392777439355044
0.40205497981901345
0.40662797512909554
0.4153919997266817
0.42368861052921714
0.5550014265752237
0.5651074655306279
0.5744754622550826
0.5776725258878672
0.587229355485263
0.5898466067807899
0.5975269987743901
0.6009716297597752
0.6068331237877183
0.8374379889107164
0.8413095199135627
0.8441478259419275
0.8468110825758587
0.8487903601298485
0.8514989082777265
0.8526982645864586
0.8572261067499479
0.866515113329648
1.2611817711058098
1.2620297411700345
1.2627624786389045
1.2634064226105066
1.263976304407478
1.2644128961221246
1.2646943020322077
1.2654064373576808
1.2676968269026503
2.5264964010031523
2.5280904261278088
2.5298641181557397
2.532646804929626
2.535665225224273
2.5397006863399225
2.5431347154992503
2.5466524340992156
2.5489387690716123
2.604210958095616
2.609418561466293
2.616105429177374
2.622412475155943
2.632925155867985
2.640646586696777
2.6524759249283005
2.661301303249478
2.676577457613016
2.689749112475528
2.7013868078390555
2.7086461905625008
2.7217729471895686
2.728401611883016
2.7393590666610854
2.7454251638115057
2.753603101451371
2.7920137858815077
2.7974835173776316
2.8002462054526696
2.807533504861117
2.8104236544830092
2.816422687132255
2.81861802333352
2.8220582075971916
2.8248242772223358
2.925930642584638
2.9260362893567575
2.9267195388864558
2.926992431583098
2.9279589754152315
2.928252288947003
2.9289953814588974
2.929327070931075
2.9298141695748323
-2.4326481131726503
-2.4278557095766042
-2.4230762072745726
-2.41831528362599
-2.41358050473474
-2.408880007574533
-2.404223086952595
-2.399620716303074
-2.395082913298136
-2.259314446155583
-2.251860376074027
-2.2453091704082024
-2.2395523253857794
-2.2355019341240077
-2.233909146168988
-2.230651895573268
-2.2261806856863755
-2.2192644594269355
-2.19457441496743
-2.1900287042334483
-2.1859331028324274
-2.1801224796784733
-2.1775393417947644
-2.1709510133417407
-2.168352619375206
-2.161281985666046
-2.1403342234627107
-2.1164947846781614
-2.1139307262226743
-2.108444469750654
-2.102280510587879
-2.0967540258907644
-2.0899184595725884
-2.084970027900706
-2.07868462225224
-2.0522329607990906
-2.0452338312322453
-2.042509098769932
-2.0367508582713305
-2.0344597307380976
-2.0296098806814418
-2.027515136495222
-2.024595047519781
-2.0214576656962726
-1.9562693605405532
-1.9485680103902296
-1.9411451994325049
-1.93370188490071
-1.9262617631090133
-1.9188528278518482
-1.9115076941651141
-1.90426513938993
-1.8970517608744857
-1.0865680178798724
-1.0794022781555352
-1.0750336097643731
-1.072910306786725
-1.0723681172956878
-1.0717310871863344
-1.0710391816163747
-1.0703027601651565
-1.0693867172779512
-0.9588243561140508
-0.9492874805936775
-0.9416651125283851
-0.931740063823271
-0.9200240432039856
-0.9087861236109952
-0.9011534964787721
-0.8936499839758255
-0.8817036418346711
-0.826874373199128
-0.8215105957308417
-0.8169324457565754
-0.809718823683381
-0.8004946339546043
-0.7903981520174485
-0.7802342007306171
-0.7755997982541557
-0.7337511250341029
-0.6954373174225948
-0.6787098745689615
-0.6681776370187538
-0.6606588546045271
-0.6530859839404303
-0.6511644160395185
-0.6451405348567771
-0.627996552500003
-0.4770907616575
-0.4573621539158603
-0.4422394214053042
-0.4308555174518747
-0.42510837847141647
-0.4136368997316082
-0.4103408928233557
-0.4038175658530256
-0.39636455464363074
-0.15154356034024016
-0.14767750221327608
-0.1414810194300409
-0.13629120185034965
-0.13268051294707792
-0.12471081619891902
-0.12388640660718489
-0.10621952992598248
-0.082304411179593
0.17981669839142123
0.18397749242948344
0.18894790467416583
0.19217792608644207
0.19825730576071085
0.20531883483267035
0.21624279066578794
0.2319297887700893
0.25828066841154196
0.36127851345344497
0.37671176735319123
0.3862021219703854
0.3952870463030589
0.3991806078045113
0.40826297577456455
0.4149490908432174
0.4237365575105427
0.5550136786881332
0.5650354149585957
0.5747173319734359
0.5775571666666388
0.5865555369761994
0.5907610853341011
0.5969756939964375
0.6012430577784336
0.6068056540085045
0.8374371527331249
0.8413197933982213
0.8441084235070819
0.8469049663702923
0.8486913041848707
0.8515681336738645
0.85266354894571
0.8572267356884847
0.8665151119130894
1.261181787981315
1.2620295362876317
1.262763528410885
1.2634034174384987
1.2639821211266007
1.2644060428699033
1.2646976691092955
1.2654062497987553
1.2676968273245117
2.5264570479978548
2.528399640042698
2.529334207262675
2.5337649083894465
2.534426675456083
2.5410530373259843
2.541846095974566
2.5472082993253777
2.5486993525095176
2.604356380080062
2.6088875042588278
2.6177764728189334
2.620511386771426
2.635073497840546
2.6385229947833526
2.6539220737286096
2.660146403413626
2.6772554029938567
2.688886758485657
2.703206402944995
2.7068620521752855
2.7232624760131108
2.7270515401545183
2.7400020154896647
2.7450292014604374
2.7536671874857803
2.7919633854114094
2.797796484237926
2.7998826323414665
2.8078805014047026
2.810109431939551
2.816590363952144
2.818498785117714
2.8220791453547114
2.82482155297375
2.9259194392695416
2.926054486134186
2.9266863857586007
2.9270292269625466
2.9279209144075002
2.9282877573327273
2.9289810510379204
2.929334082511227
2.9298134453237195
-2.433846509878524
-2.429052604244117
-2.4242696330173836
-2.4195033640234183
-2.414761318879717
-2.410051434582313
-2.405382664839855
-2.4007655183392353
-2.396209481987395
-2.2610652540706
-2.253559954512382
-2.246882759009839
-2.240890914442827
-2.236196785777433
-2.2340211011494984
-2.2309859216927093
-2.2264165242566487
-2.219367061137371
-2.194624780422797
-2.1897281800059174
-2.185465372006196
-2.1796915383962396
-2.177167155965689
-2.170741852601005
-2.167750019314908
-2.1605959805097292
-2.1396419174218746
-2.1168249569182356
-2.113388762855711
-2.1087325554768386
-2.101519186653098
-2.096881376530798
-2.0892268095464384
-2.0847464063983248
-2.078372659912808
-2.0522735013869835
-2.0451494389398244
-2.042209350379755
-2.036732326423099
-2.0339770775991015
-2.0294880156488957
-2.027125676114634
-2.024323759413376
-2.021156637344136
-1.9544252431039992
-1.9467167190907075
-1.939285527556647
-1.931840509477727
-1.9244054352402582
-1.9170091434586447
-1.9096858887237258
-1.9024766578810584
-1.8953093413585678
-1.0886463180519947
-1.0808745934851274
-1.075900247630095
-1.0732445050859531
-1.0724773121309044
-1.0718910047355854
-1.0712023983735681
-1.070449545171634
-1.0695401986831214
-0.9607899117910409
-0.9509670067517294
-0.9437151255474032
-0.9344499922377533
-0.9230217677221816
-0.9113562359320367
-0.9024075545422031
-0.8942503132192894
-0.8818048329092002
-0.8276597360485259
-0.8224979387293899
-0.8180086974954272
-0.8118185655289673
-0.8028484940997216
-0.7927047797959195
-0.7823719208391052
-0.7762464586532306
-0.7337514259345769
-0.6954281165881756
-0.6788489514588578
-0.6672661409500681
-0.6620648365381933
-0.6534367169935787
-0.6476062458419353
-0.6453691522900679
-0.6231630219511933
-0.47567466362449384
-0.45487035494836703
-0.4383841040034836
-0.4343149533024954
-0.4209060291633405
-0.41662779460657967
-0.40844095749982134
-0.40428779729754544
-0.3963279038673564
-0.15082187108983203
-0.14659342881789664
-0.14059434739364482
-0.13474991797499336
-0.13267637328177437
-0.12413028192725807
-0.12058310973353124
-0.10120151964691815
-0.07729450358667163
0.17986698391266892
0.18383931009824214
0.18983595874885412
0.19136269478520374
0.19858365089874574
0.20523002761412948
0.21625676918037498
0.2319288874069619
0.2582807137900093
0.36127970560951594
0.3767272192945446
0.3860593017236631
0.3950761862125175
0.3986835973888679
0.40844281998319704
0.4138605551856517
0.42323915974715004
0.5559109537235911
0.565179394977583
0.5743984173072465
0.5777307333504691
0.5864589385029847
0.5906434698189527
0.596903289225491
0.6012556267705895
0.6056804452981649
0.8378242411236289
0.8416544092737374
0.8444561324552483
0.8472080131923552
0.8490374036135204
0.8521446916797415
0.8527158872007825
0.8586097632624575
0.8679386149475663
1.2612501590020078
1.2621129877390456
1.262853735177424
1.2634996900870217
1.2640576559712182
1.2645327071990915
1.264700899646497
1.2657748738823662
1.2682886277669139
2.5264538409386006
2.528286258857299
2.529416694017271
2.533334263567145
2.5347983771237597
2.5405265374491197
2.5422607298851316
2.5469887404003266
2.548836486907178
2.603602044830309
2.60866822436756
2.616444653712985
2.620971984717749
2.6332911079177803
2.6391383074355
2.652279076680974
2.660424328063
2.676605617727614
2.689492904931234
2.7014628448123115
2.708086824920529
2.7213885869844017
2.7278984033461433
2.7386246823403684
2.745144407005304
2.753465235201211
2.792082609661379
2.797216919773989
2.8006579551749256
2.8069792764545647
2.810746296778725
2.8159009487382716
2.818693561499245
2.8219205664160976
2.824820233637308
2.9259262264095875
2.9261399982414686
2.9266299442776527
2.927147170057635
2.927844339951957
2.9283912423256813
2.928947805909392
2.9293556071137488
2.9298113710843463
-2.433846509878525
-2.42905260424412
-2.424269633017383
-2.419503364023415
-2.414761318879717
-2.4100514345823147
-2.4053826648398537
-2.4007655183392345
-2.396209481987393
-2.261065254065576
-2.2535599547743486
-2.2468827530732303
-2.2408910037547303
-2.2361958970522897
-2.234022753857565
-2.230984717515486
-2.226416945644378
-2.2193670133979393
-2.1946110315499454
-2.1898371387557143
-2.1851010490490577
-2.1806694161008915
-2.1758980242398773
-2.1718018592681747
-2.1671611393491617
-2.160690607802448
-2.139630250836009
-2.1171490944289157
-2.112313744758349
-2.1098198812394675
-2.100804225907693
-2.097294812448339
-2.0892954395569876
-2.0845917457026246
-2.0784354214322467
-2.052191789168436
-2.045685704118262
-2.0410791322177895
-2.0381049349076226
-2.032636281754245
-2.0304673699728872
-2.0266674869011307
-2.024449848437176
-2.0211478471969944
-1.9544252431024398
-1.9467167190932109
-1.9392855275547942
-1.9318405094785165
-1.9244054352400508
-1.9170091434586776
-1.9096858887237225
-1.9024766578810588
-1.8953093413585687
-1.0886463180519965
-1.0808745934845074
-1.0759002477381936
-1.073244495376474
-1.0724773603723081
-1.0718909284472198
-1.0712024527347712
-1.0704495260040514
-1.0695402011384647
-0.9607899117064912
-0.9509670081326289
-0.9437151202493167
-0.9344500051259255
-0.9230217376537884
-0.9113563086834499
-0.9024074457850556
-0.894250387052505
-0.8818048164501135
-0.827648885587367
-0.8225617289812727
-0.8178902435549188
-0.8119252456431585
-0.8027810125652171
-0.7927462769308803
-0.7823474531580151
-0.7762558455560865
-0.7337512613121703
-0.6954285034672429
-0.678848022818259
-0.6672639551171458
-0.6620731744343291
-0.6534209610691568
-0.6476296462929606
-0.645355925235808
-0.6231630578392722
-0.4756746641940672
-0.4548703376088756
-0.43838456666142583
-0.43431420004025023
-0.4209077573306634
-0.41662570323635656
-0.40844218100491547
-0.40428720419073605
-0.3963279440332896
-0.15082185094176237
-0.14659347630139527
-0.14059443112971745
-0.13474879713538468
-0.13267764017078798
-0.12412977182850554
-0.12058336609972199
-0.10120151620198196
-0.07729450364302744
0.17983313848893104
0.18406282442109329
0.1887050301411833
0.19279076025095263
0.19786143297083333
0.2055164436929069
0.21619953016621354
0.2319353688741759
0.2582804906879897
0.3612711970685991
0.37680705227317424
0.3859142425467046
0.39478230202333314
0.3994082066738232
0.4077413976047859
0.414256383358171
0.4231877272179443
0.5558883002609951
0.5654114533292025
0.5730489277388139
0.5805261506959614
0.5835043062525489
0.5933471919417793
0.5951501055695992
0.6016686145141309
0.6056162317921702
0.8378250785276199
0.8416429900942552
0.844505089411682
0.8470858038120942
0.8491731890377102
0.8519930488703968
0.852816302184258
0.8586090338143012
0.8679386209956778
1.2612501297222134
1.262113355187098
1.262851822424073
1.263505357321832
1.2640474598888967
1.2645495807871396
1.2646900054887575
1.2657749983310207
1.2682886273205627
2.5265222918378227
2.527882505287586
2.5302900164508886
2.5319502335270005
2.5364675145741975
2.5387333664592244
2.543911195143223
2.5460039593509243
2.5491414488562407
2.603358312906304
2.609965382921268
2.61377828646143
2.6245770611522157
2.629334082631318
2.6430393966467953
2.648978510957721
2.6625940432821333
2.674961994816041
2.6926293283619853
2.697073618475841
2.7127998960511253
2.716926820444853
2.7315617514053514
2.735961482560718
2.7462438302340524
2.753197163293191
2.7924674101457647
2.7959868868776216
2.803058377878889
2.8045304250274397
2.812820201998564
2.8142330428725026
2.8194044434114645
2.8216795326122575
2.8248457173615114
2.9258906063941295
2.9263017398093263
2.9264166317599356
2.9274359973765156
2.927551457235798
2.9286080241859285
2.928787684965919
2.9293961259662025
2.9298054376775418
-2.4338465098785265
-2.429052604244116
-2.4242696330173814
-2.419503364023422
-2.4147613188797186
-2.410051434582312
-2.4053826648398555
-2.40076551833924
-2.396209481987393
-2.2610652540690426
-2.2535599545247686
-2.2468827605982886
-2.2408908545756874
-2.236197793782201
-2.2340187394829343
-2.2309883017164727
-2.226415094322431
-2.2193677231400493
-2.194585213442616
-2.1899815843259773
-2.1846020207341623
-2.1814284639249517
-2.1749171829028313
-2.1725845880320187
-2.1669539090674266
-2.1607166862044145
-2.139633484790816
-2.1167541099237237
-2.113752471796978
-2.107851023462234
-2.102960740476184
-2.095117407048729
-2.0907942882335058
-2.083858243728065
-2.0786188170790783
-2.052150870208745
-2.045802259338606
-2.040925563780736
-2.0381441456213847
-2.0328323697213615
-2.0302152777248135
-2.0268079670216617
-2.0243937612137164
-2.021152644219715
-1.9544252431017697
-1.9467167190935444
-1.939285527555053
-1.9318405094781799
-1.9244054352402276
-1.9170091434586325
-1.909685888723732
-1.9024766578810577
-1.8953093413585684
-1.0886463180519867
-1.0808745934873076
-1.0759002473614554
-1.0732445254183451
-1.0724772158290687
-1.0718911515347016
-1.0712022981502227
-1.0704495789208486
-1.0695401945940368
-0.9607899116878398
-0.950967008641182
-0.9437151176637021
-0.9344500136583577
-0.9230217097201537
-0.9113564038796611
-0.9024072564168487
-0.8942505610409107
-0.8818047421257886
-0.8276646867524091
-0.8224828149379197
-0.8180169405611225
-0.8118312370506983
-0.8028252005869232
-0.7927276334607838
-0.782353931641528
-0.776254298434901
-0.7337511658553891
-0.695429395066779
-0.6788412641080245
-0.6673024715670642
-0.6620159261593676
-0.653473217513418
-0.6475731855304488
-0.6453848214697706
-0.6231630248832145
-0.47567466236721706
-0.45487035936731834
-0.438384281153084
-0.4343145747998099
-0.42090747794668554
-0.41662584611629006
-0.4084422996339517
-0.404287100026831
-0.39632795687776073
-0.15082201970844963
-0.1465926982774322
-0.14059678285813432
-0.13474142102269887
-0.13268394555539237
-0.12412871663108602
-0.12058374884332394
-0.10120151710192048
-0.07729450345422476
0.17979474973796947
0.18430949020764173
0.18812883095916907
0.19348478134745742
0.19747342804743673
0.2055786922776164
0.21620177883499084
0.23193233652697767
0.25828096090290903
0.3612792765625711
0.37662218801657504
0.38703087209608616
0.3923116471215798
0.40256325002306653
0.40568191146742266
0.41474044286857886
0.42313891520325747
0.5558746208266345
0.5654930019998374
0.5729086892851096
0.5803725437906929
0.583969476818714
0.5923277023130191
0.5961166197031882
0.601434361867049
0.6056642417500808
0.8378256999276755
0.841635869497598
0.8445331505385485
0.8470287181545324
0.8492308720180535
0.8519425247696859
0.8528448396360031
0.8586088608895912
0.8679386213171433
1.2612501245455299
1.2621134163170622
1.2628515232400293
1.2635062109331934
1.2640460205113182
1.2645520446822713
1.2646883555099457
1.2657750134524701
1.2682886272797798
2.52653519516477
2.527832277369098
2.5304837588657265
2.5317182209225755
2.536770365189304
2.53842803976302
2.544137086178983
2.5458286592531065
2.549168967798162
2.6033583113758474
2.6099411375389754
2.6138360943086845
2.6243834935281583
2.6295874403792303
2.64269275246658
2.6493534067281654
2.6623511080580102
2.675205039335379
2.691853285379765
2.698047778808324
2.711544355491221
2.718211170057959
2.730535762521428
2.7368475875352334
2.7459511079569467
2.753283790085669
2.79230158822692
2.7964318829454013
2.801866237241828
2.8057554297203513
2.8118086288622495
2.815119555026094
2.8191080117164953
2.821797923853504
2.8248340826221994
2.9259136975581117
2.9261753549212566
2.9265766024725255
2.9272111998905515
2.9277792963286546
2.9284468494918756
2.928912786106704
2.9293681794407926
2.929809739160928
-2.4338465098785287
-2.429052604244116
-2.424269633017379
-2.4195033640234174
-2.414761318879718
-2.4100514345823165
-2.4053826648398537
-2.4007655183392314
-2.396209481987393
-2.2610652540740657
-2.253559954262799
-2.246882766534852
-2.2408907652502643
-2.2361986803323157
-2.234017086756692
-2.2309895077053197
-2.2264146733097334
-2.2193677709007296
-2.1945993321575537
-2.189882196775223
-2.1850474321117166
-2.1806011509368197
-2.176212476431853
-2.1713454416780698
-2.1674558298704585
-2.160620401169712
-2.13964514686349
-2.1161742720566794
-2.1147228511431035
-2.106768530075134
-2.103830861769274
-2.0948746375844545
-2.090784259057878
-2.0839910117471385
-2.0785490405240994
-2.0522342518679433
-2.0453034061316995
-2.0420504376647792
-2.036705373451769
-2.0341271766543616
-2.029257632911164
-2.0273142675687366
-2.0242761770828404
-2.0211615158232683
-1.9544252431033267
-1.9467167190910373
-1.9392855275569012
-1.9318405094773903
-1.9244054352404312
-1.9170091434585965
-1.909685888723734
-1.9024766578810564
-1.8953093413585655
-1.0886463180519863
-1.0808745934879278
-1.0759002472533565
-1.0732445351262243
-1.0724771675638214
-1.071891227827559
-1.0712022438059499
-1.07044959809238
-1.0695401921387868
-0.9607899117723905
-0.950967007260284
-0.9437151229617932
-0.9344500007702049
-0.9230217397886982
-0.9113563311296481
-0.9024073651751735
-0.8942504872052541
-0.8818047585845696
-0.8276753836621997
-0.8224164717144495
-0.8181357678960866
-0.8117263259880407
-0.8028931028733963
-0.7926862493002025
-0.7823784199189795
-0.776244921286836
-0.7337513304778311
-0.6954290082580447
-0.678842193808857
-0.6673045973266143
-0.6620075822431546
-0.6534888617237362
-0.6475494128036645
-0.6453985974757321
-0.6231629889956233
-0.4756746617976427
-0.45487037670669855
-0.438383818412113
-0.43431532813322565
-0.4209057496260286
-0.4166279376589012
-0.4084410761597993
-0.4042876930959883
-0.3963279167114635
-0.15082203985317819
-0.1465926507884889
-0.14059669928664686
-0.13474254900906235
-0.13268267145998477
-0.12412922672912328
-0.12058349238168356
-0.10120152054685408
-0.07729450339787293
0.17982701578484384
0.18405252198744051
0.18892220338160493
0.19233040886524316
0.19828602713591875
0.2053007546393651
0.2162590591679924
0.2319258506388926
0.25828118398170774
0.36128781185803177
0.37654740124922775
0.3872082284452917
0.3923477110564098
0.40163447469464103
0.40672810667991793
0.41442293894626303
0.42319186680799603
0.5558971057559317
0.5652541623367878
0.5741978381013045
0.5777918597327292
0.5871779589510938
0.5896914166599944
0.5974742968277003
0.6009515766577976
0.6057250302108244
0.8378248617204411
0.8416471856367318
0.844483092559134
0.8471469702892498
0.8490985774881207
0.8520834092301429
0.8527568540508135
0.8586095905062051
0.8679386152690335
1.2612501538242735
1.2621130487526735
1.2628534337170187
1.2635005293299795
1.2640561927787726
1.264534911921974
1.2646995494046018
1.2657748890161664
1.2682886277261298
2.5264641654770266
2.5282013152163096
2.5295520350677343
2.533065842124196
2.5350879657844274
2.5402326141446108
2.542533734537548
2.5468837605811805
2.548880535226217
2.603602179443664
2.608656823382127
2.6165397377624915
2.620825449812897
2.6335823633156976
2.6387921192464026
2.6526024290256007
2.660123214580106
2.676859228850686
2.6890695683608925
2.702590884491777
2.7068773934819537
2.7226285696574264
2.726693855588862
2.7392642161434786
2.7447428112125967
2.753541053909041
2.79195987161117
2.798056699512554
2.7996131855256334
2.808177200308617
2.8096032734678227
2.8165552814635713
2.8182296956725232
2.8220124458586047
2.824808012429772
2.9259843645710313
2.9260394464528443
2.926821370399238
2.9269354743401514
2.9280604715982257
2.9281907664154234
2.929029304097625
2.9293171239128655
2.929815383584149
-2.435044935484695
-2.4302500625770644
-2.4254641037377027
-2.420692956356206
-2.4159441380717728
-2.4112254236073696
-2.4065454592940294
-2.401914318272412
-2.3973409775096455
-2.2628317263520534
-2.255283168455045
-2.2484962001101034
-2.242303553107888
-2.2371694405678015
-2.234220760328944
-2.231371913487657
-2.2267227239381415
-2.2195219805543402
-2.1946086126555175
-2.1894677915068366
-2.1846893804312106
-2.179879642402821
-2.1761581795005305
-2.170753558791729
-2.1670300723942475
-2.1599187349341764
-2.13893980830386
-2.1166540517620693
-2.114327180625949
-2.1069293318884514
-2.1032617582897806
-2.0949137120547787
-2.090105019390434
-2.0837525561075005
-2.0782454281870364
-2.052309732996185
-2.0450430166086746
-2.042026996303121
-2.036247072960701
-2.034069116613732
-2.0288932798090507
-2.0270847600732247
-2.0239760515855805
-2.020868408207662
-1.9525762375724083
-1.9448626164287923
-1.937424808996995
-1.9299797450501948
-1.9225515043867296
-1.9151699840033471
-1.907871248738931
-1.900698605308144
-1.8935813143810412
-1.090863691323783
-1.0825046130834373
-1.07691167437067
-1.0737099909442782
-1.0725748084998743
-1.0720538752160673
-1.0713648127673894
-1.07059554598948
-1.0696894326113553
-0.9627117312883113
-0.9526396125632184
-0.9455876777883714
-0.9370192684690509
-0.9259968493442968
-0.9141340862073201
-0.9040927601559031
-0.8951200065763878
-0.8820153788372405
-0.8283957608716336
-0.8232655506164562
-0.819016399836663
-0.8136490410905566
-0.805134333952554
-0.7949627022578512
-0.7844182877502102
-0.7766389107967443
-0.7337516310567902
-0.6954233290099711
-0.6788665094136362
-0.6675930857865849
-0.6606170851257459
-0.6554555968836241
-0.6470417743974551
-0.6415329033983946
-0.6183351400715966
-0.4738904944193194
-0.45192263454029996
-0.438014571255464
-0.4337321023852794
-0.419877015793621
-0.41696941772299495
-0.4085193796214666
-0.40417074723945073
-0.3963361313800061
-0.15039750922801884
-0.14557796949933857
-0.13976275883621112
-0.13395674844011413
-0.13130153698798366
-0.12448018894833904
-0.11610821278108378
-0.09621915459294063
-0.07259241945154778
0.17980344457741856
0.18411154506470234
0.18903416340862597
0.19221462914845738
0.19842470033284432
0.20526564575243772
0.216266909630169
0.23192526965513294
0.2582811999061609
0.3612888844929938
0.3765407413043602
0.3872092921724179
0.39191908122176194
0.4013318583643185
0.4066750664354065
0.41344097487594134
0.4230177571666721
0.5565395705144851
0.5656995400322534
0.5739385448875068
0.5778833593921537
0.5871565466685483
0.5895773111913808
0.5974817450300404
0.6008481479361513
0.6048488971470639
0.8382050960446374
0.8419797680030635
0.8448254434295945
0.8474291854154054
0.8496266525530423
0.8517764844735722
0.8538386185764261
0.8601165291363327
0.8694878066328398
1.2613224093519568
1.2621990774680387
1.2629462984465838
1.2635958487117813
1.2641354994521534
1.264592144952561
1.2648255354706437
1.266207434364684
1.2689696316994057
2.5264436280741798
2.5283045437223652
2.5293348986375386
2.533467290672749
2.534586095830502
2.540701139670375
2.5419945221502322
2.5469812953467197
2.548889349543784
2.6028593837937515
2.6080503960600483
2.6166516759161116
2.61957319883687
2.633668838180051
2.637396675854122
2.652066475754487
2.6593950390747643
2.6768015626455486
2.6888279734465015
2.7031744843789705
2.7056674121223496
2.7226803072139147
2.7255918097952954
2.738610336368394
2.7443106345608084
2.753392326376655
2.7919702415812346
2.7981917426097436
2.799483377722025
2.8082475324167175
2.80926218461578
2.816305860609776
2.8180529778200185
2.8218916357940054
2.824788875820538
2.925982905951984
2.926095256590702
2.926823332928496
2.926974814697626
2.92805018168349
2.9282193639183585
2.9290259772750358
2.929319426171062
2.929814739814877
-2.435044935484692
-2.430250062577064
-2.4254641037377036
-2.420692956356206
-2.4159441380717763
-2.4112254236073785
-2.4065454592940303
-2.4019143182724108
-2.397340977509647
-2.262831726349119
-2.2552831686301777
-2.2484961956433027
-2.242303627031715
-2.2371686238507245
-2.2342230774878997
-2.231369407133756
-2.226724036641674
-2.219521473172969
-2.194623047534371
-2.189376464866528
-2.184932146071439
-2.1793709998451307
-2.1766341059937915
-2.170560888808983
-2.167083625731853
-2.1599272246505894
-2.138931792987674
-2.117224171961556
-2.1128655010725286
-2.109045709217472
-2.1008127872186835
-2.097018329495924
-2.088619352440802
-2.084520366673722
-2.078084451151076
-2.052322528884495
-2.0450917837210194
-2.041842722147715
-2.036767070370948
-2.0334493738003183
-2.0294026327826638
-2.0267273452813184
-2.0240580639628267
-2.020860898671937
-1.9525762375724733
-1.9448626164293012
-1.9374248089961852
-1.929979745050746
-1.922551504386516
-1.9151699840034042
-1.907871248738924
-1.9006986053081445
-1.8935813143810392
-1.0908636913237832
-1.0825046130833431
-1.0769116743916638
-1.0737099888533146
-1.0725748304195677
-1.0720538351143936
-1.0713648425085598
-1.070595534951765
-1.0696894341599332
-0.9627117311931751
-0.9526396143002576
-0.9455876709448943
-0.9370192837353583
-0.9259968191966006
-0.9141341478823125
-0.9040926693795467
-0.8951200736099298
-0.8820153597718515
-0.8283843894637665
-0.823339301367509
-0.8188685828288148
-0.8137795710209701
-0.8050651785504515
-0.7949986574081668
-0.7844011683403294
-0.7766442204240157
-0.7337514949873655
-0.6954236754659567
-0.6788655720309532
-0.6675928101204598
-0.6606233618044733
-0.655447108901116
-0.6470465666544958
-0.6415312278334022
-0.6183351563443795
-0.4738904951780308
-0.4519226018885368
-0.4380151556783072
-0.4337311730574997
-0.419880029231642
-0.41696601021513346
-0.40852071172209004
-0.40417014445060306
-0.3963361729219512
-0.15039742365928194
-0.14557847128974447
-0.13976114455144137
-0.13396108489178055
-0.13129780664091414
-0.12448085750665458
-0.11610813597851931
-0.09621915469387168
-0.07259241955300373
0.17983955876147317
0.1839156873368878
0.1898992008834651
0.1913253947134744
0.19865774609485298
0.2052212924407954
0.21625882988701092
0.23192908529076248
0.25828068243286
0.36128013870964865
0.3767362047840071
0.38593074430538254
0.39486747393878285
0.3982663280208196
0.408564899650411
0.41271791355639675
0.42305996054198847
0.5565539397755251
0.5656203749350803
0.5741153532397751
0.577860393876287
0.5863971464646415
0.5905631242272043
0.5968794253492915
0.60120304668469
0.6047808804081314
0.838204643888109
0.8419847230761096
0.8448074125078893
0.8474652474909847
0.849588815746727
0.8517964163692592
0.8538339419123246
0.8601165765882619
0.8694878066845173
1.2613224095994942
1.2621990768378781
1.2629462908890996
1.263595897953618
1.2641353772289055
1.2645923187002905
1.2648254413596007
1.2662074356601352
1.2689696316887888
2.5264649653649496
2.5281280610383776
2.5296262581033186
2.5328470172992987
2.535281943324159
2.539914537727572
2.5427556013582433
2.5466694881667142
2.549015157099745
2.602747658388883
2.6085436998687004
2.6150010774557346
2.621545213688548
2.631359385006834
2.639737733614076
2.6504707157383023
2.6606302161100466
2.675897389048905
2.6903138931152903
2.6997228494239316
2.7092606734675946
2.719438696802764
2.72857337071949
2.737124160522414
2.7451096286073753
2.753236589851282
2.7922191997517345
2.79674836169695
2.8014082745615636
2.8060713747350094
2.8112913114694194
2.8151484923012093
2.8187716508461302
2.821733015292729
2.8248080614497795
2.925927770520511
2.9262272090050168
2.926572256016712
2.927262587895471
2.9277563369218544
2.928483487808153
2.928894002251797
2.9293737986717683
2.929808549940212
-2.435044935484695
-2.4302500625770627
-2.4254641037377023
-2.4206929563562043
-2.415944138071777
-2.4112254236073762
-2.4065454592940325
-2.40191431827241
-2.397340977509647
-2.26283172634686
-2.2552831687257617
-2.248496193977304
-2.242303643986098
-2.237168529178708
-2.2342231974699818
-2.2313694325711864
-2.2267238895321744
-2.2195216138069522
-2.1946070924183374
-2.1895038296544405
-2.1844712398431416
-2.180479785758305
-2.1751791921628905
-2.171723165199476
-2.166527053996417
-2.160022447513304
-2.1389204818318857
-2.117391519129978
-2.1123461628379485
-2.109465848926304
-2.100941259356779
-2.0966120999720217
-2.0891768147963536
-2.084057841940414
-2.078212760317812
-2.0522305571954713
-2.0456180523803043
-2.040664044288784
-2.0380958191069993
-2.0322090629079685
-2.0303250302255913
-2.0263531310497322
-2.024165064207014
-2.020853968674312
-1.9525762375710167
-1.9448626164314795
-1.9374248089946984
-1.9299797450513183
-1.9225515043863801
-1.9151699840034184
-1.9078712487389242
-1.9006986053081447
-1.893581314381039
-1.0908636913237764
-1.0825046130844762
-1.0769116742567562
-1.0737099994696804
-1.0725747269191992
-1.0720540184875482
-1.0713647119754384
-1.070595581318245
-1.069689427971217
-0.9627117311835045
-0.9526396147314755
-0.9455876685010799
-0.9370192913843289
-0.9259967975841064
-0.9141342106050401
-0.904092544670018
-0.8951201976271491
-0.882015297786629
-0.8284042681809761
-0.8232300622230279
-0.8190572054889547
-0.8136395376689257
-0.805121652405585
-0.79497793624986
-0.7844074546075464
-0.776642991190205
-0.7337514266287855
-0.6954243788360157
-0.6788603328136634
-0.6676165368623472
-0.6605744519949318
-0.6554862831944673
-0.6470337037065036
-0.6415346951028341
-0.6183351423443865
-0.4738904931516554
-0.4519226392472777
-0.4380147404679053
-0.4337317296788125
-0.4198792331619778
-0.4169666769819325
-0.40852071804844
-0.40417007791942045
-0.3963361856745616
-0.1503974752094539
-0.14557813616324095
-0.13976237659384616
-0.13395726187408288
-0.13130133684878995
-0.1244800839442476
-0.11610825689720379
-0.09621915163562005
-0.07259241959826065
0.1798053308592048
0.18415299342252803
0.18869727971623962
0.19282632798893315
0.19790974130587174
0.20551938038336548
0.2162004234413181
0.23193554552865595
0.2582804807534815
0.36127136901904167
0.37681877202028446
0.3857871224696139
0.39451607394216665
0.3990558368415758
0.4077378463396305
0.4132231570492698
0.4230134484012525
0.5565290545679901
0.5658866525532491
0.5728145090106878
0.5805863354638993
0.5834423328933923
0.5932130601128214
0.5951476562622373
0.6016783794435406
0.6046757165197665
0.8382053107627344
0.8419761135172562
0.8448436173600454
0.8473840553894879
0.8496858108799111
0.8517370140516093
0.8538495597529823
0.8601162926413473
0.8694878099079609
1.2613223915541705
1.2621993022303193
1.26294513046922
1.2635992953926443
1.2641296547003547
1.264598796244155
1.264822214534722
1.2662074632341478
1.2689696315580756
2.526534540162583
2.5277932170848114
2.530560020759637
2.5315709465772205
2.536941083906239
2.5381688689058826
2.5442428505520525
2.5456450308296033
2.549247034820863
2.602567372244884
2.6097732293682947
2.6128514703521346
2.624790025079992
2.627916258352005
2.642806935529258
2.647821182402227
2.662084544638
2.6747540691284035
2.6931199808689064
2.696185278941639
2.7132078952982135
2.7156758867370376
2.731159979634699
2.735165807212482
2.7457517954559276
2.753076004256873
2.7924704915310685
2.796027376853897
2.8032481152025963
2.804208274470793
2.812717293749076
2.8139546161339934
2.819160410825618
2.8215963271230184
2.8248215080272296
2.9259124885191277
2.926322993751324
2.926451452403168
2.9274274218131815
2.927589700493268
2.928602453602504
2.928800450893939
2.9293935304227747
2.929805507132123
-2.4350449354846924
-2.4302500625770627
-2.425464103737701
-2.4206929563562043
-2.4159441380717737
-2.41122542360737
-2.4065454592940294
-2.4019143182724103
-2.3973409775096433
-2.2628317263497917
-2.2552831685506276
-2.2484961984441085
-2.2423035700633256
-2.237169345964867
-2.234220880305997
-2.2313719388104194
-2.2267225768613983
-2.219522121202609
-2.1945924342531398
-2.1895884993079466
-2.1841700299731475
-2.1809029581558668
-2.17473278520251
-2.172016824983349
-2.166494040034287
-2.160013707300073
-2.1389285033059524
-2.116926375790711
-2.1138867884387147
-2.107235465983191
-2.103219791941257
-2.0944242631033783
-2.090740530011029
-2.0833808566609053
-2.0783885861231037
-2.052217380351478
-2.045590884889277
-2.0409391059293673
-2.0376561717285853
-2.0328277952811806
-2.029724612874736
-2.0266227578529983
-2.024070668568942
-2.020861376688872
-1.9525762375709463
-1.9448626164309724
-1.9374248089955042
-1.9299797450507705
-1.9225515043866022
-1.9151699840033627
-1.9078712487389333
-1.9006986053081423
-1.8935813143810392
-1.0908636913237775
-1.0825046130845708
-1.0769116742357627
-1.0737100015605388
-1.07257470498812
-1.072054058591348
-1.0713646822416771
-1.0705955923578276
-1.069689426422692
-0.9627117312786403
-0.9526396129944374
-0.9455876753445603
-0.9370192761180424
-0.9259968277318877
-0.9141341489306725
-0.9040926354471073
-0.8951201305923816
-0.8820153168517806
-0.8284154304784606
-0.8231515928015851
-0.8192047713159779
-0.8135133061564706
-0.8051915368683723
-0.7949421085795383
-0.7844245943942663
-0.7766376851893028
-0.733751562698323
-0.695424032430373
-0.6788612711282953
-0.6676168010785429
-0.660568086962538
-0.6554948555392817
-0.6470289217750967
-0.6415363748007418
-0.6183351260716898
-0.4738904923929456
-0.4519226718986123
-0.4380141559029997
-0.4337326591252286
-0.4198762182571812
-0.41697008595764484
-0.4085193859902333
-0.404170680689012
-0.396336144132247
-0.15039756077352623
-0.1455776342895035
-0.13976399016978305
-0.13395291656756259
-0.13130507660285748
-0.12447941562533867
-0.11610833370505409
-0.09621915153468881
-0.0725924194968063
0.17977064103430035
0.18438207033021572
0.18817521981340676
0.19341793487351383
0.19760312156154716
0.2055572451108784
0.21620856630964141
0.23193173574942533
0.2582809982510937
0.36128008512534665
0.37661760718330173
0.3870306237243765
0.3918696007032423
0.4022932276607231
0.4055586554770383
0.41380376087863113
0.42297005785651653
0.5565148824387768
0.5659747121153508
0.5726781328936004
0.5803896754842578
0.5839491813848809
0.5922028225009432
0.596110639657047
0.6014000768768418
0.6047535513148582
0.8382057633844942
0.8419712107780871
0.8448621760915181
0.8473491854959462
0.8497230997990856
0.851715998091556
0.8538540955941618
0.8601162451729328
0.8694878098562848
1.2613223913066602
1.262199302860582
1.2629451379750771
1.26359924549194
1.2641297755789442
1.2645986203923234
1.2648223128047105
1.2662074619388763
1.2689696315686936
2.5265080416635612
2.527899484175675
2.530139975466451
2.532092085565158
2.5361887691695246
2.538960419488737
2.543602022355056
2.54615176772791
2.5491607621251746
2.602664036215496
2.6089829503797857
2.6141271319041453
2.6226300831916234
2.6302550669835054
2.6407138723511596
2.6497475454303934
2.661050811983788
2.6756337199064353
2.690688339968482
2.6992609428388015
2.70962782514493
2.719200973270171
2.728687064007182
2.7371005032268405
2.745098312660241
2.7532441098610025
2.7921706981560863
2.796946438996963
2.801067284328765
2.806457204147573
2.810925373616197
2.8154325667370337
2.818618446000939
2.8217782854155624
2.8248028085566568
2.9259501910161925
2.9261583284650747
2.926681111113242
2.927131022212672
2.9278912939001485
2.928367042758902
2.928967507678031
2.9293475823896586
2.9298119194976273
-2.4362432423668015
-2.4314479571353256
-2.4266595020730795
-2.4218839429794077
-2.417128834457636
-2.4124018275011583
-2.4077112958536606
-2.403066907459706
-2.3984771514145162
-2.2646116033641115
-2.257026834783262
-2.2501442328999133
-2.2437786345162287
-2.23830314471659
-2.234633132412503
-2.2317852214829745
-2.2271072346745515
-2.219742481881748
-2.1945341350220895
-2.189131072340058
-2.18375057611825
-2.1802966716181764
-2.17461833129113
-2.1713497906614894
-2.1660324410057337
-2.1593258808494893
-2.1382146193232456
-2.117219803975699
-2.1139770909361366
-2.1066895669419106
-2.1034522312540433
-2.093877618206382
-2.090619467510331
-2.0829714519996596
-2.078158923868004
-2.0523017514441904
-2.045342576889037
-2.0409813325163078
-2.0371285702178525
-2.032849165613235
-2.0292300661244065
-2.0264529048661135
-2.023748805713779
-2.0205764690036934
-1.9507229219906255
-1.943006168622076
-1.9355634589587871
-1.928120017176707
-1.9207004629456128
-1.913335956072863
-1.9060645290467773
-1.8989319021660094
-1.8918687760684108
-1.0932138870141892
-1.0842913794995495
-1.0780734030056538
-1.0743051889490796
-1.0727007443525969
-1.072216625317658
-1.0715247635718772
-1.0707416646468542
-1.0698329058352911
-0.9645734826073314
-0.9543278445058646
-0.9473070750258376
-0.9394271872533422
-0.9289132851669794
-0.9170431650637988
-0.9061689280586364
-0.8963115533147701
-0.8824029575547653
-0.8290520296432474
-0.823845733201519
-0.8198975607325079
-0.8152163160842355
-0.80728611505849
-0.7971495823059609
-0.78627245630453
-0.7769517750174316
-0.7337514640226769
-0.6954315394420393
-0.6787337029420836
-0.668349165389041
-0.6584959984688616
-0.6563537740595293
-0.6481870195189962
-0.6361616056130727
-0.6136925732111743
-0.4717570917548919
-0.4488451757292873
-0.44055655483591766
-0.4294747573173973
-0.42320560840959826
-0.41348043088615627
-0.4103115144577176
-0.40369374273437886
-0.3963652789065598
-0.15010168819136144
-0.14469932229041182
-0.13882649531110322
-0.13409710134871788
-0.1283512613719201
-0.12497029952680748
-0.11137864338442237
-0.09137336818219464
-0.0682565036119913
0.17970557986025462
0.1846828585752629
0.18771657307806397
0.1940308434762654
0.1972396248779921
0.2056471304587383
0.21619864903428737
0.2319326555513195
0.25828097382444537
0.36128040170676184
0.37660734591938266
0.38703327696238504
0.3914322138701265
0.4021919401598532
0.40512405356856324
0.41311845804742536
0.4229388849176391
0.5569150611657242
0.5666830926136643
0.5725030888760538
0.5803758613479129
0.5839787425927937
0.5921231716255274
0.5961233019473564
0.6012965590280239
0.6040797357839239
0.8385811201191194
0.8423031729368924
0.8451967615660467
0.8476603245755913
0.8504282201296071
0.8513556033255665
0.8551402440982825
0.8617299934388433
0.8711474513233685
1.2613983243074351
1.2622879007943826
1.2630404799527397
1.2636931604871764
1.2642220308808505
1.2645924207479513
1.265071580447473
1.2667070334236963
1.269745654473742
2.526480534223175
2.528014228377342
2.52982794950397
2.532508729579679
2.5356289234044893
2.5394997371135077
2.5430439126831925
2.546426066584193
2.549165061840027
2.6018668852042692
2.608075365196007
2.6144229244827026
2.6209036650208826
2.630775118779104
2.6387552079227414
2.6498371425082143
2.659823416040265
2.6759419666693685
2.689783102500317
2.7003898419850785
2.707753841079157
2.7199769663372395
2.7268489826404707
2.73700820769212
2.744280621504639
2.7531289501627363
2.792082882408532
2.7974694589431053
2.800354452666239
2.8070684861263393
2.81004069796926
2.8155693794028287
2.8181314362369703
2.8216900852702986
2.8247626166127406
2.9259759856075007
2.926152840170324
2.926783078505825
2.927051020521536
2.9279904820099096
2.928279108226417
2.928998439210226
2.9293260334247755
2.9298125920955296
-2.4362432423668046
-2.431447957135327
-2.4266595020730772
-2.42188394297941
-2.4171288344576336
-2.412401827501154
-2.4077112958536673
-2.40306690745971
-2.3984771514145167
-2.264611603364897
-2.257026834761676
-2.2501442330141934
-2.2437786376975843
-2.2383030731282574
-2.234633487285168
-2.2317846866588087
-2.2271076248723034
-2.2197422643215896
-2.194549253986725
-2.1890069645237777
-2.1842735500676302
-2.1791756201654993
-2.176041594555567
-2.1702015831739176
-2.166544441366003
-2.1592413131897996
-2.1382238038741943
-2.1171808586867735
-2.1139489284393314
-2.1072257887593158
-2.1026045102129958
-2.0950698683194044
-2.0893911854213263
-2.083585352604069
-2.077945611210717
-2.052393779747254
-2.044800244731466
-2.041946142468005
-2.0358874318600866
-2.0339174768287056
-2.028601636482119
-2.026808064976195
-2.0236854922385623
-2.020580893048104
-1.95072292199183
-1.9430061686204216
-1.935563458959796
-1.9281200171763855
-1.9207004629456583
-1.9133359560728675
-1.9060645290467746
-1.8989319021660096
-1.8918687760684114
-1.0932138870141892
-1.084291379499572
-1.078073403007286
-1.0743051886642077
-1.0727007516137697
-1.0722166104750792
-1.0715247755188455
-1.0707416598096224
-1.0698329065901973
-0.9645734825002253
-0.9543278466229917
-0.9473070661447799
-0.9394272059739293
-0.9289132533407649
-0.917043220212748
-0.9061688514154449
-0.8963116124575233
-0.8824029373076424
-0.8290408367158578
-0.8239306753423316
-0.8197126903272394
-0.8153783206921064
-0.8072128387302568
-0.7971812776543438
-0.7862599957356042
-0.776955000721894
-0.7337513514398882
-0.6954318503763984
-0.6787327500369335
-0.6683497707905778
-0.6585043501286814
-0.6563435045417545
-0.64818930593825
-0.6361613121700196
-0.6136925822632804
-0.4717570927110456
-0.44884509416869894
-0.4405568996948938
-0.429473399937876
-0.42320771996297774
-0.41347679372322466
-0.41031463447009653
-0.40369319107394447
-0.39636532927436186
-0.1501016692817449
-0.14469951441654477
-0.13882558094927883
-0.13409880392478993
-0.12834926063141813
-0.12497138468453879
-0.11137859505537245
-0.09137337073411753
-0.0682565035417093
0.17973723045570994
0.18435454978518404
0.18851014393448218
0.19281802780919657
0.19818858468955475
0.20536205449933043
0.21625668493124836
0.2319264454986254
0.25828113891688764
0.3612893898778695
0.3765298267034123
0.3872009671305672
0.39151093742645754
0.4011091845515005
0.4063748049564057
0.41273005525078044
0.4229814482127196
0.5569396150450645
0.5663560467513158
0.5737959315820312
0.577916003346274
0.5871631739049433
0.5895089926296684
0.5975293467397009
0.6006567889361267
0.6042127053045754
0.8385806012800076
0.8423094596449476
0.8451705974212765
0.8477122676786991
0.8503348754130482
0.8514212218190929
0.855136307169045
0.8617301114963823
0.8711474495914991
1.2613983350481661
1.262287768103847
1.263041152274305
1.2636912451898081
1.2642252525911462
1.2645900570623256
1.2650720936609199
1.2667070270738177
1.2697456545111143
2.526437644798538
2.5283339002428122
2.52927529487268
2.5336244268216546
2.5343843928333563
2.540836628248035
2.541786799761968
2.546925856711641
2.548989820138034
2.6019710858991205
2.607587502181499
2.615983301326218
2.619096993734636
2.632685605892115
2.6369340643028134
2.65091772255857
2.6590691775283366
2.676449560130338
2.6889931593799163
2.702199281904226
2.7059586658449466
2.7214129009132204
2.725597105219056
2.7375160847240263
2.744029902002492
2.753171744102624
2.7920336442962363
2.797785391281113
2.799964663741459
2.8074807166947173
2.8096671326244524
2.81574385226413
2.818023176776259
2.8217092074035883
2.8247604375163857
2.9259717691097142
2.926161855985922
2.926759806170577
2.927076793245355
2.9279636296767646
2.928304274739765
2.9289884794875616
2.9293308575682775
2.9298121137881044
-2.4362432423668037
-2.431447957135328
-2.4266595020730803
-2.421883942979411
-2.4171288344576323
-2.412401827501157
-2.407711295853664
-2.4030669074597037
-2.3984771514145176
-2.2646116033627086
-2.2570268348747367
-2.2501442305005983
-2.2437786735588663
-2.2383027284468873
-2.2346347052320605
-2.2317831975729074
-2.227108440980868
-2.2197419512575274
-2.1945555232094396
-2.188971030409745
-2.1843469169188574
-2.179125318473469
-2.17598480936571
-2.170386151421472
-2.166388506383769
-2.159280575034701
-2.1382105720669435
-2.1176661805638934
-2.1123999817496797
-2.10935344487945
-2.100221115340686
-2.097102452996676
-2.0881346791272293
-2.084257029739107
-2.0778245203394903
-2.052378172095626
-2.045046587970505
-2.0414247591927936
-2.03683044423881
-2.0329021904627385
-2.02934097600619
-2.026332144730525
-2.023795971651874
-2.020571415885464
-1.9507229219914375
-1.943006168621528
-1.9355634589586281
-1.9281200171770627
-1.9207004629454112
-1.9133359560729273
-1.9060645290467657
-1.8989319021660096
-1.891868776068413
-1.0932138870141863
-1.0842913795000402
-1.0780734029577697
-1.0743051922231226
-1.0727006791888583
-1.0722167499644208
-1.071524671815855
-1.0707416984564575
-1.0698329010720404
-0.964573482502046
-0.9543278468997122
-0.9473070640520227
-0.9394272127159133
-0.9289132360173874
-0.9170432640379436
-0.906168767424015
-0.8963117001453009
-0.8824028871445455
-0.8290643803104314
-0.8237803766423503
-0.8199917350062993
-0.815170357076586
-0.8072864408008056
-0.7971583667883837
-0.7862659921361436
-0.7769540164370518
-0.7337513020342341
-0.6954323994328528
-0.6787285785106468
-0.6683635922896443
-0.6584370983342415
-0.6564073821599112
-0.6481819946117092
-0.636161841108444
-0.6136925749757867
-0.47175709033213054
-0.44884517148404285
-0.44055665270834204
-0.42947405019003376
-0.423206953708207
-0.413477485089337
-0.4103142195568357
-0.40369319526730035
-0.3963653366679783
-0.15010165503572248
-0.14469962023707242
-0.13882519993817535
-0.1340993693815481
-0.12834877724141436
-0.12497159247011583
-0.1113785954969916
-0.0913733697686
-0.06825650364920047
0.17977081278822923
0.18414145359989792
0.18908544487455356
0.19223179591932277
0.19841502335609432
0.2053338379374072
0.21624510058333646
0.2319307724432916
0.2582805893565169
0.3612800063190127
0.37674085017401415
0.3857928130366427
0.3946646895146815
0.3979061355735803
0.40842861024800675
0.4118951816126073
0.4230183365596627
0.5569533019996008
0.5662720443815983
0.5739611651625729
0.5779189894210212
0.5863705672339438
0.5905231656273373
0.5968846239291515
0.6010748550918421
0.6041199121256732
0.8385802777725082
0.84231278049114
0.8451588777322733
0.8477330190898341
0.8503052156147702
0.8514397644494827
0.8551353832496447
0.86173012337747
0.8711474497362417
1.2613983336381427
1.262287787066208
1.2630410493926996
1.2636915536226305
1.2642247086272966
1.2645904686894835
1.2650720016244286
1.2667070283524935
1.2697456545020667
2.5264859331758363
2.527983941529935
2.529901102822852
2.5323899539724644
2.5357895371821884
2.5393087801646566
2.543232911115271
2.546302305183266
2.5492008204500656
2.6018098264344736
2.6084365645539154
2.613610822277333
2.6220495014606953
2.6294423359356855
2.640095423026618
2.648714126936424
2.6605815926931253
2.675294096330249
2.6911966120399544
2.698093808154456
2.7102893728583273
2.7175031921776744
2.7289339833876625
2.735659059160015
2.74485584809934
2.7530012869103384
2.792336881756371
2.796432131244145
2.8021029102173878
2.8051876685120942
2.8117059899128196
2.8143880085046438
2.818702071250375
2.8215394905375826
2.824778954703117
2.925931039372584
2.9263092474633474
2.926519854604695
2.927370829461206
2.9276641103399834
2.9285549272971365
2.928832176332893
2.9293817229680874
2.9298056719319647
-2.4362432423668055
-2.4314479571353265
-2.4266595020730772
-2.421883942979413
-2.417128834457634
-2.4124018275011516
-2.4077112958536673
-2.403066907459711
-2.3984771514145167
-2.26461160336192
-2.2570268348963194
-2.25014423038632
-2.243778670377634
-2.238302800060218
-2.2346343506363966
-2.231783732210233
-2.2271080506858345
-2.219742168801549
-2.1945404878893413
-2.1890976527128934
-2.1838387921394524
-2.1802307579693876
-2.1745051319441098
-2.171555465815493
-2.165908216127075
-2.159366898789053
-2.138201381658075
-2.1176966131996293
-2.112520636431266
-2.108990453499976
-2.101200736061713
-2.0958712992243447
-2.0891664407652493
-2.0835079251686057
-2.0780193671315508
-2.0522851577305627
-2.045515562891098
-2.0403138454847927
-2.038008061894596
-2.031885674481854
-2.030096407360373
-2.026070615689145
-2.0238707380824343
-2.0205670744838073
-1.9507229219902358
-1.9430061686231834
-1.9355634589576205
-1.9281200171773787
-1.9207004629453721
-1.9133359560729206
-1.906064529046769
-1.898931902166012
-1.8918687760684123
-1.093213887014186
-1.084291379500018
-1.078073402956136
-1.074305192507991
-1.0727006719244934
-1.0722167648074075
-1.0715246598710269
-1.0707417032943303
-1.0698329003171596
-0.9645734826091533
-0.9543278447825858
-0.9473070729330829
-0.9394271939953435
-0.92891326784366
-0.9170432088892998
-0.9061688440675877
-0.8963116410019437
-0.8824029073915008
-0.8290753233098266
-0.8236864066318339
-0.8201747618508889
-0.815018005455574
-0.8073610211288481
-0.7971268174906724
-0.7862784695002657
-0.7769507922585467
-0.7337514146171414
-0.6954320885339872
-0.6787295322609348
-0.6683629853026769
-0.6584281680021027
-0.6564182238789019
-0.6481797153026716
-0.6361621346169142
-0.6136925659237018
-0.4717570893759759
-0.44884525304164075
-0.44055630783450184
-0.4294754073117603
-0.4232048422986825
-0.41348112139809173
-0.41031110052334774
-0.40369374693505294
-0.39636528629993434
-0.15010167394563032
-0.1446994281226907
-0.1388261144473639
-0.1340976668191602
-0.12835077801684766
-0.12497050710439037
-0.11137864382601503
-0.0913733672166764
-0.06825650371948261
0.17973792016734927
0.18441756492717756
0.18820443613974525
0.1934669558317787
0.19757997900725732
0.20562366412040345
0.21618693871179032
0.2319369759282859
0.25828042424121406
0.36127105055799247
0.37682462171329245
0.38565749190508436
0.39423895395183456
0.3987827486512029
0.4074908179855617
0.41248422326541956
0.4229766760503407
0.5569285612956525
0.5665862506984501
0.5726409905353341
0.5806024124946795
0.5834426949958965
0.5931343902098535
0.595149516093424
0.601629229596154
0.60396458979457
0.838580796353708
0.8423064686684678
0.8451848040360592
0.8476807890445165
0.8503958918782425
0.8513773593383974
0.8551393254035808
0.8617300053216005
0.8711474514681121
1.261398322897517
1.2622879197698007
1.2630403773482908
1.2636934707416891
1.2642214899915438
1.2645928275945293
1.2650714880050486
1.2667070347023375
1.2697456544646923
2.526536706011752
2.5277703317482505
2.5306585451247603
2.531437934979807
2.5371142322391975
2.537937329180602
2.5442772698730827
2.5455291405592995
2.549334174797316
2.601716901891839
2.6091971438813912
2.61238350982754
2.623981514245512
2.6274451187402104
2.6416679700978904
2.6473820938245005
2.6612147558537456
2.6748032175355485
2.692556607819013
2.6964545377146076
2.712026141597148
2.71587689291733
2.7299034481575144
2.73494665574782
2.745054526620151
2.7529547655591315
2.792400390509184
2.79625764018306
2.8025463485476325
2.8047486250491165
2.8120168690796334
2.814134867231768
2.8187731919238033
2.8215163849753595
2.824781060626846
2.925933233819133
2.9262940016206547
2.9265394183350177
2.9273434916113876
2.9276919884122283
2.9285344790593997
2.928848399280072
2.9293783791072325
2.929806188526778
