-2.4081907330796795
-2.40411124369926
-2.4000048238555163
-2.395872672338267
-2.3912929486826044
-2.387142575700048
-2.382965165906374
-2.378756218177815
-2.374523662641059
-2.3702794947189996
-2.366023890533722
-2.361035546238674
-2.3567953365051357
-2.3525858458654803
-2.3484279726388
-2.1793487594921537
-2.1733518247559087
-2.168075495111085
-2.1633342233689805
-2.155289174249307
-2.1537128719459537
-2.1512595083717216
-2.142403272121085
-2.1384509479587557
-2.1368240903912397
-2.133817853257015
-2.0994149960366597
-2.0947670149099427
-2.090944917243672
-2.085890668158562
-2.0674918338151684
-2.06421676130322
-2.0577025431200386
-2.052484693360172
-2.040317539559101
-2.0382911702734607
-2.032121463741007
-2.0249744691033285
-2.0203894810031504
-2.0186698171914186
-2.016430961893413
-1.950381066389365
-1.9417382052381638
-1.9328809710478174
-1.9239023306727185
-1.90943647989494
-1.9011840655331076
-1.8930631006877898
-1.8850433846551986
-1.8771999662812298
-1.869654824007066
-1.86230030260122
-1.8532199933130624
-1.845835839029281
-1.8386165912238897
-1.8316291540214593
-1.0101012871712172
-1.0011391824624503
-0.9936786680569087
-0.9877096543102352
-0.9772941039634725
-0.9722424646200909
-0.9670982595824239
-0.9595523575993238
-0.9551643196037164
-0.9539867685302575
-0.9528638895625774
-0.944232923384582
-0.9411779671547861
-0.9344485808598748
-0.9270560557666617
-0.8064409309003724
-0.8045351748224349
-0.803880063668839
-0.8010588274357919
-0.7735189301379101
-0.7699092754133188
-0.7638170315202879
-0.7552395367200188
-0.751528529885865
-0.7499771002385995
-0.7494722087745951
-0.5303801221084815
-0.5293931476794291
-0.5263665425199335
-0.5248812215407791
-0.4445800933314497
-0.44070368559805123
-0.43963236482369344
-0.429652194579228
-0.39894600822105586
-0.3877394900360981
-0.3865467893307524
-0.35931151146229023
-0.3517483807108351
-0.335249804933802
-0.32614836534341807
-0.14511852667683786
-0.13126250686591703
-0.1275634986204206
-0.12515777409962717
-0.08581574213137531
-0.08051480449510758
-0.07518561155758428
-0.05032758286259824
-0.037510313222637204
-0.03562668986128031
-0.033609387054818037
0.04313463227966115
0.04422707362039696
0.0448079707309344
0.046485748494204795
0.3840428861389612
0.3867237141586797
0.38763694426824596
0.39620135994444816
0.40394014776136483
0.40995436379859124
0.4117259066416045
0.44187408026677044
0.4448991080478168
0.4476240774316743
0.45018762534554385
0.6328411566000378
0.6407814754273715
0.6447868693400708
0.647096064909014
0.7087340128037205
0.7120015265347549
0.7168294215226398
0.7232836397678585
0.733538784128152
0.7379884281655157
0.7405541881720421
0.766548441170673
0.7683589613788733
0.7697099799533625
0.772414306123933
1.2604178464160432
1.2625271417103638
1.2649177135574066
1.267734160174554
1.2773998860444775
1.2799939030448964
1.2814251585250966
1.283484552383944
1.2865488223641166
1.2881128652956588
1.2902888299524984
1.3064410324125368
1.3092856131730495
1.314265316686452
1.3217705718177275
2.6286595934001538
2.630727076996206
2.6321761817191542
2.6352466301264674
2.63918971603393
2.641972367123616
2.645907645246691
2.6553783395479096
2.6606282178977634
2.664036794635987
2.668971182110774
2.6961205802823662
2.7003061174837963
2.703355599733594
2.7080286858923452
2.7326692005492905
2.7380066921721964
2.7429364276693082
2.753547782521828
2.762989921114719
2.767705421936033
2.7727745447932963
2.7902689531534874
2.793635050598765
2.795937882366251
2.79858279623995
2.8975806289418453
2.8982704920716187
2.89977256632961
2.900608042182182
2.9094487804217093
2.910506283143955
2.9133313851942306
2.9159205479232138
2.9196274737087204
2.920554300343312
2.9225019142773783
2.9283885554565217
2.929497320702625
2.9300730284161087
2.9307799797826983
-2.4081907330796795
-2.4041112436992615
-2.4000048238555176
-2.395872672338265
-2.3912929486826022
-2.387142575700048
-2.382965165906362
-2.3787562181778266
-2.374523662641031
-2.3702794947190284
-2.366023890533699
-2.3610355462386874
-2.356795336505125
-2.352585845865486
-2.3484279726387993
-2.179348759372665
-2.173351818528068
-2.168075660433875
-2.1633330074064743
-2.155363192601422
-2.1535379433436495
-2.151393943399312
-2.142176311510466
-2.139061696672083
-2.1362430768361524
-2.1339838300408056
-2.0993467726502555
-2.0950037846496588
-2.09065912504221
-2.0860205207467186
-2.0675313622459797
-2.0639867114812787
-2.058182846217173
-2.051985850080693
-2.041505760831046
-2.0366292250977907
-2.0330230652577335
-2.024418823622986
-2.0210531301924592
-2.0182264256707687
-2.0165337077761376
-1.9503810667028327
-1.9417382045652694
-1.932880971679924
-1.9239023303708431
-1.909436479977907
-1.901184065517466
-1.893063100659114
-1.8850433846846455
-1.8771999662656722
-1.8696548240124196
-1.8623003026000815
-1.853219993313183
-1.8458358390292688
-1.8386165912238905
-1.8316291540214593
-1.0101012871710382
-1.0011391824735072
-0.9936786678411081
-0.9877096555838328
-0.9772940710408471
-0.9722426509542104
-0.967097694688322
-0.9595568522781927
-0.9551059504550141
-0.954082793233846
-0.9528212983852805
-0.9442344104370253
-0.9411772951937932
-0.9344486175478739
-0.9270560553494442
-0.8064339599801672
-0.8045851174191899
-0.8038300780884273
-0.8010660336582381
-0.7735130397867993
-0.7699208663077514
-0.7638065700859323
-0.7552587369626075
-0.7514685745822198
-0.7500782032991011
-0.7494164293433043
-0.5303803983402553
-0.5293926434303646
-0.5263670821991232
-0.5248809080157439
-0.44459036709554167
-0.4406196668547433
-0.43971017550732877
-0.42964769031778777
-0.39894741278154755
-0.38773671545004423
-0.3865483892839317
-0.35931231117724066
-0.3517476576912389
-0.3352499906556708
-0.3261483133867868
-0.14511805319629517
-0.1312892255371657
-0.12748181325069174
-0.12521550753406857
-0.0857486697741616
-0.08065061422264472
-0.07510859830602476
-0.050338438504580446
-0.03753059037127473
-0.03556845908534277
-0.033642482905874765
0.04314327518794795
0.044197088381299966
0.044831781550880793
0.04648329521334629
0.38408413239956196
0.38638118867100224
0.38802827712725485
0.3959243527500751
0.4046977944422033
0.40865415934620736
0.41247195783252066
0.4415785557379673
0.4458206576412142
0.4468480516890013
0.45032108591802195
0.6328409230412468
0.6407862524388925
0.644773031191888
0.647105614245066
0.7084188849036378
0.7133094308658049
0.7153489985019411
0.7240731468686822
0.7327962658762581
0.7390495332647992
0.7399327665960219
0.7665381736976299
0.7683945972562193
0.7696813997359377
0.7724182377628497
1.2604178339115433
1.2625271918834424
1.264917654080457
1.2677341522881265
1.2774045946456924
1.2799551557778517
1.2814956723656628
1.2834296109115322
1.2865877111110455
1.2880889743982888
1.29029233189961
1.306441023973986
1.3092856183297368
1.3142653161525635
1.3217705718292714
2.628664208324346
2.6306810866238477
2.6322726760013295
2.6351089433887482
2.6395054086741374
2.6416091777066235
2.646085904715298
2.655208074588267
2.660999732091636
2.6637135792914535
2.66904914865321
2.695995362192333
2.70081087803777
2.702856094897643
2.7081508809268926
2.7326085259513855
2.73813965117239
2.7428341350119365
2.753590313444342
2.7629424623110905
2.7677454251004847
2.772762566177475
2.7902707582995183
2.7936327526656752
2.7959389579395393
2.798582697163282
2.897552611322353
2.898344708258967
2.8996580893864357
2.900681538915006
2.9093194137296616
2.9107261095567636
2.913155164648438
2.9160541219976825
2.91943857620474
2.9207250977932544
2.9224655438616733
2.9283955750605095
2.9294836180386
2.9300829461770075
2.930778183939849
-2.40819073307968
-2.404111243699256
-2.4000048238555167
-2.395872672338265
-2.3912929486826022
-2.38714257570005
-2.3829651659063606
-2.378756218177824
-2.374523662641038
-2.3702794947190178
-2.3660238905337088
-2.361035546238677
-2.3567953365051295
-2.3525858458654785
-2.348427972638799
-2.1793487614356764
-2.1733517569329552
-2.1680763308123274
-2.1633298640850946
-2.155458684565583
-2.15328897929501
-2.1515805489062387
-2.1419863109045516
-2.1393743667288634
-2.1360073742392256
-2.1340661468473545
-2.0993967357766845
-2.0947750799318263
-2.091009828338961
-2.085802434609166
-2.0681525502047258
-2.0623802436462406
-2.0596922990134767
-2.0512625735191974
-2.042153167392664
-2.0357043253234766
-2.033590086196738
-2.024364693885976
-2.02103672623399
-2.0182736949126667
-2.0165127879151066
-1.9503810668804777
-1.9417382044457938
-1.9328809715664166
-1.9239023305522933
-1.9094364797982009
-1.9011840656998542
-1.8930631005514895
-1.885043384727095
-1.8771999662545258
-1.8696548240140003
-1.8623003026001261
-1.853219993313124
-1.8458358390292835
-1.838616591223888
-1.831629154021459
-1.01010128717097
-1.0011391824792886
-0.9936786676974556
-0.9877096565977997
-0.9772940356631284
-0.9722428827186828
-0.9670968745976307
-0.9595651307049412
-0.9549325519927194
-0.9543325219381057
-0.9527346283196803
-0.9442397214747873
-0.9411744074921141
-0.9344488996098317
-0.9270560341712194
-0.8064319266955943
-0.8045999076672365
-0.8038146469230587
-0.8010688284320511
-0.7735067882006488
-0.7699346241141081
-0.76379132816229
-0.7552966433382655
-0.7513003493364904
-0.750316972240878
-0.7493155944080985
-0.5303795146751457
-0.5293941527181545
-0.5263657395538808
-0.5248816263135367
-0.44459317626001543
-0.4405862270183327
-0.4397430669674422
-0.42964487609574487
-0.39895205707584525
-0.3876878834364698
-0.3865939346402697
-0.3593102021397344
-0.35174915158084186
-0.33524975131433515
-0.3261483623408307
-0.14511785510246297
-0.13129646265334588
-0.12746230773040135
-0.12522802067505645
-0.08577211474031488
-0.08058879771824828
-0.0751539976102708
-0.050311137366258654
-0.037752483469994776
-0.035195882908406556
-0.033813386900306476
0.04312554269712079
0.04426868091641857
0.044771156444510796
0.046490054405550915
0.3843792358728494
0.38554893204681506
0.38880015737480705
0.39544324114615736
0.4061361799126956
0.4071386153341773
0.4127983903617939
0.4416197498506566
0.4455121090613778
0.44716255380771763
0.4502710487200181
0.6328397096398161
0.6407984083245237
0.6447459583902025
0.6471218876837227
0.7085264365782784
0.7125768687604862
0.7163115512214455
0.723420574937904
0.733816257540752
0.7374405477964409
0.7408429312772565
0.7664154246046844
0.7687635909553784
0.7694101778388679
0.7724369307631033
1.2604179467906578
1.2625265424300223
1.2649191617234505
1.2677325162659028
1.277435450782545
1.2797867496007407
1.2818192679270073
1.2831834597685194
1.286717220510848
1.2880109630396268
1.2903016104374578
1.306441011744427
1.3092856251503444
1.3142653155475787
1.3217705718396895
2.628656920724079
2.630757394946327
2.6321151763742234
2.6353414623100577
2.638990716463086
2.6422265520957056
2.6457490259155065
2.6555553437066823
2.660272377849199
2.664353300216002
2.6688691554612562
2.696408769967791
2.6995072403038343
2.704191441091686
2.707691141335113
2.7329112334663535
2.737482211083504
2.743365303756334
2.753298916256019
2.7633721915864253
2.7673307628152437
2.7728968949791115
2.79021606733067
2.7937371945438727
2.795866830011548
2.798595776791775
2.8974750045796553
2.8986765007251494
2.8992354918640024
2.9008674274804114
2.909043291690311
2.9114536092031784
2.9124858356019034
2.916436739036627
2.9190080613908
2.921092093129427
2.9223430146393365
2.9284149083335245
2.9294482140801525
2.9301077611673474
2.930773345938364
-2.408190733079679
-2.404111243699258
-2.4000048238555123
-2.3958726723382657
-2.391292948682605
-2.387142575700046
-2.382965165906374
-2.3787562181778044
-2.374523662641064
-2.370279494718986
-2.3660238905337336
-2.3610355462386643
-2.35679533650514
-2.3525858458654763
-2.3484279726388
-2.179348761555166
-2.173351763161297
-2.1680761655926544
-2.163331082171574
-2.1553970891142855
-2.153475680802796
-2.151422526154861
-2.1422453600937987
-2.138827179270504
-2.136512142623748
-2.1338801550523674
-2.0994620874489223
-2.094510062934341
-2.0913143289407112
-2.085684775346163
-2.068137508619806
-2.062771657177341
-2.059105050279756
-2.051705380676902
-2.041308509741053
-2.0372634293850833
-2.0324321197256676
-2.02491659375828
-2.020353034642709
-2.018729895503983
-2.0164140119076563
-1.950381066567011
-1.9417382051186944
-1.9328809709343122
-1.9239023308541672
-1.9094364797152379
-1.9011840657154997
-1.8930631005801657
-1.8850433846976464
-1.8771999662700831
-1.8696548240086501
-1.8623003026012628
-1.8532199933130027
-1.8458358390292948
-1.8386165912238863
-1.831629154021458
-1.0101012871711508
-1.0011391824682283
-0.9936786679132514
-0.9877096553242013
-0.9772940685868092
-0.9722426964090941
-0.9670974396485655
-0.9595606707905138
-0.955023585160639
-0.9542121074863975
-0.9527689118561815
-0.9442382347104414
-0.9411750775958941
-0.9344488629138112
-0.9270560345884248
-0.8064389331859588
-0.8045519708286047
-0.8038626175811142
-0.8010615958099742
-0.7735127103745135
-0.7699230291110509
-0.7638017809603579
-0.7552778781904574
-0.7513770284647925
-0.7502207794929466
-0.7493492855232289
-0.5303792376925708
-0.5293946575351981
-0.5263651996112864
-0.5248819402847975
-0.44458293759782297
-0.44067539082857976
-0.4396600800775495
-0.4296493764419455
-0.3989506538489213
-0.3876908379438399
-0.38659215335063307
-0.3593094021564299
-0.35174987489554504
-0.3352495655986806
-0.3261484142987328
-0.14511832863062785
-0.13126991609983446
-0.1275446070326574
-0.12516950114753891
-0.08583823817156401
-0.08045236325114932
-0.07523257514672002
-0.050300257616472784
-0.037738372107346756
-0.035259365574298845
-0.033768906856933165
0.04311739503097601
0.04430516327227594
0.0447404007410353
0.046492460211024704
0.3843009048380927
0.3857422183322111
0.38858188940567234
0.39571056716546166
0.4047664481271053
0.40881675133375656
0.41230942063202086
0.441930898622756
0.44472380453098054
0.4478014143630171
0.4501258963866658
0.6328399429784886
0.6407935881074527
0.6447596638786363
0.6471125144279622
0.7088932889713048
0.7115318077706334
0.7176005028581166
0.7225457229864661
0.7351851170870153
0.7360881827442914
0.7410915215382226
0.7664236663776787
0.7687065180119944
0.7694620836014388
0.7724331347243175
1.2604179592982951
1.2625264922843507
1.2649192211921652
1.2677325241144701
1.2774304706158215
1.2798171247607326
1.2817422301852477
1.283252064011448
1.2866764624088944
1.2880381548706012
1.290298181730526
1.3064410201829564
1.309285619993689
1.3142653160814664
1.321770571828145
2.628652399773045
2.6308115617151557
2.632016465830229
2.6354883345392697
2.6387354949031643
2.6425520305267476
2.6455350390127097
2.655750918007971
2.659953060331864
2.6646079323942007
2.6687800059268825
2.6965993355688163
2.699135266800132
2.704550544687121
2.707511245352677
2.73298338377877
2.7373541197585616
2.7434528182964764
2.753255932833036
2.7634254273917938
2.7672848410159854
2.7729078596835564
2.790214317581361
2.7937395283301525
2.79586566423351
2.798595873103452
2.897494303563476
2.8985585049210414
2.8993761150350266
2.9008202106541114
2.9091176766745424
2.911182073402869
2.912749326683787
2.9163081820603747
2.91914867456843
2.9209727144020072
2.922390719669499
2.9284076163048858
2.92946136797327
2.9300986105391265
2.9307752024125118
-2.4092062150016447
-2.405133696538545
-2.40103388145894
-2.396908061655992
-2.3923262698259107
-2.3881827266973517
-2.3840120074823195
-2.379809294470433
-2.375582004017484
-2.371341941320177
-2.3670883565180105
-2.362098205269904
-2.3578532496549527
-2.3536342518532165
-2.3494613344847
-2.18093030248112
-2.1747923686298267
-2.169311242905163
-2.1643579611243036
-2.1559992824595056
-2.1537883084620386
-2.1516360999183592
-2.142688446735948
-2.139020703576475
-2.1369575568684493
-2.1341356271573195
-2.100353257468999
-2.0953745473636007
-2.092003490185762
-2.086524947843971
-2.0675337754961807
-2.062755456828691
-2.0585470771120917
-2.0517306479158592
-2.041079428883281
-2.037650519972476
-2.032349586529171
-2.0252016069737917
-2.0205205128829857
-2.019067191184536
-2.016711216747983
-1.948247543669599
-1.939540182793361
-1.9306448238023264
-1.9216525062766143
-1.907363922652506
-1.8991396410831176
-1.8910586164303436
-1.8830848342103543
-1.8752951315150255
-1.8677988804075822
-1.8604897305602524
-1.8513613662167083
-1.8440133771324014
-1.8368448581441934
-1.8299285740844262
-1.0125200956217433
-1.0032520767906061
-0.9953929776872985
-0.9890802448816302
-0.9785958518165203
-0.9734993001105241
-0.9684005106869088
-0.9609418057101323
-0.9551976721695031
-0.9542535477912499
-0.9528188514129344
-0.9444565727772202
-0.9422550788486408
-0.9363481312141203
-0.9287724153515866
-0.8063371888342792
-0.8049244104674649
-0.8037324540840393
-0.8008466360529124
-0.773367120576724
-0.7710370461640771
-0.7651489246652762
-0.7563423331027684
-0.7515462148334238
-0.750126516732224
-0.7495633832620775
-0.5303886779468642
-0.5298119652908688
-0.5271697634164872
-0.5248286771209105
-0.4449234968382939
-0.4424857632272707
-0.4380240027169652
-0.430062462463721
-0.3977536939254042
-0.3908071018745759
-0.3837180183401241
-0.36076405675162293
-0.3483276114982767
-0.33180000967664314
-0.3260125521569961
-0.14047745862183658
-0.13029940709702903
-0.12705165661599419
-0.12272788677939703
-0.08449704877065428
-0.08186942593019685
-0.074584601060922
-0.05032389523394809
-0.03834790902260739
-0.033792408684712824
-0.03300325948294127
0.04319540521493974
0.04421111792364442
0.044961648308848474
0.04650092684476433
0.3843051330183831
0.3858116965137458
0.3887265613939955
0.3954690633904277
0.4047956922861588
0.4086768664629636
0.4123065554518264
0.44192629021337443
0.4449692804642848
0.4478375139800393
0.450505963708046
0.6350590727530309
0.6421388154917425
0.6452794162141192
0.6474806139857748
0.7089547143556842
0.7120155948914009
0.7180830097463033
0.7232962777537812
0.7352052913040411
0.7360575938291168
0.7410683332688404
0.7664500299213437
0.76870661510289
0.7696863787030516
0.7734407598905405
1.2608932833328585
1.2630886876972336
1.2655709539186366
1.2684316933870559
1.2779428876614614
1.2802288289453891
1.281926903947026
1.2835740569040697
1.2869201594528277
1.288406750589577
1.291144288172996
1.3069712519440035
1.3103113873620442
1.3158926812750573
1.3240764841355317
2.6277808303949843
2.6304566427485327
2.631820134841435
2.6352287069105893
2.638453414753112
2.641899050289978
2.6450902345005085
2.655306572556214
2.6596264587337157
2.6637930499741436
2.668098299875273
2.6967281930137235
2.6994887004781334
2.704177680690035
2.707408601311768
2.731968665571541
2.7365754086918495
2.7423157578418036
2.752355435029243
2.7623139242848547
2.7665248256780335
2.7719352181933172
2.7895540031441626
2.7931259979086467
2.7954018018970155
2.7981064943119476
2.8976200502454206
2.8985203299894744
2.8994859406959406
2.9006586234361045
2.909367945866861
2.9110173769098777
2.912887960948487
2.9160206406396365
2.9191644744333636
2.920660372847513
2.92222674656519
2.9281616446396934
2.9292990678784014
2.929966530260278
2.9306724810337648
-2.4092062150016496
-2.405133696538544
-2.4010338814589347
-2.396908061655991
-2.392326269825913
-2.388182726697353
-2.384012007482314
-2.3798092944704443
-2.375582004017467
-2.3713419413201993
-2.3670883565179888
-2.362098205269917
-2.357853249654941
-2.353634251853221
-2.349461334484702
-2.180930301173274
-2.1747924046582674
-2.1693108692386462
-2.164359640970427
-2.1559509172756037
-2.153909308784757
-2.151544108495356
-2.14276382762563
-2.138872762652793
-2.1370605265988925
-2.1341236946595727
-2.1002987702723592
-2.095634246927397
-2.0916464809222908
-2.08671135354131
-2.066949730969843
-2.0639563847015774
-2.0574392353016355
-2.05234064744168
-2.04049450478046
-2.038161456710558
-2.0322904207399253
-2.0251081328245086
-2.0207625681979398
-2.0188562387121882
-2.0167526295598837
-1.9482475436285145
-1.9395401826942045
-1.930644824072747
-1.9216525060383316
-1.907363922834549
-1.8991396409163135
-1.8910586165186438
-1.8830848341808188
-1.8752951315202622
-1.8677988804079126
-1.86048973055981
-1.8513613662168094
-1.8440133771323786
-1.8368448581441967
-1.829928574084427
-1.0125200956216223
-1.003252076798275
-0.9953929775235765
-0.9890802459671659
-0.9785958222549268
-0.9734994684247649
-0.9684000268295098
-0.9609444742486186
-0.9551303382176852
-0.9543535031011505
-0.9527825529792635
-0.9444597094885373
-0.9422531777218279
-0.9363482517049975
-0.9287724119930044
-0.8063266629095391
-0.8049605029620314
-0.80370006915139
-0.8008536914537016
-0.7733542947555816
-0.7710574745881029
-0.7651365084469441
-0.7563566549690781
-0.7514935574743083
-0.7502171290483727
-0.7495156830124085
-0.530389207858194
-0.5298111911300128
-0.5271701695371506
-0.5248285136148325
-0.4449345705709145
-0.442462444673062
-0.43804069801507034
-0.43005755342736524
-0.39775595490381405
-0.39080478760722553
-0.38371832638707526
-0.3607646068464543
-0.3483271192141623
-0.33180027804537654
-0.32601243142078695
-0.14047734818405372
-0.13030627588966187
-0.12703619852774706
-0.12273795752153877
-0.08433600801128179
-0.08209956193843718
-0.0745013032010959
-0.050366766319553787
-0.03820094512618429
-0.034162042928637976
-0.032750557477011326
0.04321897551832184
0.044142701741252344
0.045015699034969915
0.04649172982958547
0.384061832075923
0.3867207735821036
0.38782762354439426
0.39595502960193
0.40399063671216967
0.4097317855564154
0.41180129778880986
0.4418781027642184
0.44513123210216715
0.4476785523469049
0.45055375086426225
0.6350609257535422
0.6421190161803815
0.645319474499726
0.6474583625940564
0.708827740078507
0.7124343015216252
0.7173471429073772
0.7240573736908221
0.7334687772214058
0.7380181783991399
0.7405216740479859
0.7665466482633696
0.7684711760183277
0.7698387730336622
0.7734329529456627
1.2608932022549852
1.2630891719611885
1.2655697677218667
1.2684330579550176
1.2779146232600012
1.280395103211941
1.2816622752232585
1.2837435861226074
1.2868385387623609
1.288448700659537
1.2911404632837118
1.3069712582686008
1.3103113844080294
1.3158926815005791
1.3240764841320758
2.627783950777728
2.6304006712572847
2.631944410285172
2.6350068956106174
2.6389142579181257
2.6413447213607895
2.6454093635442573
2.654983603763486
2.660262821204623
2.6632536577107873
2.668256933119433
2.6963194913421495
2.700687554972445
2.702947621030149
2.707864112098019
2.7317075961368693
2.737124782676606
2.7418867326861918
2.7525763480456336
2.7620099353946546
2.7668126909445654
2.771841723812283
2.7895873011806747
2.793064487073721
2.7954439010655876
2.7980985385948487
2.897686117571964
2.898325481574458
2.8997633498178472
2.900499992952163
2.909629811197293
2.910535828646318
2.913275527474623
2.915760119110158
2.919498386248458
2.920363859393506
2.9222943075852954
2.9281516825046543
2.9293165339457503
2.929954410076478
2.9306747783088967
-2.4092062150016473
-2.405133696538549
-2.401033881458938
-2.396908061655995
-2.3923262698259125
-2.3881827266973543
-2.3840120074823052
-2.3798092944704634
-2.375582004017443
-2.3713419413202277
-2.367088356517968
-2.3620982052699295
-2.357853249654937
-2.353634251853218
-2.3494613344847
-2.180930301466605
-2.1747923902053388
-2.169311086499681
-2.164358340150419
-2.156009507945153
-2.1537400809685416
-2.1516917815921692
-2.142521391208728
-2.1394707000061506
-2.1365020815895424
-2.134291825269776
-2.1002543634489834
-2.0957719828607395
-2.091501314826898
-2.0867620593933065
-2.0672004862994022
-2.0633319263099565
-2.0582557575385305
-2.0516408029390507
-2.041762288781809
-2.036353809996798
-2.0333224285201044
-2.024544474284712
-2.021385127737187
-2.0184659076251146
-2.0168489462419132
-1.9482475438927798
-1.939540182172358
-1.9306448245215333
-1.9216525058515757
-1.9073639228483468
-1.8991396409624297
-1.8910586164564622
-1.88308483422276
-1.8752951315015816
-1.8677988804136467
-1.8604897305587174
-1.8513613662169033
-1.8440133771323712
-1.8368448581441938
-1.8299285740844282
-1.0125200956215916
-1.0032520768012212
-0.9953929774387069
-0.9890802466609576
-0.9785957963019088
-0.9734996399273206
-0.9683994537945588
-0.9609484348207185
-0.9549361050492673
-0.954605297628586
-0.9527181498440084
-0.9444683106094702
-0.9422473964615081
-0.9363487685793074
-0.9287723833305122
-0.8063242263097741
-0.8049693671553935
-0.8036914744968253
-0.8008559887592738
-0.7733417246266855
-0.7710788944089899
-0.7651207966657584
-0.7563812834237746
-0.7513632851467372
-0.750411150872477
-0.7494340369109854
-0.5303872634748227
-0.5298139202567734
-0.5271689583359886
-0.5248289413577196
-0.4449381009454439
-0.44245394509835523
-0.438048142221973
-0.4300546076519849
-0.39776104249893385
-0.39079553464894223
-0.38372353895272776
-0.3607635675268584
-0.3483277115471558
-0.3318000601776518
-0.32601251850649055
-0.14047661082970067
-0.1303286380117585
-0.12699191401834636
-0.12276282738905032
-0.08417394952641778
-0.08230517636036365
-0.07445117246544734
-0.05037169072764034
-0.03822671736500664
-0.034069464835152524
-0.0328168199135312
0.043227607507311805
0.04412196320182585
0.045030096887212184
0.04648945479511705
0.384102897793274
0.38640834058424134
0.388195409877013
0.3956818300489476
0.40473982806555836
0.4085157774684941
0.41246026554024573
0.4416229822590811
0.4459637399007109
0.4469816245357859
0.4506579206384691
0.6350604598887564
0.6421276279966006
0.6452982651883373
0.6474716861780114
0.7085653982739782
0.7135257025590389
0.716055790325675
0.7248657304827691
0.732680383838361
0.739122556013588
0.7398587707742978
0.7665382131158046
0.7684988583433386
0.7698182694357645
0.7734348049689147
1.260893197053779
1.263089186116602
1.2655697796909975
1.2684329823263671
1.2779203766839842
1.2803497978584812
1.2817356199753966
1.283694783473026
1.2868677902989902
1.2884328441776562
1.2911421353286678
1.306971253400187
1.310311386933313
1.3158926812717255
1.32407648413659
2.627784521285103
2.630391698709071
2.6319650794430944
2.6349742387554316
2.638987571856332
2.6412660223661963
2.6454426292254434
2.6549600075912654
2.660303938959928
2.6632241054373504
2.6682613414838676
2.696343799965543
2.700558195153077
2.7030928158951575
2.7078204509331685
2.731755828005523
2.7370047026237283
2.7419914456835417
2.7525169974003507
2.7620996688357065
2.7667230631654247
2.771874001049842
2.789573790475649
2.793089980372581
2.795426195841577
2.7981020131044927
2.897628195544886
2.8984913629669746
2.8995224052551856
2.900641899625006
2.9093846117047217
2.9109829317161138
2.9129144678042507
2.91600884263407
2.919173017736082
2.9206550089160155
2.9222276947783774
2.928161847404021
2.929298606704085
2.9299668924424185
2.930672401163921
-2.409206215001646
-2.405133696538549
-2.401033881458939
-2.3969080616559926
-2.3923262698259093
-2.3881827266973565
-2.3840120074823083
-2.379809294470453
-2.3755820040174607
-2.3713419413202015
-2.3670883565179923
-2.3620982052699158
-2.3578532496549456
-2.353634251853218
-2.349461334484702
-2.1809303027744478
-2.1747923541763545
-2.16931146009914
-2.1643566592304953
-2.156053771721919
-2.1536093703534887
-2.1517971969774488
-2.1424319292547
-2.1395973765581244
-2.136430475285767
-2.1343081287885592
-2.1003108358517832
-2.0955273936749372
-2.0918463652012624
-2.0865705135265133
-2.0676956038517
-2.0618923471741817
-2.0595966612629173
-2.051104396448521
-2.042145817257253
-2.0359702919124154
-2.033479020263049
-2.0246607630838946
-2.021185635323103
-2.018618435728628
-2.0167980578971454
-1.9482475439338651
-1.9395401822715088
-1.9306448242511132
-1.921652506089857
-1.9073639226663028
-1.899139641129229
-1.8910586163681649
-1.8830848342522963
-1.8752951314963429
-1.8677988804133168
-1.8604897305591597
-1.8513613662168047
-1.8440133771323908
-1.8368448581441945
-1.8299285740844289
-1.0125200956217137
-1.0032520767935509
-0.9953929776024205
-0.9890802455754247
-0.9785958258641929
-0.9734994716294167
-0.9683999377363123
-0.9609457737983997
-0.9550625728524413
-0.9544506677800042
-0.9527499844666409
-0.9444651837457976
-0.9422492846746592
-0.9363486480353379
-0.9287723866889993
-0.8063348259021793
-0.8049335990699591
-0.8037234805581932
-0.8008489141615064
-0.7733547489092714
-0.7710583129621211
-0.7651331837141663
-0.7563670947072058
-0.7514291892233621
-0.7503226288027264
-0.7494662507697956
-0.5303867287540688
-0.5298146989557087
-0.5271685523858869
-0.5248291049645828
-0.4449270817247513
-0.44247725446080766
-0.4380314066655995
-0.43005951166709583
-0.3977587850995511
-0.3907978465661675
-0.3837232296117915
-0.3607630174115228
-0.34832820387089936
-0.33179979180776337
-0.32601263924918905
-0.14047672133244282
-0.13032191476270388
-0.12700736685246805
-0.12275261685804094
-0.08436373454948543
-0.08204784035233094
-0.07453293791037154
-0.05032881138789031
-0.03837137346637854
-0.0336226916351583
-0.03314896451020341
0.04320332670279548
0.044189027046381224
0.04497804543863512
0.04649871537173372
0.3843791802693882
0.38562250108220836
0.388953623244162
0.39520059290760207
0.4062426886203376
0.4069448271367573
0.4127635360972607
0.4416599884040667
0.44568007870673637
0.4472666957409639
0.45061690444628505
0.635058607605907
0.6421475820691414
0.6452584220719765
0.6474935669267734
0.7086591887195706
0.712914515778095
0.7169062142922161
0.724163852814764
0.7337701209497792
0.7374456342707512
0.740820431467773
0.7664428265150031
0.7687412595210871
0.7696577050259306
0.7734425894105426
1.2608932781307856
1.2630887018492012
1.2655709659150316
1.2684316177592903
1.2779489574226408
1.2801932960661557
1.2819997692592884
1.2835165154519754
1.2869498017600431
1.2883896454097672
1.2911459475524254
1.3069712470755914
1.3103113898873207
1.3158926810462026
1.3240764841400459
2.62778139648653
2.630446536523341
2.6318408068632304
2.6351933818202555
2.6385135434789504
2.641830484633892
2.645130058553735
2.6552799466567323
2.659663215709213
2.66377053849325
2.668103355212292
2.6967660038475882
2.6994006645212454
2.704286995979083
2.70734601748502
2.7320249875261737
2.7364604314964076
2.742408782218232
2.7522959190566487
2.7624118934905715
2.7664274243943225
2.7719656749214834
2.7895407754206887
2.793151914388935
2.7953834332986025
2.798109921159872
2.897576247478104
2.898762951663754
2.899195100943513
2.900759636010388
2.9092086059525983
2.9115461844261916
2.9123859602026863
2.916258911865369
2.9189025950477183
2.9208844869662594
2.9221474455095238
2.9281719880268
2.9292814253072423
2.9299785802826857
2.930670066695434
-2.4102198811217748
-2.406154445816262
-2.402061316112611
-2.397941890582116
-2.3933578811488374
-2.389221175414908
-2.38505720245314
-2.380860856246208
-2.376639075079288
-2.3724035287383485
-2.3681525545026076
-2.363161391172321
-2.3589127664554614
-2.354685522476989
-2.3504990209365095
-2.182541008949379
-2.1762730283290628
-2.1706064179574516
-2.165454337315831
-2.1567738281580344
-2.1540208594517374
-2.1520444675887753
-2.1429376985738067
-2.1398270502642003
-2.1368944106118253
-2.1345769222227005
-2.1012578636416963
-2.0963502804970098
-2.0926864078280736
-2.0873871955866354
-2.0671997455695923
-2.0615422596854542
-2.0593372532759773
-2.0509774021960694
-2.0420945448379104
-2.03631153735588
-2.0333337113613705
-2.024968179805404
-2.021312209099368
-2.0189695377094585
-2.017077673864523
-1.9460951238143926
-1.9373302188043784
-1.9284030127112843
-1.9194026036255794
-1.9052971173780442
-1.8971042215504679
-1.8890655570363324
-1.8811386126693217
-1.87340275739444
-1.86595464803441
-1.858689929893403
-1.8495107392588535
-1.8422019962158886
-1.8350887834359555
-1.828249580156437
-1.0149850580424602
-1.0054558728511425
-0.9972073413718034
-0.9905244464371805
-0.9799383472471503
-0.9747527574789332
-0.9696936634521839
-0.9624784638695022
-0.9559221874234085
-0.9542174259233388
-0.9527883706343985
-0.9446243194969247
-0.9430118635487018
-0.938153008296199
-0.9305968322900029
-0.8061534103376655
-0.8054831364772651
-0.8030463596784291
-0.8006589566631235
-0.7733978642613374
-0.7711908212040323
-0.7667248638704357
-0.757668004022325
-0.7515011234234767
-0.75046724414446
-0.749515178965332
-0.530460759275931
-0.5300434474208753
-0.5280056892089102
-0.52505351725629
-0.4450345928198504
-0.4439562953439019
-0.4362998096739165
-0.4310341166253934
-0.39537390502799885
-0.3937101898461027
-0.3820427852984722
-0.36117700973780803
-0.3438056648739692
-0.3291386500332632
-0.3266863244939033
-0.13646710706001366
-0.12950189155002226
-0.1268247902867119
-0.11948313033189847
-0.084489738874119
-0.08086451496479678
-0.07531631803139656
-0.04996935540735751
-0.03901875087636186
-0.033725951459399314
-0.03104330575192771
0.043428206095379576
0.04403816452162964
0.04519421628628431
0.04648066422899231
0.3843978553070215
0.38565569680663536
0.38909616214359055
0.3949998904079781
0.40641804652711894
0.40666460420880635
0.4127339076850158
0.4417374061581766
0.4456950274516103
0.44768645634767285
0.45086161041886463
0.6371075342133048
0.6432333055391936
0.6456834275122011
0.6478436341551793
0.708887790320331
0.713394561904717
0.7175882445186013
0.7249531255233594
0.7337498727234235
0.7374892768640688
0.7408361343827172
0.7665006141894538
0.768685764975032
0.7702746785275197
0.7745985402088869
1.2613921257629874
1.2636751357825466
1.2662408872878517
1.2691349847602396
1.2784483457523808
1.280564570611791
1.282160190901319
1.2838829337295865
1.287210830290261
1.288879121925152
1.2921189668818833
1.307614751387637
1.3114796937136093
1.3176828388600166
1.3265629913399923
2.6266944052093226
2.630017823472616
2.6315728459896452
2.634977829675208
2.6380962034406705
2.6413300934109256
2.6445380297583885
2.654915834868018
2.6591146698132917
2.66310089802684
2.667342969607736
2.697060366451299
2.69941772674696
2.7042578396870254
2.7070548231030913
2.731094378301931
2.735476653228774
2.741361032158981
2.7512689596638302
2.7613085701326607
2.7655280915174454
2.770988354926183
2.7888032712732396
2.792505532172324
2.7948812577552906
2.7976015092581306
2.897680066336607
2.898774993304616
2.899226498975597
2.9006339189453536
2.9093876991866026
2.911494126667403
2.9124102649464865
2.9160331939355104
2.9188180023823853
2.9206282025447603
2.9219529368519535
2.927906427400321
2.9290911634087395
2.9298368975818314
2.9305566236575755
-2.410219881121772
-2.4061544458162625
-2.402061316112608
-2.3979418905821155
-2.393357881148835
-2.3892211754149084
-2.3850572024531465
-2.3808608562461946
-2.376639075079307
-2.372403528738329
-2.368152554502619
-2.3631613911723144
-2.3589127664554637
-2.3546855224769874
-2.3504990209365118
-2.1825410085211296
-2.1762730437460744
-2.170606217106201
-2.1654554479160466
-2.1567336427391366
-2.1541655018225896
-2.15190435452358
-2.143163909948971
-2.139282294322436
-2.137392605528243
-2.1344310726360916
-2.1012799809515856
-2.0962902343067333
-2.0927277930838226
-2.0873920010371854
-2.066924224906718
-2.0626976660861205
-2.0580042540111907
-2.051736599178851
-2.0408607328868777
-2.0380187419594797
-2.032317366620629
-2.02545648776819
-2.0207208167058597
-2.019371525682185
-2.0170083077675813
-1.9460951236177828
-1.937330219160333
-1.9284030124447236
-1.9194026037034142
-1.9052971174251352
-1.8971042214540255
-1.8890655571231143
-1.8811386126198335
-1.8734027574141605
-1.8659546480289473
-1.8586899298943202
-1.8495107392587953
-1.842201996215893
-1.8350887834359588
-1.8282495801564347
-1.0149850580423785
-1.0054558728563419
-0.9972073412519058
-0.9905244473316552
-0.9799383214745072
-0.9747529086636452
-0.9696932379665022
-0.9624801995137071
-0.9558967275006264
-0.9542701879584159
-0.9527577477278519
-0.9446304709446967
-0.9430072530509351
-0.9381533608760749
-0.9305968232079076
-0.8061312543752819
-0.8055176039453958
-0.8030258207171876
-0.8006674789690529
-0.7733775026952582
-0.7712255808414691
-0.7667050982849593
-0.7576798945185027
-0.7514431801296663
-0.7505443416927507
-0.7494892068750478
-0.5304617753903011
-0.5300420495318566
-0.5280062032781667
-0.5250533834175749
-0.4450521009495018
-0.4439333750316118
-0.4363107886450172
-0.43102816006581246
-0.3953830904247599
-0.3937007321463472
-0.3820433771960692
-0.3611772352051861
-0.3438053542007781
-0.32913920088330956
-0.32668593057537443
-0.13646785001418496
-0.1294900601374673
-0.12684135115871617
-0.11947645762049607
-0.08451924588025438
-0.08082441452830734
-0.07532600912224813
-0.04998632410258386
-0.03895348032249296
-0.03382750330112019
-0.03099213872667492
0.04341611650362315
0.04405890683989488
0.04518340805236597
0.04648280006270239
0.3843252813950095
0.3858406077275331
0.3888648383612307
0.39526862755846087
0.40481404593727044
0.4085283493106725
0.41231019466967095
0.4419697343839233
0.4451227209143798
0.4481414316269186
0.4507608317858504
0.6371084386682644
0.6432179595492982
0.6457146123041495
0.6478266322973931
0.7091261551849992
0.7126128229731699
0.7186806187017202
0.7240736959321309
0.7352418214157376
0.7360828408364072
0.7410817823050757
0.7665065187569652
0.7686681200406995
0.7702869074929664
0.7745975788904077
1.2613921269659814
1.2636751415563665
1.266240833836822
1.2691351026275728
1.2784415308114163
1.2806025315390663
1.2820965221913443
1.2839262136084924
1.2871911740583664
1.288888713117494
1.2921182017012016
1.3076147541874836
1.3114796924902326
1.3176828389571795
1.3265629913382369
2.626694595245741
2.6300117820204605
2.6315887041923585
2.634939006857637
2.6381783326743884
2.6412252338956215
2.6446044710171503
2.654837807716499
2.659265546000967
2.662972319991526
2.667385887867416
2.6968628284423013
2.6998599138504376
2.703780581099224
2.707296488894878
2.73095921817402
2.7357392182654467
2.74116414375665
2.751377121462689
2.761156445426273
2.7656728242276967
2.7709429809479595
2.7888193245189328
2.792475834200226
2.7949018669953953
2.7975974918958637
2.89773829268366
2.89850229675595
2.8995616494525853
2.900504242143349
2.9096015024037847
2.910888372962772
2.9129662929797204
2.9157566239574977
2.919127244760377
2.9203603471578465
2.922035456813651
2.9278969812164477
2.929106072342469
2.9298270356368814
2.930558604870816
-2.4102198811217717
-2.406154445816263
-2.402061316112608
-2.397941890582115
-2.393357881148836
-2.389221175414908
-2.385057202453136
-2.3808608562462075
-2.3766390750792783
-2.372403528738361
-2.368152554502594
-2.3631613911723344
-2.3589127664554543
-2.354685522476984
-2.3504990209365104
-2.1825410077367584
-2.176273063508404
-2.1706060263233495
-2.1654562458031767
-2.156716480224203
-2.154210999287634
-2.151869720075262
-2.1431677573195604
-2.139336832574264
-2.1373099540871814
-2.1344617711404728
-2.1012247866033573
-2.0965265712151875
-2.0924158698526134
-2.08754623897729
-2.066458146574516
-2.063589102266935
-2.0572491581661563
-2.0521159673441045
-2.040762525813418
-2.037944739299259
-2.0325088571519
-2.0252145924411487
-2.021141832720922
-2.0190357180292176
-2.0170718672392947
-1.9460951236592117
-1.9373302189413408
-1.9284030127854748
-1.919402603451924
-1.9052971175884212
-1.897104221320178
-1.8890655571831017
-1.8811386126064773
-1.8734027574127032
-1.8659546480312683
-1.8586899298935031
-1.8495107392589247
-1.8422019962158676
-1.83508878343596
-1.8282495801564387
-1.014985058042368
-1.005455872857689
-0.997207341205268
-0.9905244477823124
-0.979938303085105
-0.9747530348245689
-0.9696928254678787
-0.9624822828150821
-0.9558569110186985
-0.9543513972244031
-0.9527108801545376
-0.9446439009297422
-0.942996526406121
-0.9381543950068797
-0.9305967815409818
-0.806127198722614
-0.8055241235913818
-0.8030212168572017
-0.8006697589290445
-0.7733594418290235
-0.7712582144730897
-0.7666838473191351
-0.7576974924081115
-0.7513012528545499
-0.7507218832730078
-0.7494425327928724
-0.5304581407111071
-0.5300469054151409
-0.5280046348200408
-0.5250537320442131
-0.44505829977366307
-0.4439246397903036
-0.4363169661276696
-0.43102405870905364
-0.3954030304385027
-0.3936785902355962
-0.3820464982124353
-0.36117657977773227
-0.34380564082581005
-0.3291389456841958
-0.32668609436259094
-0.1364684256483077
-0.12949052143290055
-0.1268371763361376
-0.1194813663236876
-0.08437066322634433
-0.08109059556736656
-0.07519175400986419
-0.05003697322873811
-0.03883478566515999
-0.03397109415893172
-0.030931488429139696
0.043463864642786364
0.04397500281710585
0.0452320818814102
0.0464702912156794
0.3840889374893548
0.38667835657329835
0.38802075539397574
0.39574976589044447
0.4040294067823875
0.4095084949947235
0.4118739492707321
0.44192692589071153
0.4452626644236839
0.4480021455141662
0.45080526149490185
0.6371113935740441
0.6431862288291058
0.6457719858376972
0.6477979023811302
0.7090234593696844
0.7129928591051469
0.717965149086072
0.7248780883370923
0.7334216261046396
0.7380843327242591
0.7405291732428768
0.7665776807179036
0.7685388009076546
0.7703538270409458
0.7745939980436357
1.261392068486899
1.2636755051700839
1.2662398935657133
1.2691362448241188
1.278415697862505
1.2807516063615734
1.2818869166239013
1.284040638924745
1.2871429222864514
1.288909921725109
1.292116674090444
1.3076147574696335
1.3114796912184026
1.3176828390405748
1.3265629913371049
2.6266956245857314
2.629982546973463
2.631666734861691
2.634771268081677
2.6385683174587387
2.6407732647960924
2.644838468941021
2.654599463715866
2.659768695582474
2.6625455653977004
2.667498746828183
2.6965583025886577
2.700935811771133
2.7026742235179837
2.7076451455528465
2.730771400644051
2.736130977154905
2.7408652782923477
2.7515178043630453
2.7609788213849895
2.7658361452477616
2.7708897513634216
2.7888356258420792
2.7924468887388323
2.7949214384456833
2.797593657499533
2.8977730847444323
2.898405870272983
2.899700007154353
2.9004235168831114
2.909737916249651
2.9106501798302986
2.9131471451815307
2.9156380472263304
2.919276454051101
2.9202276153019096
2.9220633846676343
2.927893560017501
2.9291115024614744
2.9298234263134924
2.930559305789842
-2.4102198811217703
-2.406154445816265
-2.402061316112609
-2.397941890582116
-2.393357881148833
-2.3892211754149124
-2.385057202453129
-2.380860856246225
-2.376639075079262
-2.3724035287383827
-2.368152554502577
-2.3631613911723406
-2.3589127664554503
-2.354685522476992
-2.3504990209365126
-2.182541008165003
-2.1762730480916876
-2.17060622720385
-2.165455135594489
-2.1567575874514056
-2.154069856413938
-2.152005527299824
-2.1429406954354415
-2.1398633855280655
-2.13682394068897
-2.134614376639935
-2.1012017239543814
-2.0965823237873566
-2.092379391209648
-2.087541823999091
-2.0668410741118652
-2.0626648190400094
-2.058320278666772
-2.051291907569902
-2.0419961750314353
-2.0361278244042063
-2.033611277193788
-2.0246910603227093
-2.02168146334551
-2.0187204611228142
-2.01715343947717
-1.9460951238558235
-1.9373302185853902
-1.928403013052037
-1.9194026033740867
-1.9052971175413316
-1.8971042214166232
-1.8890655570963175
-1.8811386126559655
-1.8734027573929855
-1.8659546480367297
-1.858689929892584
-1.8495107392589847
-1.8422019962158642
-1.8350887834359584
-1.828249580156436
-1.0149850580424504
-1.00545587285249
-0.9972073413251639
-0.9905244468878371
-0.9799383288581731
-0.9747528836508025
-0.9696932510041
-0.9624805491681612
-0.9558842153487044
-0.9542992100175406
-0.9527390866565466
-0.9446378149026848
-0.9430010669604326
-0.9381540420600145
-0.9305967906227167
-0.8061497438457619
-0.8054893137212469
-0.8030417330489751
-0.8006612126454583
-0.7733803018128933
-0.7712231251942426
-0.7667034613636757
-0.7576856393414292
-0.7513837345985505
-0.7506242960879943
-0.7494644013931158
-0.5304571013829733
-0.5300483257013846
-0.5280041215079179
-0.525053865942334
-0.4450410484777593
-0.44394731079168803
-0.4363059914050759
-0.43103000353039717
-0.39539407134522975
-0.3936878222621811
-0.3820459056447569
-0.361176354309891
-0.3438059515018133
-0.32913839476622647
-0.3266864883533551
-0.13646768298994397
-0.12950233578902912
-0.12682062418426002
-0.11948804666847433
-0.08433753366550607
-0.08113351159957426
-0.07518287707135085
-0.0500201862193772
-0.03890259106152493
-0.03387041761999243
-0.030979056836977978
0.04347944234173972
0.04395162456453523
0.04524213077540714
0.04646806254898066
0.38412999884756655
0.3864000597897642
0.38835943358860975
0.3954805412965067
0.4047698031972454
0.4083690439954496
0.4124549954094153
0.4417031699813784
0.4458883588042645
0.44749101974184574
0.4509002388579098
0.6371104866419197
0.6432010592510573
0.6457406266396046
0.6478155966853213
0.7088065028953193
0.713928452978474
0.7168023539276253
0.7257267345153934
0.7325749205973672
0.7392275843915174
0.7398274084692505
0.7665711092012846
0.7685558872319499
0.7703428179688213
0.7745949641155906
1.2613920672840082
1.263675499391951
1.266239946982904
1.269136126967775
1.2784221737424446
1.280703913591159
1.2819557746666417
1.2840018074711883
1.287162659843456
1.2889006803172471
1.29211744133464
1.3076147546697896
1.3114796924417835
1.317682838943414
1.326562991338859
2.6266954341102653
2.629988210138914
2.63165055703396
2.6348069108972068
2.638469174824614
2.6408904078723787
2.644780197998771
2.654669130002063
2.659596952442234
2.6627002189711133
2.667459415920977
2.696695659281933
2.7003233004676153
2.703316679114516
2.7074687308912604
2.730892421706674
2.7358625590221286
2.741080293796452
2.751410119377594
2.7611241598359118
2.7656980883642026
2.77093668088747
2.788819416380565
2.7924763908110397
2.79490115803732
2.797597701454797
2.8977054990899673
2.89862599927343
2.8994005930792066
2.90057935610355
2.9094686348191043
2.911205861233512
2.91268142069151
2.9159221942996605
2.9189340431502346
2.9205304371195675
2.9219867621327396
2.9279029575722384
2.929096539404515
2.9298333845317535
2.9305573336325876
-2.411231697152933
-2.4071734668956792
-2.4030871099425744
-2.39897414427687
-2.394387784094734
-2.3902579168562608
-2.3861007304267936
-2.3819108583030606
-2.377694797763785
-2.373464138420728
-2.3692163182957153
-2.364224861639116
-2.359973601011299
-2.355739324400402
-2.3515406475845606
-2.1841787585905603
-2.17779047715636
-2.1719548130612
-2.166617170891445
-2.15760111848863
-2.1545288681170023
-2.1523439667122934
-2.143437110758254
-2.140244515120836
-2.1372060551342553
-2.134950669920238
-2.102183680736254
-2.0974375559806946
-2.093284520464079
-2.0883612551538313
-2.066450338474194
-2.062005513974248
-2.058361914984362
-2.050953771843771
-2.042201545695185
-2.0359839493992222
-2.0338588548637544
-2.0248655729547247
-2.0219364709151777
-2.0189909231837158
-2.017446116631178
-1.9439256342802562
-1.9351099517289831
-1.9261570008423177
-1.9171539555679984
-1.9032369469579153
-1.895078497402686
-1.887084374343921
-1.8792048641828136
-1.87152271331069
-1.8641218798932093
-1.8569007296444913
-1.8476687456554077
-1.8404027011772195
-1.833349734322044
-1.8265938219730784
-1.0174810628256787
-1.007742349139494
-0.9991231009842905
-0.9920517392038753
-0.981335632188859
-0.9760112142579057
-0.9709735482077002
-0.9640648919500274
-0.9571103392310437
-0.9541362903763969
-0.9528182558453417
-0.9447669280958223
-0.9434997607556569
-0.939785714585926
-0.9324901582739739
-0.8063434711407081
-0.8051744542330572
-0.8024727524359909
-0.8004923510916349
-0.773699656314845
-0.7703245283839494
-0.7683748650636277
-0.7591918296875012
-0.7516133612400443
-0.7507932217229586
-0.7494415839409012
-0.5305855103405551
-0.530216755299902
-0.5287719045162583
-0.5255468155726134
-0.44630442923180447
-0.4426931127348198
-0.43728412948878365
-0.43047899586755617
-0.39781078391047153
-0.3894295953491043
-0.3833822260994857
-0.3588928752721416
-0.3393218392727715
-0.3284879178407702
-0.32696679271763873
-0.13346465407154692
-0.12854042330705126
-0.12653521283505664
-0.11563804864869576
-0.08482409378237812
-0.07950162088115328
-0.07617768952555802
-0.04997522389248463
-0.03844858772592898
-0.03452639997348623
-0.029183912486873468
0.043764397475173945
0.043971622372164995
0.04527013126515606
0.04648798090909316
0.38413979951472654
0.3864738670846316
0.38837567081731417
0.39540042689465416
0.40468426751464015
0.40835701067399316
0.4123998055007771
0.44181281897516317
0.4459120592280927
0.4480476263515541
0.45102723006584144
0.6389468641890469
0.6440280555843384
0.6461416450943084
0.6481333136403172
0.7091707710848701
0.714497743120555
0.7175599546796418
0.7266292560720935
0.7324872688355779
0.7393255656296763
0.7398911230940748
0.7666483092074893
0.7687090183775868
0.7711320694758103
0.7758400498954141
1.2619148917116916
1.2642852691070734
1.2669253825350577
1.2698393818283085
1.278904145037965
1.2810214264499082
1.2821679590337862
1.28435034136679
1.2874838426982296
1.289503487073972
1.293210863964554
1.3083796346786971
1.312795959029812
1.3196404662967085
1.329233789116129
2.625382071174834
2.629441201564798
2.6313274325455893
2.6345900197662018
2.637983054744976
2.6404622415375867
2.6441135820413177
2.6543187883371533
2.6589089101406658
2.662122017087304
2.6666513157368916
2.6970346952659208
2.7001454672247864
2.7034848381437344
2.707111666919858
2.7300190455410647
2.7347382941435376
2.7400977874019317
2.7502762372919363
2.7600208454144277
2.7646654127685673
2.769952417606479
2.788005019571375
2.7917972825760033
2.7943553637246104
2.7970708843826166
2.8977848418768675
2.8987384547623427
2.899300589742895
2.9004957282167343
2.9095706162031565
2.911377716694061
2.9124780250541513
2.9157906842589325
2.9187207769905714
2.92035355017743
2.921746659013926
2.927621208932771
2.9288754254834406
2.9296821773512547
2.930432159409937
-2.411231697152933
-2.4071734668956757
-2.403087109942576
-2.398974144276868
-2.3943877840947345
-2.3902579168562594
-2.386100730426806
-2.3819108583030375
-2.377694797763819
-2.3734641384206876
-2.369216318295749
-2.3642248616390953
-2.359973601011311
-2.3557393244003975
-2.351540647584559
-2.184178759025352
-2.1777904674004205
-2.1719548962312825
-2.166616875536941
-2.157603636842755
-2.154527484467681
-2.152338761185092
-2.14349540070918
-2.140083367690696
-2.137386412143986
-2.134876483491079
-2.102234724386003
-2.0972373071352792
-2.0935350091200275
-2.0882457193418724
-2.066674423993384
-2.0613227052009275
-2.058925305288121
-2.050880335357157
-2.0420036387856384
-2.0366974179860793
-2.0331880525392307
-2.025277644309664
-2.0214247058008312
-2.0193231401251532
-2.0173528351096905
-1.9439256341977875
-1.9351099519928643
-1.9261570004969089
-1.9171539557990742
-1.903236946829574
-1.8950784974912054
-1.8870843743179306
-1.8792048641784047
-1.8715227133189476
-1.8641218798890258
-1.8569007296456168
-1.8476687456552574
-1.8404027011772417
-1.8333497343220422
-1.8265938219730793
-1.0174810628256243
-1.007742349142963
-0.999123100899337
-0.9920517399142963
-0.981335610612033
-0.9760113473725204
-0.9709731711572742
-0.964066122414497
-0.957100414317812
-0.9541692811668073
-0.9527918882742457
-0.944777904951768
-0.9434901183043137
-0.9397867378024912
-0.932490136769335
-0.8063334982635744
-0.8051951766512068
-0.8024508456135702
-0.8005038744875412
-0.7736789766352118
-0.7703957610601652
-0.7683172889654785
-0.7592038835229168
-0.7515517618244729
-0.7508648711995571
-0.7494261370287081
-0.530587019778921
-0.5302146030010894
-0.5287726733570695
-0.5255466880640088
-0.44630825954068387
-0.44268338470799046
-0.4372934594995922
-0.4304752781602681
-0.3978121332363257
-0.3894277659184704
-0.383382956865797
-0.35889299528419183
-0.33932157719101796
-0.32848875596071636
-0.3269661329209574
-0.1334606196947055
-0.12856375403135117
-0.12651420952536216
-0.11563889674252638
-0.08489450789351285
-0.07926349367978944
-0.07635721304292499
-0.04993969208389124
-0.03853497357344919
-0.034448865885975975
-0.029199626124467134
0.043647912784292225
0.04413944780093842
0.04520255014645565
0.04650420641053931
0.3843905813581715
0.3857401376566604
0.38912005414555484
0.39492552998742797
0.4059702643555034
0.4070200150526824
0.41266626843488935
0.4418445906724189
0.44576502261391354
0.44820238510019844
0.450985733203757
0.638942009399969
0.6440774938697781
0.6460627025635763
0.6481677948609946
0.7092423226635042
0.7140074293962196
0.7183160342117617
0.7257589526556596
0.7337647881808247
0.7375733875665509
0.7409032072892051
0.7665987436628791
0.7687827188741021
0.7711015579944006
0.775841864831613
1.2619149340943245
1.2642849941620413
1.2669261328403212
1.2698384244135499
1.278927611445053
1.2809036317273617
1.2823191125660958
1.2842764811108383
1.2875105165774614
1.2894936856834878
1.293211467372307
1.3083796329812005
1.3127959595719305
1.3196404662662087
1.3292337891164954
2.6253817997931996
2.62945343157959
2.631287634437254
2.6347009911595123
2.637729589950853
2.640758880314443
2.6439545396200077
2.6544791861136026
2.6585973403994427
2.6623757367866348
2.66657882182514
2.697294822326029
2.6995362638141462
2.7041211265431753
2.7068149376141144
2.7301424525684346
2.734513748661171
2.7402521586998803
2.7502045596165314
2.7601043163436647
2.76459175157792
2.7699744395968935
2.787999349263242
2.791806910538784
2.7943489564521364
2.7970721470600775
2.8977829823220205
2.898748811719602
2.8992892512641317
2.900498669926168
2.909571083359754
2.9113720693933582
2.912485630672091
2.9157851024332593
2.918729103782042
2.920345286042654
2.9217497605443
2.9276207931569416
2.9288760584742435
2.929681764086358
2.930432246989841
-2.4112316971529313
-2.4071734668956792
-2.403087109942576
-2.3989741442768704
-2.394387784094736
-2.3902579168562594
-2.386100730426808
-2.3819108583030295
-2.3776947977638305
-2.3734641384206774
-2.3692163182957557
-2.364224861639094
-2.359973601011313
-2.355739324400396
-2.351540647584563
-2.1841787585955634
-2.1777904808685573
-2.1719547345807566
-2.166617723651528
-2.157576901138294
-2.154631698963709
-2.152230197430691
-2.143675591121454
-2.1396240253404546
-2.1378073069293224
-2.1347644676129267
-2.1022401221856315
-2.0972457671378684
-2.0934956407897385
-2.088281983261626
-2.0663194263725013
-2.062587878202102
-2.057495852801922
-2.051711592381678
-2.040681062583385
-2.038344080484025
-2.0323418048271065
-2.0256757821394156
-2.020962704384229
-2.0196348595641234
-2.017305065875087
-1.9439256340691582
-1.9351099521956672
-1.9261570003903665
-1.917153955784211
-1.9032369469244783
-1.8950784973596624
-1.8870843744184258
-1.879204864127054
-1.8715227133374446
-1.864121879884499
-1.856900729646236
-1.8476687456552456
-1.8404027011772384
-1.8333497343220433
-1.8265938219730777
-1.0174810628256243
-1.0077423491434379
-0.9991231008765693
-0.9920517401856456
-0.9813355982208275
-0.9760114382990214
-0.9709728703159932
-0.9640673282383807
-0.9570882810847373
-0.9542113654454977
-0.9527571935421558
-0.9447973569297973
-0.9434722529342633
-0.9397889765236626
-0.932490071354064
-0.8063323144945825
-0.8051979971162968
-0.8024468618992837
-0.8005063727814993
-0.7736628207850309
-0.7704544269843108
-0.7682671546483908
-0.7592189969156087
-0.7514068043810145
-0.7510284210332009
-0.7493999042187622
-0.5305812838868238
-0.5302225165158364
-0.528770155608775
-0.5255470294979184
-0.44630918719886553
-0.44268015301949415
-0.43729790724515016
-0.43047273593528784
-0.397815808673045
-0.38941998420288576
-0.3833878405959598
-0.3588924403128012
-0.3393219035430923
-0.32848825401249
-0.3269664832248894
-0.1334647838827748
-0.12853261145839642
-0.12654605209234865
-0.11563262793821978
-0.08489430436826406
-0.07930473078480627
-0.0763108444171719
-0.04997284753107572
-0.03841431189669718
-0.03457418942363395
-0.02916852323781398
0.04362714901387019
0.04417357903009676
0.04518634792546371
0.04650701591239721
0.3843233006861482
0.38592219467876915
0.3888849494215546
0.39519143577423316
0.40472544128578763
0.4085118623572002
0.41226059456909325
0.44204727006875494
0.4453002316694386
0.4485848994619154
0.4508784027993987
0.6389437422773804
0.6440524452975462
0.6461071151502487
0.6481464479680217
0.7094388940013429
0.7133100805941598
0.7193505631200675
0.724853822414672
0.7352929746901842
0.7361770247862721
0.7411433666996684
0.7666033113842883
0.7687723060524554
0.7711076004961449
0.7758413128972764
1.261914933227101
1.2642850102616878
1.2669260569309477
1.2698385665719176
1.2789204393049611
1.2809409862358492
1.2822665382954928
1.284306396810479
1.2874983850010637
1.2894985546446172
1.293211123656101
1.308379634579087
1.3127959589864786
1.3196404663070842
1.3292337891158157
2.625381956741402
2.6294460322193673
2.6313119391369626
2.6346299199011014
2.6378916166658803
2.6405629645389017
2.6440659546957623
2.6543568022335196
2.6588403554979076
2.6621730067219986
2.6666399192064705
2.6970185201603503
2.700210225892294
2.7033982626213224
2.7071532291095814
2.729972509960996
2.734839812108638
2.7400153057385586
2.7503226876118205
2.7599557774210384
2.764728120419927
2.769931021564568
2.788012540252228
2.79178372841256
2.7943647557913978
2.7970689280219703
2.897844781098498
2.8985054292808425
2.8995981229460943
2.9003642535647463
2.909806866922219
2.910804651258274
2.9129800156712755
2.9155249909923984
2.9190233487156374
2.92008814491222
2.9218191533104134
2.927613795404705
2.9288861230577994
2.929675405262377
2.93043353177863
-2.4112316971529344
-2.407173466895678
-2.4030871099425775
-2.398974144276868
-2.3943877840947345
-2.3902579168562585
-2.3861007304267985
-2.3819108583030526
-2.3776947977637963
-2.373464138420716
-2.36921631829572
-2.3642248616391184
-2.359973601011303
-2.355739324400399
-2.3515406475845593
-2.1841787581607726
-2.177790490624374
-2.171954651401247
-2.166618018911621
-2.1575743142522645
-2.154633274745692
-2.152235364899458
-2.1436252354244907
-2.1398257519827726
-2.1375894793260204
-2.1348275258950933
-2.1021892224527865
-2.0974442113168776
-2.093245006842848
-2.0883992774115816
-2.066010724794987
-2.0631295389743944
-2.0571244854301383
-2.05182117567399
-2.0410780497663197
-2.0376882269287373
-2.0327714441236195
-2.0253005712756074
-2.0215188524518837
-2.019214724851614
-2.01738713130643
-1.9439256341516264
-1.9351099519317805
-1.9261570007357725
-1.917153955553139
-1.9032369470528212
-1.8950784972711392
-1.8870843744444161
-1.879204864131465
-1.8715227133291812
-1.8641218798886838
-1.856900729645112
-1.8476687456553929
-1.840402701177209
-1.8333497343220437
-1.8265938219730795
-1.0174810628256803
-1.0077423491399704
-0.9991231009615223
-0.9920517394752246
-0.9813356197978911
-0.9760113051915379
-0.9709732473989723
-0.9640660984281388
-0.9570983349017582
-0.9541796874500834
-0.9527821249111847
-0.9447866466924383
-0.9434816254257486
-0.9397879504588967
-0.9324900928572921
-0.8063423223891377
-0.805177264495588
-0.80246878348789
-0.8004948098204333
-0.7736838731098765
-0.7703857427599127
-0.7683218363006332
-0.7592069425742846
-0.7515034516982719
-0.7509228676075019
-0.7494141810172706
-0.5305797105036993
-0.530224729468655
-0.5287693900036936
-0.525547157061538
-0.4463053607341022
-0.4426898858820302
-0.4372885721960451
-0.43047645002242024
-0.3978144606864367
-0.3894218141007403
-0.3833871079992542
-0.35889232030001733
-0.3393221656180349
-0.32848741551024474
-0.3269671434139881
-0.13346880251884666
-0.1285086221579378
-0.12656772671936087
-0.11563178312723901
-0.08482371745659631
-0.07953803033169513
-0.07613630525554473
-0.05000817283293267
-0.03832355133823359
-0.034655932257501236
-0.029153197887634895
0.043720481687699056
0.04402688184920942
0.045255791341686565
0.04649095188263735
0.3840999472438183
0.3867635975474597
0.38802342801960893
0.3956652825429551
0.40397908715840086
0.4094342395271954
0.41185220050614274
0.4420088857995684
0.44542121085324465
0.44845570260704987
0.45092700100708355
0.6389486060140841
0.6440044538988997
0.6461857790334468
0.6481107895647941
0.7093527600743709
0.7136657169458009
0.7186413058646142
0.7257182573374332
0.7334060549745424
0.7381858643492906
0.7405923266855158
0.7666531951107701
0.7686985040675293
0.7711378971658993
0.7758394967024913
1.2619148908445772
1.2642852852126063
1.2669253066594233
1.2698395239739473
1.2788973083088229
1.2810669535480763
1.2821089529163021
1.2843783677612568
1.2874716009080311
1.289508279700718
1.2932105199209458
1.3083796362765843
1.3127959584443603
1.3196404663375811
1.3292337891154502
2.6253822282075974
2.6294339881981434
2.631352218007493
2.634523418258692
2.6381697383132323
2.640246667341468
2.6442152799190706
2.6542054013147487
2.659173926594203
2.661891229234143
2.6667090566537492
2.696822101767572
2.7010154826738
2.7025706106487943
2.7073816146858896
2.729859978017498
2.735067221204688
2.739848282561777
2.7503939689297505
2.759874921138505
2.764799060571257
2.769908360094131
2.7880182520823333
2.7917741412538053
2.7943710865975
2.797067658374967
2.8978473457692777
2.8984987676597584
2.8996066330183474
2.900359740344426
2.909805810400347
2.9108082788163707
2.9129743929260417
2.915530786970093
2.919012444994572
2.9200989264059523
2.9218165226431823
2.927614207272962
2.9288854870091674
2.929675825051743
2.9304334448955913
