-2.4009469624743365
-2.3932384215517324
-2.3872210560269407
-2.3821409609604127
-2.3776610825003024
-2.3734796735015156
-2.369358272071569
-2.365204975924539
-2.3610131867241653
-2.3567958218605556
-2.3525670019660527
-2.3483397251516545
-2.344125933001303
-2.339936673963507
-2.3357783610350116
-2.3316118714939353
-2.327194896080346
-2.3219546581554082
-2.3148954051974298
-2.1443696828459413
-2.128684982892785
-2.1174683180068996
-2.1081795112564183
-2.100183082696717
-2.0932738932554775
-2.0879691763642225
-2.083704834144415
-2.0810013356212775
-2.0746061102479176
-2.0702594927048397
-2.0634724362274235
-2.0576656438293175
-2.050690513636256
-2.043774445462649
-2.0365178800794506
-2.029379696952716
-2.0228862254858644
-2.0165830425792795
-2.0082051806146324
-1.9400336245278187
-1.9238563563747608
-1.9137268124060356
-1.9059440289016925
-1.8990568344469736
-1.8921282317415549
-1.8847181314625372
-1.8767889308446546
-1.8684227225275531
-1.8597226751817566
-1.8507910287949472
-1.8417250476519285
-1.8326164833057472
-1.8235346466316558
-1.8144445044702764
-1.8050741973894358
-1.794986289893285
-1.7838262084611534
-1.771280878066179
-0.9863216497594219
-0.9554225393458126
-0.9470050698312866
-0.9372869419779252
-0.9324068127734725
-0.9267164262083202
-0.9176776357768427
-0.915087939565564
-0.9082323330053396
-0.9042571249983071
-0.9009093369793058
-0.8959943307238839
-0.8907416178194505
-0.8840489834160872
-0.8774577448309233
-0.8727578478105014
-0.8629943075517085
-0.8476566432871775
-0.8241606408636825
-0.7725282727806557
-0.6489590161789659
-0.6088443819170066
-0.5767948457162343
-0.5493125910182993
-0.525004169390268
-0.5031750891683933
-0.4834531703278214
-0.465672411984842
-0.44998138573504415
-0.43604874535002064
-0.425132152251799
-0.4106949818802754
-0.3997639582173297
-0.38436820918243586
-0.37374916897296656
-0.3523090212077729
-0.3303951971202683
-0.30012760483088724
-0.25332979485907897
-0.15578594164327408
-0.12510208248246255
-0.10164035499870151
-0.09080623326449164
-0.07519811628307209
-0.06559787969999223
-0.04056686347966553
-0.03582467998624538
-0.015878395817396654
-0.003236426735467242
0.01486063755457483
0.03363564911702272
0.054254288094760204
0.07673069922971072
0.10154704706348928
0.12930441851084695
0.1609067489624488
0.1979600878985758
0.24401699380265066
0.4699222542569441
0.5243939426858649
0.555808025437589
0.575220274078238
0.581552937803328
0.5877278910697329
0.5975059026988522
0.6049202197465664
0.6150157889542196
0.6223319958506467
0.6322806100043541
0.6441289478548649
0.6562478990458944
0.6734350766744889
0.6874595550467032
0.7094210327735196
0.727287031913371
0.7518024863532593
0.7784975746428062
0.800980121648217
1.2210507592083444
1.2447924929555554
1.2634549226671117
1.2780141760915948
1.2892216130474894
1.2971868512130487
1.3002105262199666
1.304919580573835
1.3089206248795833
1.314883439024273
1.3183124131715775
1.3244487305509227
1.3261769750731598
1.3312990064227432
1.3352613894041891
1.3394179428654085
1.3476368836463906
1.3519663613800783
1.3755153758682734
2.66939335658861
2.6924279165239597
2.695547983074549
2.7007768675597985
2.702781110983211
2.7053505151753923
2.7083943199168434
2.7117458166251898
2.7159016483463816
2.7205479779267323
2.7257642617152804
2.73153588822191
2.7378771831409736
2.744807528116082
2.7523337741096765
2.7604705701379153
2.7692242116611907
2.778607161162766
2.788676959539199
2.7997422321484406
2.8783665775541123
2.8859637710320483
2.887594226441924
2.8903086197711336
2.8921362784357334
2.89624088390961
2.8983940834375574
2.9023648101141584
2.9051611535593564
2.9090813986153727
2.9131611987349486
2.9177020941110756
2.9225007234686173
2.927483909161194
2.9325378334308594
2.9375448865746603
2.942398479863556
2.947072505722879
2.951668206981309
-2.4009469624743356
-2.3932384215517306
-2.3872210560269376
-2.3821409609604314
-2.377661082500129
-2.3734796735023895
-2.3693582720685415
-2.365204975932344
-2.361013186708601
-2.3567958218847913
-2.352567001936877
-2.348339725177876
-2.344125932985265
-2.339936673968134
-2.3357783610369407
-2.331611871491238
-2.3271948960815174
-2.321954658155191
-2.3148954051974435
-2.1443696828477594
-2.128684982651356
-2.1174683252671316
-2.1081794224258386
-2.1001833512279475
-2.0932810099178347
-2.0878743986868535
-2.0841013080292687
-2.0804303128733497
-2.07521991200866
-2.069648766822819
-2.0639270130075817
-2.0573582725680675
-2.050856789303375
-2.043697436763582
-2.0365480076921654
-2.0293699658368727
-2.022888574868534
-2.0165827709641113
-2.0082051811270687
-1.9400336245790166
-1.9238563566026277
-1.913726809885886
-1.905944037037664
-1.8990568214607246
-1.8921282436324276
-1.8847181246668498
-1.876788933359839
-1.868422721993729
-1.8597226751737879
-1.8507910288515643
-1.8417250476266818
-1.8326164833125123
-1.823534646630439
-1.8144445044704103
-1.8050741973894269
-1.794986289893282
-1.7838262084611531
-1.7712808780661773
-0.9863216497594218
-0.955422539361613
-0.9470050692187753
-0.9372869795653918
-0.932406564836005
-0.926717421757762
-0.9176576641925617
-0.9151275481723077
-0.9081168369098273
-0.9045038049748844
-0.9006612863263326
-0.896136700986134
-0.8906805778854486
-0.8840695411101458
-0.8774502148312823
-0.8727600212422107
-0.8629942199244753
-0.8476566446065136
-0.8241606408641643
-0.7725282727804242
-0.6489590161790951
-0.6088443819233448
-0.5767948455591705
-0.5493125928723185
-0.5250041557251975
-0.5031751546310099
-0.483452990069848
-0.4656724234862467
-0.4499837148521106
-0.4360375947320655
-0.4251526343772411
-0.41066652798536996
-0.3997900717213406
-0.3843523161692453
-0.37375678396973516
-0.3523078963710331
-0.33039542067513794
-0.30012757673722423
-0.2533297973792996
-0.15578595868668343
-0.12510194479515732
-0.1016392952073134
-0.0908128956363039
-0.07517352182026392
-0.06562691477101991
-0.04051240727787594
-0.03587243591292126
-0.015878631471074076
-0.0032299250591891512
0.014856257812101505
0.03363728220154914
0.0542539734053671
0.07673070838120898
0.1015470579256709
0.12930441601909926
0.16090674913119923
0.19796008790998942
0.24401699380126673
0.46992225427316375
0.5243939421281288
0.5558073697408096
0.575329176155541
0.5810448415274491
0.5888494185164641
0.5958089640384165
0.6071548339446554
0.612952064385186
0.6234683126515972
0.6318918501275927
0.644189848820793
0.656245208284305
0.6734330081338982
0.6874603033381615
0.7094209461022746
0.7272870442509426
0.7518024858164607
0.7784975746553361
0.8009801216482572
1.2210507592077964
1.2447924930007774
1.2634549208006334
1.2780142250511324
1.2892207349909224
1.2971962805443562
1.3001999708627634
1.3048926823666829
1.3090088705893526
1.3146604853462063
1.3186135340996334
1.3239814811562873
1.3265861110130566
1.3311897895794584
1.33529681893835
1.3394121206722347
1.3476370722036095
1.3519663379709757
1.3755153758693301
2.669393356588421
2.6924279947235648
2.695547171494498
2.7008078580562334
2.7026779299485435
2.705554357697865
2.708134360524121
2.711986608336733
2.7157187335013773
2.720663224063122
2.725697908829644
2.731568386349682
2.737862898254624
2.7448130072089945
2.7523319199085026
2.7604711154471078
2.7692240746354813
2.778607189364521
2.788676955214119
2.7997422325285926
2.878366583196141
2.885958799354038
2.887614091423723
2.8902451095132897
2.8922204995006986
2.896129894716931
2.8985092314679295
2.902290100720342
2.9052081185376104
2.9090655648342607
2.9131659236705674
2.9177009898801116
2.922500945817555
2.927483870597761
2.9325378392094366
2.9375448858408406
2.942398479938059
2.947072505717654
2.9516682069814864
-2.400946962474337
-2.393238421551731
-2.387221056026938
-2.382140960960416
-2.37766108250029
-2.3734796735014347
-2.3693582720724624
-2.3652049759202614
-2.3610131867378876
-2.3567958218278355
-2.3525670020263436
-2.348339725064664
-2.3441259330994346
-2.3399366738783987
-2.3357783610896496
-2.3316118714698546
-2.327194896086751
-2.3219546581545742
-2.3148954051974675
-2.1443696828474974
-2.1286849828220404
-2.117468314884772
-2.1081796911774187
-2.10017920865042
-2.093324883387505
-2.087550506489235
-2.0847831709552946
-2.0795966064622933
-2.0759051601421676
-2.0692289199572995
-2.0641530355167346
-2.0572950748971257
-2.0508542446140776
-2.043718260392577
-2.0365306657589626
-2.0293795748256622
-2.022884787034265
-2.016583583098093
-2.008205130980109
-1.9400336244698768
-1.9238563574925673
-1.9137268068405608
-1.9059440418723759
-1.899056818434886
-1.8921282426377897
-1.8847181277111684
-1.8767889308380292
-1.8684227232787516
-1.859722674713243
-1.8507910289704
-1.841725047605984
-1.8326164833141683
-1.8235346466307012
-1.814444504470303
-1.8050741973894437
-1.794986289893283
-1.7838262084611531
-1.7712808780661768
-0.9863216497594233
-0.9554225393537373
-0.947005069432991
-0.937286972312353
-0.9324065940094886
-0.9267173908104427
-0.9176554911568672
-0.915133373460717
-0.9080853319954002
-0.9045801896759085
-0.9005679700462731
-0.8962059193992682
-0.8906457089850586
-0.8840846191843916
-0.8774434199585228
-0.8727623042558945
-0.8629940938602761
-0.847656648056662
-0.8241606408113713
-0.7725282727806239
-0.6489590161797688
-0.6088443819120029
-0.5767948456385634
-0.549312592885212
-0.5250041497725335
-0.5031752237737998
-0.48345250313935284
-0.46567487257317586
-0.44997497938741593
-0.4360597642660164
-0.4251239224267716
-0.4106920274352013
-0.3997747891971406
-0.3843550648647554
-0.37375757636926277
-0.3523072009780737
-0.3303956391997245
-0.30012754610210113
-0.25332979918982507
-0.15578595784819402
-0.12510209525042734
-0.1016369256972737
-0.09081787642970099
-0.07517089866454324
-0.06562229645560672
-0.040569799359239496
-0.03580653910980127
-0.01590219451878333
-0.0032172971352021104
0.014854300596702284
0.03363693715869994
0.05425431203528324
0.07673060855919422
0.10154707128836937
0.12930441603144335
0.1609067488891837
0.19796008793259845
0.24401699380162387
0.4699222542714818
0.5243939482644044
0.5558065658801005
0.5753794641692329
0.5809133715491273
0.5889515159309209
0.5959516819284179
0.6063351085643495
0.6141859343013962
0.6224907900858805
0.6324260243282944
0.6440181120546972
0.6562883250983428
0.6734270629845626
0.6874612744779004
0.7094209078064244
0.7272870444337379
0.75180248613071
0.7784975746298236
0.8009801216496253
1.221050759207921
1.2447924929681564
1.2634549233331507
1.2780141076382165
1.2892248266048731
1.2970878866146958
1.3005353065660679
1.304309044708023
1.3098464260251088
1.3136597000990424
1.3197094433537273
1.3228966983597361
1.3272793891992343
1.3309513783207307
1.3353552573693785
1.3394034481030601
1.3476372850015599
1.3519663149210803
1.375515375869789
2.6693933565885124
2.692427942815132
2.6955477318467285
2.7007848406645767
2.702755237621985
2.705394357931734
2.7083444035241317
2.7117846741856826
2.715880403526442
2.7205560545770195
2.725763468324297
2.7315340900410883
2.7378790933606894
2.744806281416162
2.7523344016702445
2.760470312281147
2.7692242989853293
2.7786071373821573
2.788676964338617
2.7997422315861344
2.8783668656560226
2.88588061065222
2.8879687774536675
2.8895587540465804
2.8931338022811026
2.895164001531627
2.8993619757789064
2.9016953233915883
2.9054881839163733
2.908969617378318
2.913190374778205
2.9176958139999467
2.9225018806400325
2.9274837238241984
2.932537859251674
2.9375448835027904
2.9423984801579213
2.9470725057032703
2.951668206981944
-2.4009469624743356
-2.3932384215517315
-2.3872210560269393
-2.382140960960394
-2.3776610825004623
-2.373479673500561
-2.3693582720754884
-2.365204975912455
-2.361013186753453
-2.356795821803596
-2.3525670020555234
-2.3483397250384415
-2.3441259331154747
-2.3399366738737717
-2.3357783610877223
-2.3316118714725516
-2.32719489608558
-2.321954658154789
-2.314895405197454
-2.144369682845677
-2.1286849830634704
-2.1174683076244882
-2.1081797799936632
-2.10017893989107
-2.0933180550748456
-2.0876754976440757
-2.084463227929663
-2.0801531812305267
-2.075262258086953
-2.0698044822540407
-2.0636774280476633
-2.0575957248296115
-2.0506871001235063
-2.043795435739601
-2.0365006421427063
-2.029389331373467
-2.0228824416652547
-2.0165838548797876
-2.0082051304677826
-1.9400336244186778
-1.923856357264699
-1.9137268093607132
-1.9059440337364084
-1.899056831421126
-1.892128230746911
-1.8847181345068533
-1.8767889283228338
-1.8684227238125704
-1.8597226747212074
-1.8507910289137801
-1.8417250476312272
-1.8326164833074008
-1.823534646631915
-1.8144445044701676
-1.8050741973894497
-1.794986289893282
-1.783826208461153
-1.7712808780661786
-0.9863216497594234
-0.9554225393379383
-0.9470050700455038
-0.9372869347246326
-0.9324068419438051
-0.9267163952644041
-0.9176755200164751
-0.9150937630343607
-0.9082033307810112
-0.9043383573585344
-0.900812088281775
-0.8960609055630525
-0.8907060205466946
-0.8840639763761362
-0.8774509374671967
-0.8727601269948427
-0.8629941814808203
-0.8476566467373247
-0.8241606408108875
-0.7725282727808568
-0.6489590161796434
-0.6088443819056651
-0.5767948457956282
-0.549312591031195
-0.5250041634376219
-0.5031751583119676
-0.48345268340885666
-0.46567486096687094
-0.4499726458060686
-0.43607087438434616
-0.425103442562507
-0.41072045804056256
-0.39974873388810717
-0.38437096590318615
-0.37374996133351523
-0.35230832572585696
-0.3303954156375339
-0.3001275741956454
-0.25332979666960215
-0.15578594080477634
-0.12510223293420691
-0.10163798653761728
-0.09081121694943425
-0.0751954870074935
-0.06559325437968545
-0.04062303622418916
-0.03576000153779009
-0.015901978353573713
-0.0032237909904167836
0.01485868184166504
0.033635304084307184
0.05425462670989804
0.07673059940726772
0.10154706042620724
0.129304418523192
0.16090674872043345
0.19796008792118636
0.24401699380300676
0.4699222542552637
0.524393948822141
0.5558072213543529
0.5752669149619891
0.5814069618135849
0.5878448303925297
0.5977483187005928
0.6042600576210869
0.6163236835164905
0.6210720358873082
0.6327702811709948
0.6439542497714019
0.65629094125072
0.6734291331256186
0.6874605263863682
0.7094209944784607
0.7272870320961703
0.7518024866675083
0.778497574617294
0.8009801216495857
1.221050759208471
1.2447924929229366
1.2634549251996336
1.2780140586818236
1.2892257070721227
1.2970793502130147
1.3005451383303779
1.304328086556385
1.3097379050149913
1.3138508145723051
1.3193854894635293
1.3232867599561697
1.3270146441338972
1.3310744824852792
1.3353213118466019
1.3394093279356254
1.3476370964707396
1.3519663383309146
1.3755153758687337
2.6693933565887016
2.692427864623574
2.6955485439200033
2.7007551838022605
2.7028637761531966
2.7051991437573983
2.708606426593782
2.7115358689153433
2.7160580657511226
2.7204380789970046
2.7258287964340857
2.731501302938139
2.737893315865114
2.744800791910949
2.752336254526019
2.760469766838706
2.7692244360012066
2.778607109179895
2.788676968663681
2.7997422312059825
2.8783668600116403
2.8858847055587167
2.8879401321588407
2.8896094196173223
2.893040312903346
2.8952728947579534
2.8992571038596795
2.9017859300388342
2.9054478456935913
2.9089864363475186
2.9131857264907075
2.9176969221753644
2.9225016584391827
2.927483762391852
2.932537853473189
2.93754488423661
2.9423984800834186
2.9470725057084954
2.951668206981766
-2.4019603262022033
-2.3942345021994584
-2.388212918624441
-2.3831337889645456
-2.378660741659825
-2.374493094065281
-2.370387416324252
-2.3662470010627144
-2.3620640811312703
-2.3578517704980513
-2.3536245497770047
-2.349395731211382
-2.3451774883581162
-2.3409809768314367
-2.336812574873313
-2.332633668060965
-2.3282060441658854
-2.32296430609722
-2.31591996825494
-2.145772342235005
-2.130033142700396
-2.118798607694249
-2.1094988834510464
-2.101469113644946
-2.094517424498597
-2.088699906722789
-2.0847531748116506
-2.0809890850311064
-2.0758853237165127
-2.0707169835921375
-2.0644375173470424
-2.058390205370675
-2.051414662819386
-2.0444357198781438
-2.0370502938049984
-2.0297898015598523
-2.023070144607978
-2.0166015574633502
-2.008204774792772
-1.9378063197675912
-1.9220872447354476
-1.9121332481181137
-1.9043553097425723
-1.8973873554522327
-1.8903287475662167
-1.882782166794165
-1.874734404448927
-1.8662749363437279
-1.8575076006621998
-1.84853350482578
-1.83944920482558
-1.8303475154958766
-1.8213025853977476
-1.8122899936446735
-1.8030474780716068
-1.7931399652766158
-1.782230830213256
-1.7700798143171625
-0.990044260958483
-0.9593835656767697
-0.9469719845350354
-0.9377719268533324
-0.9351454767066711
-0.9263608791545277
-0.9190761734463467
-0.9158162558004304
-0.9077579092163248
-0.9061078178212588
-0.900734103009684
-0.8967428829990217
-0.8912986083174025
-0.8846117775543423
-0.8780004163850949
-0.8728317134379292
-0.8629925746365312
-0.8476565767069579
-0.8241606399806368
-0.7725282727772151
-0.6489590161918575
-0.6088443815310025
-0.5767948521566612
-0.5493125105580365
-0.5250049148384943
-0.5031695602220593
-0.48348561985479077
-0.4655140359087562
-0.4505297140381598
-0.43412147348117136
-0.42771224619620446
-0.4064894392039739
-0.4038594346215009
-0.38091004677828577
-0.3773971725545709
-0.35426199126076807
-0.3302868921651849
-0.30013314808846825
-0.2533412778326864
-0.15381334242210146
-0.12496859453479278
-0.10112768537401146
-0.0864785077739639
-0.0801733508625486
-0.05827436395257471
-0.04560967769498705
-0.02974613689092714
-0.017133963355670013
-0.0017204492615107035
0.01515309356174158
0.033963158237748446
0.05437192644071906
0.07677261926491052
0.10155667878998509
0.1293060016210345
0.1609068967318828
0.19796008943079874
0.2440169926437187
0.46992225315998404
0.5243939621019836
0.5558079483673372
0.5752900172439759
0.5816993042222011
0.5883498760791329
0.5983245909488849
0.6046907725601199
0.6186874856647346
0.6192946276529995
0.6348814305052207
0.6426300000590349
0.6583761831011629
0.6725344876215131
0.6888240461265758
0.7097274751324378
0.7271670946199734
0.753148232344951
0.7774329329099645
0.8011462099177789
1.2223886747394344
1.246432496001363
1.2650471697483199
1.2794346971332167
1.2904061662770616
1.297770866803305
1.3009228856647381
1.3050338437980018
1.3103493390150296
1.3145847085294522
1.3199639264760392
1.3237633503292858
1.327908268105296
1.3307487186781368
1.3370422563513809
1.3394282438826766
1.3475980940443915
1.3546812999830935
1.3796642525166845
2.6667263545650775
2.6899500610156255
2.695676310696162
2.7006508220508376
2.701446909539969
2.7052313984585385
2.7078998629847093
2.710946879741462
2.7152891713019947
2.7196942740678733
2.7249955589939696
2.7306756698648385
2.7370413609847235
2.743961098191932
2.7515154469194947
2.7596921278655033
2.768512479905072
2.77799011334644
2.788189875615601
2.79943787368982
2.878947027692116
2.886047249896992
2.8879806111359385
2.8896922507647083
2.89278979509254
2.8952386897292803
2.8988190063871793
2.9014766966221432
2.9048867542892354
2.9084416716875325
2.9125984317761118
2.91712608165853
2.921967593429446
2.927016335755922
2.9321647606778214
2.9372899166018365
2.942267407727505
2.947032508108544
2.951663371411715
-2.401960326202203
-2.394234502199459
-2.388212918624438
-2.38313378896457
-2.378660741659592
-2.3744930940666156
-2.370387416319011
-2.366247001078221
-2.362064081095133
-2.357851770565746
-2.3536245496744255
-2.3493957313367755
-2.345177488235865
-2.3409809769243934
-2.336812574820461
-2.3326336680817223
-2.328206044160972
-2.3229643060977785
-2.315919968254916
-2.14577234223566
-2.1300331425037786
-2.1187986175851083
-2.1094986602147516
-2.101472134147592
-2.0944893992499507
-2.08886869131252
-2.0842392855776595
-2.0815859487389514
-2.0754765904489414
-2.0709604024034194
-2.06437012994978
-2.05837892169751
-2.0514511480478412
-2.0444044981137175
-2.03706858952935
-2.029781266554903
-2.023073124732257
-2.016600962882771
-2.0082048098109593
-1.9378063198651603
-1.9220872440941488
-1.9121332498144537
-1.9043553081899656
-1.8973873543494189
-1.89032875140533
-1.8827821627196988
-1.8747344070438314
-1.8662749351987293
-1.8575076010261315
-1.8485335047455411
-1.8394492048351374
-1.8303475154966673
-1.821302585397083
-1.8122899936448273
-1.8030474780715877
-1.793139965276618
-1.7822308302132563
-1.7700798143171614
-0.9900442609584825
-0.959383565680018
-0.9469719838831488
-0.9377719896510698
-0.9351453218767573
-0.9263618657467296
-0.9190636403394519
-0.9158432012313595
-0.9074577725110273
-0.906486193563532
-0.9005293737707876
-0.8968980728158237
-0.8912400319328793
-0.8846314480480622
-0.8779936101697129
-0.8728334998502786
-0.8629924930920789
-0.8476565780970353
-0.8241606399787479
-0.772528272776986
-0.6489590161919965
-0.6088443815374086
-0.5767948520005329
-0.5493125124036123
-0.525004900866755
-0.5031696308335901
-0.48348540700531023
-0.46551414186028583
-0.4505318104521372
-0.4341011239005827
-0.4277408409434741
-0.4063792770796238
-0.4039677326174819
-0.3808750312174596
-0.37742456810677644
-0.3542611015132703
-0.33028697829638304
-0.30013314212682385
-0.2533412788618613
-0.1538133514175291
-0.12496833675360945
-0.1011306827776693
-0.08646613887382135
-0.08018318139095551
-0.05828554368555921
-0.04557926501508361
-0.029789827152821094
-0.017097581267448567
-0.0017350887546519283
0.01515598981061361
0.033963470778590986
0.05437154436626823
0.07677273273985805
0.101556663620524
0.12930600167053294
0.1609068969842532
0.19796008940733814
0.24401699264335652
0.4699222531616064
0.5243939565212733
0.5558086467097388
0.5752529360573116
0.5818147814565359
0.5882628706890568
0.5980776812595552
0.6053073564305099
0.616382317791294
0.621501008941694
0.6344265369184096
0.6428488066655893
0.6583433902871227
0.6725411105854898
0.6888232951000594
0.7097275124185743
0.7271670944327343
0.7531482320582608
0.7774329329386083
0.8011462099165441
1.2223886747393045
1.2464324960352013
1.265047167008308
1.2794348297677383
1.2904013159990562
1.2978868414120466
1.3006162577648144
1.305544259223468
1.3096357617776877
1.3154904181012963
1.3190109004439987
1.32466372385203
1.327248020683449
1.3309777715099933
1.337006604792006
1.3394407099482484
1.347597948414809
1.3546813040868746
1.379664252516583
2.666726354565038
2.689950068243855
2.6956758149575757
2.700709503011978
2.701357885758925
2.7053620395559452
2.707692218550531
2.711135014854275
2.715149682820738
2.71978859361288
2.7249413491969916
2.730703713258062
2.737028640154291
2.7439662396057876
2.7515136117322583
2.7596927035379992
2.7685123240730674
2.777990148391434
2.788189869628591
2.799437874294562
2.8789467431391955
2.886123518998798
2.887663089234109
2.8903701083040962
2.8919539549764495
2.89612445530782
2.8980229595820592
2.9019728556198623
2.9046410618145013
2.9085160491097746
2.9125803619327737
2.9171296294832563
2.9219669951280762
2.9270164233222955
2.9321647495193104
2.9372899178221425
2.942267407618432
2.947032508115515
2.951663371411492
-2.401960326202205
-2.3942345021994584
-2.388212918624439
-2.3831337889645856
-2.378660741659468
-2.374493094067196
-2.3703874163172167
-2.3662470010821326
-2.3620640810891906
-2.35785177057102
-2.3536245496752946
-2.349395731324796
-2.3451774882584213
-2.340980976898686
-2.336812574840188
-2.332633668071811
-2.328206044163916
-2.3229643060973526
-2.3159199682549394
-2.1457723422371657
-2.130033142340625
-2.118798621195597
-2.109498646545213
-2.1014715473843775
-2.0945018042719954
-2.088755168364145
-2.0847062182866467
-2.080903064391632
-2.076145156789538
-2.0703571314597076
-2.064788757479897
-2.0581239008172165
-2.051578721810104
-2.044351470259984
-2.037086892182352
-2.0297763614000264
-2.0230739806382756
-2.016600937729733
-2.0082048001444917
-1.9378063198728477
-1.9220872445239086
-1.9121332470354375
-1.904355315638896
-1.8973873438750282
-1.890328759939658
-1.8827821584865407
-1.874734408245867
-1.866274935153653
-1.8575076008830305
-1.8485335048287976
-1.839449204806952
-1.8303475155032343
-1.821302585396046
-1.8122899936449222
-1.8030474780715884
-1.7931399652766182
-1.782230830213257
-1.7700798143171643
-0.9900442609584835
-0.9593835656778344
-0.9469719841605454
-0.9377719728511753
-0.9351453566881531
-0.9263617802124333
-0.9190633184997186
-0.915845225453655
-0.9073617986323005
-0.906605080497246
-0.9004619552180387
-0.89696068936084
-0.8912116400336989
-0.884643881739317
-0.8779882579916994
-0.8728351654402601
-0.8629923886024955
-0.8476565812521535
-0.8241606399267002
-0.7725282727772005
-0.6489590161926936
-0.6088443815253026
-0.576794852086672
-0.5493125124377048
-0.5250048942408451
-0.5031697037639505
-0.4834849261739091
-0.4655165120774023
-0.4505245230037861
-0.4341307902418409
-0.4277075357763508
-0.40644869862819616
-0.40390436923444684
-0.3808817439101195
-0.37742105765409867
-0.35426068045759973
-0.330287138874841
-0.30013310900572554
-0.25334128293353075
-0.15381336625229533
-0.12496820824582354
-0.10113012273295006
-0.0864785972061627
-0.08016438303232748
-0.05830846122301541
-0.04555302950957567
-0.029802138521783664
-0.017100087920156135
-0.0017267860223336747
0.015150686388861564
0.03396526904798823
0.054371221027099764
0.07677273483385612
0.10155667653850606
0.1293059989468675
0.1609068971572253
0.19796008941995244
0.24401699264192955
0.4699222531769275
0.5243939560222908
0.5558080744024516
0.5753397405289711
0.5813939125627411
0.5892193828214024
0.5965483318084315
0.6072326473234757
0.6143701271801201
0.6227185083420748
0.6341243767934042
0.6429298516790249
0.6583430021826691
0.6725389439652883
0.6888239144670861
0.7097274258957418
0.7271671067152281
0.7531482316026004
0.7774329329534149
0.8011462099165879
1.2223886747388208
1.246432496078072
1.265047165165598
1.2794348788360044
1.2904004630271726
1.297893360857948
1.3006138742111433
1.3055057955400862
1.3097346580274196
1.3152680471393452
1.319307534725889
1.3243020333332507
1.3275699034189232
1.330864954616552
1.3370298702584316
1.339431913428352
1.347598082808747
1.3546812993482742
1.3796642525168887
2.666726354564983
2.6899500756283365
2.6956753431129683
2.7007779898499336
2.7012638517449576
2.7054847581642285
2.7075172961537803
2.711279336134652
2.715042482145383
2.7198540958735746
2.7249050440185094
2.7307208300169776
2.7370214479695587
2.7439688659372545
2.751512772491802
2.7596929344141286
2.76851227054908
2.777990158350591
2.788189868293962
2.7994378743899726
2.8789468218576566
2.886097745385356
2.8877575039895587
2.8901146975235843
2.8922633208016277
2.8957777217867857
2.8983572526868735
2.9017790093082207
2.9047504049043926
2.908483254521357
2.9125889248241736
2.9171278556626845
2.921967312744879
2.9270163739944524
2.9321647561841075
2.937289917050963
2.9422674076911317
2.9470325081106306
2.9516633714116542
-2.401960326202205
-2.3942345021994575
-2.3882129186244385
-2.3831337889645625
-2.378660741659701
-2.3744930940658633
-2.3703874163224588
-2.366247001066623
-2.362064081125329
-2.3578517705033204
-2.353624549777867
-2.349395731199405
-2.3451774883806693
-2.3409809768057235
-2.336812574893035
-2.3326336680510504
-2.328206044168826
-2.322964306096792
-2.315919968254959
-2.1457723422365116
-2.130033142537242
-2.118798611304762
-2.109498869781999
-2.1014685254091727
-2.0945295716319112
-2.0885698909183006
-2.0851400707727548
-2.0803302190811137
-2.076588253535215
-2.070140484895879
-2.0648670404512144
-2.0581368135117217
-2.0515417601314003
-2.044382376632989
-2.0370685133105324
-2.0297848829961835
-2.0230709991807423
-2.016601532287781
-2.0082047651265236
-1.9378063197752797
-1.9220872451652085
-1.9121332453390978
-1.904355317191506
-1.897387344977851
-1.8903287561005473
-1.88278216256101
-1.8747344056509674
-1.866274936298652
-1.8575076005191025
-1.8485335049090397
-1.8394492047973954
-1.830347515502442
-1.8213025853967093
-1.8122899936447674
-1.803047478071606
-1.7931399652766167
-1.7822308302132572
-1.770079814317163
-0.9900442609584823
-0.9593835656745855
-0.9469719848124326
-0.937771910052062
-0.9351455115183857
-0.9263607935831993
-0.9190758577431232
-0.9158182921743507
-0.9077081666605997
-0.9061823109784138
-0.9006690325864538
-0.8968019323950186
-0.8912696602569408
-0.8846241430412936
-0.8779950539200496
-0.8728333769085455
-0.8629924701419583
-0.847656579862072
-0.8241606399285872
-0.7725282727774286
-0.6489590161925538
-0.6088443815188962
-0.5767948522427969
-0.5493125105921299
-0.5250049082126014
-0.503169633153317
-0.4834851390372053
-0.4655164060491791
-0.4505224234398278
-0.4341509416456038
-0.4276791197073054
-0.40655374927206744
-0.40380119945098447
-0.38091668562505276
-0.3773937419759992
-0.35426157015756393
-0.33028705274150705
-0.3001331149673425
-0.2533412819043569
-0.15381335725690065
-0.12496846603228356
-0.10112712461110163
-0.08649091702989824
-0.08015460212660366
-0.058297331969456294
-0.04558344015769549
-0.02975841509068142
-0.017136442289556245
-0.0017121563762006909
0.015147787400650054
0.03396495646835879
0.05437160311932466
0.07677262135932017
0.1015566917079404
0.12930599889736952
0.16090689690485419
0.19796008944341306
0.24401699264229093
0.4699222531753061
0.5243939616030017
0.5558073762268206
0.5753790086517527
0.581288235979198
0.5892944328342636
0.5967046728899338
0.6065363826154235
0.6156084546026744
0.6217281505618963
0.6345930502302614
0.6427182744795086
0.6583758224535796
0.6725323184150197
0.6888246653781107
0.7097273886088244
0.7271671069024648
0.7531482318892903
0.7774329329247714
0.8011462099178235
1.2223886747389503
1.2464324960442321
1.2650471679056063
1.2794347461978381
1.2904053104474817
1.2977767711079846
1.30092194457501
1.3050027326528488
1.3104654909574547
1.3143894730390149
1.3202825673339904
1.3234047771817454
1.3281827596878033
1.3306058913371293
1.337065402918288
1.3394192757691605
1.3475982284209196
1.3546812952444707
1.379664252516991
2.666726354565023
2.6899500684000253
2.6956758385001587
2.7007027208381293
2.7013684571894068
2.705341082306805
2.707729330493859
2.7110957820041612
2.7151849478754007
2.7197612117053778
2.724959751610928
2.7306929164702365
2.737034194665633
2.7439637284886373
2.751514608146455
2.7596923587834805
2.768512426383842
2.7779901233057185
2.7881898742809734
2.799437873785233
2.8789471064401537
2.8860258011174804
2.8881154795302195
2.8894760091502163
2.8931170958433885
2.8948864415807796
2.899116619591309
2.9012397067019875
2.904981416795872
2.9084071275185184
2.912606885103543
2.917124303253
2.9219679109050625
2.9270162864247533
2.932164767342561
2.9372899158306573
2.942267407800207
2.947032508103662
2.9516633714118785
-2.4029756633862704
-2.3952292962744175
-2.3892014803523747
-2.3841220254534523
-2.3796551653310942
-2.375501563155318
-2.371412583428825
-2.367286155235257
-2.363113128141514
-2.3589067931405574
-2.354682003298951
-2.3504524027637537
-2.3462304203429287
-2.3420273513358363
-2.337849550965946
-2.33365868854332
-2.3292198945532356
-2.32397485440859
-2.3169431176521145
-2.147237583747519
-2.1314129705709415
-2.1201515357006535
-2.110840035031482
-2.1027854617290105
-2.0957782507309424
-2.08969107771558
-2.085643046103955
-2.081104056569938
-2.0772653361000715
-2.071086525881131
-2.065613601486759
-2.058994636578153
-2.05226351161532
-2.0450641042989934
-2.037629003494628
-2.0302029913097317
-2.0232685845018694
-2.0166235103821477
-2.0082044144963134
-1.9356253747942935
-1.9203514639799737
-1.9105417514553549
-1.9027463462509788
-1.8956858571391302
-1.8884941089680123
-1.8808143920976976
-1.8726541034037891
-1.864107928701641
-1.8552796297513399
-1.8462691233932778
-1.8371725078110184
-1.8280839779678018
-1.819082737868413
-1.8101551708084385
-1.8010490418912952
-1.7913318934668763
-1.7806853821654822
-1.7689422098563692
-0.9935782045224641
-0.9632418928662401
-0.9469421269465098
-0.9401990860094649
-0.9358966603161197
-0.9259989031280723
-0.9216076540211352
-0.9152144167226091
-0.9092895086781854
-0.9060892906163394
-0.9010747072270104
-0.897399532745442
-0.891823919991323
-0.8851738758821588
-0.8784760328720225
-0.8728822518622639
-0.862989790383164
-0.8476564566978083
-0.8241606380741039
-0.7725282727718235
-0.6489590161855061
-0.6088443816403117
-0.57679484916242
-0.5493125517178262
-0.5250044229524892
-0.5031738096905448
-0.48345544846798805
-0.4656846893646708
-0.4498305706551061
-0.4366900218069919
-0.4236471632069056
-0.41285440563354314
-0.397275990270828
-0.38602666049364115
-0.3737865626552129
-0.35731111339073274
-0.3306002879940972
-0.3000311852201324
-0.25335706914026634
-0.15216611576495198
-0.12428528415614548
-0.09973392774589958
-0.08602931827580092
-0.07942423639738262
-0.05148480806443545
-0.050293026045074636
-0.02594649628781042
-0.018347792544529853
-0.0006859894241710734
0.015445144721626355
0.03417518408923451
0.05445284220038788
0.07679601528814456
0.10156200371965253
0.12930676852149786
0.1609069659740891
0.19796008979561902
0.24401699211841013
0.4699222527061395
0.5243939709346878
0.5558079030169853
0.5753779222731438
0.5816280479459082
0.5896733472722859
0.5973001589152507
0.6073392329481121
0.615414635253569
0.6230957928138225
0.6346734223642568
0.6432036212450024
0.6597471338241211
0.6717367489030643
0.6905860411239902
0.7091349866265726
0.727920862135694
0.7540946540050547
0.7763234287621684
0.8015351596810617
1.2238352228231497
1.248131444643127
1.2666659773810618
1.2808602096896955
1.2915678072080614
1.2983562703528841
1.3013911923666226
1.3057055583398995
1.3111070399430533
1.3151384550203873
1.320929936617339
1.3238181914977105
1.3295175924981584
1.3302622340791908
1.3375789086256464
1.340897190730138
1.3472897434394095
1.3579391766128002
1.38400532293839
2.663903333157073
2.6872541281588362
2.6958445875535926
2.698941345323414
2.7013788168630617
2.7051374512927695
2.7070146019756622
2.7104649310596343
2.7144729578373132
2.7189784546741627
2.7241472538059623
2.729849438084429
2.7361789465088675
2.7431096575704452
2.750679390341641
2.758896181378657
2.7677793139240543
2.7773490827646787
2.7876761061138247
2.799105155671185
2.8795153995995117
2.886151751574896
2.8882348741824275
2.889406018668187
2.893051656687112
2.8946529738383546
2.8988415944663055
2.9008183237465808
2.9044682910603914
2.907842860672861
2.9120108345613667
2.91653410229748
2.9214089488970987
2.9265180625158966
2.931756053275459
2.936997375362378
2.9421045905164718
2.946976537403806
2.9516556068976065
-2.4029756633862718
-2.395229296274419
-2.3892014803523747
-2.384122025453444
-2.379655165331143
-2.375501563155184
-2.371412583428826
-2.3672861552367053
-2.363113128134869
-2.3589067931589685
-2.354682003262133
-2.3504524028196547
-2.3462304202776334
-2.342027351393943
-2.3378495509278627
-2.3336586885604294
-2.3292198945485834
-2.3239748544092143
-2.3169431176520847
-2.147237583746379
-2.1314129706632796
-2.1201515349131665
-2.1108399997921192
-2.102786476957625
-2.095764910794725
-2.0898032410601983
-2.085256749951663
-2.0817692578575864
-2.076580728095279
-2.0716173196634395
-2.065254556492027
-2.0591926173252517
-2.052174125072852
-2.0450974846360443
-2.0376195004282076
-2.0302047630287894
-2.0232685764736322
-2.0166234128957985
-2.008204428201692
-1.93562537481627
-1.9203514634646228
-1.9105417540500853
-1.9027463402234506
-1.895685864642052
-1.888494103660536
-1.8808143941579267
-1.8726541032126565
-1.8641079284061757
-1.8552796299755852
-1.8462691232989643
-1.837172507838476
-1.8280839779621527
-1.8190827378691576
-1.8101551708083994
-1.801049041891289
-1.7913318934668774
-1.7806853821654816
-1.76894220985637
-0.9935782045224655
-0.9632418928670856
-0.9469421260520137
-0.9401991078601325
-0.9358965781389414
-0.9260003744907792
-0.9216020292244961
-0.9152362746184046
-0.9091771457738016
-0.9062694840888741
-0.9008722103472308
-0.8975582524804782
-0.8917682324456193
-0.8851925625155805
-0.8784699182421504
-0.872883746045785
-0.8629897136133668
-0.8476564581655864
-0.8241606380698621
-0.7725282727715993
-0.648959016185677
-0.6088443816469487
-0.5767948490009169
-0.5493125535678008
-0.5250044093190604
-0.503173878523447
-0.48345522576998723
-0.4656849421980146
-0.4498322825465101
-0.43668082911325884
-0.423671552598828
-0.4128231219840695
-0.39730709331866026
-0.3860016451128046
-0.3737962359427646
-0.35730956224038884
-0.3306003637813586
-0.30003118921105076
-0.25335706739781233
-0.15216610581493453
-0.1242853027113952
-0.09973598874577026
-0.08601137874785784
-0.07944754559914594
-0.05117936580630128
-0.050597930559727
-0.025943029746912434
-0.018337376850615733
-0.0006984187181474829
0.015452496601502734
0.03417290786869153
0.054453227098300236
0.07679601536725959
0.10156198863955039
0.12930677157020046
0.16090696578563532
0.19796008978231186
0.2440169921198866
0.4699222526917041
0.5243939713842218
0.5558084015665617
0.5753072011105761
0.5819684805219297
0.5888651873646477
0.5986935709326593
0.6056384488523552
0.6172509036038829
0.621900567573152
0.6349517004930836
0.6431284103570686
0.6597464730955217
0.6717390586365183
0.690585520840364
0.7091350793652152
0.7279208515129989
0.754094654422866
0.776323428744595
0.8015351596810117
1.2238352228235825
1.2481314446020997
1.2666659792090489
1.2808601606864451
1.2915686129323254
1.2983533152450681
1.3013851532666643
1.3057441428008292
1.3109898602573715
1.3153294252888341
1.3206160989793214
1.3241425662422757
1.3291014809873474
1.3305734545952221
1.337565327440982
1.3409011279506378
1.3472896009974664
1.3579391775629115
1.3840053229382985
2.663903333157088
2.6872541273022126
2.695845015598623
2.6989363133238897
2.7013955030670544
2.7050675278247187
2.7071182194737906
2.710386007167535
2.7145284333906305
2.7189442740960907
2.724164802819324
2.729841432150341
2.7361820722162706
2.743108598241405
2.7506796952201107
2.7588961085751564
2.7677793274976388
2.777349081080208
2.78767610616757
2.7991051556904014
2.8795152474438277
2.8861878635120655
2.8880074231550266
2.889766033147477
2.8925448316550417
2.895190854633372
2.8983962330232416
2.901160581066331
2.9043358913661406
2.9078871920400498
2.912000757569441
2.9165360533529143
2.9214086273480167
2.9265181086507965
2.931756047511535
2.936997375981639
2.9421045904616365
2.946976537407356
2.9516556068974866
-2.4029756633862713
-2.39522929627442
-2.3892014803523742
-2.3841220254534754
-2.3796551653308473
-2.375501563156823
-2.3714125834225923
-2.3672861552545297
-2.363113128094742
-2.3589067932315673
-2.354682003155896
-2.350452402945001
-2.346230420159771
-2.3420273514802528
-2.337849550880699
-2.3336586885781854
-2.3292198945445803
-2.3239748544096406
-2.3169431176520745
-2.1472375837472892
-2.1314129704616955
-2.1201515437204854
-2.1108398236436576
-2.1027885805165956
-2.0957479625505746
-2.0898929535682345
-2.084972194562993
-2.0820988583294593
-2.0763945555870005
-2.0716811485981896
-2.0652894396863553
-2.059128700244249
-2.052227952249935
-2.045063641822703
-2.0376362069540193
-2.03019792695321
-2.023270732436401
-2.016623011814576
-2.0082044505968564
-1.9356253748929746
-1.920351463078953
-1.9105417546222563
-1.9027463409852843
-1.8956858611118708
-1.8884941087373508
-1.8808143899820402
-1.8726541055174193
-1.8641079275009822
-1.8552796302250685
-1.8462691232582158
-1.8371725078375791
-1.828083977965083
-1.819082737868166
-1.8101551708085883
-1.8010490418912686
-1.7913318934668772
-1.7806853821654813
-1.7689422098563683
-0.9935782045224654
-0.9632418928663434
-0.94694212650734
-0.9401990994786229
-0.9358966034921451
-0.9260001605081207
-0.9216024555572304
-0.9152368015210903
-0.9091629823952403
-0.9062998299607928
-0.9008190583541416
-0.8976101035573486
-0.891745480778707
-0.8852027227876418
-0.8784657173460569
-0.8728849847727425
-0.8629896260826957
-0.8476564610549118
-0.8241606380187785
-0.7725282727718308
-0.6489590161863851
-0.6088443816343565
-0.5767948490966678
-0.549312553527793
-0.5250044026402286
-0.5031739563382517
-0.483454704390802
-0.46568736080470724
-0.4498241128316982
-0.4366975935741583
-0.42364797087319755
-0.4128419038324797
-0.3972984199651437
-0.38600454501844356
-0.37379656949629847
-0.3573091676352456
-0.33060045141829786
-0.3000311698890226
-0.2533570711137726
-0.1521661111823321
-0.12428502435148357
-0.09974004491144045
-0.08599442388579055
-0.07946221664509935
-0.05138513844151272
-0.05037619570524401
-0.02600277960133038
-0.018280146194467536
-0.0007137934817318012
0.015455925744477341
0.034173215654313596
0.054452816883018895
0.07679613607461402
0.10156197289328761
0.12930677156134995
0.16090696605159385
0.19796008975841967
0.2440169921194935
0.4699222526932881
0.5243939663064928
0.5558090085191836
0.5752776212324957
0.582059618894163
0.5888020542276834
0.598468048448663
0.6062375243608094
0.6160562207736258
0.6229953317150065
0.6345082093549496
0.6433224268156789
0.659716346264217
0.6717465374830958
0.6905849409001863
0.7091351206063413
0.7279208515519526
0.7540946541463219
0.7763234287768419
0.8015351596799392
1.2238352228234481
1.2481314446374638
1.2666659762254957
1.2808603112077532
1.2915628557050194
1.2984664796329026
1.3011130050341984
1.3061784099165263
1.310377916290104
1.31610570563806
1.3197753476206089
1.324845357709256
1.328496100206517
1.3308976345642738
1.3375455624623065
1.3409061929008517
1.347289451019453
1.357939178274211
1.384005322938276
2.663903333157073
2.6872541284859506
2.6958443509038577
2.698944493406172
2.7013675753139896
2.7051957277551955
2.706926682342088
2.710536615384504
2.714414529089188
2.7190189472334394
2.7241226425248697
2.7298626345831796
2.736172686780377
2.7431122864607724
2.7506784150521755
2.7588964986798614
2.7677792249044404
2.777349103513802
2.787676102432726
2.7991051560595652
2.8795149696725
2.8862571291578845
2.8877301649219578
2.890388218025067
2.8918056619710115
2.895963095035002
2.897697614441109
2.9015680098475496
2.9041348793485504
2.907943137919494
2.911988023562393
2.916538378497836
2.9214082626285975
2.926518158252002
2.931756041640702
2.93699737657932
2.9421045904114083
2.946976537410448
2.9516556068973876
-2.4029756633862727
-2.3952292962744197
-2.3892014803523756
-2.3841220254534843
-2.3796551653307993
-2.3755015631569565
-2.3714125834225896
-2.367286155253083
-2.363113128101388
-2.3589067932131567
-2.3546820031927083
-2.3504524028890965
-2.346230420225071
-2.3420273514221455
-2.337849550918784
-2.3336586885610773
-2.3292198945492344
-2.323974854409016
-2.316943117652101
-2.147237583748431
-2.1314129703693534
-2.120151544507971
-2.1108398588880255
-2.10278756678577
-2.0957614546284424
-2.0897875669702968
-2.08540572530705
-2.081419187651199
-2.077052876023256
-2.0711367099832936
-2.0656462427167632
-2.058931990017688
-2.0523182285825765
-2.0450305276564023
-2.0376457571687636
-2.030196160220965
-2.0232707406400046
-2.016623109282316
-2.008204436891258
-1.9356253748709988
-1.9203514635943035
-1.9105417520275267
-1.9027463470128088
-1.8956858536089445
-1.8884941140448261
-1.8808143879218078
-1.8726541057085502
-1.8641079277964463
-1.8552796300008214
-1.8462691233525272
-1.83717250781012
-1.828083977970731
-1.8190827378674204
-1.8101551708086263
-1.8010490418912755
-1.7913318934668783
-1.7806853821654829
-1.768942209856371
-0.9935782045224653
-0.9632418928654983
-0.94694212740184
-0.9401990776277941
-0.9358966856688324
-0.9259986889003751
-0.9216080800076628
-0.9152149567000644
-0.9092767001659994
-0.9061194562642606
-0.9010242713625294
-0.8974479540360543
-0.8918007584021117
-0.8851839816829473
-0.8784718241310224
-0.872883489363911
-0.8629897028486812
-0.8476564595871321
-0.8241606380230224
-0.7725282727720543
-0.6489590161862165
-0.6088443816277224
-0.5767948492581723
-0.5493125516778219
-0.5250044162736791
-0.5031738875062912
-0.48345492710540533
-0.46568710796867757
-0.4498223973119371
-0.4367067661520304
-0.4236235327805637
-0.412873237623418
-0.39726732291176936
-0.3860295763940372
-0.37378689662771203
-0.3573107186671584
-0.33060037562987715
-0.3000311658981061
-0.2533570728562269
-0.1521661211323317
-0.12428500579685792
-0.09973798654396372
-0.08601244944539112
-0.07943882067938404
-0.051605754866840825
-0.050156093084199285
-0.026006319936247003
-0.01829052963589299
-0.0007013494135696066
0.015448578552280705
0.034175491939810176
0.05445243196175408
0.07679613599502713
0.10156198797342388
0.12930676851264788
0.1609069662400485
0.1979600897717278
0.24401699211801886
0.46992225270772453
0.5243939658569597
0.5558085098447044
0.5753470143162098
0.5817127413083331
0.5896196779030157
0.597142891466173
0.608056683566115
0.6143090256894559
0.6239363763721766
0.6342122163777215
0.6433921530569522
0.6597169890925612
0.6717442316978596
0.6905854612486553
0.7091350278687166
0.7279208621746508
0.7540946537285095
0.7763234287944154
0.8015351596799885
1.2238352228230163
1.2481314446784917
1.2666659743975102
1.2808603602152344
1.2915620532519543
1.298469618576657
1.3011176501209774
1.3061334376248022
1.3104809931790165
1.3158934663065562
1.3200610159717843
1.3245581406224127
1.3287903229424929
1.3307421569466442
1.3375592439484074
1.3409022794533714
1.3472895934849192
1.357939177324101
1.3840053229383686
2.6639033331570574
2.6872541293425756
2.69584392340538
2.6989495852230543
2.701351136287374
2.705278219914167
2.7068142229375867
2.710613795653731
2.714357645330998
2.7190525041720663
2.724104892973979
2.7298705923052506
2.736169552308218
2.7431133445810314
2.750678110048224
2.758896571473801
2.767779211330353
2.777349105198258
2.7876761023789793
2.7991051560403495
2.8795151217694146
2.886214413392004
2.8878903253121626
2.8899790100587874
2.892293299471614
2.8954368137557585
2.898195462153845
2.901284125333018
2.904285172014876
2.9079006302409707
2.91199819731588
2.9165364308806665
2.921408584267749
2.926518112118908
2.9317560474046553
2.9369973759600585
2.9421045904662453
2.946976537406899
2.9516556068975066
-2.4039933122065755
-2.3962230540422382
-2.390186861033279
-2.3851056495428047
-2.3806441759499912
-2.3765047934457666
-2.37243347201826
-2.36832216345665
-2.364160081477959
-2.3599606684513237
-2.3557391620558614
-2.3515095555676706
-2.347284553897472
-2.3430756221460043
-2.3388891018905533
-2.334686736183571
-2.3302362800964174
-2.324986155469671
-2.31796456455614
-2.148765068552892
-2.1328250863445626
-2.1215267520929273
-2.1122017302674654
-2.1041286644996173
-2.097055659171465
-2.09092460166996
-2.0862219900436916
-2.0820072015988407
-2.077933204459656
-2.071979638355447
-2.0665058090955335
-2.0597772477045497
-2.0530802754313435
-2.0457344690087544
-2.0382270915402754
-2.0306319915332915
-2.0234813840223618
-2.016650310745551
-2.008204122873649
-1.9334950962648667
-1.9186470604448298
-1.9089477473460643
-1.9011141361010966
-1.8939510765221315
-1.8866247563256913
-1.8788161863631327
-1.8705496628647773
-1.8619233128638975
-1.8530402926374487
-1.8439993785400361
-1.8348965060650695
-1.8258275881648698
-1.8168771087675604
-1.808042385119287
-1.7990814612368766
-1.7895645990502251
-1.7791920106204833
-1.7678690833719934
-0.9969194083588417
-0.966984782299641
-0.9470098194424569
-0.943347190355162
-0.9357271407070981
-0.9263754312347368
-0.9234543665735063
-0.9144565447791679
-0.9116117613701656
-0.9052553951174346
-0.9022617310667843
-0.8976889746642621
-0.8923877911758707
-0.8857232319168841
-0.8788959354681253
-0.8729156450875315
-0.862985412810789
-0.8476562404138845
-0.8241606342992156
-0.77252827275714
-0.6489590161656109
-0.6088443819541358
-0.5767948421182777
-0.5493126280739369
-0.5250036544733186
-0.5031792205761723
-0.4834223528601489
-0.4658366093547379
-0.4491984816725384
-0.43805450515987937
-0.41989514170999176
-0.4167839598461079
-0.39269180061921605
-0.39050006419391886
-0.3711034218717702
-0.3601938006126103
-0.3316616212448354
-0.2998286869064281
-0.25335197923578
-0.15097018702343337
-0.12283367182110164
-0.0972719581677865
-0.08977718918383829
-0.07293957968895613
-0.05623368190455131
-0.0434549892738281
-0.02783427855989788
-0.015793077488245284
-0.0007929084804534504
0.0159182857705064
0.03427214247772047
0.05450954528144251
0.0768085601641657
0.10156478863938408
0.12930714265429225
0.16090699681511014
0.19796008988344083
0.2440169918861731
0.4699222525103558
0.5243939721005518
0.5558087893458807
0.5753537049799947
0.5820023788389255
0.5900447158211757
0.597660302263229
0.6093117558506697
0.6136315808036183
0.6264050471626411
0.6324430541831325
0.6455244054485957
0.6594801806198751
0.672244487649749
0.6919398243805098
0.7082995792704069
0.729234003903139
0.7544523114935868
0.7754610780699973
0.8020201325335529
1.2253865545468645
1.2498836696335653
1.2683063517539737
1.282285976563638
1.2926980035318822
1.2989282793249617
1.301713096408472
1.3067757295384328
1.3112438946243192
1.3165406558824542
1.3208289392170611
1.3249711102025155
1.3292711723007273
1.3317112863037681
1.3372679011684487
1.3433232579941112
1.3470165571397616
1.3615138994502949
1.3885296837546726
2.660931376531128
2.6843840137530037
2.69596134794534
2.6968039401177717
2.701594059654264
2.7044935199269156
2.7063717328572534
2.7099698064761197
2.7136643455356793
2.7182597144946055
2.7232983941660946
2.729017679618793
2.7353079846038852
2.7422467250468094
2.74982847668017
2.7580824803605655
2.7670254469942113
2.776684680432135
2.7871364689438614
2.7987444193274422
2.8800695807043475
2.88631403940773
2.888005683899166
2.889841136690654
2.8923069745480787
2.895111993166681
2.8980238832134897
2.9008093247625677
2.9038160088243106
2.9073185335457667
2.911395655333436
2.915927917614139
2.9208261023369335
2.925990357704308
2.931312838973436
2.9366675301900025
2.941908029041666
2.9469011609587725
2.9516436267872876
-2.4039933122065746
-2.396223054042238
-2.390186861033281
-2.3851056495427683
-2.3806441759503274
-2.376504793443957
-2.372433472024936
-2.3683221634382106
-2.3641600815179777
-2.359960668381649
-2.3557391621537267
-2.3515095554571794
-2.3472845539964404
-2.3430756220773725
-2.3388891019257647
-2.334686736171288
-2.3302362800989176
-2.3249861554694466
-2.317964564556142
-2.1487650685518496
-2.132825086535022
-2.1215267447081625
-2.1122018616925793
-2.104127287014891
-2.097065020329694
-2.0908810393959367
-2.0863186482598874
-2.081909228443809
-2.0779502762681994
-2.0720541470068476
-2.066399655222258
-2.0598672777476987
-2.0530200619517793
-2.045766002726703
-2.038213235268588
-2.0306370477019255
-2.02347994121471
-2.0166505588876005
-2.008204110088215
-1.933495096212347
-1.9186470606052517
-1.908947747589976
-1.9011141339702644
-1.8939510810847366
-1.8866247511650693
-1.8788161900511349
-1.8705496610472783
-1.8619233134897801
-1.8530402925028495
-1.8439993785445565
-1.8348965060748779
-1.8258275881602626
-1.8168771087687778
-1.808042385119084
-1.7990814612368968
-1.7895645990502238
-1.7791920106204826
-1.7678690833719928
-0.9969194083588432
-0.9669847822998983
-0.9470098178221279
-0.943347198407446
-0.9357270782256196
-0.9263773749688454
-0.9234499919069827
-0.9144938348304564
-0.9115381070716388
-0.9054204807628248
-0.902044975895111
-0.8978202999039366
-0.8923337325015689
-0.8857407302543155
-0.8788905026020454
-0.8729169046036759
-0.8629853404784023
-0.8476562419556143
-0.8241606342923793
-0.7725282727569144
-0.64895901616582
-0.6088443819606411
-0.5767948419492073
-0.5493126300202746
-0.5250036405635373
-0.5031792865051501
-0.4834221590987261
-0.46583675466763563
-0.44920055781464296
-0.4380473653907736
-0.41995548886275286
-0.41671963388123257
-0.39278357116958323
-0.39041201812427656
-0.37111134263523665
-0.36019108708762443
-0.33166172913246833
-0.299828686163053
-0.25335197668368103
-0.15097018736732284
-0.12283388489491866
-0.09726673094884432
-0.08978576923926675
-0.07293588534389817
-0.05622063092568404
-0.04349068510505142
-0.02778112492115051
-0.015837441439315803
-0.0007761726915762336
0.015915522828333098
0.0342715100510659
0.054510050330867164
0.07680842465594098
0.1015648050843069
0.12930714281600483
0.16090699652256876
0.19796008990833694
0.2440169918866023
0.46992225250883535
0.5243939767203515
0.5558082610848597
0.5753782771913539
0.581934422303302
0.5900821335632244
0.5978108479196483
0.608459012145392
0.6147219145155395
0.6255583095443402
0.6330117685865121
0.6453953408842351
0.6595117718563956
0.6722378807232704
0.6919403299546159
0.7082995317793126
0.7292340036045057
0.7544523117743118
0.7754610780351004
0.8020201325344771
1.2253865545470028
1.249883669596351
1.2683063550207234
1.2822858051317731
1.292704831745611
1.2988285572966558
1.3019451422475152
1.3064170587173436
1.3117700896843
1.3159045672577387
1.3215825481927108
1.3243448692525697
1.3296736358661159
1.3314976439386783
1.3372825915437512
1.3433217354344993
1.347016780795373
1.3615138993165468
1.3885296837546774
2.6609313765311335
2.68438401353711
2.6959634627866387
2.6968000153428573
2.7016148234725907
2.7043997586164337
2.706506997273409
2.7098563541849927
2.713752436418896
2.718203964732112
2.723329586026534
2.729002397635603
2.7353146097761685
2.742244187295617
2.7498293350092204
2.758082225842414
2.7670255121011693
2.7766846665793135
2.7871364711918867
2.798744419110085
2.880069844687849
2.8862618579666854
2.8883211615284603
2.8893476186390172
2.892943341772612
2.8944594366226926
2.8985475402009193
2.9004271650730713
2.903955348575285
2.907276612183173
2.9114041524434353
2.9159264653336328
2.9208263128419896
2.9259903312483493
2.9313128418608123
2.936667529919009
2.9419080290627853
2.9469011609575437
2.9516436267873267
-2.403993312206572
-2.3962230540422365
-2.390186861033278
-2.385105649542771
-2.3806441759502674
-2.3765047934444192
-2.372433472022645
-2.3683221634462397
-2.3641600814964905
-2.3599606684268912
-2.3557391620777337
-2.351509555559139
-2.347284553888033
-2.343075622166897
-2.338889101870592
-2.3346867361948203
-2.3302362800928056
-2.324986155470229
-2.317964564556107
-2.148765068551085
-2.1328250865669296
-2.121526745993478
-2.1122017971086375
-2.104128463647459
-2.0970524805426676
-2.090970533855248
-2.0859831242093723
-2.082500318819878
-2.0773426791336567
-2.0725068126831854
-2.066120888074831
-2.0600097460080162
-2.0529630521080535
-2.045783970282693
-2.0382096791388054
-2.0306369678441807
-2.0234803433633304
-2.016650417036048
-2.008204124050761
-1.9334950962509774
-1.9186470600978691
-1.9089477497257636
-1.9011141296433522
-1.893951085736241
-1.886624748569681
-1.8788161904628813
-1.8705496615483364
-1.8619233129931543
-1.8530402927607696
-1.843999378452277
-1.8348965060986222
-1.8258275881561
-1.8168771087691393
-1.8080423851191143
-1.7990814612368826
-1.789564599050226
-1.7791920106204835
-1.7678690833719943
-0.9969194083588422
-0.9669847822996082
-0.9470098187902953
-0.9433471941953516
-0.935727101986041
-0.9263769478064866
-0.9234507438869471
-0.9144928145237783
-0.9115366856254395
-0.9054389268323593
-0.9020081765439747
-0.897853139242591
-0.8923156384027742
-0.8857488401502573
-0.8788872342770047
-0.8729178389837108
-0.8629852663744054
-0.8476562446194054
-0.8241606342422213
-0.772528272757164
-0.6489590161665557
-0.6088443819477298
-0.5767948420487189
-0.5493126299081971
-0.5250036345936361
-0.5031793616200633
-0.48342162501037844
-0.4658392564807577
-0.44919053194428493
-0.43806452753581265
-0.41989274689731165
-0.41677724910741304
-0.3927708540799028
-0.39041962940042213
-0.3711134940659883
-0.36018990936430506
-0.3316618245493046
-0.2998286754971947
-0.2533519780952573
-0.15097016758438378
-0.1228338930230224
-0.09727254309293874
-0.08977181323073714
-0.07295989485219513
-0.056178061838969895
-0.04353169844758751
-0.02776756083235766
-0.015827432999809016
-0.0007919501979153163
0.01592439477761622
0.034268683570670734
0.054510527297872646
0.07680841881076647
0.10156478910359629
0.1293071460791163
0.16090699632133343
0.1979600898947342
0.24401699188809978
0.46992225249526676
0.5243939771194654
0.5558086958090879
0.5753217288856399
0.5822150463091359
0.5893900762299124
0.5989892318420162
0.6068159807688737
0.6162057823298387
0.6247113688004865
0.6333481724641198
0.6453530274654711
0.6595112059495609
0.6722400131666926
0.6919398461960873
0.7082996336954595
0.7292339949632166
0.754452312189547
0.7754610780153224
0.8020201325344224
1.2253865545473934
1.2498836695567583
1.26830635683981
1.2822857565227936
1.2927055519971304
1.2988281394141523
1.3019342199609134
1.30645931597382
1.3116572013030028
1.316084658355902
1.3212861462623942
1.3246388779658798
1.3294548635319312
1.3316293319323251
1.3372721736015192
1.3433230557593745
1.3470165625339623
1.3615138995262148
1.3885296837546495
2.6609313765311384
2.684384013426295
2.6959643583586264
2.696798383981307
2.7016228285708297
2.704368109244858
2.7065523562781135
2.709819806594183
2.713777788388197
2.718189294383971
2.7233366037993467
2.7289995083500047
2.7353155861736393
2.7422439250717283
2.7498293826978197
2.7580822247589736
2.7670255087844344
2.77668466810961
2.787136470797952
2.7987444191640387
2.880069615797969
2.886310152209697
2.8880190596417785
2.8898256062636642
2.892310334380644
2.89512716359917
2.8979934683809816
2.900840595575631
2.9037970777294433
2.907325673469284
2.9113937099852327
2.9159283411102184
2.9208260254485285
2.925990369562361
2.9313128374123134
2.9366675303639265
2.9419080290258295
2.9469011609598335
2.9516436267872503
-2.4039933122065746
-2.3962230540422382
-2.390186861033276
-2.385105649542808
-2.3806441759499335
-2.3765047934462307
-2.37243347201597
-2.368322163464682
-2.364160081456471
-2.3599606684965635
-2.355739161979868
-2.35150955566963
-2.3472845537890623
-2.343075622235527
-2.33888910183538
-2.334686736207106
-2.330236280090309
-2.3249861554704543
-2.3179645645561036
-2.148765068552129
-2.132825086376472
-2.1215267533782356
-2.1122016656776346
-2.104129840090499
-2.09704304748537
-2.091011925109098
-2.085871992110805
-2.082606581510622
-2.0773382042777913
-2.0724342507042977
-2.0662241216771178
-2.0599174831992295
-2.0530224835393174
-2.045752276040895
-2.0382235163227906
-2.0306319108833573
-2.023481786328269
-2.0166501689135705
-2.00820413683633
-1.9334950963034978
-1.918647059937449
-1.9089477494818525
-1.9011141317741875
-1.8939510811736389
-1.886624753730301
-1.8788161867748818
-1.8705496633658418
-1.8619233123672738
-1.8530402928953689
-1.8439993784477595
-1.8348965060888145
-1.8258275881607098
-1.8168771087679239
-1.8080423851193195
-1.799081461236864
-1.7895645990502265
-1.7791920106204826
-1.7678690833719939
-0.9969194083588427
-0.9669847822993513
-0.9470098204106184
-0.9433471861430559
-0.935727164466765
-0.9263750031969368
-0.9234551189159457
-0.9144555082012997
-0.9116104214401489
-0.9052760571543814
-0.9022241753183955
-0.8977206619660484
-0.8923693728700348
-0.8857313001196805
-0.8788926615089887
-0.8729165787402107
-0.8629853387038396
-0.8476562430776718
-0.8241606342490568
-0.7725282727573843
-0.6489590161663501
-0.6088443819412276
-0.5767948422177912
-0.5493126279618632
-0.525003648503437
-0.5031792956919532
-0.48342181878620727
-0.46583911112997267
-0.44918845012361525
-0.4380716605289819
-0.41982999421446016
-0.41684398430635394
-0.39267828222999107
-0.39050848682898043
-0.37110557294382446
-0.3601926219635603
-0.33166171665987026
-0.29982867624056236
-0.2533519806473583
-0.1509701672405074
-0.122833679947316
-0.09727775761910913
-0.08976323897707089
-0.07296359713051277
-0.056191212176749314
-0.04349598365704983
-0.02782063085914438
-0.015783039271231727
-0.0008087129319550955
0.015927152642586
0.03426931603255314
0.054510022285397516
0.07680855431971578
0.1015647726586346
0.12930714591740405
0.16090699661387523
0.19796008986983726
0.24401699188767037
0.4699222524967883
0.5243939724996654
0.5558092241638841
0.57529797673054
0.5822871697653854
0.5893452135077575
0.5987911089705995
0.6074251996932287
0.6153242676129013
0.6255745612376116
0.6328461289455363
0.6454836908375687
0.6594796343735813
0.672246616880062
0.6919393405750116
0.7082996811851183
0.7292339952618482
0.7544523119088212
0.7754610780502188
0.8020201325334985
1.225386554547256
1.249883669593973
1.2683063535730585
1.2822859279497678
1.2926987202719709
1.298927986943337
1.3017033093449757
1.3068231473003489
1.3111420718414921
1.3167364908025418
1.3205621590754058
1.3252232531313688
1.3290604448718089
1.331814068650318
1.3372573621518564
1.343324577066617
1.3470163388092276
1.3615138996599638
1.3885296837546452
2.6609313765311318
2.6843840136421884
2.695962236391941
2.6968023142374906
2.7016018563892406
2.7044589659818703
2.7064187860916364
2.709933834945002
2.7136902440932023
2.718245261897955
2.7233054758289432
2.7290148040076576
2.735308963135006
2.742246463059188
2.749828524385688
2.7580824792776117
2.7670254436774346
2.7766846819624273
2.7871364685499254
2.7987444193813977
2.8800693519035367
2.88636995807094
2.887788241209998
2.8903632114985935
2.891689861470014
2.8957650979702803
2.89741356958859
2.901160687177696
2.9036400425046005
2.9073660301963433
2.9113851420416488
2.915929791243823
2.920825814895487
2.9259903960175033
2.9313128345249253
2.9366675306349213
2.9419080290047095
2.9469011609610636
2.9516436267872113
