-2.393715733573301
-2.389720190891499
-2.385715897920028
-2.381688583567448
-2.373191483076589
-2.369035923699613
-2.364824922369388
-2.3605692351779424
-2.355415249340903
-2.351071937516641
-2.3467610688889975
-2.3424565392342758
-2.3380784684869798
-2.3332023802982973
-2.329038220010598
-2.324906102810383
-2.320808676297907
-2.310893659982495
-2.3069105197701467
-2.3028298136683256
-2.2986869982022906
-2.1113529717303763
-2.1044291086815448
-2.097987225616576
-2.0920573458817913
-2.0791402960623064
-2.0730097350938625
-2.068087453751208
-2.064049350255934
-2.058287003320416
-2.049519724425293
-2.046421126853266
-2.0434864395964425
-2.03946834149489
-2.024244018687461
-2.022751679879743
-2.021269514197942
-2.0193440262792444
-1.9211998490728879
-1.9136926938372778
-1.90729419304604
-1.901850073723411
-1.8908759467907537
-1.885781615526809
-1.8799067040039092
-1.8730118301125618
-1.8642243766768651
-1.8556839674460972
-1.8469543315514054
-1.8377928265913783
-1.8283045166886918
-1.8168773047010758
-1.8074613478398847
-1.7981531450011745
-1.7891046601232385
-1.7702407017327346
-1.7626941060770795
-1.7560029842546783
-1.750316822688445
-0.9584281883752171
-0.9501594653606698
-0.9399873375633583
-0.9285652877668515
-0.9102048711927738
-0.9087657025905771
-0.9073583522809932
-0.9065175921099188
-0.8977719340980598
-0.8917149839557303
-0.8861649057397375
-0.8835410701821796
-0.8816797366133275
-0.8629670351258312
-0.8622373521124398
-0.8610634993454437
-0.8593325086749579
-0.6775300154409164
-0.6773632498476942
-0.6773026048022682
-0.6770873189357577
-0.5291817677873358
-0.528175525272771
-0.5266913774032844
-0.5250500725261751
-0.4520128186253302
-0.44745171682889207
-0.4451714168688814
-0.4367101166472506
-0.4054833858068714
-0.3833966581848234
-0.37582559619920425
-0.36290212078102624
-0.34893192498998643
-0.32034992948255914
-0.315700777158093
-0.3081677337429033
-0.3026866932732021
-0.13565486853792938
-0.12964616513091623
-0.12864212898148497
-0.11687065154892153
-0.051806020562303205
-0.03731558257907274
-0.027581329341131833
-0.02493792260743432
-0.007585890952756214
0.02780286985861025
0.032597168165713085
0.04287451316819723
0.04792362493270173
0.12625132155667265
0.12747069153235616
0.12762467051219076
0.12965447440046735
0.2858792044420589
0.2864827197816762
0.28685269795649415
0.287158131441283
0.5940161776587036
0.5973144921314336
0.5989941406523306
0.6042711138047169
0.6116518720189875
0.6241777467966668
0.6276899885768754
0.6333448108149019
0.6396917212030806
0.6686075130852742
0.6719510726623401
0.6768692069215047
0.6840412666901066
0.7474819465574473
0.7500258169308719
0.7520941477791571
0.7535416351616466
1.2321812211232281
1.2426837219716846
1.2546454804988834
1.267194046989902
1.2947835905613738
1.298016194322389
1.3002448860466649
1.3039431024258068
1.3108356350764088
1.319008070501758
1.3230817927939693
1.3291405480520568
1.3358213866009554
1.341636459138444
1.342901630134364
1.3465699984509178
1.3477815447497286
1.3827662012776338
1.388125305481953
1.3972753494799994
1.4105286649415083
2.6938120955713507
2.706131964858407
2.7161365694922663
2.7230681952274147
2.7278684313371975
2.7318061916766645
2.733198330964415
2.734670282593025
2.737806031342827
2.748601622967357
2.751821735300673
2.754605966318108
2.757772754245876
2.777826402055755
2.780508091810426
2.7828001541552347
2.7849228460959545
2.8760615555580054
2.8772556653063117
2.878279729353685
2.878747793114351
2.8915308676374605
2.8932242132314667
2.8959314695179508
2.8970044916769178
2.9029050365071862
2.9083008269157875
2.9109383457991687
2.913329860629718
2.9167552641865724
2.9276169620164416
2.93028217131028
2.9324462112413383
2.934345032656841
2.950794341097144
2.9521486116257547
2.953081077976833
2.953685386827718
-2.3937157335733006
-2.3897201908915013
-2.385715897920035
-2.3816885835674393
-2.3731914830768
-2.3690359236983762
-2.3648249223733027
-2.3605692351707943
-2.355415249347637
-2.351071937534361
-2.3467610687912717
-2.3424565394668693
-2.338078468127945
-2.333202380772546
-2.32903821952538
-2.324906103123936
-2.320808676188324
-2.3108936600056476
-2.306910519753503
-2.302829813673432
-2.2986869982016627
-2.1113529717352906
-2.104429108296059
-2.097987230306545
-2.0920573270321983
-2.0791408445856048
-2.0730051226598185
-2.0681046549662714
-2.0640223656947767
-2.0583138478862595
-2.049435738477506
-2.046560413485935
-2.0433997569875806
-2.039487238222772
-2.0242427082805126
-2.0227508477944345
-2.021271991652372
-2.0193431937429147
-1.92119984838662
-1.9136926997286796
-1.9072941743897887
-1.9018500963531046
-1.8908759162455022
-1.8857816473099176
-1.8799066940866769
-1.8730118272512306
-1.8642243806806278
-1.8556839651206702
-1.8469543324209627
-1.8377928263756358
-1.828304516722073
-1.8168773046994604
-1.8074613478393973
-1.7981531450013826
-1.789104660123207
-1.77024070173274
-1.76269410607708
-1.756002984254676
-1.7503168226884431
-0.9584281883752064
-0.9501594653609752
-0.9399873375552947
-0.9285652880115561
-0.9101975672697245
-0.9088011282103653
-0.9072773122480897
-0.9065725309785962
-0.8977665248224905
-0.8917247521418448
-0.8861395436651935
-0.8835752404520422
-0.8816643583791749
-0.8629801065237802
-0.8622151545671066
-0.8610743041521269
-0.8593310203744953
-0.6775272228576046
-0.6773770243296469
-0.6772898484039084
-0.6770890934359473
-0.5291873512513624
-0.5281618612138638
-0.5267033955611663
-0.5250461239181652
-0.4520309681340087
-0.44735233546981645
-0.4452663866587679
-0.4366951287358174
-0.4054869847660386
-0.38338101738146196
-0.3758472004907684
-0.36288973224825233
-0.34893682607946314
-0.3203484310757176
-0.31569985725885485
-0.30817062069104006
-0.3026854103813817
-0.13565343133057212
-0.1296626746011456
-0.12862647451448236
-0.11687121196050243
-0.05180947220233514
-0.037290013159486164
-0.027680518103095957
-0.024859112852146772
-0.007586296214637155
0.027774228202042704
0.03263887650306902
0.042850261980284514
0.04793344998578668
0.1263032292179709
0.12720747591527193
0.12785142690658458
0.12963902985843928
0.28587884534688734
0.2864844309794847
0.28685043071650096
0.28715904657038654
0.5941317370037472
0.5966254978807668
0.6001350657395863
0.6033949135067737
0.6122291598956119
0.6229250214387804
0.6298200597748772
0.6320114797094816
0.6398826398855083
0.6685932490150203
0.6719625885053058
0.6768690609104525
0.6840406482158173
0.7474820330569415
0.7500255752296202
0.7520943987697692
0.7535415409080102
1.232181221075521
1.2426837225645766
1.2546454761649006
1.2671940683893514
1.2947362806397316
1.2984275972613415
1.2996820111917857
1.3042279410876547
1.3107010129740964
1.3191044985933436
1.3230510032641842
1.329076159564545
1.335966148980613
1.3411720763418913
1.3433915316208338
1.3463691493680428
1.3478594107743318
1.3827662005483405
1.3881253058147363
1.3972753494580137
1.410528664941782
2.693812095571346
2.7061319648594235
2.7161365693788246
2.723068199777327
2.7278683618332953
2.7318072621818072
2.733196043751284
2.7346718425143655
2.737805730453413
2.7486017113739543
2.7518216225763847
2.754606017977321
2.7577727501926477
2.7778263915819794
2.7805081164671797
2.7828001334817056
2.784922852041267
2.876050406041468
2.8773294587420133
2.878127958940584
2.878838763360018
2.8914259771495607
2.893547498538352
2.8954079102283514
2.897342399152418
2.902848887765278
2.9083632557937444
2.910871549073825
2.9133601542925414
2.9167507917017583
2.9276172921440065
2.9302817876992977
2.9324464169983937
2.934344989016783
2.950794341271016
2.9521486112498785
2.953081078318142
2.9536853867089436
-2.3937157335733006
-2.3897201908915005
-2.385715897920031
-2.381688583567454
-2.3731914830763197
-2.369035923701997
-2.3648249223574367
-2.360569235217151
-2.355415249197904
-2.3510719379120912
-2.3467610680911277
-2.342456540455717
-2.3380784670645913
-2.333202381801672
-2.329038218684198
-2.3249061035682534
-2.3208086760597255
-2.3108936600229475
-2.3069105197432758
-2.302829813675945
-2.298686998201423
-2.111352971809169
-2.1044291070085355
-2.097987238846311
-2.092057304601894
-2.079141100326074
-2.0730040603139304
-2.068105621457631
-2.064024692770577
-2.05830591099856
-2.049493953835386
-2.046440335135943
-2.0434925069581147
-2.0394600651991044
-2.0242730696577285
-2.0226915419887614
-2.021308434480309
-2.0193374464207623
-1.9211998479849295
-1.9136927008802382
-1.9072941762039792
-1.901850088196878
-1.8908759513116926
-1.88578158592712
-1.8799067429883174
-1.8730118051764006
-1.864224387167051
-1.8556839635282103
-1.8469543325690259
-1.8377928264400436
-1.828304516689622
-1.8168773047069924
-1.8074613478376864
-1.7981531450015982
-1.7891046601231984
-1.770240701732739
-1.7626941060770853
-1.7560029842546767
-1.7503168226884454
-0.9584281883752428
-0.950159465360215
-0.9399873375688538
-0.9285652877269269
-0.9102023596212703
-0.9087792936456622
-0.9073261983595169
-0.9065397270611106
-0.8977687173492348
-0.8917218424418297
-0.8861447557697334
-0.8835697067364422
-0.8816663482831004
-0.8629822664140268
-0.8622111389218056
-0.8610765114762188
-0.8593306779768631
-0.6775269324562401
-0.6773782473689416
-0.6772887207166276
-0.6770892884859598
-0.5291843693461303
-0.528168923781641
-0.526697513669004
-0.5250479255583671
-0.4520514428522443
-0.44720498334325676
-0.4454166929665594
-0.4366681738857599
-0.4054999946138297
-0.3833067885037076
-0.37595353273003324
-0.36282697337638137
-0.3489627370791542
-0.32032113725801725
-0.3157297432688594
-0.3081619185663261
-0.3026867805550049
-0.13565399876408762
-0.12965353709044747
-0.12863563592700472
-0.11687056811967526
-0.051808377132829785
-0.03731115844885692
-0.027539956946498287
-0.024990749640903316
-0.007573092858298748
0.027764020149060334
0.0326461604985694
0.04285439772734881
0.04793008454053286
0.12633322591202417
0.12712824432846373
0.12790651540344458
0.12963320004317744
0.2858795110286357
0.2864811432912639
0.286854912180821
0.28715718710860766
0.5941837073451453
0.5964579671072803
0.6004040695131729
0.6032296137919564
0.6121953592714221
0.6232800541715303
0.6287378658029771
0.6329385630714494
0.639720985724194
0.668667479866859
0.6718631429144428
0.6769055018853646
0.6840368104099557
0.7474820318920915
0.7500255920807305
0.7520943697224307
0.7535415548750054
1.232181221077158
1.2426837224363425
1.2546454780759366
1.2671940529141787
1.2948290052318956
1.2976975579268824
1.300959069300833
1.3033030987863852
1.311295679852579
1.318161989210514
1.3243273305989955
1.3281189911014186
1.3368393269311094
1.3399911660996144
1.3446109432739553
1.3456247092656572
1.348005968119706
1.3827662000043563
1.3881253060219014
1.3972753494483556
1.41052866494184
2.693812095571356
2.7061319648567106
2.716136569759399
2.7230681813737196
2.7278686884061583
2.73180150891649
2.7332091050752783
2.7346623480006516
2.7378078252024305
2.748600452513451
2.7518239413595404
2.7546042976768046
2.75777320124651
2.7778263069956552
2.780508290533982
2.7828000017470464
2.7849228867795888
2.8760387920379378
2.877433340026918
2.877968737665514
2.878907545619031
2.8913457741842525
2.893942434670358
2.894922498312789
2.89753983683299
2.9028041883655717
2.908410372565456
2.9108230910193296
2.913380515988241
2.9167478186965443
2.9276174814442406
2.9302815756097385
2.9324465273702267
2.9343449662191756
2.9507943413417443
2.952148611100365
2.9530810784517967
2.9536853866629094
-2.3937157335733024
-2.3897201908915005
-2.3857158979200275
-2.3816885835674584
-2.3731914830761056
-2.369035923703233
-2.364824922353527
-2.360569235224302
-2.3554152491911666
-2.3510719378943725
-2.34676106818885
-2.3424565402231217
-2.338078467423627
-2.33320238132742
-2.329038219169421
-2.3249061032546954
-2.3208086761693107
-2.310893659999795
-2.306910519759921
-2.302829813670843
-2.298686998202053
-2.111352971804253
-2.1044291073940204
-2.09798723415637
-2.0920573234515696
-2.079140551902101
-2.073008675234954
-2.068088417539467
-2.0640516533648534
-2.0582790490591147
-2.0495741346345304
-2.0462992295831706
-2.0435843891284353
-2.0394416340227064
-2.0242743442527247
-2.022692513751997
-2.021305864194958
-2.0193382683350016
-1.9211998486711988
-1.9136926949888446
-1.907294194860212
-1.9018500655671844
-1.8908759818565557
-1.8857815541442207
-1.8799067529057572
-1.8730118080377343
-1.8642243831632832
-1.8556839658536421
-1.8469543316994723
-1.8377928266557875
-1.8283045166562428
-1.8168773047086166
-1.8074613478381736
-1.7981531450013908
-1.7891046601232283
-1.7702407017327386
-1.7626941060770827
-1.7560029842546778
-1.7503168226884458
-0.9584281883752521
-0.9501594653599114
-0.9399873375769167
-0.9285652874822214
-0.910209555093951
-0.90874267954301
-0.9074034462223055
-0.9064898760603355
-0.8977741250348202
-0.8917120689671363
-0.886170042589806
-0.8835355626350611
-0.8816817837178762
-0.8629693051892219
-0.8622332761202235
-0.8610656582627672
-0.8593321648572259
-0.6775297455109608
-0.6773648857089819
-0.6773010509920455
-0.6770875068153105
-0.5291787284053187
-0.5281825731938485
-0.5266855518868688
-0.5250518899141227
-0.4520336510170725
-0.4473173834830825
-0.4453084967594104
-0.436683012564784
-0.4054963996147734
-0.38332277942108606
-0.37593167485455803
-0.36283928449665837
-0.3489578128278922
-0.3203226416869043
-0.315730650445264
-0.3081590361617872
-0.3026880648834965
-0.13565543529543708
-0.1296367341327138
-0.12865158443007235
-0.1168700078356914
-0.05180492391588274
-0.03733654424105086
-0.027431252026664348
-0.025079254677649567
-0.007572694159501432
0.02779254184545422
0.03260457509435184
0.04287866640762504
0.047920239504636114
0.12627566411098956
0.12731889148709102
0.1277577399790994
0.1296488862133581
0.2858798717644297
0.28647945943864417
0.28685716980952125
0.28715625260498867
0.5940586363111438
0.5970509531607952
0.5993067117994387
0.60416592246194
0.6116248782642364
0.6250557579753053
0.6264690005038919
0.6339035487948661
0.6395092717877117
0.6686823648070026
0.6718510314943908
0.6769056147065736
0.6840374303436554
0.747481945392892
0.7500258337853204
0.7520941187313075
0.7535416491255216
1.2321812211248642
1.2426837218434508
1.2546454824099214
1.2671940315148105
1.2948841037157168
1.2974696197332873
1.3016388101058318
1.30272349824435
1.3114264668229472
1.3180731473197436
1.3243313537493175
1.3281848379856662
1.3366450483942092
1.3402916381255634
1.3441748298587237
1.3459675442685128
1.3479539545680272
1.38276620073365
1.388125305689118
1.3972753494703398
1.4105286649415658
2.6938120955713596
2.706131964855695
2.7161365698728406
2.7230681768239093
2.727868757938281
2.7318004515081875
2.7332114003432078
2.7346607675829753
2.7378081254109805
2.7486003641755006
2.751824054087401
2.754604245946194
2.7577732052961554
2.77782631746849
2.780508265876104
2.782800022422241
2.784922880834673
2.8760494375349044
2.8773354048872504
2.878119065573593
2.8788426615416878
2.891435200085042
2.893505580973314
2.8954767772163543
2.897299374022604
2.902860914918708
2.908346552178583
2.91089088966512
2.91335088692775
2.916752309110146
2.9276171512856553
2.930281959231869
2.9324463216351937
2.9343450098616497
2.9507943411678745
2.9521486114762476
2.9530810781104906
2.9536853867816784
-2.3947150165133464
-2.3907193114403595
-2.3867185957330603
-2.382698293537498
-2.374219812204942
-2.37008027323998
-2.365882329671751
-2.3616366836754126
-2.3564894362125974
-2.3521489074850295
-2.347838743122167
-2.343531301802886
-2.339146421223051
-2.334247008176805
-2.330076597374117
-2.3259356011905377
-2.321826670972179
-2.3118712031730917
-2.3079165166133766
-2.3038574316460276
-2.299725904581431
-2.1131532351233755
-2.10611515202699
-2.099551122415188
-2.093486785360292
-2.080626701220503
-2.0743720934047905
-2.0692154087094914
-2.064923400863953
-2.0590124144409603
-2.0503648281029885
-2.0469722470861007
-2.044180860269063
-2.0400924452864766
-2.0246617884369513
-2.0230369898043112
-2.0216245962098816
-2.0197030363527935
-1.919229578245721
-1.9119910964797924
-1.9058555615907327
-1.9006009542108873
-1.8896970489094105
-1.8844090281607202
-1.8782756520334205
-1.8711457504128968
-1.8622193562585267
-1.8535493334544988
-1.8446993091565627
-1.8354503963724973
-1.8259086471380068
-1.8145209581141901
-1.805118522340227
-1.7958604242549756
-1.7869027588915638
-1.7682826331638049
-1.7609349534555896
-1.7544818958931214
-1.7490672721492277
-0.960168793457764
-0.9524185230887444
-0.9426840037969124
-0.9314707548168354
-0.9102193348967921
-0.9085360557636776
-0.9078199181860731
-0.9064871834318814
-0.8979815479392835
-0.8932154389575926
-0.8872638180132066
-0.8839669147151614
-0.8817904062112893
-0.863013968266122
-0.8623656998380062
-0.8614691712147596
-0.8596714732351651
-0.6775830649010411
-0.677412747153142
-0.6772792299701238
-0.6770890199764152
-0.5292838554561274
-0.5277292876598176
-0.5273034575414755
-0.5249766342614617
-0.45213621634011697
-0.4484100391517391
-0.44468227065213145
-0.4367342944299758
-0.4055063696302711
-0.38296902135546607
-0.37697789928959635
-0.36169486717524857
-0.35365400391779894
-0.3220764140642038
-0.3120393763656845
-0.3105302080897442
-0.30236354826688855
-0.13549903580420622
-0.13097013984751793
-0.12665621006285513
-0.11439234013302538
-0.048001034950839565
-0.03656179014350106
-0.030056954826356976
-0.022234585845273235
-0.00799128586824905
0.02778048044991009
0.03348636297731783
0.04491538321718923
0.04730245084112482
0.12622861661442009
0.1276780685330099
0.1282492735452084
0.12956249672719733
0.2860077350408901
0.2866182029875284
0.28681846623396934
0.2871717047661693
0.5941311335013753
0.5972882098479041
0.5997822502509591
0.6041409241271415
0.6127808064049689
0.6247383950975023
0.6266890767427065
0.6337993271975715
0.6395408925344563
0.6690550893693062
0.6727086330606865
0.6786342473184768
0.6853288376659958
0.7469225109958233
0.7494021016177236
0.7516518402187545
0.7532150266967468
1.2346316090605516
1.2455668013485028
1.2577661627747743
1.2702952979475355
1.295409733654333
1.297642968988547
1.301842674234846
1.302873890746738
1.3117418007322121
1.318834063136491
1.3249915992562005
1.3290296157044124
1.3373726856348944
1.3403445214564933
1.3443054466321227
1.3461027739625462
1.3482869454832818
1.3837812011313086
1.3900374766609964
1.4002019428712298
1.4144745588243246
2.690438188107856
2.703244821336707
2.713889745360864
2.721671504353957
2.727228893984893
2.731326006371084
2.7329061907395658
2.734256749020632
2.7370364324981695
2.7477445103202114
2.7510637015621238
2.7539504106921884
2.7570655767662693
2.777099622342554
2.7798742692899756
2.7822649119166654
2.7844392888515856
2.8763050667480563
2.8774487335026584
2.8781981013868054
2.878842479325021
2.891617650953201
2.8934664393881175
2.895500918993195
2.8971233654355415
2.9025685475349428
2.9077742306916172
2.9103350686062446
2.9127917276125643
2.916163924218846
2.926883501606362
2.9296626570402133
2.931954091921838
2.933936156581595
2.95038119516305
2.951852623419485
2.952883189224696
2.953561696655946
-2.394715016513345
-2.3907193114403573
-2.386718595733063
-2.382698293537477
-2.374219812205533
-2.370080273235691
-2.365882329689891
-2.36163668362428
-2.3564894363707847
-2.35214890710037
-2.3478387438086736
-2.3435313008711525
-2.339146422182166
-2.3342470072932704
-2.330076598064599
-2.3259356008449164
-2.32182667106598
-2.3118712031631135
-2.307916516618373
-2.3038574316451306
-2.2997259045814693
-2.1131532350692357
-2.106115152906182
-2.0995511169955248
-2.093486798508121
-2.0806266193990055
-2.07437204168855
-2.069217565594458
-2.0649172744976974
-2.059022949408123
-2.0503129545194567
-2.0470823441720998
-2.04409439814624
-2.04011556836007
-2.0246407086170017
-2.0230782337548527
-2.0215989219772244
-2.0197072214986194
-1.9192295783817523
-1.9119910972621854
-1.9058555546643337
-1.9006009670039665
-1.889697016403814
-1.8844090778037101
-1.878275616722311
-1.8711457647807226
-1.8622193526960729
-1.8535493339906874
-1.8446993092868957
-1.8354503962602136
-1.8259086471743766
-1.8145209581072013
-1.8051185223415844
-1.7958604242548482
-1.78690275889156
-1.7682826331638075
-1.7609349534555931
-1.7544818958931223
-1.7490672721492277
-0.9601687934577587
-0.9524185230889213
-0.9426840037930061
-0.9314707549042012
-0.9102121787115318
-0.9086023721915871
-0.9077241356824249
-0.9065261835414542
-0.8979742452990486
-0.8932258308419591
-0.8872470081214446
-0.8839876491272589
-0.8817808405546373
-0.8630316560857316
-0.8623327436609487
-0.8614862833043951
-0.8596698034629684
-0.6775811844397668
-0.6774189956251113
-0.677273267432686
-0.6770906145036427
-0.5292882190239798
-0.5276890966956186
-0.5273423700214952
-0.5249735376827832
-0.4521537651574082
-0.44835753314807947
-0.44472635713748987
-0.4367249163411088
-0.40550510735181594
-0.38299566279726643
-0.37693762752911025
-0.3617288900962372
-0.35363310836332673
-0.3220845881460245
-0.3120003241920238
-0.3105644496071803
-0.30236221008143843
-0.1354981031484929
-0.13097343974861317
-0.12665318125737624
-0.11439307609733196
-0.048003712899926575
-0.036522266201095895
-0.030140372747090062
-0.022172579666483002
-0.008009133210836626
0.027791675101998554
0.03347779455337563
0.044908567071761864
0.047309153613748975
0.12621372578442186
0.12776992328088366
0.12816096553737255
0.12957381517837144
0.28600686501849626
0.2866258662621836
0.28680952915499885
0.2871738485968071
0.5940980099852964
0.5974870060615034
0.5995286982018008
0.6042366820217865
0.6128221701964008
0.623988850352098
0.6277597916768587
0.6332727897240377
0.6397030607264317
0.6690053498422748
0.672772008924119
0.6786113125723627
0.6853320935030874
0.7469225112298926
0.7494020887198657
0.7516518635080969
0.7532150154022419
1.2346316090563099
1.2455668015423955
1.2577661597078649
1.2702953267292176
1.29527734608799
1.298247822105952
1.300425993987477
1.304053224258112
1.311244245622335
1.3196319741462514
1.32388415799771
1.329927208387614
1.336446604031121
1.3417845465835567
1.3430648887369927
1.346623429087827
1.3481672524878519
1.3837812014107431
1.3900374765763206
1.4002019428743862
1.4144745588243117
2.690438188107853
2.703244821337414
2.713889745267232
2.7216715096812267
2.7272287566912445
2.7313287495063983
2.732898590221007
2.7342631698460296
2.737034860899032
2.747745265237639
2.751062348320317
2.7539514228470185
2.757065298585342
2.7770996699447523
2.7798741736441737
2.782264983536165
2.7844392698417373
2.876315936901833
2.8773830598109424
2.878327776908195
2.8787664157342014
2.8916962228480334
2.893247283938332
2.8958624651037037
2.89688235062216
2.9026023271238444
2.9077416058016543
2.9103668901738367
2.912778184825047
2.9161657711987092
2.926883405706696
2.9296627537925723
2.9319540451983626
2.933936165862761
2.950381195141539
2.9518526234603772
2.9528831891910583
2.9535616966668594
-2.3947150165133464
-2.3907193114403547
-2.386718595733069
-2.3826982935374734
-2.3742198122055824
-2.37008027323568
-2.365882329688366
-2.361636683633131
-2.356489436325594
-2.35214890724917
-2.3478387434685724
-2.3435313014442443
-2.3391464214602284
-2.3342470081178073
-2.330076597291968
-2.325935601310392
-2.321826670912345
-2.311871203192619
-2.3079165165976665
-2.3038574316513
-2.29972590458073
-2.11315323508638
-2.1061151523879738
-2.099551122003063
-2.093486780308635
-2.0806270317309767
-2.0743689441530915
-2.0692285279392832
-2.064900086295521
-2.059040188964134
-2.050266320153262
-2.047156643409527
-2.044049942823791
-2.0401240625358925
-2.0246455329489876
-2.0230663602242887
-2.021607762064553
-2.019705412082518
-1.9192295776529233
-1.9119911028339498
-1.9058555390315663
-1.9006009835931228
-1.8896970022783217
-1.8844090859427554
-1.8782756212298384
-1.8711457575400734
-1.8622193571605996
-1.8535493318908538
-1.8446993099732703
-1.835450396112758
-1.8259086471913268
-1.8145209581082504
-1.805118522340575
-1.7958604242551157
-1.786902758891526
-1.7682826331638049
-1.760934953455595
-1.754481895893121
-1.7490672721492282
-0.9601687934577906
-0.9524185230883149
-0.9426840038014344
-0.9314707547787641
-0.9102174325729161
-0.9085578382001754
-0.9077877271082395
-0.9065005705610627
-0.8979776925392968
-0.8932218458417563
-0.8872517090691929
-0.8839830066101588
-0.8817826234113774
-0.8630336363133427
-0.8623285415449159
-0.8614887908047106
-0.8596695161258225
-0.6775810529152727
-0.6774194286530519
-0.67727284091756
-0.6770907395160145
-0.5292861909246734
-0.5277074722371071
-0.5273248530124132
-0.5249747068226349
-0.4521740453082925
-0.4482831594695899
-0.4448005344753388
-0.4367017316070018
-0.4055174076371411
-0.3828949089903028
-0.3770762643405273
-0.3616250744608204
-0.35369604521112236
-0.32205811231644516
-0.3121244646322917
-0.3104561965446207
-0.30236659498845614
-0.13549716787848876
-0.13097616989967845
-0.12665109754308332
-0.11439334343294794
-0.048009356814226856
-0.036486410557544466
-0.030189718035254453
-0.022153271926027635
-0.008007654776755717
0.027766680428856088
0.03351486155956945
0.04486956767023262
0.04733440014290837
0.12624479927059612
0.127589037689255
0.1283421728794778
0.12954242598352986
0.28600640018200807
0.286630078361749
0.2868047387896839
0.2871748916903761
0.5941877398410007
0.5969299008903135
0.6005766966700536
0.6034057763764286
0.6133788280044559
0.6227532831663865
0.6297695465973392
0.6320237853199008
0.6398742729950231
0.6689962504793223
0.6727781133308546
0.678612162037673
0.6853314663990747
0.746922599922181
0.7494018642079355
0.7516520803440894
0.7532149360661206
1.2346316090071727
1.2455668022368895
1.2577661537968339
1.270295361663973
1.2952203544031706
1.2986895458387522
1.2998534201611978
1.3043089891543485
1.311140721109175
1.319691708903887
1.3238873183187563
1.329843797221817
1.336624560898251
1.3412801628314526
1.3435701001284623
1.3464463460501457
1.3482216390899613
1.3837812010106634
1.3900374767272083
1.4002019428658046
1.4144745588244094
2.690438188107852
2.7032448213375897
2.7138897452512682
2.721671510293753
2.7272287462657796
2.731328879898485
2.732898313504924
2.7342633428391605
2.7370348484556613
2.7477452155505437
2.751062468245463
2.753951313017666
2.7570653347674217
2.777099657043417
2.779874201484716
2.782264961441108
2.78443927601025
2.876302124043037
2.8774710150324414
2.8781597388437943
2.8788619934919017
2.8915782521177644
2.893615367673449
2.8952836059163003
2.8972475457845532
2.902540466505802
2.9078063889157226
2.9103012734710263
2.9128068167377608
2.916161608133312
2.9268836657335324
2.9296624773049693
2.9319541848457384
2.933936136985232
2.9503811952409675
2.951852623263055
2.9528831893584986
2.9535616966113887
-2.394715016513345
-2.3907193114403573
-2.3867185957330626
-2.382698293537491
-2.374219812204995
-2.370080273239971
-2.3658823296702236
-2.361636683684267
-2.3564894361674056
-2.3521489076338318
-2.3478387427820593
-2.3435313023759727
-2.3391464205011108
-2.3342470090013423
-2.330076596601483
-2.3259356016560075
-2.3218266708185444
-2.311871203202599
-2.307916516592671
-2.303857431652196
-2.299725904580694
-2.113153235140517
-2.106115151508782
-2.0995511274227145
-2.0934867671607633
-2.0806271135332213
-2.0743689962951564
-2.0692263852863815
-2.0649062227693142
-2.059029659857855
-2.050319968411909
-2.0470474153703186
-2.0441339235062603
-2.040100746595251
-2.0246664254726547
-2.0230249563715526
-2.021633765155675
-2.0197012452551815
-1.919229577516892
-1.9119911020515619
-1.9058555459580047
-1.900600970800017
-1.8896970347840325
-1.8844090362996242
-1.878275656540917
-1.8711457431722671
-1.8622193607230597
-1.8535493313546645
-1.844699309842935
-1.8354503962250428
-1.825908647154953
-1.814520958115238
-1.8051185223392119
-1.7958604242552465
-1.7869027588915267
-1.7682826331638053
-1.7609349534555925
-1.7544818958931214
-1.7490672721492295
-0.9601687934577986
-0.9524185230881392
-0.9426840038053425
-0.9314707546913975
-0.9102244735075272
-0.9084802219755146
-0.9078927867509221
-0.906463706333409
-0.8979849890297957
-0.8932114549087421
-0.8872684923206791
-0.883962279538994
-0.8817922155920004
-0.8630161103767897
-0.8623614577753167
-0.8614715581303131
-0.8596711845465858
-0.6775829389440258
-0.677413204236228
-0.6772787778881312
-0.6770891409330294
-0.5292818015880281
-0.5277446873273465
-0.5272889352070563
-0.5249778103694116
-0.4521568593187255
-0.44833688302948665
-0.4447549546421994
-0.4367110228124407
-0.4055186666188935
-0.38286711743222485
-0.3771174939540441
-0.3615908213521789
-0.35371736403088316
-0.32204989132349304
-0.3121588310948593
-0.31042668557800784
-0.30236793757486075
-0.13549810128276457
-0.1309728720875358
-0.12665412357232564
-0.11439260740714326
-0.04800668626623031
-0.03652648938584078
-0.030106117699662763
-0.022214900935458585
-0.007989804047502247
0.027755581626793247
0.03352333431945233
0.04487621275065933
0.04732786756520147
0.12626109303597233
0.12752930210236074
0.1283982755703726
0.12952979075292398
0.28600726723015046
0.2866220682262715
0.28681400097792686
0.28717277258554147
0.5942261223526469
0.5967925470128
0.6008314915920265
0.6032428220445567
0.6133293486840514
0.6231082856136394
0.6287459790508363
0.6328883366578257
0.6397288495078811
0.6690457831386214
0.6727149467934929
0.6786350997266671
0.6853282092637836
0.7469225996879129
0.7494018771036484
0.7516520570551133
0.7532149473626056
1.234631609011414
1.245566802042999
1.2577661568637382
1.2702953328820117
1.2953394870895234
1.2978857072168246
1.30117981071234
1.3034231862645795
1.3116417844459638
1.3188918666018186
1.3250163138594309
1.3289421029199993
1.337650845974537
1.3399595754171254
1.344733618700736
1.3457858088609334
1.3483285821481756
1.3837812007312291
1.3900374768118846
1.4002019428626482
1.4144745588244216
2.690438188107855
2.7032448213368836
2.713889745344899
2.7216715049664812
2.7272288835576752
2.7313261360695558
2.7329059129583038
2.734256923734732
2.7370364200947295
2.7477444606620995
2.75106382152193
2.7539503008106716
2.757065612936523
2.777099609441824
2.779874297131086
2.782264889820657
2.7844392950198764
2.8762918608327253
2.8775628170348995
2.8780271875993515
2.878914198784915
2.891515013074321
2.893934251736721
2.8948979026854937
2.897398414400952
2.902506183401387
2.9078399194396316
2.9102687145452952
2.9128199460486637
2.916159750491107
2.926883761643244
2.9296623805471786
2.9319542315629596
2.9339361277034355
2.950381195262474
2.9518526232221634
2.9528831893921357
2.953561696600475
-2.3957149368169985
-2.391718114760405
-2.387720062025046
-2.383705951508722
-2.3752436625854934
-2.371120878399215
-2.3669367596419435
-2.3627018964996997
-2.357561909818952
-2.3532250886491055
-2.348916595128199
-2.344607110078752
-2.3402162216838156
-2.3352927554492457
-2.3311167871604517
-2.326967557766434
-2.322847731872811
-2.3128409347386527
-2.308915909885878
-2.3048804715296605
-2.3007631524224306
-2.114981464838867
-2.1078304096834097
-2.101146524904183
-2.0949517124487906
-2.0821533857117243
-2.0757817735939317
-2.0704190850122086
-2.065859502063704
-2.059837757458058
-2.0512083769955503
-2.047719236397179
-2.0447777496599846
-2.040754076813773
-2.0250907867009356
-2.0233772831637946
-2.021960958559327
-2.0200653009117557
-1.9173231181974633
-1.9103586837708504
-1.9044731392408032
-1.8993832212379411
-1.8884757058217319
-1.882973559054672
-1.8765812051973383
-1.8692298476291462
-1.860173311410126
-1.8513814699777356
-1.8424193498255401
-1.8330912734185243
-1.8235043139716776
-1.8121647696034957
-1.8027846382869495
-1.7935864245534265
-1.7847304425400021
-1.7663704737700243
-1.7592317919657088
-1.7530258781076076
-1.747889709932615
-0.9617781486675222
-0.9545516749636531
-0.9452848165101875
-0.9343614096729943
-0.9106364824587373
-0.9088476897621135
-0.9079126525549541
-0.9063170451969168
-0.8979494324347235
-0.8943646224007811
-0.8885971729827986
-0.8844619437385877
-0.8819242239964064
-0.8630582224695259
-0.8625333208635568
-0.8617887892522437
-0.8600697855129938
-0.6776831559827677
-0.6774418395993985
-0.6772270899686528
-0.677114011604949
-0.5292159620712936
-0.5279939215897941
-0.5271987419907852
-0.5251476642766637
-0.45203147391849424
-0.4502733843755163
-0.4424898049592784
-0.43783786364166316
-0.40506731547053115
-0.385237068976552
-0.37333907283737944
-0.3650680048186708
-0.3557270353883472
-0.3219051690651443
-0.3140249955072803
-0.3086623139376565
-0.3026319893557306
-0.1348098295762026
-0.13261040528098003
-0.12341320021604721
-0.11261176159501345
-0.04553345927771508
-0.03502226336130174
-0.030983220516554298
-0.021789259960792874
-0.007726637991699402
0.02708103350161615
0.03647140183332388
0.04426482885338839
0.047820468657949845
0.12616244403101035
0.12783633241375655
0.128677393978274
0.1296382046767571
0.28614443443031046
0.2866827629303321
0.2868112121192012
0.28717322422739544
0.5942955692682735
0.5970879094614094
0.601397902467764
0.6030575388346537
0.6145412576566419
0.6229112673750764
0.6288229732455499
0.6328448126319669
0.639755161463967
0.6695042466839892
0.673829424864283
0.6804024684387635
0.6863245326920534
0.7464395184853317
0.7487600701825081
0.7511590601029954
0.7528784141341724
1.2372033745821038
1.248530691135853
1.260907505402639
1.2733456711223876
1.295731401435875
1.298030893031461
1.3013287766758694
1.3035212233279925
1.3121089665914099
1.3196961708450339
1.3257877854200903
1.3297686454095377
1.338355741436215
1.3400261574808254
1.344890981617449
1.3460005599787213
1.3488671273432278
1.3850051158276295
1.3921963033394553
1.4033877246954258
1.4186614760953045
2.6869620789323023
2.7002234408495216
2.7114651982775757
2.7200423314704
2.726405271845958
2.730757933495391
2.73258548457425
2.733893566215141
2.736320409241714
2.7468760319195744
2.750273878256985
2.75327157990997
2.7563587895001445
2.7763497554099272
2.7792164251560423
2.7817043766130407
2.7839394811227014
2.876524158470292
2.8776682636726925
2.878073537557325
2.878912365023188
2.891674272195103
2.8939165171048256
2.894890463752396
2.8972730387908903
2.9022217289972714
2.907276246453288
2.9097057426400434
2.9122495150109504
2.9155593354542404
2.926124180377848
2.929012654703545
2.931429404699135
2.9335028006577497
2.949936111799003
2.95152903704074
2.9526626522135615
2.9534213295620564
-2.3957149368169963
-2.3917181147604065
-2.387720062025049
-2.3837059515087202
-2.3752436625856537
-2.371120878397668
-2.3669367596500805
-2.3627018964722053
-2.357561909921756
-2.3532250883606576
-2.348916595715971
-2.3446071091727343
-2.3402162227435674
-2.3352927543145827
-2.331116788177493
-2.326967557178242
-2.322847732059882
-2.312840934705058
-2.308915909909082
-2.304880471522906
-2.300763152423217
-2.114981464815889
-2.107830410233062
-2.1011465201666173
-2.094951728648116
-2.0821530883132784
-2.0757837782668433
-2.0704124113222893
-2.065869769600645
-2.059827683654809
-2.0512294806045768
-2.0476883495758273
-2.0447941179469376
-2.040752488890487
-2.025083904261915
-2.02339322999938
-2.0219494909206164
-2.0200674676959545
-1.9173231188781252
-1.910358679127162
-1.9044731505847035
-1.899383211105821
-1.8884757085236572
-1.8829735646528531
-1.876581194022482
-1.8692298560640725
-1.8601733073285798
-1.8513814716518793
-1.8424193493465575
-1.8330912735005542
-1.8235043139691212
-1.8121647696002834
-1.8027846382883357
-1.7935864245531221
-1.784730442540035
-1.7663704737700265
-1.7592317919657139
-1.7530258781076078
-1.7478897099326096
-0.9617781486675198
-0.9545516749637502
-0.945284816508236
-0.9343614097068403
-0.9106320353281663
-0.908885350229065
-0.9078564946476175
-0.9063426105264376
-0.8979389991124165
-0.8943782467582881
-0.8885839289575884
-0.8844755052218776
-0.8819179344415842
-0.8630846462282749
-0.8624826140357212
-0.8618153977987763
-0.860067620306541
-0.6776823608420738
-0.6774447422316758
-0.6772225173239369
-0.6771164767585964
-0.5292215614887125
-0.5279706281687433
-0.5272198411890147
-0.5251442480686338
-0.45206401920604644
-0.4502248541367803
-0.44252209146506133
-0.4378213521096729
-0.40506456336284596
-0.38526514242111837
-0.3732443290326224
-0.36518260060822455
-0.35567702562916553
-0.3219334257785683
-0.31397287069906504
-0.3086981359637031
-0.3026250930154542
-0.13481071949784132
-0.13260917413139045
-0.1234135855029503
-0.11261176855185416
-0.04552356215451224
-0.03509434758769223
-0.030902647344328057
-0.021806256775631635
-0.007730155418998607
0.02709986306983054
0.036430175275616226
0.044312642008578325
0.047797238911848526
0.12614004225855283
0.12798291062649822
0.12851007700442682
0.12968133813381913
0.28614517400493905
0.2866755066991543
0.2868191048466001
0.28717184816551944
0.5942206711042063
0.5975026651330506
0.6003040291900309
0.6040132115949777
0.6139926189576564
0.6244262005478066
0.626951899818992
0.6337127737832351
0.6395881542085445
0.6695100725821963
0.6738263775546425
0.6804011545044713
0.6863252379493423
0.7464394204189819
0.7487602938552521
0.7511588656467675
0.752878481139234
1.2372033746344568
1.2485306902907762
1.2609075138135006
1.2733456112579098
1.2958166088304828
1.2977765779595924
1.3019298525473832
1.3030441707010734
1.3121822863834915
1.3196625633480865
1.325739790997993
1.3298752925662745
1.3379791593306767
1.3405046738181428
1.3444908230438335
1.346273200487659
1.3488394826720551
1.385005116045262
1.3921963032718359
1.4033877246987527
1.4186614760952698
2.6869620789323023
2.700223440849494
2.711465198279002
2.7200423314711095
2.726405269489819
2.73075802080957
2.732585126553304
2.7338939568017113
2.7363202776719935
2.7468761181759067
2.7502737093461254
2.753271719169088
2.7563587459668484
2.776349766426081
2.7792164023418557
2.7817043942602515
2.783939476245827
2.8765401628197313
2.8775413490577204
2.8782583468767253
2.878837000678507
2.891787989665735
2.8934356191217723
2.895521375629473
2.8969691151424057
2.9022889502146643
2.907209074541753
2.9097701387121195
2.91222297955383
2.9155631640797552
2.926123976275449
2.9290128528999615
2.9314293108824176
2.9335028194185906
2.9499361117424705
2.9515290371436103
2.9526626521321733
2.9534213295876475
-2.3957149368169963
-2.391718114760406
-2.3877200620250556
-2.3837059515087
-2.375243662586303
-2.3711208783930933
-2.3669367596687456
-2.3627018964215414
-2.357561910071102
-2.3532250880130814
-2.34891659630704
-2.344607108413287
-2.3402162234758292
-2.3352927536953625
-2.331116788619221
-2.3269675569834103
-2.3228477321036816
-2.3128409347047527
-2.308915909907252
-2.3048804715240605
-2.300763152423006
-2.114981464778206
-2.1078304107944437
-2.1011465170569816
-2.094951735102791
-2.082153101590142
-2.0757832470184616
-2.0704155702699305
-2.0658627727967875
-2.0598382017536228
-2.0511866403044237
-2.0477760046141493
-2.0447258324655238
-2.0407707241227664
-2.025070625355157
-2.0234192128292756
-2.0219331143684767
-2.0200702096948686
-1.9173231187703224
-1.9103586814762925
-1.9044731403491832
-1.8993832257612784
-1.8884756820981632
-1.8829736004651134
-1.876581171256681
-1.8692298641529617
-1.8601733059397896
-1.8513814714817345
-1.8424193496365575
-1.8330912733694913
-1.8235043140041236
-1.812164769594545
-1.8027846382892263
-1.7935864245530948
-1.7847304425400219
-1.7663704737700248
-1.759231791965711
-1.753025878107606
-1.747889709932612
-0.9617781486675553
-0.9545516749632331
-0.9452848165139329
-0.9343614096450651
-0.9106357348702243
-0.9088561100820786
-0.9078989501179786
-0.9063240629066501
-0.8979445920375293
-0.8943719143912033
-0.8885886607342508
-0.8844716422057305
-0.881919448380658
-0.8630862428842737
-0.862478846219351
-0.8618178048491127
-0.8600673739698564
-0.6776823234762692
-0.6774448879070576
-0.6772222650106297
-0.6771166207630087
-0.529218868979274
-0.5279813081244151
-0.5272105340277257
-0.5251455665527506
-0.4520999760550438
-0.45016649976425105
-0.44257535557482774
-0.4377879534343666
-0.40507464815794747
-0.3852241916604574
-0.37335088824881774
-0.3650678791821433
-0.3557228387409025
-0.32190894443962426
-0.31401931792088755
-0.3086654136677964
-0.30263159737078504
-0.13480982202670094
-0.13261072889389144
-0.12341234541019196
-0.1126124360588004
-0.04552697027397468
-0.03502522696203855
-0.031011026895201993
-0.0217481915864463
-0.007747902884617227
0.027107267465433446
0.036425869799643476
0.044306242893788435
0.047802999064733356
0.1261306514256781
0.1280645534843023
0.12842538672573275
0.12969375001193895
0.286143789586297
0.2866905107964688
0.28680273468039114
0.287174598656842
0.5941941765907942
0.5976554515694569
0.600088111529553
0.6041069299552588
0.6140494580505951
0.6237765148653454
0.6279020540450713
0.6332117578612441
0.6397327031251343
0.6694766457802402
0.6738683811644478
0.6803844018745645
0.686328481259137
0.7464394197543109
0.7487602838947095
0.7511588846538627
0.7528784720157109
1.237203374627118
1.248530690582248
1.2609075087544415
1.2733456670872145
1.2956519911967403
1.2984291036771067
1.3005638761566152
1.3041145185854817
1.311776393988597
1.3203406915644023
1.3247500446024865
1.3307326689921946
1.3369788221999572
1.3419575223672306
1.3433465019002897
1.346701618084999
1.3487706782076245
1.3850051161866923
1.392196303238068
1.4033877246997375
1.4186614760952683
2.686962078932302
2.7002234408496837
2.7114651982556053
2.720042332929817
2.7264052179949902
2.730759160494289
2.7325811449105264
2.733897891185583
2.7363191458997407
2.746876566875683
2.750272931043126
2.753272301722222
2.756358579687934
2.7763497929128644
2.7792163503919345
2.7817044326556117
2.783939466047969
2.876549722650059
2.8774892852601743
2.878357223582736
2.878779892647335
2.891848651939866
2.8932749828437507
2.8957882817393568
2.8967876791650817
2.902313145867674
2.90718732261657
2.909789884967804
2.912215007962314
2.915564202652228
2.9261239348677344
2.929012889438141
2.931429295028036
2.9335028223428563
2.9499361117394103
2.951529037148178
2.9526626521291206
2.953421329588487
-2.395714936816997
-2.3917181147604056
-2.3877200620250543
-2.3837059515087
-2.375243662586144
-2.371120878394642
-2.366936759660612
-2.362701896449036
-2.357561909968294
-2.353225088301531
-2.3489165957192673
-2.344607109319308
-2.340216222416078
-2.3352927548300197
-2.3311167876021788
-2.3269675575716073
-2.3228477319166076
-2.312840934738348
-2.3089159098840484
-2.304880471530818
-2.3007631524222214
-2.1149814648011813
-2.1078304102447887
-2.1011465217945555
-2.0949517189034754
-2.082153398982845
-2.0757812416068093
-2.0704222340843956
-2.0658525006707213
-2.059848274286825
-2.0511649482418597
-2.0478066924932095
-2.044710229790448
-2.040772350401336
-2.0250776642179487
-2.0234033896956745
-2.0219443166592
-2.020068028040628
-1.9173231180896586
-1.9103586861199722
-1.904473129005249
-1.8993832358934264
-1.8884756793962472
-1.8829735948669848
-1.8765811824315077
-1.8692298557180171
-1.8601733100213313
-1.8513814698075906
-1.8424193501155384
-1.8330912732874602
-1.823504314006678
-1.8121647695977559
-1.8027846382878385
-1.7935864245533994
-1.784730442539986
-1.7663704737700212
-1.7592317919657152
-1.7530258781076054
-1.747889709932612
-0.9617781486675574
-0.954551674963135
-0.9452848165158911
-0.9343614096112175
-0.910640134821726
-0.9088155078121636
-0.9079573098160667
-0.9062992819175978
-0.8979549995633852
-0.8943583085686848
-0.8886018991849252
-0.8844580838803492
-0.8819257504636354
-0.8630600684848777
-0.8625295242212903
-0.861790977347666
-0.8600695375985343
-0.6776831191090353
-0.6774419883839836
-0.6772268435299398
-0.6771141461335074
-0.5292132201315319
-0.5280041770796503
-0.5271898994741637
-0.5251489920122459
-0.4520692101091699
-0.45021343925267754
-0.44254320226061494
-0.43780414327237094
-0.40507739476163146
-0.38519584532227436
-0.37344394687503696
-0.36495452926869676
-0.35577356226632445
-0.32188048921137824
-0.3140711883797267
-0.30863001377923943
-0.30263852828263943
-0.13480893107351394
-0.13261196098543498
-0.12341196020304816
-0.11261242911228207
-0.0455368485213246
-0.034950162851979584
-0.03109428230054572
-0.02173151459032309
-0.007744383028186229
0.027088410121463815
0.03646712900095986
0.044258530928398813
0.04782612361682223
0.12615255518739374
0.12788481731879775
0.12862423654437433
0.1296527396736036
0.28614305868307266
0.2867000976158502
0.28679254558392925
0.2871759318281739
0.5942659217806123
0.5972015694160278
0.6011212345459223
0.603254044286522
0.614610089418271
0.6225533483908758
0.6298101402699673
0.6320167941223873
0.639886186015006
0.6694708856498595
0.6738713571303575
0.6803857172465247
0.6863277775537435
0.746439517820784
0.7487600602235209
0.7511590791096571
0.7528784050094001
1.2372033745747655
1.2485306914273284
1.260907500343596
1.2733457269527533
1.2955867986781913
1.2988836903733585
1.3000015702352332
1.3043378566394042
1.3117007678795813
1.32037298594644
1.324779061032122
1.3306310422153196
1.337186105331838
1.341450123166297
1.3438300420831704
1.34655179356869
1.3488025422799568
1.3850051159690615
1.392196303305689
1.4033877246964108
1.4186614760953018
2.6869620789323014
2.70022344084971
2.71146519825418
2.7200423329291072
2.726405220350951
2.7307590729763764
2.7325815013268424
2.733897502219937
2.7363192776563596
2.746876480593563
2.7502730999344642
2.7532721625004597
2.756358623229907
2.7763497818964424
2.779216373205906
2.7817044150087975
2.7839394709249343
2.876533013596843
2.8775902980169343
2.8781796559821387
2.8788746211691376
2.8917211941313803
2.8936782024014205
2.895174459485004
2.8971653267598887
2.902246323613687
2.9072539589455744
2.909725991946195
2.9122417771973863
2.91556037967671
2.9261241389675416
2.929012691243719
2.9314293888461935
2.9335028035821407
2.9499361117959437
2.951529037045309
2.95266265221051
2.9534213295628966
-2.396715730286792
-2.3927168384575346
-2.3887205181751385
-2.38471175190551
-2.376262862940129
-2.3721575485705557
-2.367988021545949
-2.3637646919519515
-2.358632396671343
-2.3543002239162805
-2.34999439310314
-2.345683755005379
-2.3412876719608247
-2.3363394405432887
-2.33215862096742
-2.328001815100394
-2.323871707222636
-2.31380266637125
-2.309908325008462
-2.3058983451630577
-2.3017979257035592
-2.1168373941565948
-2.109574491790274
-2.1027727178297533
-2.0964508765853274
-2.0837154386038406
-2.077237246625463
-2.071679336339582
-2.0668770436696486
-2.06073647128909
-2.0521270244915066
-2.0485197505301813
-2.0453831612746822
-2.0414350441015965
-2.025541918528519
-2.0237640678881967
-2.0222835275301643
-2.0204314694667214
-1.9154831936606942
-1.908793970222129
-1.90314129070113
-1.8981904572672155
-1.8872055172103726
-1.881473133940007
-1.8748260055551584
-1.8672681127455815
-1.8580885196443164
-1.8491824759956397
-1.840116507760527
-1.8307175420104045
-1.8210936598719265
-1.8098108503115116
-1.800462042132853
-1.7913337587901248
-1.7825906032993561
-1.7645067838988877
-1.75758702661576
-1.751636913544207
-1.7467853688871393
-0.9632582190843306
-0.9565555107842745
-0.9477793978266608
-0.937207376750372
-0.9118776497297781
-0.9089689686087806
-0.9075824014998957
-0.906380501010642
-0.8980416789099209
-0.8947720523255586
-0.8900977500269752
-0.8851187818507363
-0.8820924368159772
-0.8631470480842586
-0.8627444132878239
-0.8620065367311364
-0.8605054144662118
-0.677815755002348
-0.6774154779741542
-0.6772508940904404
-0.6771112539952273
-0.5290799593595082
-0.5283728526772896
-0.5269332154147275
-0.525513127618406
-0.4533726503957253
-0.4492525430814503
-0.4427453808380615
-0.4377600634911287
-0.4050439146168635
-0.3854485949422503
-0.3712012746868008
-0.3691908072387066
-0.35700642794805376
-0.32001577196568465
-0.3170420994518476
-0.3071729102648785
-0.30304581198186786
-0.13501037777940791
-0.13196959438992786
-0.12020135572675526
-0.11155591869155979
-0.04404873947306351
-0.03568579946906442
-0.027614767736734585
-0.023370314051063237
-0.007115650196383691
0.02738559114693747
0.03980549007133785
0.04208539415101441
0.048463189196773414
0.12620860844404172
0.1276850823421478
0.1290049610169961
0.1299129490008521
0.28628678525200196
0.2866505329673699
0.2868631965982026
0.287167096384149
0.5943642512544624
0.5975225164744152
0.6014894746013032
0.6032191081744558
0.6156379687178531
0.6225896555727987
0.6296963986170474
0.632204767921078
0.6399358925187623
0.6700631870978329
0.6752479467162904
0.6820733615405032
0.686989319139467
0.7460510966338129
0.7481215318072738
0.7506153251498833
0.7525177977323088
1.2398886260222872
1.2515617997477197
1.2640524868239074
1.2763243694243465
1.2958509695350198
1.2990278318534179
1.300129463408997
1.3043182262262822
1.3123891990325123
1.3211454521927768
1.325703876245621
1.3314080139736224
1.3376315970343307
1.341676789891583
1.3441792678098132
1.3467012667247342
1.3496673666339039
1.38644902460433
1.3946075634870938
1.4068311163957954
1.4230800553310923
2.683391003721107
2.6970765110965753
2.7088755022645366
2.7181926506942196
2.725369804951707
2.7300803562265976
2.732227637996148
2.7335631276872903
2.7356772144627537
2.746003814575083
2.7494560930591474
2.7525661607267806
2.755650204640269
2.775576803380526
2.7785350166006837
2.781118887454474
2.783422103080181
2.8767420872828167
2.8776861408560364
2.8781874903500877
2.8788773661549927
2.8918536556225303
2.8937367101470053
2.895079282516951
2.897095554543342
2.9019688246336415
2.9067111244109123
2.90914906057889
2.9116673428019166
2.9149493045096806
2.9253402726455358
2.9283334541991017
2.930872340143713
2.9330437515426198
2.949458174857993
2.951176686373687
2.952418210882254
2.9532628413670294
-2.3967157302867923
-2.3927168384575337
-2.388720518175134
-2.3847117519055314
-2.3762628629394884
-2.37215754857488
-2.367988021529048
-2.3637646919955886
-2.3586323965512297
-2.354300224177184
-2.34999439269552
-2.3456837554744934
-2.34128767157444
-2.3363394407886187
-2.332158620861829
-2.3280018151002095
-2.323871707240993
-2.313802666360202
-2.3099083250182857
-2.305898345159531
-2.3017979257040473
-2.116837394181066
-2.109574491468379
-2.1027727192850825
-2.096450874773555
-2.083715378139422
-2.077237929700002
-2.07167618602265
-2.0668834947528785
-2.0607272868504385
-2.052159245443668
-2.0484562346262254
-2.045432318875334
-2.041421838348232
-2.025549329187553
-2.023749505636271
-2.022292838458125
-2.0204299149531395
-1.9154831939632921
-1.908793966843761
-1.9031413022823487
-1.8981904431131014
-1.8872055364040068
-1.8814731108818286
-1.874826018316611
-1.8672681092336316
-1.8580885195833392
-1.8491824765738787
-1.8401165074041437
-1.8307175421386517
-1.821093659842055
-1.8098108503155266
-1.8004620421325068
-1.7913337587900418
-1.7825906032993861
-1.7645067838988877
-1.7575870266157623
-1.7516369135442087
-1.746785368887142
-0.9632582190843313
-0.9565555107843199
-0.9477793978256859
-0.9372073767644303
-0.911876732370305
-0.9089844381728392
-0.907543157638808
-0.9064079452293997
-0.8980288202426883
-0.894790237719859
-0.8900840062773023
-0.8851286071342921
-0.8820881279530767
-0.8631852276760771
-0.8626759651429694
-0.8620401054376016
-0.8605022623393387
-0.6778154319010188
-0.6774180261155601
-0.6772468796871862
-0.6771130433589567
-0.5290905806798795
-0.5283514836877136
-0.5269494538719718
-0.5255076263733026
-0.4533827235029796
-0.44922680940661874
-0.442775415597997
-0.4377453225781711
-0.4050422366407104
-0.38547221764192824
-0.3707445487349495
-0.36966610419933066
-0.3569612114363274
-0.3201023958510387
-0.3169376346746264
-0.3072109762597365
-0.30303066507335336
-0.13501058625235254
-0.13196911332088151
-0.12020213338831533
-0.11155534725430978
-0.04404169190009574
-0.03573531090689964
-0.02745641487180415
-0.023500944920827847
-0.007098757542661282
0.02738076944335104
0.039793161513422375
0.04210669389261281
0.04845679417864912
0.12621815122018204
0.12765843483106923
0.12903333907073786
0.1299017043060228
0.2862896579754928
0.2866381348928942
0.2868765319762491
0.28716328635333904
0.5943877762135434
0.5974228612353857
0.6017901764909261
0.6029926576197603
0.6155517852218194
0.6229650425680588
0.6287930227875701
0.6329356452801135
0.639817031770934
0.6700864848729002
0.6752179052863402
0.6820880030463375
0.6869854551291055
0.7460510983665739
0.7481215393771372
0.7506153091633865
0.7525178052396073
1.2398886260336053
1.2515617993055346
1.2640524954382992
1.276324256175595
1.296017540342522
1.2981471133862115
1.3014278337796221
1.303581622409236
1.312713350959894
1.320569501322171
1.3266192337870915
1.3305723278838555
1.338823726498945
1.34030108683414
1.3450878276127545
1.3462695811843037
1.3496986796843649
1.3864490245342802
1.3946075635001516
1.4068311163955063
1.4230800553310916
2.683391003721107
2.697076511096523
2.708875502270525
2.7181926503065172
2.7253698222415994
2.7300799381009977
2.7322295148148417
2.7335609436777375
2.735677979241757
2.7460035488075323
2.749456537363264
2.7525658305979714
2.7556503014814595
2.775576788767047
2.778535044574787
2.7811188670860374
2.783422108468607
2.8767347453947765
2.8777481472221074
2.878107893389599
2.878902716608396
2.891822313984386
2.8938943435927906
2.8948946492324032
2.897163462441236
2.9019534809655028
2.906723708854853
2.9091386242899144
2.911670993593821
2.91494885958162
2.9253402823135213
2.928333448356308
2.930872341710979
2.9330437514077987
2.9494581748550237
2.9511766863792173
2.952418210877879
2.9532628413683955
-2.396715730286794
-2.392716838457535
-2.3887205181751354
-2.3847117519055216
-2.3762628629399027
-2.3721575485715514
-2.367988021544456
-2.363764691948395
-2.3586323967119176
-2.3543002237545823
-2.3499943935096677
-2.3456837542810254
-2.3412876729061245
-2.336339439423915
-2.3321586220469963
-2.3280018144363512
-2.3238717074456083
-2.3138026663256666
-2.3099083250417993
-2.305898345152851
-2.3017979257048014
-2.1168373941564114
-2.109574491989792
-2.102772715122265
-2.0964508883703843
-2.083715171947977
-2.0772391751598076
-2.071672356108688
-2.0668891350937013
-2.0607221856752287
-2.0521659854080028
-2.04845124164245
-2.0454308715375737
-2.041424119618336
-2.0255424543640346
-2.0237649120247783
-2.022281850917833
-2.020432031564549
-1.9154831945237032
-1.9087939635198177
-1.9031413089531852
-1.8981904387713493
-1.8872055323574883
-1.8814731227394383
-1.8748260054944876
-1.8672681170238332
-1.8580885163023062
-1.8491824777610724
-1.8401165071221706
-1.8307175421644637
-1.8210936598509573
-1.8098108503107693
-1.8004620421340976
-1.7913337587897342
-1.782590603299418
-1.7645067838988873
-1.7575870266157596
-1.7516369135442076
-1.7467853688871393
-0.9632582190843701
-0.9565555107838499
-0.9477793978298376
-0.9372073767307939
-0.9118776262582469
-0.9089707436130828
-0.9075764799547243
-0.9063854663830205
-0.8980366913919182
-0.8947803962968021
-0.8900901339327982
-0.8851251421546716
-0.8820894103089961
-0.8631857959039441
-0.8626742984303186
-0.862041375496163
-0.8605020732397828
-0.67781542143248
-0.6774181243044468
-0.677246710506127
-0.6771131248203778
-0.529085095928861
-0.5283622606866274
-0.5269417420647715
-0.5255100450257306
-0.45339644448851474
-0.44918624337554824
-0.4428338893049057
-0.43771103317440996
-0.40505181269549706
-0.38544160792816495
-0.37107481012819976
-0.36934350837921437
-0.35697816350970585
-0.3200899715608712
-0.31695246459679915
-0.3072053257344477
-0.30303298763811826
-0.13501144023307446
-0.13196787092770287
-0.12020264159741885
-0.11155529649185855
-0.04402473819753797
-0.03579954062897161
-0.027333260828031187
-0.023576856107431092
-0.00710088860989037
0.027398560032136997
0.03967114532762854
0.042231347270975605
0.04843860650733065
0.12619530814536006
0.12773455352183624
0.12894232142820639
0.12993943948763945
0.28629116663552995
0.286632294350872
0.2868827713939511
0.2871613788267604
0.5943273793219725
0.597796653591936
0.6006525513230055
0.6039849554741036
0.6149997229249046
0.6245226332971484
0.626967294152502
0.633735617218378
0.6396674989200123
0.6700901878442075
0.6752167257252304
0.6820862694129829
0.6869863603433686
0.7460509800452598
0.74812178240501
0.7506151241883563
0.7525178634811253
1.2398886260913213
1.2515617982371987
1.2640525079292488
1.2763241483682284
1.296115637638477
1.297885002657276
1.301960283716587
1.3031805392528366
1.3127648342676461
1.3205542641910566
1.326551687849285
1.3306966947347936
1.3384059627003868
1.3408079110595599
1.3447360827539976
1.3464866088801286
1.3496840122219926
1.3864490246510266
1.3946075634702633
1.4068311163967877
1.423080055331078
2.6833910037211073
2.697076511096519
2.7088755022703115
2.718192650346821
2.7253698195294267
2.730080018316426
2.732229124050818
2.7335614201918035
2.7356778003505764
2.7460036321192014
2.7494563859726586
2.75256595130002
2.755650263654442
2.7755767969943013
2.7785350280544754
2.7811188796155952
2.7834221050335475
2.8767540939317966
2.877611761302656
2.878299648611249
2.8788267637698906
2.891945240908191
2.8934126158706714
2.8955383614810444
2.8968357519969716
2.9020253041897703
2.9066547102180778
2.909201361376777
2.911646028788678
2.914952366240125
2.9253401209294725
2.928333591203848
2.930872278602819
2.933043763524531
2.949458174822777
2.95117668643295
2.952418210838318
2.9532628413801656
-2.3967157302867923
-2.3927168384575364
-2.388720518175139
-2.384711751905502
-2.376262862940541
-2.3721575485672273
-2.3679880215613514
-2.363764691904759
-2.3586323968320304
-2.3543002234936807
-2.3499943939172807
-2.3456837538119046
-2.341287673292508
-2.336339439178587
-2.332158622152585
-2.3280018144365306
-2.3238717074272555
-2.313802666336715
-2.309908325031976
-2.3058983451563724
-2.301797925704311
-2.1168373941319354
-2.1095744923116824
-2.1027727136669334
-2.0964508901821612
-2.083715232422165
-2.0772384925836245
-2.0716755113292735
-2.06688268574635
-2.0607313694659934
-2.05213386883232
-2.0485146733446458
-2.0453816660771134
-2.041437346469287
-2.025534962895968
-2.023779407327947
-2.0222726794264823
-2.020433594487074
-1.9154831942211075
-1.9087939668982004
-1.9031412973719832
-1.8981904529254399
-1.8872055131638203
-1.8814731457976188
-1.874825992733063
-1.8672681205357906
-1.858088516363287
-1.8491824771828347
-1.8401165074785553
-1.8307175420362174
-1.8210936598808283
-1.8098108503067596
-1.8004620421344442
-1.7913337587898188
-1.7825906032993892
-1.764506783898887
-1.7575870266157574
-1.7516369135442087
-1.746785368887142
-0.9632582190843685
-0.9565555107838061
-0.9477793978308072
-0.93720737671673
-0.9118785419086735
-0.9089547893787224
-0.9076150443192333
-0.9063591843883667
-0.898049493800677
-0.8947622443544468
-0.890103894070549
-0.8851153207729102
-0.8820937253392529
-0.8631477999905675
-0.8627427013938707
-0.862007670182375
-0.8605052234779385
-0.6778157445742571
-0.6774155797152444
-0.6772507246889717
-0.6771113320844034
-0.5290742078028157
-0.5283837629232219
-0.5269256030760376
-0.525515580360977
-0.4533864938243538
-0.44921209167169823
-0.44280389508388884
-0.43772549664503796
-0.4050534869128588
-0.38541782133696567
-0.37141369378260264
-0.36898598135662947
-0.35702361901211355
-0.32000253363767983
-0.31705771043291625
-0.3071672629131816
-0.30304816521000694
-0.13501123194887873
-0.13196835184421074
-0.12020186392405807
-0.11155586790419168
-0.044031853230590376
-0.03575088631150292
-0.027496725531911403
-0.0234401919056796
-0.007117777362512068
0.027403393142341154
0.03968192389497788
0.04221151050811852
0.04844507631648446
0.1261862681213771
0.12776325727628207
0.12891284624658925
0.1299492223147989
0.2862882453855675
0.2866441984549578
0.28686988460831647
0.28716528276201214
0.594305832075086
0.5979287431302626
0.6004538655326065
0.6040750244961337
0.6150691428195788
0.6238516358037118
0.6279078098600326
0.6332687942980504
0.6397974912466257
0.6700668691199093
0.6752467937317848
0.6820716265686343
0.6869902216908043
0.7460509783124875
0.748121774833779
0.7506151401754035
0.7525178559746524
1.2398886260800026
1.2515617986793846
1.2640524993148115
1.2763242616125292
1.2959222476103889
1.298573796605185
1.3006691884960402
1.304125778596546
1.3124418971629288
1.3211333406064183
1.3256547758985138
1.3315271866385794
1.3374061564991473
1.3421389405690198
1.3437596879647353
1.3468246238999995
1.3496517962585177
1.3864490247210748
1.3946075634572062
1.4068311163970744
1.4230800553310783
2.6833910037211073
2.697076511096573
2.708875502264323
2.7181926507345238
2.7253698022395962
2.730080436503466
2.732227248217634
2.733563603348433
2.7356770353780004
2.7460038979004726
2.7494559416760995
2.7525662814114256
2.755650166808866
2.775576811607884
2.7785350000804456
2.781118899983888
2.7834220996450902
2.8767622315461048
2.8775728126407016
2.878369092210596
2.878787713567491
2.891987315128769
2.893306915001521
2.8957118478150403
2.896716743551785
2.90204037405069
2.906642383184523
2.909211505987676
2.911642270385593
2.9149528088730796
2.9253401112617268
2.928333597046267
2.930872277035437
2.933043763659347
2.949458174825746
2.9511766864274187
2.9524182108426995
2.9532628413788014
