-2.9126888734615406
-2.907095663537277
-2.9017441821629797
-2.8970204174822807
-2.8932770966714214
-2.727644233406191
-2.7273154021536445
-2.727081287543906
-2.7263780065679852
-2.7255111445331623
-2.553269053388096
-2.5513059012199015
-2.549515664218904
-2.5495124840515717
-2.548760972179051
-2.383485536665696
-2.383063056665842
-2.3827351762631563
-2.3818010687500615
-2.3810682184821355
-2.2215489701525146
-2.220910561150122
-2.219947143491862
-2.2196426858813694
-2.2191807127212346
-2.0657944704619484
-2.065344844467516
-2.0649672825196213
-2.0639505518496737
-2.063549211030191
-1.919730696555035
-1.9175559520723804
-1.9172746085814225
-1.9168249183588326
-1.91655163474543
-1.7780804641253762
-1.7776357134851728
-1.7772339989013493
-1.7762207098680016
-1.7761542555071395
-1.648821009359234
-1.6467292815814254
-1.64565221743893
-1.6455111304883525
-1.645494419823367
-1.524075622077445
-1.5236423733825593
-1.5232422299246118
-1.5224625286377471
-1.52227811385451
-1.4132540393654651
-1.411353095054722
-1.4100277776522343
-1.4099301043081942
-1.4099199574373795
-1.3080892815960106
-1.3076000422458989
-1.3072787513929067
-1.3065667094675097
-1.306292286361613
-1.2177129385791683
-1.2160921268757834
-1.2147899471802264
-1.214649708718071
-1.2145577637044185
-1.1350165387548614
-1.1348453830664667
-1.1338647198246345
-1.1334126570197411
-1.1329589431034
-1.0690734582256158
-1.0679996898831798
-1.0661516810490106
-1.0635461233156025
-1.0620738928640658
-1.017171688014409
-1.0160612257432924
-1.004974770213155
-1.0020730571606504
-0.9998593014766778
-0.9696495149433335
-0.9677003194430248
-0.962534545788753
-0.9574284910694314
-0.9540736416370942
-0.9370629611883939
-0.9360303525002655
-0.9164431681949508
-0.9145435261408182
-0.9133513181432836
-0.9055031423833786
-0.9051625125865365
-0.8973701569140996
-0.8954959867987973
-0.8924845771124255
-0.8896318244213096
-0.8888415130299399
-0.8743667588664005
-0.8739143078654046
-0.8732586782570851
-0.8725792233634719
-0.8721434331711124
1.168518687158922
1.1692389976728377
1.1704489667500435
1.1720082924934558
1.1723843945139485
1.1812740558413684
1.1822385428216544
1.1869589050754572
1.1894019580537145
1.1933529927598154
1.197210200614127
1.1998615377837147
1.2128289939937986
1.21381986955191
1.2166794249814203
1.2197559081791745
1.2207087084106303
1.2432810391595182
1.2466576452881903
1.2492284269420049
1.2517416810916235
1.2524857923427684
1.2907100795262045
1.2921097614133743
1.2927771921850708
1.2972714329490511
1.2977047794167103
1.3470417256704978
1.3497955383115918
1.3517426210467582
1.352589251589956
1.3529202700446339
1.4201703938763643
1.4206515930066352
1.4212092024663305
1.4222660533276306
1.4224076883316916
1.5004287856489689
1.5028429857245535
1.5041724761301574
1.5042052858830843
1.5043392013494428
1.5976829008960811
1.5979422454422942
1.5986772479587759
1.5993139507216612
1.5995220612443877
1.7018126536413736
1.7042524496252454
1.7053000020145923
1.7053435475778793
1.7054486839145262
1.8216408679671559
1.821932162165896
1.8226220464781022
1.8235367015143784
1.823554109634552
1.9480820738231
1.9504173158419016
1.950590820324151
1.95096653413174
1.9513292935587958
2.087704628952321
2.0880111421729364
2.0886330086286478
2.089591575933839
2.0898201049361163
2.234958103437223
2.2354215588503723
2.2363296897284073
2.2368458356928933
2.2371767973548433
2.391293007269844
2.3915870165949653
2.392110868964345
2.3930074677775277
2.3934712070142092
2.5551418988440453
2.557070679790071
2.5589189333765816
2.559174451750843
2.5597998471136654
2.7282468855044604
2.7284777937070825
2.72884543862108
2.729530328058554
2.73008534362791
2.9039905884664674
2.9094560101033755
2.9150647804748697
2.920473901161658
2.925401463608293
-2.912688873461536
-2.9070956635372793
-2.9017441821629815
-2.8970204174822753
-2.8932770966714223
-2.7276442334061937
-2.7273154021536423
-2.7270812875439057
-2.7263780065679786
-2.725511144533165
-2.553269053388092
-2.551305901219902
-2.549515664218904
-2.549512484051573
-2.5487609721790516
-2.3834855366656975
-2.3830630566658413
-2.3827351762631586
-2.381801068750063
-2.3810682184821346
-2.2215489701525146
-2.2209105611501205
-2.2199471434918623
-2.21964268588137
-2.219180712721234
-2.0657944704619475
-2.065344844467516
-2.064967282519622
-2.0639505518496737
-2.0635492110301916
-1.9197306965550351
-1.9175559520723817
-1.917274608581424
-1.916824918358832
-1.9165516347454297
-1.7780804641253762
-1.7776357134851726
-1.7772339989013506
-1.776220709868002
-1.7761542555071403
-1.6488210093592335
-1.646729281581424
-1.6456522174389308
-1.6455111304883536
-1.6454944198233674
-1.5240756220774996
-1.5236423733823492
-1.5232422299248543
-1.5224625286375133
-1.52227811385466
-1.4132540393648962
-1.411353095063011
-1.4100277766399152
-1.4099301140736482
-1.4099199486765293
-1.3080892834352922
-1.307600032753405
-1.3072787624929414
-1.3065667027578867
-1.3062922896244162
-1.2177129389747183
-1.2160921222758925
-1.214790145432394
-1.214649269639833
-1.2145580087349237
-1.1350874601890186
-1.1347130308303564
-1.134021998144304
-1.1332302509155647
-1.1330455026707886
-1.0689633901747178
-1.0682278957554872
-1.065932824206396
-1.0637097021691888
-1.0620109582554182
-1.0171794298482495
-1.016053287016567
-1.0049486366431957
-1.0021417147022578
-0.9998150631793382
-0.9699083602377434
-0.9671720929483125
-0.9630366842512031
-0.9569595209318205
-0.9543230672622668
-0.9369294350686033
-0.9361563464772488
-0.916168027437599
-0.9151353153636377
-0.912990691206212
-0.905816309161267
-0.9048807178364465
-0.897416106875481
-0.8954231658480624
-0.8925569247340742
-0.8895170086729488
-0.8889200735038473
-0.8742422267557204
-0.8741162416343099
-0.8731041883429252
-0.872679579540814
-0.8721198547425741
1.1685266912074808
1.1692113081103348
1.1705090302164187
1.1718641872498465
1.1724911689664668
1.1812434826356248
1.1822604914450048
1.187063675872215
1.1891923050042679
1.193628625990171
1.19689553607246
1.2000307699922943
1.2124189658920936
1.2145254652087252
1.2162601319109059
1.219998233747783
1.2205702162477547
1.2432865534548765
1.2466370714393122
1.2492592118881576
1.2517062794387088
1.2525056259450136
1.2906863166661822
1.2922509331276173
1.2926504113820383
1.2973203663386925
1.297665209035153
1.3470426960978363
1.349788569096103
1.3517751931879616
1.3525305644321068
1.3529523863483048
1.4201696834811361
1.4206536946884776
1.4212071315225876
1.4222688125194785
1.4224056087830181
1.500428785650893
1.5028429857001553
1.5041724805473697
1.504205280601349
1.5043392022364432
1.597682900896105
1.5979422454422547
1.5986772479588156
1.5993139507216105
1.5995220612444176
1.7018126536413714
1.7042524496252445
1.7053000020145903
1.7053435475778855
1.7054486839145249
1.8216408679671576
1.8219321621658942
1.8226220464781047
1.8235367015143689
1.8235541096345576
1.9480820738230953
1.9504173158418994
1.9505908203241518
1.95096653413174
1.9513292935587958
2.0877046289523213
2.0880111421729337
2.0886330086286473
2.0895915759338353
2.0898201049361154
2.2349581034372177
2.2354215588503745
2.2363296897284077
2.236845835692888
2.237176797354845
2.3912930072698453
2.3915870165949658
2.3921108689643495
2.393007467777531
2.3934712070142097
2.5551418988440457
2.5570706797900677
2.558918933376577
2.559174451750842
2.5597998471136663
2.7282468855044626
2.728477793707079
2.7288454386210814
2.729530328058563
2.7300853436279127
2.9039905884664625
2.9094560101033746
2.91506478047487
2.920473901161659
2.925401463608293
-2.912688873461537
-2.9070956635372758
-2.901744182162981
-2.897020417482273
-2.8932770966714236
-2.7276442334061928
-2.727315402153641
-2.727081287543905
-2.726378006567978
-2.725511144533167
-2.5532690533880893
-2.5513059012199006
-2.5495156642189025
-2.549512484051575
-2.548760972179046
-2.3834855366656966
-2.3830630566658413
-2.382735176263157
-2.38180106875006
-2.381068218482135
-2.2215489701525146
-2.2209105611501228
-2.219947143491862
-2.219642685881369
-2.219180712721234
-2.065794470461948
-2.065344844467515
-2.064967282519622
-2.0639505518496737
-2.063549211030192
-1.919730696555035
-1.9175559520723808
-1.917274608581424
-1.916824918358833
-1.9165516347454299
-1.7780804641253765
-1.7776357134851728
-1.7772339989013497
-1.7762207098680014
-1.7761542555071395
-1.6488210093592346
-1.6467292815814252
-1.6456522174389296
-1.6455111304883558
-1.6454944198233654
-1.5240756220775573
-1.5236423733821276
-1.5232422299251065
-1.5224625286372713
-1.5222781138548138
-1.4132540393648105
-1.411353095064125
-1.410027776514058
-1.4099301152791388
-1.4099199475958635
-1.308089281117137
-1.307600044858983
-1.3072787482271588
-1.3065667115308985
-1.306292285329763
-1.217712939793545
-1.216092114108135
-1.214790454693132
-1.2146485881595714
-1.2145583883032063
-1.1350791286931248
-1.134733593377334
-1.1339947588704598
-1.1332711230936734
-1.133019638018386
-1.0691429883102377
-1.0677887506935828
-1.0663854722700854
-1.0633650794997818
-1.0621627689871784
-1.0169744925017354
-1.0163028642525247
-1.0043219603237836
-1.00304864010578
-0.9994820249622677
-0.9702840462374583
-0.9660405075157579
-0.9640815238643172
-0.9562424476044435
-0.9547677897376892
-0.9368194892685021
-0.9362591868340946
-0.9159874452536716
-0.9153903615498589
-0.9129047966511152
-0.9058551650778042
-0.904849944273586
-0.8974308805888819
-0.8954019313514578
-0.8925645168884339
-0.8895315448176767
-0.8889059231547559
-0.8743632340824028
-0.8739184034736334
-0.8732600481986901
-0.8725754679775316
-0.8721451451724332
1.1685598124882508
1.1691122246737111
1.1708556707155393
1.1713425778957067
1.1727525190847332
1.1808172078514227
1.1830159131128386
1.186094918901265
1.1904943025831387
1.1925391896315807
1.1976114091665988
1.1997038677496412
1.2125128715789286
1.2144514442208427
1.2162219677768826
1.220231615559724
1.2203726340424468
1.2432956826011536
1.2465957021654206
1.2493368127491444
1.251606213636962
1.2525604722466792
1.2906925201563832
1.292207345388485
1.2926900392212033
1.2973083048191663
1.2976750244229887
1.3470428716651068
1.3497871757093463
1.3517826207328172
1.3525181303952476
1.3529586107121945
1.420169118849378
1.4206553905901846
1.4212054455647782
1.422271145039333
1.422403830943387
1.5004287856627538
1.502842985512548
1.5041725199545533
1.5042052333089522
1.5043392102973996
1.597682900896118
1.5979422454422296
1.5986772479588394
1.5993139507215852
1.5995220612444285
1.7018126536413674
1.704252449625243
1.7053000020145874
1.7053435475778909
1.7054486839145264
1.8216408679671567
1.8219321621658922
1.8226220464781047
1.8235367015143729
1.823554109634553
1.948082073823098
1.9504173158418998
1.9505908203241558
1.9509665341317421
1.9513292935587971
2.0877046289523205
2.088011142172932
2.088633008628646
2.089591575933839
2.089820104936111
2.2349581034372186
2.2354215588503736
2.2363296897284064
2.2368458356928915
2.2371767973548446
2.391293007269846
2.391587016594962
2.3921108689643487
2.393007467777522
2.39347120701421
2.5551418988440475
2.5570706797900673
2.558918933376576
2.55917445175084
2.559799847113659
2.72824688550446
2.728477793707087
2.72884543862108
2.729530328058559
2.730085343627915
2.903990588466463
2.9094560101033733
2.9150647804748684
2.920473901161659
2.925401463608286
-2.9126888734615353
-2.9070956635372793
-2.901744182162984
-2.897020417482273
-2.8932770966714214
-2.727644233406193
-2.7273154021536468
-2.727081287543906
-2.726378006567972
-2.725511144533167
-2.553269053388096
-2.551305901219903
-2.549515664218904
-2.549512484051571
-2.5487609721790507
-2.3834855366656935
-2.383063056665839
-2.382735176263154
-2.3818010687500615
-2.3810682184821337
-2.2215489701525146
-2.2209105611501214
-2.219947143491862
-2.2196426858813703
-2.219180712721234
-2.065794470461949
-2.0653448444675164
-2.064967282519622
-2.063950551849675
-2.063549211030192
-1.919730696555035
-1.9175559520723808
-1.9172746085814234
-1.9168249183588328
-1.9165516347454297
-1.7780804641253751
-1.7776357134851721
-1.7772339989013493
-1.7762207098680023
-1.7761542555071388
-1.6488210093592357
-1.6467292815814254
-1.6456522174389305
-1.6455111304883556
-1.6454944198233654
-1.5240756220775027
-1.5236423733823377
-1.5232422299248638
-1.5224625286375055
-1.5222781138546642
-1.4132540393653812
-1.411353095055839
-1.410027777526382
-1.4099301055157405
-1.4099199563546567
-1.3080892792778174
-1.307600054350826
-1.3072787371277252
-1.3065667182404463
-1.306292282067126
-1.2177129393979995
-1.2160921187081422
-1.2147902577078615
-1.2146490289908782
-1.2145581402526175
-1.1349935437771255
-1.1348774991915365
-1.1338278407244122
-1.13345199347999
-1.1329473638989813
-1.0692095599103113
-1.0674897530773344
-1.0666955719322637
-1.0631919094296995
-1.062258340183198
-1.0169613482623656
-1.0163162040247644
-1.0043819591158405
-1.0029594615944555
-0.9995129245349834
-0.970124458216351
-0.9666978135784957
-0.9633940498206193
-0.9568056753398956
-0.9543811395495679
-0.9369850899250148
-0.9361010821896448
-0.9163603649734361
-0.914752918169515
-0.9132135958146155
-0.9055853402343734
-0.9050881132783584
-0.89738572130554
-0.8954743171590658
-0.892491786016644
-0.8896430973661071
-0.888830638010068
-0.8744250373667316
-0.8737141135538257
-0.8734553321284817
-0.8724920209154055
-0.8721761054852334
1.1685499911878021
1.1691379105007813
1.1707419366810032
1.171478634323397
1.17271123458134
1.1808335909007288
1.1830117086118106
1.18603750577368
1.190839238616889
1.1921281089810205
1.1979703448729588
1.1994398498714285
1.2130362639168533
1.2136327444188373
1.2166358999059792
1.2198751160694026
1.2206302186974491
1.2432901103688578
1.246615689312915
1.2493055410988587
1.2516390303532128
1.25254435493156
1.290716725960189
1.292080203822186
1.292802371616261
1.2972614089659151
1.2977125325844379
1.3470419009443995
1.3497941299767173
1.3517494194680084
1.3525757011400819
1.3529282551866222
1.420169826140047
1.4206532829047185
1.4212075240260504
1.4222683194586512
1.4224059784715628
1.500428785660837
1.502842985536948
1.504172515525026
1.5042052386027995
1.5043392094106116
1.5976829008960927
1.5979422454422683
1.5986772479587943
1.5993139507216354
1.5995220612443983
1.7018126536413676
1.704252449625243
1.7053000020145965
1.705343547577882
1.7054486839145264
1.821640867967156
1.8219321621658928
1.8226220464781036
1.8235367015143744
1.8235541096345582
1.9480820738231048
1.9504173158419005
1.950590820324154
1.950966534131744
1.9513292935587998
2.0877046289523222
2.0880111421729355
2.0886330086286478
2.0895915759338397
2.089820104936111
2.2349581034372212
2.2354215588503696
2.2363296897284086
2.2368458356928853
2.2371767973548438
2.391293007269842
2.3915870165949555
2.3921108689643438
2.393007467777534
2.3934712070142092
2.555141898844043
2.55707067979007
2.5589189333765816
2.5591744517508457
2.5597998471136667
2.7282468855044644
2.728477793707087
2.7288454386210828
2.7295303280585523
2.730085343627916
2.9039905884664607
2.909456010103374
2.91506478047487
2.920473901161662
2.925401463608293
-2.911288356636159
-2.9057201681963667
-2.9004894550629867
-2.8959807592129576
-2.8925261272025073
-2.72767241104388
-2.7272660080616777
-2.7270197479238676
-2.7265238550570468
-2.7247882656182383
-2.5528147012091646
-2.550804697648458
-2.5499353204143556
-2.549202571529914
-2.5488016166198175
-2.383518669288296
-2.3829845221001316
-2.382709303293958
-2.3819889858790106
-2.3803576435366818
-2.2221757157075896
-2.2207202862098394
-2.219998943315166
-2.2196882698939913
-2.2191548782359636
-2.0658263295423684
-2.065245163808058
-2.0649961154696275
-2.0641470148034533
-2.0630029464557573
-1.920313132127401
-1.918026448142202
-1.9172252519421473
-1.9166837925502342
-1.9166617944574784
-1.7781089869916913
-1.7775204733155545
-1.7773165629109327
-1.776406136633483
-1.7757947009665564
-1.6492858782717061
-1.647225304829278
-1.645691266927204
-1.6456702246514179
-1.6454340742700153
-1.5240990200071058
-1.5235263251166653
-1.5233566603864002
-1.5224428766888178
-1.5222615385944933
-1.413595968735082
-1.4118410296628792
-1.4102319620225232
-1.410007445773814
-1.4098797928887254
-1.3080935314284545
-1.3075767987943998
-1.3073097410388645
-1.3064818318865126
-1.3064501922436706
-1.2179479829209485
-1.2165326974600748
-1.2150012188607393
-1.2146666289721022
-1.214606805460981
-1.1350439386335174
-1.1348497390088288
-1.1338859765697316
-1.1334651728053748
-1.1329705936280463
-1.0691608581293268
-1.0681059533624664
-1.0661680214424045
-1.063748122351654
-1.0624019126406845
-1.017201253608927
-1.0160930215055946
-1.0049565833801397
-1.0022169916485988
-0.9998112049439407
-0.9697881120599436
-0.9677152572132688
-0.9625844619800578
-0.9575943664172493
-0.9543361929820103
-0.9370481857785791
-0.9360864290324465
-0.9164474216521077
-0.9149042040199638
-0.9131919468699651
-0.9056394336650253
-0.9051182505637285
-0.8977532655407535
-0.8959072206456012
-0.8931916005190145
-0.8897626712883476
-0.8890002770426171
-0.8743740018021396
-0.8739439061835275
-0.8732723245241578
-0.8726320738796788
-0.8722192248077522
1.1683979105619349
1.1690045685923418
1.1707234999663296
1.1714336379883101
1.1727065325525148
1.1806106922622133
1.1829756902261723
1.1856457398993234
1.190618803007069
1.1919643180817827
1.1976510836638403
1.1991033113429124
1.2130221322342538
1.2136457074524991
1.2166341520551691
1.2197927834510156
1.2205951880522856
1.2428696373366852
1.2458846899495843
1.2491979377649851
1.2519334883201552
1.252159376861435
1.2908415805182667
1.2917077004231299
1.2930676222374657
1.2971528381181707
1.2977515735460736
1.3465986622078323
1.3491246906133287
1.3517038237550283
1.3525889460349767
1.3527891651368584
1.420134231054062
1.4207742056909254
1.4211053316571567
1.4222626718963163
1.4224341027404166
1.4999007636518966
1.5022764177641756
1.5039988582455788
1.5042090930758873
1.5042605390036237
1.5975984599374657
1.5982347906177121
1.598377754695853
1.5994071329296244
1.599617605025293
1.701200390013628
1.7037119940698546
1.7052231419060364
1.7053033222896918
1.7054275726078763
1.821562585269717
1.8222485583188917
1.822319862743912
1.823406745601168
1.8239812787156469
1.9474089770659435
1.9499375450338083
1.950607879183881
1.9511166962631092
1.9512527835654527
2.0876331277565976
2.088341599281707
2.0883432215275004
2.0894236716238814
2.0904112634244756
2.2343041922584583
2.235585708078145
2.236510859758619
2.2365971130991142
2.2372365998673343
2.391230605291331
2.3918538545483954
2.391908176466246
2.392838554071324
2.394167164954018
2.555578974683363
2.5575780353769626
2.5587723349403104
2.5592590461959146
2.5597943276740427
2.728200853388985
2.7286569349658754
2.728735781268274
2.7293941560086217
2.7307363110331035
2.9053229827308122
2.910859066409244
2.9164479218451747
2.921760484768599
2.926531400890065
-2.9112883566361596
-2.9057201681963645
-2.9004894550629854
-2.895980759212956
-2.8925261272025096
-2.727672411043879
-2.727266008061679
-2.727019747923864
-2.7265238550570454
-2.724788265618236
-2.552814701209164
-2.5508046976484544
-2.5499353204143533
-2.5492025715299134
-2.5488016166198197
-2.383518669288296
-2.3829845221001316
-2.3827093032939572
-2.3819889858790106
-2.38035764353668
-2.2221757157075896
-2.2207202862098394
-2.2199989433151663
-2.2196882698939917
-2.219154878235964
-2.0658263295423676
-2.065245163808057
-2.064996115469628
-2.0641470148034538
-2.063002946455758
-1.9203131321274007
-1.9180264481422031
-1.9172252519421484
-1.9166837925502358
-1.9166617944574775
-1.7781089869916904
-1.7775204733155536
-1.777316562910934
-1.7764061366334827
-1.7757947009665567
-1.649285878271706
-1.6472253048292775
-1.6456912669272044
-1.645670224651418
-1.6454340742700153
-1.5240990200071456
-1.5235263251162645
-1.5233566603868294
-1.5224428766886258
-1.5222615385946199
-1.4135959687346888
-1.4118410296662016
-1.4102319619370085
-1.410007445970144
-1.409879792774978
-1.3080935332455066
-1.3075767871421522
-1.3073097544787176
-1.3064817872327563
-1.3064502332927717
-1.2179479822576649
-1.2165327011597162
-1.215001173764459
-1.2146668435213206
-1.2146066329717788
-1.1351104452136536
-1.1347186899713089
-1.1340518271558266
-1.1332921903358522
-1.1330422689468673
-1.0690448906792867
-1.068340954594226
-1.0659264899595329
-1.06394749057843
-1.0623249624125082
-1.0172199922570389
-1.0160703474885513
-1.0049788523800995
-1.0021898857552851
-0.9998196583048857
-0.9698477145225143
-0.9676068514357028
-0.9626737400500037
-0.957531552017231
-0.9543582435619687
-0.9370728035172189
-0.9360609112497098
-0.916536351485335
-0.9147018364107562
-0.9133168718320097
-0.905544011034401
-0.9052049732100206
-0.8977721255916665
-0.8958552844552422
-0.8932482270902545
-0.8896768416124217
-0.8890616246464534
-0.8742449406383058
-0.874146250744422
-0.8731154447470788
-0.8727407598012501
-0.8721938664397612
1.1683697650160265
1.16909355106832
1.170431369683352
1.1719830958947979
1.172365072555721
1.1810588854882877
1.1821322884664458
1.1866422880073593
1.189166043155904
1.1932300492138874
1.1968439713819954
1.199535838530189
1.2128038056341925
1.21386487775556
1.2166343143726048
1.219748114742872
1.2206222015894161
1.2428746467898377
1.2458708582439058
1.2492212564494758
1.2518508546063476
1.252227750682519
1.2908150196882637
1.2917638601227432
1.2930324534523705
1.2971715201896519
1.2977384435990074
1.3465985158260083
1.3491254695736414
1.3516991401976284
1.3526057767804827
1.3527763854474182
1.4201346807139668
1.4207717411862166
1.421107875332948
1.4222608392534861
1.4224354065599816
1.4999007636427226
1.5022764178472008
1.5039988554366381
1.5042091049347461
1.5042605298798475
1.5975984599374524
1.5982347906178433
1.5983777546957245
1.5994071329296633
1.5996176050252722
1.7012003900136337
1.7037119940698522
1.7052231419060382
1.7053033222896972
1.7054275726078796
1.821562585269721
1.822248558318891
1.8223198627439152
1.8234067456011698
1.823981278715648
1.9474089770659437
1.9499375450338106
1.9506078791838808
1.9511166962631072
1.9512527835654514
2.087633127756594
2.0883415992817085
2.0883432215274964
2.0894236716238797
2.0904112634244787
2.2343041922584574
2.235585708078143
2.2365108597586185
2.2365971130991125
2.237236599867332
2.3912306052913257
2.3918538545483896
2.391908176466237
2.3928385540713255
2.3941671649540135
2.5555789746833586
2.5575780353769635
2.558772334940307
2.559259046195918
2.5597943276740316
2.728200853388983
2.7286569349658727
2.728735781268271
2.7293941560086097
2.730736311033105
2.9053229827308193
2.9108590664092415
2.916447921845172
2.9217604847686003
2.9265314008900636
-2.911288356636158
-2.9057201681963623
-2.9004894550629876
-2.895980759212955
-2.892526127202503
-2.727672411043879
-2.727266008061678
-2.727019747923866
-2.7265238550570428
-2.724788265618237
-2.552814701209163
-2.550804697648457
-2.549935320414351
-2.5492025715299116
-2.5488016166198166
-2.383518669288296
-2.3829845221001307
-2.382709303293957
-2.3819889858790115
-2.380357643536683
-2.2221757157075896
-2.2207202862098416
-2.2199989433151677
-2.2196882698939926
-2.219154878235964
-2.065826329542368
-2.0652451638080573
-2.0649961154696284
-2.0641470148034533
-2.0630029464557578
-1.920313132127401
-1.9180264481422027
-1.917225251942148
-1.9166837925502345
-1.9166617944574775
-1.7781089869916904
-1.777520473315554
-1.7773165629109342
-1.776406136633484
-1.7757947009665564
-1.6492858782717077
-1.6472253048292773
-1.6456912669272055
-1.645670224651419
-1.6454340742700153
-1.524099020007193
-1.5235263251157878
-1.5233566603873396
-1.5224428766883988
-1.5222615385947684
-1.413595968734502
-1.4118410296677326
-1.4102319618982837
-1.410007446058841
-1.4098797927236613
-1.3080935337203479
-1.30757678406656
-1.307309758044491
-1.3064817751731335
-1.3064502443873716
-1.2179479827954576
-1.2165326977070297
-1.2150012232118428
-1.2146665993004786
-1.2146068306599969
-1.1351020855770924
-1.1347404568706516
-1.13402231077817
-1.133328392890208
-1.1330221747983487
-1.0692310194525365
-1.0678992976210455
-1.066408295883725
-1.0635363074938784
-1.0625101417728748
-1.0170343780630136
-1.0162986428475924
-1.0043899619087737
-1.0030443722313804
-0.9995034650058705
-0.970275193012798
-0.9666062010513121
-0.9635935037084624
-0.9568322616502546
-0.9547289817546808
-0.9369548561062747
-0.9361718716938925
-0.9162406299366082
-0.9152934405685866
-0.9129742162650192
-0.9058870178375783
-0.9048917505575818
-0.897824318188579
-0.8957978853205538
-0.8932685495285629
-0.889683704745433
-0.8890530443733113
-0.8743711075684524
-0.8739467101990499
-0.8732748784482365
-0.8726275006328876
-0.8722212457839468
1.168376839063695
1.1690700126522242
1.170487694809534
1.17183839780948
1.1724732252425727
1.1810312882427443
1.1821487472468015
1.186752841630749
1.188950291579169
1.1935318689595285
1.1965042961890135
1.1997051721582506
1.212418278665051
1.2145473683033992
1.2162213498049559
1.2199887934716307
1.2204788966528257
1.242883808193958
1.2458426576495882
1.2492727107644332
1.2517317212955505
1.2523146597727224
1.2907677130515234
1.2918832520849182
1.2929470564553305
1.2972237564419071
1.2976994953073993
1.3465994637838663
1.3491210438449872
1.3517235745832183
1.3525356416985819
1.3528255668105684
1.4201341291335976
1.4207747413258192
1.421104793976336
1.4222630218164831
1.422433856780421
1.4999007636441732
1.5022764178366421
1.503998855729879
1.50420910372984
1.504260530800625
1.5975984599374553
1.5982347906178493
1.598377754695717
1.5994071329296704
1.5996176050252644
1.7012003900136266
1.7037119940698524
1.705223141906036
1.7053033222896932
1.7054275726078771
1.82156258526972
1.8222485583188957
1.822319862743915
1.823406745601172
1.8239812787156466
1.9474089770659437
1.949937545033806
1.9506078791838786
1.951116696263106
1.95125278356545
2.087633127756593
2.0883415992817116
2.0883432215274964
2.089423671623883
2.0904112634244774
2.2343041922584517
2.235585708078143
2.2365108597586154
2.236597113099112
2.237236599867334
2.3912306052913297
2.3918538545484047
2.391908176466246
2.3928385540713255
2.394167164954016
2.5555789746833657
2.557578035376962
2.5587723349403073
2.5592590461959146
2.559794327674035
2.728200853388981
2.7286569349658727
2.7287357812682695
2.7293941560085955
2.730736311033105
2.9053229827308114
2.9108590664092446
2.916447921845175
2.921760484768596
2.926531400890068
-2.9112883566361596
-2.905720168196364
-2.900489455062986
-2.895980759212957
-2.892526127202509
-2.7276724110438813
-2.727266008061683
-2.727019747923866
-2.726523855057043
-2.7247882656182365
-2.552814701209164
-2.550804697648453
-2.549935320414355
-2.54920257152991
-2.548801616619819
-2.3835186692882964
-2.3829845221001316
-2.3827093032939564
-2.381988985879008
-2.3803576435366813
-2.2221757157075896
-2.220720286209839
-2.219998943315166
-2.2196882698939913
-2.2191548782359636
-2.0658263295423693
-2.0652451638080587
-2.064996115469627
-2.064147014803453
-2.0630029464557578
-1.9203131321274016
-1.918026448142202
-1.9172252519421469
-1.916683792550234
-1.9166617944574775
-1.7781089869916913
-1.7775204733155545
-1.7773165629109346
-1.7764061366334833
-1.775794700966557
-1.6492858782717073
-1.6472253048292786
-1.6456912669272037
-1.6456702246514183
-1.6454340742700146
-1.524099020007154
-1.5235263251161886
-1.52335666038691
-1.5224428766885898
-1.5222615385946408
-1.4135959687348953
-1.41184102966441
-1.4102319619837993
-1.4100074458625094
-1.409879792837408
-1.3080935319033027
-1.3075767957190685
-1.3073097446043889
-1.3064818198580561
-1.3064502033070868
-1.2179479834587388
-1.2165326940073604
-1.215001268287912
-1.2146663833919356
-1.2146070045287654
-1.1350237699244525
-1.1348797183569141
-1.1338443476848383
-1.1335078619397292
-1.1329597220305252
-1.069299722789931
-1.0676049024278313
-1.0667232927403196
-1.0633055387450066
-1.0626516852191397
-1.01700354395571
-1.0163333308556297
-1.0043460026342128
-1.0030902911869477
-0.9994979711180446
-0.9702394994094321
-0.9667217547693997
-0.9634817718315123
-0.9568989271058979
-0.9546944735480306
-0.9369223933792726
-0.9362052352775021
-0.9160148016175269
-0.9155902464799643
-0.9128914088140889
-0.9059305197677365
-0.9048572846658139
-0.8978068216792986
-0.89584933139427
-0.893211125873118
-0.8897679723852917
-0.8889931910328506
-0.8744317133263779
-0.8737584915411615
-0.8734571846154856
-0.8725382929985138
-0.8722560290055412
1.1684063657828607
1.1689823657760896
1.1708383867756067
1.1712945440215234
1.1727478661750361
1.1805950448674096
1.1829740681867948
1.1857098432097157
1.1902686896392654
1.1923882733748168
1.1972763000940063
1.1993723395515066
1.2125192108001344
1.2144324364792052
1.2162363444435536
1.2200606957635423
1.2204228063621156
1.2428787460111324
1.2458563451664462
1.2492488852705703
1.2517831224476685
1.2522782222525808
1.2907901625954616
1.291825600323444
1.2929877404734087
1.2972025425183888
1.2977152452215353
1.3465996104043108
1.3491202682994234
1.3517286082854099
1.3525236600244146
1.3528331436305059
1.420133681159225
1.4207772456357057
1.4211022101732937
1.4222648849789619
1.4224325210777538
1.4999007636533508
1.5022764177536174
1.5039988585388315
1.504209091871377
1.5042605399239948
1.5975984599374666
1.5982347906177194
1.598377754695844
1.599407132929637
1.5996176050252875
1.701200390013628
1.7037119940698546
1.7052231419060375
1.705303322289696
1.705427572607881
1.8215625852697237
1.8222485583188934
1.8223198627439186
1.8234067456011671
1.8239812787156429
1.9474089770659442
1.949937545033807
1.9506078791838846
1.9511166962631101
1.9512527835654545
2.0876331277565976
2.08834159928171
2.088343221527501
2.089423671623882
2.0904112634244782
2.2343041922584574
2.2355857080781463
2.2365108597586216
2.23659711309911
2.2372365998673325
2.391230605291324
2.391853854548396
2.39190817646624
2.3928385540713237
2.3941671649540175
2.555578974683357
2.5575780353769617
2.558772334940313
2.5592590461959146
2.559794327674036
2.7282008533889845
2.7286569349658736
2.7287357812682735
2.7293941560085995
2.730736311033102
2.9053229827308136
2.910859066409246
2.916447921845176
2.921760484768598
2.926531400890067
-2.9098855877720515
-2.9043656678725904
-2.8992801003349284
-2.895007641437091
-2.8918545021614896
-2.7276333902388865
-2.7274294728529633
-2.7266977913049164
-2.7266237772361097
-2.7239528125208956
-2.552326176192467
-2.5504399773366053
-2.5503297048839815
-2.548966919306123
-2.548941277291754
-2.3834643075532074
-2.383203853371691
-2.3822547089091315
-2.3822190686120557
-2.379588463286731
-2.222824240593118
-2.220483434818023
-2.2204436563770695
-2.2194622723413033
-2.219220041216661
-2.065763863071119
-2.0654885291718057
-2.064568676340504
-2.0643959078903036
-2.062467707497427
-1.9208547138824903
-1.9185606194989877
-1.9171192904508672
-1.9168659170010005
-1.9165778221958212
-1.778042853952771
-1.777770981914386
-1.776945591922356
-1.776651899307784
-1.7755014834704566
-1.6496640219401588
-1.6477587050068518
-1.6459378068302226
-1.645665460735551
-1.6453913042266737
-1.5240301052803193
-1.5237743681665477
-1.5230440590697856
-1.5226736638649605
-1.5221620994688714
-1.4138220412559392
-1.4123428057388274
-1.410527429801158
-1.4100218196332734
-1.409863729975556
-1.308005264258526
-1.307814322665623
-1.307049182406796
-1.3066657607878498
-1.3065178768793417
-1.2180586784155925
-1.216972686398334
-1.2152880153738799
-1.2147023837636994
-1.2146017749109155
-1.1350839514955202
-1.1348568263213363
-1.1339170531831162
-1.1335458905191933
-1.1329969818741734
-1.069224828366927
-1.0682261435703897
-1.0662275462835404
-1.063941471912201
-1.0626114544768808
-1.0172019668169117
-1.0161770177726661
-1.0049157481577595
-1.0024695625274636
-0.9997160203964292
-0.9701058000566543
-0.9672820548038461
-0.9631577573326484
-0.9574234672497587
-0.9546039040429973
-0.936893032867628
-0.9363021001611935
-0.9162431890453892
-0.9156358801122432
-0.91289309766177
-0.9060073355773304
-0.904852216235219
-0.898113819457252
-0.8962290723370056
-0.8938898553637193
-0.8899569580274074
-0.8891401124109408
-0.8743848713583994
-0.8739795745951434
-0.8732925322416168
-0.8726604624959896
-0.8722906927610591
1.1682483670044896
1.1688530259187697
1.1708138812134519
1.171231096424171
1.1727452891075711
1.18032449626589
1.1828849218459376
1.1853877012419431
1.1900236531171726
1.1922486399032175
1.1969809067040504
1.199036654568911
1.212509480508025
1.2144237673052363
1.2162194855656847
1.2198324829176876
1.2204091502350496
1.2428192590935891
1.2449565510842235
1.2491665225940722
1.2516145774171314
1.2522566488821851
1.2908138684370047
1.2917286679286095
1.2930208897032989
1.29721082383077
1.2976034706523627
1.346378427904596
1.3483823416051521
1.3516141531298629
1.352324503005238
1.3528841544601122
1.420207125693152
1.420544629999314
1.4213428330997895
1.4221026011373203
1.4224651238052315
1.4994889743959758
1.5016598527147864
1.5037220476705806
1.504152346419035
1.5042957638480359
1.5976129967838393
1.5980941102874433
1.598583384627979
1.5992163366600518
1.5998256915205815
1.7006636922104104
1.7031050618964478
1.7050567908061953
1.7052173008610223
1.7054900195525577
1.8215828910723249
1.8220394713789998
1.8226385252953752
1.8231892674282026
1.8243753350715906
1.9467612200052102
1.9493741883880855
1.9506892286666078
1.9510784314329455
1.9512423101387883
2.0876562426065166
2.0880777532688573
2.0887637507709025
2.0891950377151605
2.0910095762321603
2.233615456491758
2.235803970571303
2.2360775268630717
2.236840269608356
2.237206473868247
2.3912529478674656
2.391620241027582
2.3923325596602023
2.3926214131027246
2.3949302339938012
2.556055895781157
2.55806495160225
2.5582817224105665
2.559525440836605
2.559688416495688
2.7282179469709233
2.728486323504374
2.7290871255172013
2.729226479630693
2.7314888646150792
2.906682044364687
2.9122651823790453
2.9178134732134104
2.92301289199521
2.927614694706556
-2.909885587772048
-2.904365667872593
-2.899280100334935
-2.89500764143709
-2.8918545021614883
-2.727633390238889
-2.727429472852967
-2.7266977913049097
-2.7266237772361066
-2.7239528125208947
-2.5523261761924663
-2.550439977336605
-2.550329704883979
-2.548966919306121
-2.5489412772917572
-2.3834643075532087
-2.383203853371692
-2.3822547089091333
-2.3822190686120535
-2.379588463286731
-2.222824240593118
-2.2204834348180236
-2.22044365637707
-2.2194622723413038
-2.2192200412166616
-2.0657638630711195
-2.065488529171806
-2.0645686763405053
-2.0643959078903036
-2.0624677074974276
-1.92085471388249
-1.9185606194989864
-1.9171192904508667
-1.9168659170010016
-1.9165778221958225
-1.7780428539527708
-1.7777709819143868
-1.776945591922356
-1.7766518993077831
-1.7755014834704572
-1.6496640219401608
-1.6477587050068518
-1.6459378068302224
-1.6456654607355508
-1.6453913042266735
-1.524030105280396
-1.5237743681663927
-1.5230440590700138
-1.5226736638647673
-1.5221620994689131
-1.4138220412556424
-1.412342805740325
-1.4105274297886734
-1.410021819669624
-1.4098637299504864
-1.3080052612628905
-1.3078143277409342
-1.3070491745927455
-1.3066657744970023
-1.306517868904564
-1.21805867790606
-1.2169726882242238
-1.215288005737356
-1.2147024239390516
-1.2146017430557923
-1.13514512595394
-1.1347253953655259
-1.1340991145419865
-1.1333737816928606
-1.1330572868192512
-1.069100501503793
-1.068465681678175
-1.0659815288701895
-1.0641497634095145
-1.062533901656656
-1.0172139067751809
-1.0161634067981302
-1.0049139893952064
-1.0024828789951608
-0.9997053932056171
-0.970164281395127
-0.9671500136424034
-0.9632667119162354
-0.9573744133384914
-0.954615962368526
-0.9369769642883374
-0.9362171243511809
-0.9166219061677716
-0.9150142322714203
-0.9131860170731351
-0.9057030420331539
-0.90512604945567
-0.8980867725188059
-0.8962168775733865
-0.8939303883927027
-0.8898966172856909
-0.8891833197420113
-0.8742466243149231
-0.8741859554454577
-0.8731431763721362
-0.8727696458768502
-0.8722624973850768
1.1682410621502441
1.1688725113738239
1.1706951480185053
1.171375035456137
1.1727041900215445
1.1803393754008413
1.1828931516335437
1.1853153133208207
1.1903730004609132
1.1918184514294548
1.1973834595258814
1.1987505152382207
1.2129852175889793
1.2136740838838451
1.2165913428882162
1.2196736564854287
1.2204872774296847
1.2428262738933726
1.2449422373621777
1.2491906727186843
1.2515669995055048
1.252287582467695
1.2908537801679651
1.2916442647929203
1.293075845300119
1.2971619988210448
1.2976418349631735
1.346377319576389
1.34838565212863
1.351595165473897
1.3523550434219131
1.3528703966621627
1.420208144182071
1.4205426282789442
1.4213447705838909
1.4221008817246052
1.4224658889790502
1.499488974394677
1.5016598527206495
1.5037220476200994
1.5041523465556337
1.5042957637573413
1.5976129967838393
1.5980941102874673
1.5985833846279582
1.5992163366600545
1.5998256915205802
1.700663692210413
1.7031050618964476
1.705056790806199
1.70521730086102
1.7054900195525622
1.8215828910723242
1.8220394713789991
1.8226385252953774
1.8231892674282046
1.8243753350715926
1.9467612200052113
1.9493741883880864
1.9506892286666093
1.9510784314329426
1.951242310138786
2.0876562426065157
2.0880777532688555
2.0887637507709043
2.089195037715163
2.0910095762321608
2.233615456491756
2.2358039705713053
2.2360775268630717
2.236840269608356
2.237206473868247
2.3912529478674602
2.3916202410275766
2.392332559660207
2.392621413102732
2.394930233993796
2.556055895781154
2.558064951602249
2.5582817224105696
2.5595254408366044
2.559688416495696
2.728217946970918
2.728486323504372
2.729087125517196
2.729226479630694
2.731488864615079
2.9066820443646897
2.912265182379048
2.917813473213414
2.9230128919952154
2.9276146947065538
-2.9098855877720484
-2.904365667872591
-2.8992801003349338
-2.8950076414370907
-2.891854502161489
-2.727633390238889
-2.7274294728529633
-2.7266977913049097
-2.7266237772361066
-2.723952812520896
-2.552326176192467
-2.550439977336603
-2.5503297048839793
-2.548966919306123
-2.5489412772917506
-2.383464307553209
-2.383203853371693
-2.382254708909133
-2.382219068612055
-2.37958846328673
-2.222824240593118
-2.220483434818024
-2.2204436563770695
-2.219462272341304
-2.219220041216661
-2.0657638630711195
-2.065488529171806
-2.064568676340506
-2.064395907890304
-2.062467707497428
-1.92085471388249
-1.9185606194989862
-1.9171192904508674
-1.9168659170010007
-1.916577822195821
-1.7780428539527708
-1.777770981914387
-1.776945591922356
-1.7766518993077838
-1.775501483470457
-1.6496640219401602
-1.6477587050068512
-1.6459378068302213
-1.645665460735551
-1.645391304226673
-1.5240301052804819
-1.5237743681662252
-1.5230440590702587
-1.522673663864556
-1.5221620994689584
-1.413822041255543
-1.4123428057408094
-1.4105274297847938
-1.4100218196808056
-1.409863729942799
-1.3080052626246335
-1.307814325418599
-1.307049178262869
-1.3066657679744014
-1.3065178727176332
-1.2180586772303146
-1.2169726905441756
-1.2152879941206438
-1.214702471690659
-1.214601705276558
-1.1351370207394176
-1.1347485737912357
-1.1340666212799437
-1.133407291826789
-1.133041196014534
-1.0693051568506922
-1.0679975902469099
-1.0664961191529847
-1.0636960214851425
-1.0627367523999507
-1.0170189801345435
-1.0163971030809407
-1.0042899123098032
-1.003305999767728
-0.9994612326765441
-0.9703951968705468
-0.9665416598715715
-0.963788777645073
-0.957129756818358
-0.9547206720102971
-0.9370271763402768
-0.9361662320945006
-0.9167067683500401
-0.9148283195664367
-0.9133000645516073
-0.9056171474129509
-0.9052001530842075
-0.8981078474967575
-0.896181073036384
-0.8939469865532729
-0.8899017548038985
-0.889177035051727
-0.8743825599575072
-0.8739812547371261
-0.8732959944408552
-0.8726550780897759
-0.8722931693294491
1.1682157181669843
1.1689525046261453
1.1703990746537811
1.1719381933979596
1.1723555771583112
1.1807832781687413
1.1820018327471384
1.1863891698594755
1.1889057015091338
1.1931131078567554
1.1965128749149083
1.199209740959673
1.2127984512090149
1.2138490700115605
1.2166184312090245
1.2195967045030938
1.2205331194482854
1.2428385828266844
1.2449170313446078
1.2492352172765329
1.2514854239135593
1.2523377838981948
1.290807622728172
1.291737542129143
1.2930194708649414
1.2972009599703858
1.2976120965696756
1.3463772105763985
1.3483860446653964
1.3515924169699578
1.3523598518240225
1.3528680535966326
1.4202089837317575
1.4205409804010865
1.4213463812850262
1.4220994365489716
1.422466531789162
1.4994889743861495
1.5016598527679315
1.5037220470992272
1.5041523480534746
1.504295762741607
1.5976129967838137
1.5980941102875488
1.5985833846278648
1.59921633666011
1.5998256915205704
1.7006636922104097
1.7031050618964505
1.705056790806194
1.7052173008610227
1.7054900195525566
1.8215828910723233
1.8220394713789971
1.8226385252953732
1.8231892674282006
1.8243753350715897
1.9467612200052116
1.9493741883880904
1.9506892286666078
1.9510784314329468
1.9512423101387895
2.087656242606515
2.0880777532688555
2.0887637507709043
2.089195037715163
2.09100957623216
2.2336154564917563
2.2358039705713018
2.2360775268630677
2.2368402696083516
2.2372064738682433
2.391252947867458
2.391620241027582
2.392332559660197
2.3926214131027286
2.3949302339937977
2.55605589578116
2.5580649516022507
2.5582817224105683
2.5595254408366057
2.5596884164956992
2.7282179469709202
2.728486323504373
2.729087125517196
2.7292264796306895
2.731488864615078
2.9066820443646826
2.912265182379044
2.9178134732134096
2.9230128919952096
2.927614694706553
-2.9098855877720484
-2.9043656678725966
-2.8992801003349307
-2.895007641437086
-2.891854502161488
-2.7276333902388856
-2.7274294728529638
-2.726697791304914
-2.7266237772361093
-2.723952812520894
-2.5523261761924676
-2.550439977336603
-2.5503297048839824
-2.548966919306125
-2.5489412772917546
-2.383464307553208
-2.3832038533716906
-2.3822547089091333
-2.3822190686120543
-2.3795884632867295
-2.222824240593118
-2.220483434818025
-2.2204436563770713
-2.2194622723413033
-2.219220041216661
-2.065763863071119
-2.065488529171805
-2.0645686763405062
-2.064395907890305
-2.0624677074974276
-1.9208547138824899
-1.9185606194989868
-1.9171192904508678
-1.9168659170010016
-1.9165778221958212
-1.7780428539527693
-1.7777709819143859
-1.7769455919223567
-1.7766518993077842
-1.775501483470457
-1.6496640219401595
-1.6477587050068516
-1.6459378068302213
-1.6456654607355519
-1.6453913042266728
-1.5240301052804046
-1.5237743681663805
-1.5230440590700316
-1.5226736638647527
-1.522162099468916
-1.4138220412558398
-1.4123428057393115
-1.4105274297972799
-1.4100218196444558
-1.409863729967868
-1.308005265620207
-1.3078143203433392
-1.3070491860767908
-1.3066657542647786
-1.3065178806930218
-1.2180586777398472
-1.2169726887182926
-1.2152880037576577
-1.2147024315439683
-1.214601737102524
-1.1350669917472151
-1.1348844251340937
-1.1338669582506637
-1.1335953006468236
-1.1329870268929025
-1.0693742797629264
-1.0677073206551853
-1.066808457387204
-1.0634459880530776
-1.062895661765362
-1.0169979490228689
-1.016419774680582
-1.0042985812262486
-1.0032878782862482
-0.9994697865395789
-0.9703491593790265
-0.9666918745475815
-0.9636523469729823
-0.9571779553311972
-0.9547063270269938
-0.9369553256211645
-0.9362391292712017
-0.9164260727304868
-0.9153871679551883
-0.9129723211024084
-0.9059645820079697
-0.904882761147729
-0.8981345795779374
-0.8961941137869405
-0.8939059678714298
-0.8899613416274739
-0.8891345532276519
-0.8744419722998861
-0.8738104030797259
-0.8734607548163764
-0.8725599116789278
-0.8723352487586139
1.1682219723139107
1.1689320077682204
1.1704528097033635
1.1717978481764701
1.1724600612125085
1.1807589821622388
1.1820123672883
1.186510403090327
1.1886795951410092
1.1934440044278563
1.196141556337943
1.1993827256925214
1.212418178199528
1.214507257016125
1.2162393454574174
1.2197427606306164
1.2204708833051934
1.2428314411399317
1.244931373595785
1.2492103602735938
1.2515281578780675
1.2523124995136086
1.290773455032987
1.2918218949544962
1.2929589360417983
1.2972586743973833
1.297564728342473
1.3463783186689904
1.3483827334962326
1.351611233140522
1.3523292926429216
1.3528820025257073
1.4202079571226927
1.4205429864971375
1.4213444437772393
1.4221011551271483
1.422465771218031
1.4994889743874527
1.5016598527620717
1.503722047149706
1.5041523479168735
1.5042957628323008
1.5976129967838202
1.5980941102875248
1.5985833846278819
1.5992163366600984
1.599825691520569
1.7006636922104106
1.7031050618964456
1.7050567908061947
1.7052173008610187
1.705490019552557
1.821582891072326
1.822039471379001
1.822638525295377
1.8231892674282033
1.8243753350715912
1.9467612200052087
1.9493741883880862
1.9506892286666075
1.9510784314329475
1.9512423101387901
2.0876562426065153
2.088077753268857
2.0887637507709047
2.089195037715164
2.0910095762321634
2.2336154564917603
2.2358039705713044
2.2360775268630704
2.2368402696083516
2.2372064738682433
2.391252947867458
2.3916202410275798
2.3923325596602067
2.3926214131027326
2.3949302339937955
2.556055895781159
2.558064951602254
2.5582817224105656
2.559525440836608
2.5596884164956872
2.7282179469709193
2.728486323504374
2.7290871255172076
2.729226479630691
2.7314888646150823
2.9066820443646844
2.912265182379044
2.9178134732134104
2.923012891995212
2.9276146947065564
-2.90848610849867
-2.9030382891219637
-2.8981219152163584
-2.8941052329368344
-2.8912636501933626
-2.7275594880827665
-2.7275173474384093
-2.7268877244138947
-2.7261221987203736
-2.723005699619684
-2.551818176889828
-2.5510165553037374
-2.549895485932184
-2.5491792847218715
-2.548817505887845
-2.383376061827873
-2.3833141482394056
-2.3824738774722154
-2.3817046924640546
-2.3787789626716895
-2.2234709673587796
-2.2209654138998314
-2.220219009402837
-2.219382108464928
-2.219287648182988
-2.065677366788283
-2.0656029663616784
-2.0646766929799574
-2.064079333830227
-2.0619720457136275
-1.9213255172952441
-1.9191371391676237
-1.9171655257806304
-1.9169780662835683
-1.9165279461499485
-1.7779636046330372
-1.77788258366367
-1.776936024100507
-1.7765483762274925
-1.77530472932804
-1.6499267767998869
-1.6483010891829661
-1.6462942732284298
-1.6455970341104003
-1.6454054215838996
-1.5239635752067284
-1.5238735662515424
-1.5229496016719666
-1.522733939927619
-1.5221899011001068
-1.413909778469569
-1.4128252911531798
-1.4109057200283783
-1.4099869761495716
-1.4099060227373554
-1.3079932435244548
-1.307834883830056
-1.307012761771822
-1.3067278987189983
-1.3066940313604112
-1.2180304222837657
-1.2173775699637752
-1.2156475586968734
-1.2146883323283184
-1.2146502135660366
-1.1351359726401926
-1.13487668501257
-1.1339723441565104
-1.1336366367586719
-1.1330439523549607
-1.0692694335677193
-1.0683548907922302
-1.0663381526327702
-1.0640765165838313
-1.062738819972844
-1.0172271333399887
-1.0162279819031348
-1.0051123300640232
-1.0024256288367916
-0.999763846960909
-0.9700720787475784
-0.9675234149884056
-0.9631910477109806
-0.957734590707241
-0.9545023358619782
-0.9369704546707227
-0.9363006148817888
-0.9167804711658958
-0.9153414042498572
-0.9130269231758916
-0.9060276951820994
-0.904881821223935
-0.898359001510559
-0.8965279915015356
-0.8945441171862444
-0.8902140309781115
-0.8892796561050771
-0.8744010398336374
-0.8740190257980135
-0.8733101848625702
-0.8726780948736176
-0.8723534312296276
1.1680686813854424
1.1687922861200553
1.1703990649925562
1.1717488097378277
1.1724460894611883
1.1804108549179115
1.1818546885265167
1.1863356314699456
1.1883960745724893
1.1933553310016207
1.1958210495995272
1.1990790192219407
1.2123726568431696
1.2144713295540213
1.2162223758345598
1.2193790003390181
1.220456851351219
1.2430992733113357
1.2441007476838772
1.2487890480387533
1.2514937331336724
1.2522531809557476
1.2906751277267259
1.2920654957443551
1.292685452385252
1.2972024074976707
1.2974800713997987
1.3464018839851513
1.3476651879286965
1.3511597887946558
1.3523625660463932
1.3528672048498072
1.4202971380916596
1.420405499535457
1.4214108221360313
1.4220864111270797
1.4223300394734313
1.4992312612120304
1.5010299504350568
1.5033337741589778
1.5041596957343846
1.5042822651895944
1.597729683855378
1.5978544924700966
1.598949266794821
1.598971900526683
1.5998995540265084
1.7002414203906764
1.7024604000874806
1.7047050775299584
1.7052648925223122
1.7055047771783216
1.8217068922381296
1.821805756068792
1.8229201831576127
1.8230778382651722
1.8246821901703973
1.9461737310676974
1.9487471818205484
1.9507999030801468
1.950816100900549
1.9513201156681634
2.0877815257927446
2.0878583381783105
2.088924436976854
2.089263060984662
2.091585720868596
2.2329168706811595
2.2355552798574077
2.2360584888283417
2.2370394984180906
2.237077718388481
2.3913696111377587
2.391427786835063
2.3923728755964038
2.392856080955545
2.3957440988533327
2.556558171311703
2.5577119650647484
2.5585165963579475
2.559481233391284
2.559708323235232
2.7283075142875
2.7283457393979518
2.729039444328882
2.729536055213285
2.732341572739245
2.9080617150564763
2.9136688501090755
2.919156892550903
2.9242276308329203
2.928648831380587
-2.908486108498671
-2.9030382891219633
-2.8981219152163584
-2.8941052329368344
-2.891263650193361
-2.727559488082767
-2.727517347438409
-2.726887724413898
-2.726122198720372
-2.723005699619681
-2.5518181768898276
-2.5510165553037387
-2.5498954859321827
-2.54917928472187
-2.5488175058878437
-2.3833760618278776
-2.383314148239408
-2.3824738774722185
-2.381704692464058
-2.378778962671689
-2.2234709673587796
-2.220965413899832
-2.2202190094028365
-2.2193821084649272
-2.219287648182987
-2.065677366788281
-2.065602966361678
-2.0646766929799574
-2.0640793338302266
-2.0619720457136275
-1.9213255172952446
-1.919137139167624
-1.91716552578063
-1.916978066283568
-1.9165279461499483
-1.777963604633039
-1.7778825836636716
-1.7769360241005057
-1.7765483762274912
-1.7753047293280406
-1.6499267767998855
-1.6483010891829655
-1.6462942732284298
-1.6455970341103998
-1.6454054215838994
-1.5239635752070149
-1.5238735662511789
-1.522949601672365
-1.5227339399272388
-1.522189901100159
-1.413909778469008
-1.4128252911549186
-1.410905720022197
-1.409986976190839
-1.4099060227010864
-1.3079932391912963
-1.3078348906554362
-1.3070127452439302
-1.306727990360129
-1.3066939537549496
-1.2180304240095297
-1.2173775662452417
-1.2156475669058806
-1.2146882302541522
-1.2146503094240282
-1.1351930518585664
-1.1347409711842558
-1.1341719679141693
-1.133462045655232
-1.1330975552925646
-1.0691183153613775
-1.0686218516065682
-1.0660905878505593
-1.0642842387685687
-1.0626627616890987
-1.0172250992927891
-1.0162325173835958
-1.005055709676717
-1.0025341211665157
-0.999706979427936
-0.9703086675797131
-0.9668980144642578
-0.9638157281162371
-0.957252887095326
-0.9547602389441758
-0.9367801791932138
-0.9364836466601538
-0.9166754411791915
-0.9155119052187866
-0.912947045658106
-0.9060684665217477
-0.904853170938434
-0.8983768977190534
-0.8964721866636124
-0.894596687196742
-0.8901683653169081
-0.889310877573699
-0.8742560428796259
-0.8742258698021056
-0.873172973445327
-0.8727845318232832
-0.872322153904255
1.1680930656098667
1.1687190525854632
1.170768940680333
1.1711632143694042
1.1727420942237081
1.179993283118656
1.1827337576544104
1.185145731184921
1.1897759270280892
1.1921110385791043
1.1967337975143832
1.1987124408821284
1.2124521812054034
1.2144387505450622
1.2161314060623107
1.2195334668267177
1.2203615035895645
1.2431184451266641
1.2440744205439291
1.2488078420965598
1.2514652351517643
1.2522701719285376
1.290694172565486
1.2919853360643245
1.292752400546948
1.2971678716947692
1.2975087856354868
1.3464021316943324
1.3476646688211014
1.351161322156122
1.3523595632658936
1.3528689454668212
1.4202941571933116
1.4204092059530682
1.4214090376871495
1.4220888060327175
1.4223287034900203
1.499231261221871
1.5010299503997848
1.5033337743168278
1.5041596950464278
1.5042822657451396
1.5977296838554496
1.5978544924700073
1.5989492667957241
1.598971900525786
1.5998995540265166
1.7002414203906724
1.702460400087481
1.7047050775299586
1.7052648925223057
1.7055047771783205
1.821706892238128
1.8218057560687926
1.8229201831576174
1.8230778382651776
1.824682190170397
1.9461737310676988
1.9487471818205502
1.9507999030801455
1.950816100900553
1.951320115668162
2.087781525792747
2.0878583381783127
2.0889244369768534
2.08926306098466
2.0915857208685993
2.2329168706811595
2.2355552798574085
2.2360584888283435
2.2370394984180906
2.2370777183884805
2.391369611137757
2.391427786835068
2.3923728755964047
2.39285608095555
2.3957440988533376
2.556558171311692
2.5577119650647537
2.5585165963579497
2.5594812333912795
2.5597083232352316
2.728307514287498
2.7283457393979496
2.7290394443288823
2.7295360552132855
2.732341572739247
2.908061715056482
2.9136688501090835
2.9191568925509066
2.9242276308329185
2.9286488313805936
-2.908486108498672
-2.90303828912196
-2.8981219152163544
-2.8941052329368344
-2.89126365019336
-2.727559488082766
-2.72751734743841
-2.7268877244138974
-2.7261221987203696
-2.723005699619681
-2.551818176889829
-2.5510165553037374
-2.5498954859321854
-2.5491792847218746
-2.5488175058878433
-2.3833760618278768
-2.383314148239404
-2.3824738774722145
-2.381704692464056
-2.378778962671689
-2.2234709673587796
-2.2209654138998327
-2.2202190094028356
-2.2193821084649272
-2.219287648182988
-2.065677366788281
-2.065602966361678
-2.0646766929799574
-2.0640793338302275
-2.0619720457136275
-1.9213255172952444
-1.919137139167623
-1.9171655257806306
-1.9169780662835687
-1.9165279461499485
-1.777963604633039
-1.7778825836636714
-1.776936024100507
-1.7765483762274925
-1.77530472932804
-1.6499267767998862
-1.648301089182966
-1.6462942732284307
-1.6455970341103987
-1.6454054215839002
-1.5239635752072782
-1.5238735662508507
-1.522949601672727
-1.5227339399268993
-1.5221899011002062
-1.4139097784690475
-1.4128252911547776
-1.4109057200228363
-1.4099869761861308
-1.4099060227052578
-1.3079932292363778
-1.3078349061962902
-1.3070127092705575
-1.3067281853804895
-1.3066937891220167
-1.2180304233648507
-1.2173775676537448
-1.2156475636713238
-1.2146882715299143
-1.2146502706188416
-1.135185050579127
-1.134766724699046
-1.134135518781282
-1.1334948436813461
-1.1330834534410092
-1.069364415734022
-1.068096343868224
-1.0666321430174461
-1.0638098972927874
-1.062875226030998
-1.0169880341688975
-1.0165108407136996
-1.0044425795512522
-1.0033478119291477
-0.9994583633401904
-0.9705357956305091
-0.9660731537491861
-0.9645445199672643
-0.9570276419720807
-0.9548577289651081
-0.9369434645444344
-0.9363194943909133
-0.9169303261184487
-0.9150133957043396
-0.9132440966962816
-0.9057552406328366
-0.9051340491954494
-0.8983437644217036
-0.896486016908683
-0.8945989636340431
-0.8901735138777026
-0.8893056292464457
-0.8743992865417319
-0.8740197403421027
-0.8733143041079209
-0.8726719087370209
-0.8723564698099523
1.1680865313118887
1.1687366261985506
1.1706480857792927
1.1713097530031453
1.1727012550395464
1.180007399058584
1.182747933634303
1.1850650405127396
1.1901244548854828
1.1916760350324174
1.1971773085615836
1.1983949338274367
1.2129456606534412
1.213628565450311
1.2165728565380496
1.219351198302145
1.220435784257745
1.2431513720035536
1.2440288450633306
1.2488476129875483
1.2513960744751391
1.2523124534576813
1.290709315055627
1.2919247473862392
1.2928046699046358
1.2971298470538848
1.2975399761647255
1.3464003369837865
1.3476681396663184
1.3511529145509866
1.3523753411229913
1.3528598964819363
1.42029775177793
1.42040474990606
1.4214111403863474
1.422086014442073
1.4223302538571014
1.4992312612204486
1.5010299504040663
1.50333377430244
1.5041596951015825
1.5042822657015102
1.5977296838553796
1.5978544924700917
1.5989492667949141
1.5989719005265854
1.599899554026508
1.7002414203906786
1.7024604000874768
1.7047050775299568
1.7052648925223046
1.7055047771783185
1.821706892238131
1.821805756068792
1.8229201831576172
1.8230778382651727
1.8246821901703985
1.9461737310676985
1.9487471818205495
1.9507999030801446
1.9508161009005491
1.951320115668161
2.087781525792747
2.087858338178314
2.088924436976854
2.089263060984661
2.091585720868602
2.23291687068116
2.2355552798574063
2.23605848882834
2.2370394984180897
2.23707771838848
2.391369611137764
2.39142778683507
2.3923728755964038
2.3928560809555517
2.395744098853333
2.5565581713116954
2.557711965064753
2.558516596357948
2.55948123339128
2.559708323235231
2.728307514287504
2.728345739397955
2.729039444328884
2.729536055213283
2.732341572739245
2.908061715056478
2.9136688501090697
2.9191568925508946
2.9242276308329234
2.9286488313805914
-2.908486108498672
-2.903038289121967
-2.8981219152163553
-2.8941052329368366
-2.8912636501933617
-2.7275594880827687
-2.7275173474384107
-2.726887724413898
-2.726122198720371
-2.72300569961968
-2.5518181768898316
-2.55101655530374
-2.549895485932186
-2.5491792847218724
-2.548817505887846
-2.383376061827877
-2.3833141482394042
-2.382473877472213
-2.3817046924640555
-2.378778962671691
-2.2234709673587796
-2.220965413899834
-2.220219009402835
-2.2193821084649263
-2.2192876481829864
-2.065677366788282
-2.065602966361678
-2.064676692979957
-2.064079333830228
-2.0619720457136275
-1.9213255172952446
-1.9191371391676235
-1.9171655257806295
-1.9169780662835676
-1.916527946149948
-1.7779636046330387
-1.7778825836636722
-1.7769360241005054
-1.776548376227491
-1.7753047293280404
-1.6499267767998862
-1.6483010891829677
-1.6462942732284298
-1.6455970341104014
-1.6454054215838996
-1.5239635752069898
-1.5238735662512117
-1.522949601672327
-1.5227339399272781
-1.522189901100153
-1.413909778469607
-1.412825291153038
-1.4109057200290147
-1.4099869761448596
-1.4099060227415279
-1.3079932335703115
-1.30783489937022
-1.3070127258037776
-1.3067280946006
-1.3066938658608347
-1.2180304216390812
-1.2173775713722823
-1.215647555462261
-1.2146883733974265
-1.2146501749675607
-1.1351207671552161
-1.1349037473436354
-1.1339116605659056
-1.133694853228884
-1.1330345619062918
-1.0694375908348348
-1.0677874722724916
-1.0669580765843352
-1.0635562632270992
-1.06303868129483
-1.0169932265323292
-1.0165032010251118
-1.0045672346329468
-1.0031838280307308
-0.9995026380884888
-0.9703538410599084
-0.9668954663708905
-0.9636890291341222
-0.9575167598213516
-0.9545716603034105
-0.9370683062382299
-0.9362019038415819
-0.916998282044141
-0.9148446876320641
-0.9133588156291631
-0.9056774756296746
-0.9052001252258747
-0.8983251916793215
-0.8965425082290219
-0.894546395799915
-0.890218769691438
-0.8892748166719054
-0.8744568409664178
-0.8738679387514766
-0.8734591784844248
-0.8725683292713869
-0.8724096268238314
1.1680630036449422
1.1688106674285286
1.1703474250615873
1.1718836105358312
1.1723462157422315
1.1804318256792965
1.1818499197813779
1.186199278350253
1.1886370742879029
1.1929942805120204
1.1962279573761199
1.1988992047158369
1.212781531063954
1.2137579065014092
1.2166620861406903
1.2192046540890797
1.220512924390733
1.243130442748823
1.2440568415782143
1.2488284753365002
1.2514225963769714
1.2522978702370713
1.290689387347091
1.2919958675904313
1.2927475969821556
1.2971584135189502
1.2975172783732134
1.3464000904013653
1.3476686582374289
1.3511514034271224
1.3523784185724528
1.3528580583680736
1.4203009911748563
1.4204007876893383
1.42141292930658
1.4220836379152257
1.4223315642909156
1.4992312612106065
1.501029950439342
1.503333774144587
1.5041596957895462
1.5042822651459615
1.597729683855313
1.5978544924701803
1.5989492667940004
1.5989719005274743
1.5998995540265029
1.7002414203906786
1.702460400087477
1.7047050775299601
1.705264892522303
1.7055047771783232
1.8217068922381296
1.821805756068791
1.8229201831576178
1.8230778382651736
1.8246821901703987
1.946173731067698
1.9487471818205466
1.950799903080145
1.9508161009005485
1.9513201156681605
2.087781525792742
2.087858338178309
2.0889244369768503
2.0892630609846585
2.0915857208685957
2.23291687068116
2.235555279857411
2.2360584888283443
2.237039498418089
2.2370777183884782
2.391369611137761
2.3914277868350666
2.392372875596406
2.392856080955549
2.3957440988533314
2.5565581713116954
2.557711965064751
2.5585165963579466
2.5594812333912813
2.5597083232352302
2.7283075142874984
2.7283457393979496
2.7290394443288872
2.7295360552132846
2.732341572739246
2.9080617150564834
2.9136688501090733
2.9191568925509004
2.9242276308329176
2.928648831380591
