-2.3900589233605696
-2.385308242176196
-2.3805895738853518
-2.375313260162827
-2.3707054585237786
-2.3661514584876415
-2.36162601485289
-2.357181608948462
-2.352626894243525
-2.348287985573368
-2.3439835028319242
-2.3299860378223385
-2.326759012417387
-2.3232882734273375
-2.3111237796743263
-2.307063073841219
-2.3027824597864144
-2.297691706306239
-2.2931342972130158
-2.2882619359288094
-2.2834451601581325
-2.2786125838336955
-2.271722047917132
-2.267151637743482
-2.2627690181916713
-2.0729923582236487
-2.0641100762005444
-2.0559977304395503
-2.048154297639065
-2.041843737085355
-2.0364326804227826
-2.0320977798526942
-2.0287883546456134
-2.0229782154664453
-2.0206262476159105
-2.018913485118456
-1.9056892242144063
-1.900971600152938
-1.896123976961048
-1.8868774493581018
-1.8812102210170014
-1.8754533222412102
-1.8692163474677974
-1.8633022137945658
-1.8566800064646098
-1.8501876692211878
-1.84323684818779
-1.8124046089667756
-1.8050103043732393
-1.7978180467856777
-1.7856424467690817
-1.7763804925055922
-1.7668476441718246
-1.7572026920320605
-1.7478203088135411
-1.7388769707381215
-1.730627727308343
-1.7232425069402344
-1.7164073449505584
-1.711344937301834
-1.7073614186028503
-0.9213744885864958
-0.920766522567151
-0.9204353683070324
-0.9152489981298554
-0.9147727382007511
-0.9111320731105462
-0.9063810739754096
-0.9016003691440345
-0.8959830116246519
-0.8924892426955732
-0.8895246432546143
-0.6776565853468058
-0.673893480591853
-0.6733691238518343
-0.6550603469793815
-0.6480346523735661
-0.6415147313794968
-0.6351703490796529
-0.6333288014072357
-0.6209462229364732
-0.6176304525787809
-0.6159154408967571
-0.557202033154245
-0.5568598054396009
-0.5563406559301488
-0.3759819901943372
-0.3733676591786962
-0.3727198504425941
-0.330292124313898
-0.3179317394997279
-0.31361229720536066
-0.28944284228095374
-0.28672394708459775
-0.26774619426454105
-0.26291315137516846
-0.2551570539165018
-0.1349523859844959
-0.12801264535469697
-0.12589283489911926
-0.09120358957495768
-0.0894653138072669
-0.06820100622742883
-0.06048948309204658
-0.04548934210249044
-0.0035514425921428657
-0.0002586972709751606
0.0009200424520099533
0.159276651838563
0.16262148867122048
0.1646434786346685
0.25644802818877405
0.2584937628070464
0.26125298926474255
0.27807356051194265
0.28048810834299087
0.2962953731602411
0.29993101552048823
0.3018173333759459
0.344617098267335
0.34562379933774556
0.3460372861631534
0.6926272433467516
0.6930620621549383
0.694129357544043
0.7075359573000354
0.7094705726265309
0.710896823437653
0.7151205659021254
0.7158562178778503
0.725086455426388
0.7253355669498496
0.7260609153696774
1.239976750882282
1.2429511202006058
1.2454130526943579
1.2531311984361115
1.2596146240063606
1.2676817411493768
1.2774066915255318
1.2871073759648943
1.3000614637884396
1.310151955213417
1.3187263338575195
1.3559120021637043
1.3596081700331073
1.360900790913071
1.4039036932867808
1.4061773119670538
1.4072751502220908
1.4145875582371563
1.4161154683042034
1.420117698265665
1.4221385974010774
1.4261917612169592
1.4427463198557033
1.4548505474134417
1.4747897956785923
2.7219096265534444
2.7361587659979025
2.749061480272486
2.7604020165659535
2.769868370291287
2.7773652145744134
2.7827760297524438
2.7860500730068165
2.791003504262541
2.793054901933749
2.7946088775754703
2.8739137182979793
2.8747116822957914
2.875277493633046
2.8814221895040824
2.882859700311736
2.8839334220277175
2.887406934303421
2.888147803931734
2.8917250796515472
2.8939582161743167
2.896112248306695
2.914674435848835
2.9196012928286814
2.9237029692723464
2.943893514549107
2.9460953830776764
2.9477668801268626
2.9489489924849095
2.9495455011927096
2.9520802595123503
2.953441918729263
2.9549086907267545
2.9599678851958724
2.9616856646151644
2.963232377026814
-2.390058923360566
-2.385308242176198
-2.3805895738853478
-2.3753132601629336
-2.370705458522763
-2.3661514584940377
-2.3616260148244685
-2.357181609037172
-2.352626894035639
-2.3482879858953236
-2.3439835025721187
-2.329986039589911
-2.3267590080246334
-2.32328827711531
-2.311123770315004
-2.3070630969549706
-2.3027824312165412
-2.297691732843794
-2.2931342772564265
-2.2882619463463834
-2.283445156093962
-2.2786125848324756
-2.2717220477950133
-2.267151637766648
-2.262769018190104
-2.0729923582239844
-2.0641100761970645
-2.0559977304422787
-2.048154297838408
-2.0418437353596706
-2.0364326878763426
-2.03209776250396
-2.0287883718870137
-2.0229781999504133
-2.020626262060895
-2.0189134803700495
-1.90568922423194
-1.900971599397775
-1.896123979913138
-1.8868774318355546
-1.8812102686324876
-1.8754532530892267
-1.8692164142694703
-1.8633021715371516
-1.8566800215828239
-1.850187666399684
-1.8432368481703398
-1.8124046090553059
-1.8050103042613193
-1.7978180468339156
-1.7856424467691647
-1.776380492497952
-1.7668476441773813
-1.757202692029733
-1.7478203088142024
-1.7388769707380076
-1.7306277273083377
-1.7232425069402466
-1.7164073449505546
-1.711344937301835
-1.7073614186028476
-0.9213744902947767
-0.920766515060656
-0.9204353745535446
-0.915248989398322
-0.9147727474936839
-0.9111320717252844
-0.9063810745356623
-0.9016003688897732
-0.8959830117362934
-0.8924892426435216
-0.8895246432645882
-0.6776566273126524
-0.673892916497313
-0.6733696474241085
-0.6550618192792689
-0.6480223677170187
-0.6415642202560169
-0.6349173247070977
-0.633564346089133
-0.6208515586587509
-0.6177702347296543
-0.6158491103702214
-0.5572142593419508
-0.5568394734904165
-0.5563487760782632
-0.3759826624545282
-0.3733630902854315
-0.37272379975799036
-0.3302904250911311
-0.3179445075072259
-0.3135986526274637
-0.2894603962319074
-0.28670903589737
-0.2677396497247697
-0.2629221075402347
-0.2551545171852808
-0.1349482013927742
-0.12804237421334191
-0.12586576697031351
-0.09122404658452807
-0.08944707695007814
-0.06819421090800208
-0.060497696553551666
-0.0454870479705167
-0.003553379038740447
-0.00025422868179616706
0.0009173254973770089
0.15927689200289588
0.16262077308914955
0.16464395756596142
0.25656767213909837
0.258233477442573
0.26142065967337985
0.27785178239125363
0.28071164291159617
0.29616586375890586
0.3001440046678849
0.3017050681541325
0.34461547666596865
0.3456290003290277
0.3460337031586785
0.6926432257661217
0.6930370299288914
0.6941390920445886
0.7075039174787249
0.7095697735734033
0.7108198371323724
0.715126658931734
0.7158606312587673
0.725029487444327
0.725408960797457
0.7260431235794563
1.239976543204758
1.2429523654364825
1.2454113077879259
1.2531334803267078
1.2596111822267193
1.2676853922069309
1.2774031993632784
1.287110157669823
1.3000593314714899
1.310153643063933
1.3187256555081113
1.3559131694122413
1.359604523247856
1.3609033132536077
1.4039638172422535
1.405901303992938
1.4075433382203797
1.4142947642280348
1.416453648457829
1.4199548365968755
1.4222082362579316
1.4261872976553085
1.442746322813117
1.4548505473542699
1.4747897956786924
2.7219096265534444
2.7361587659979025
2.7490614802724873
2.760402016565953
2.769868370291301
2.777365214574208
2.7827760297539474
2.786050073003665
2.791003504270149
2.793054901924026
2.7946088775794315
2.8739079175074895
2.8747380464377184
2.875253335055868
2.8816060105282797
2.882405926106244
2.8843651427012267
2.886918234436685
2.8885374295640442
2.891635808086655
2.893995346253722
2.8961052839324255
2.9146744567528464
2.919601270781347
2.9237029790724396
2.9438932563021036
2.946097763653807
2.9477566256880716
2.948973781798111
2.9495273468610566
2.952082694473172
2.9534407911115936
2.954908881199809
2.9599678830959646
2.961685665273938
2.9632323769507924
-2.3900589233605687
-2.3853082421761997
-2.380589573885321
-2.3753132601632583
-2.3707054585204044
-2.36615145850557
-2.3616260147833703
-2.3571816091419278
-2.3526268938350547
-2.3482879861508428
-2.3439835024040168
-2.3299860400512724
-2.326759007222093
-2.3232882774853296
-2.3111237720826434
-2.307063090216151
-2.302782442850154
-2.2976917179933047
-2.293134291553535
-2.288261936799862
-2.283445160829602
-2.278612583334576
-2.2717220480732516
-2.2671516376908705
-2.2627690181985356
-2.072992358223542
-2.064110076207364
-2.055997730340646
-2.048154298569839
-2.0418437322353014
-2.036432696525907
-2.03209774810904
-2.0287883828010957
-2.0229781945075627
-2.020626265670334
-2.018913479519463
-1.9056892247236863
-1.9009715965707503
-1.8961239853900675
-1.8868774191529192
-1.8812102858841075
-1.8754532488092859
-1.869216397170091
-1.8633021974174475
-1.8566800030192159
-1.8501876741511505
-1.8432368467607037
-1.812404609047483
-1.8050103043215118
-1.7978180467741898
-1.7856424467968752
-1.7763804924848767
-1.766847644180375
-1.7572026920298924
-1.7478203088137312
-1.7388769707382568
-1.7306277273082533
-1.72324250694027
-1.716407344950551
-1.7113449373018363
-1.7073614186028476
-0.921374491883782
-0.9207665079459088
-0.9204353805348049
-0.9152489795896123
-0.9147727580881334
-0.9111320699554857
-0.9063810753704953
-0.9016003684430424
-0.8959830119792926
-0.8924892425118758
-0.8895246432936704
-0.6776569020380298
-0.6738869112382937
-0.6733757297008283
-0.6550540374760356
-0.6480634070735781
-0.6414390456596881
-0.6353755463441431
-0.633165273436064
-0.6209784453415429
-0.6175944578163052
-0.6159304259006222
-0.5572084655944436
-0.5568492057994332
-0.5563448285401084
-0.37598245904645794
-0.37336387775466806
-0.372723238502936
-0.330289096923381
-0.3179550507566772
-0.31358724329195137
-0.2894781519716313
-0.2866924738000693
-0.2677408269406756
-0.2629221318981914
-0.25515429623953706
-0.13494929571243372
-0.12802984844125428
-0.12587858904883995
-0.09116324738283722
-0.08951187856394643
-0.06818190411669985
-0.060504974760217156
-0.04548683874711312
-0.003548797043603064
-0.0002680158799895336
0.0009266885730187407
0.15927693107211688
0.1626207303524616
0.1646439566783128
0.25664698910852213
0.2580989863790062
0.26148034508345974
0.2778705149576498
0.2806759118214958
0.2962542416129293
0.2999614038397955
0.3018118580301173
0.3446110552980398
0.34564254096976693
0.34602450893455255
0.6926159625549774
0.6930815367971705
0.6941201684257703
0.707718560774169
0.7089556440477638
0.7114190334028571
0.714596686844916
0.7162020712572488
0.7248821043243618
0.7256604613767251
0.7259295081298733
1.2399763730990518
1.2429532842081994
1.2454101311990797
1.2531346132385373
1.2596099254362587
1.2676861808296942
1.2774030309805342
1.2871098352011494
1.300060067719879
1.3101527195909262
1.3187261636038319
1.355909628704148
1.3596184098165456
1.3608927978625553
1.4041179284330803
1.4054856938681826
1.4078925683043513
1.4139731245626757
1.416824005607726
1.4197540304126786
1.4222770254816564
1.4261829670431192
1.4427463244603218
1.4548505473346331
1.4747897956786948
2.7219096265534444
2.7361587659979016
2.7490614802724864
2.760402016565951
2.7698683702913365
2.7773652145737837
2.7827760297567337
2.7860500729981643
2.791003504282307
2.793054901909024
2.7946088775853837
2.8739056647984493
2.874748885887291
2.875243422650295
2.881707747621857
2.882243835617271
2.884482909153511
2.8868015459336647
2.8886141100200593
2.8916128277561595
2.8940037635748563
2.8961037667445253
2.9146744583427124
2.919601269901669
2.9237029791699873
2.943893291739221
2.9460973975518625
2.94775831191145
2.9489693655772378
2.9495306957282734
2.9520822129008892
2.953441025843916
2.9549088394959684
2.9599678836362178
2.9616856650958043
2.9632323769722504
-2.390058923360571
-2.3853082421762
-2.380589573885326
-2.375313260163153
-2.370705458521424
-2.366151458499176
-2.361626014811797
-2.3571816090532223
-2.3526268940429436
-2.3482879858288914
-2.3439835026638227
-2.3299860382837014
-2.326759011614844
-2.323288273797356
-2.311123781441951
-2.3070630671023484
-2.302782471420024
-2.297691691455736
-2.2931343115101748
-2.2882619263823165
-2.283445164893785
-2.278612582335799
-2.2717220481953686
-2.26715163766771
-2.262769018200107
-2.0729923582232077
-2.064110076210839
-2.055997730337921
-2.048154298370502
-2.041843733960992
-2.036432689072379
-2.0320977654578365
-2.028788365559613
-2.022978210023616
-2.0206262512253224
-2.0189134842678587
-1.9056892247061545
-1.9009715973259158
-1.8961239824379787
-1.8868774366755645
-1.8812102382686795
-1.87545331796104
-1.8692163303682425
-1.8633022396750234
-1.856679987901082
-1.850187676972671
-1.8432368467781528
-1.812404608958953
-1.8050103044334307
-1.7978180467259492
-1.7856424467967966
-1.776380492492516
-1.7668476441748189
-1.757202692032214
-1.7478203088130702
-1.7388769707383678
-1.7306277273082613
-1.7232425069402573
-1.7164073449505546
-1.711344937301834
-1.7073614186028467
-0.9213744901755201
-0.920766515452632
-0.9204353742880449
-0.9152489883215228
-0.9147727487948284
-0.9111320713407464
-0.906381074810243
-0.9016003686973062
-0.895983011867648
-0.8924892425639269
-0.8895246432836957
-0.6776568600881727
-0.6738874880435263
-0.6733751934014004
-0.6550525574635797
-0.6480754653854767
-0.6413872850884733
-0.6355554763898004
-0.6330050151646793
-0.6210671118182651
-0.6174489161112466
-0.6160088274510929
-0.5571956399456309
-0.5568699397704013
-0.5563369058313306
-0.37598178659138803
-0.3733684384552606
-0.37271929757530503
-0.33029079695036023
-0.3179423437994245
-0.3136008272145091
-0.2894607944252767
-0.2867071872658631
-0.26774737015846994
-0.26291317742246045
-0.255156832720906
-0.13495347692167703
-0.12799979125882702
-0.12590598830173297
-0.09114128693949511
-0.08953162012123349
-0.06818871484453601
-0.060496745310646485
-0.045489132570282934
-0.003546853129029144
-0.0002724325572683657
0.0009293461434722806
0.15927669089983174
0.16262144593605982
0.1646434777534495
0.256511048141032
0.258367419427943
0.26132078537270925
0.27809719110999936
0.2804476398422049
0.2963908782613473
0.2997582518158759
0.3019070368952124
0.3446126544911432
0.3456371383833696
0.3460283159424129
0.6926024485755656
0.6931045843309279
0.6941099508131887
0.7077706141715355
0.7088695520243589
0.7114654595183981
0.7145873823629286
0.7161982967465732
0.7249066985136297
0.7255998579396434
0.7259668929390931
1.2399765807187395
1.242952038033267
1.2454118769232805
1.2531323308961055
1.2596133673605077
1.2676825300883308
1.2774065233573115
1.2871070535403095
1.3000622001347903
1.3101510316667426
1.3187268418411127
1.355908465062256
1.359622106529304
1.3608902219871024
1.4040361352956408
1.4056956940748362
1.4077084872871517
1.414193323226439
1.4165459367985787
1.4199260099571385
1.4222142928195682
1.4261874605036884
1.442746321502911
1.454850547393804
1.4747897956785943
2.721909626553445
2.736158765997902
2.7490614802724864
2.7604020165659517
2.7698683702913223
2.777365214573989
2.7827760297552304
2.7860500730013156
2.7910035042746997
2.7930549019187465
2.7946088775814237
2.8739113956059525
2.87472173051623
2.875268436952057
2.8814728890378345
2.882703370026476
2.884083826140552
2.8872391048599484
2.888286947085673
2.8917030541093593
2.8939669787261337
2.896110754525429
2.914674437438695
2.9196012919490064
2.923702969369896
2.9438935500080063
2.9460950187625006
2.9477685994960323
2.9489447776549267
2.949548614591074
2.952079777565522
2.9534421529850277
2.954908648997652
2.9599678857361207
2.9616856644370317
2.9632323770482727
-2.3912496817644144
-2.386493525571554
-2.3817654199775906
-2.3764733589637035
-2.3718523752141882
-2.3672844703997193
-2.3627452618609603
-2.3582879587709393
-2.3537177370821687
-2.349368873145201
-2.345057118507948
-2.3307582087939704
-2.3275873845544743
-2.3241800996024105
-2.3121052607159953
-2.308098202829832
-2.30386889034311
-2.2988011494492033
-2.294290271606364
-2.289447798147981
-2.284650440615968
-2.2798199166799464
-2.2728840746096286
-2.26827990595359
-2.2638424309950405
-2.0753177218104777
-2.066263694712848
-2.057946130012795
-2.049887043199166
-2.0433253341826374
-2.0376692799060527
-2.033079649995892
-2.029525604268533
-2.0236796285269456
-2.021148753224313
-2.0192892563848344
-1.9045111252610736
-1.8997788748309825
-1.894874650227393
-1.885467470021962
-1.879784057827195
-1.874013183417859
-1.8677525157962493
-1.8617931274197481
-1.8551034979536363
-1.8484932805194967
-1.8414308389862146
-1.810538795552073
-1.8031914731383967
-1.796059233602469
-1.7833651352710747
-1.7740132383833558
-1.7644514967184577
-1.7548276329931343
-1.7455364333144625
-1.7367437693225432
-1.7286936117222087
-1.7215508440365457
-1.7150381735178661
-1.7102506504953694
-1.7065225473970589
-0.9216499463824512
-0.9208158125977858
-0.9206036949394871
-0.9152656349173246
-0.9148172470688211
-0.9121934243565512
-0.9075995538795818
-0.9027616374174117
-0.8969736126747155
-0.893297434608852
-0.8902417596200225
-0.6794670172122755
-0.6743798217612336
-0.6733448828898363
-0.6565000707133026
-0.6496083476558039
-0.6430667946739156
-0.6355015635521288
-0.6335123938008672
-0.6214698146278334
-0.6175825283893015
-0.616039891698414
-0.5572674317320709
-0.5567140501694027
-0.5564274216301542
-0.3755573259718924
-0.37446536487014676
-0.3726631094504919
-0.3312206118233156
-0.3206369680792404
-0.31185733336830873
-0.2913541741153468
-0.2848122498746899
-0.268816243054118
-0.2621052885272401
-0.2555073293434139
-0.13434472083532253
-0.13009747721840179
-0.12416347582848473
-0.09420282032183783
-0.08547974068934394
-0.0710986209836155
-0.05637736670251575
-0.04428088436592924
-0.0016820010069487602
8.809515702064436e-5
0.0007998203217798398
0.1601485530873276
0.16334327399713164
0.16470630738146735
0.2567519198484645
0.2580629563421066
0.2617838085230151
0.277633571001782
0.280909471795086
0.2961164194041391
0.3001340537057359
0.30191725496070937
0.3441356196715738
0.34567548929621944
0.34594726827075767
0.692644083619482
0.693063505634696
0.6945163314750112
0.7081431722020811
0.7089766691107054
0.7115686297291819
0.7145989162000205
0.716192452602151
0.7249039991337751
0.7256125095786415
0.7259732148620377
1.2408480492444112
1.243556255459956
1.2460495427143221
1.2545831035961994
1.2614566997202867
1.2697290787683202
1.2797254534375007
1.2896769429617325
1.3025825449510107
1.3125061575288532
1.3203921550845443
1.3571562469134175
1.3600590084722766
1.361021124745043
1.4044038222118336
1.4059503999809435
1.407731707296463
1.4146039427398145
1.4167423269815431
1.420146358914375
1.4226704451127163
1.4281592055063776
1.444879751054379
1.4592322409421394
1.4806024621407656
2.7181733970659776
2.7327109933074816
2.7459777918320065
2.7577424116369023
2.7676827446136487
2.7756834624304045
2.781623502767303
2.785428088835375
2.790360208775685
2.7926058164913288
2.7942458738103957
2.874128236041677
2.8748552861179153
2.875312358101231
2.8815061127901944
2.8827273821557493
2.8840502632980005
2.887244687032812
2.8882746093443936
2.8913007790403866
2.8934872543858683
2.8955866650425834
2.91332227744894
2.9184457843171563
2.9227562269236405
2.9432280170513576
2.9456290066315125
2.947456225816025
2.9488066037653855
2.9494039319124443
2.951796066482219
2.9530909451521175
2.9545405744988167
2.9595214387736126
2.961269270351909
2.962865778073591
-2.391249681764412
-2.3864935255715576
-2.3817654199776164
-2.3764733589634206
-2.3718523752161627
-2.367284470390523
-2.3627452618919564
-2.3582879586971
-2.3537177372114644
-2.3493688729987965
-2.345057118588681
-2.3307582089299523
-2.327587383843379
-2.3241801005317075
-2.3121052553135995
-2.308098218804234
-2.303868867083271
-2.298801175398064
-2.294290248743632
-2.2894478122027313
-2.2846504341280425
-2.2798199185972057
-2.272884074284698
-2.268279906037528
-2.2638424309861844
-2.075317721810828
-2.066263694705603
-2.0579461300774438
-2.0498870427846914
-2.043325335777538
-2.037669275982489
-2.033079655733924
-2.029525600464087
-2.023679629436897
-2.0211487532798675
-2.0192892561711107
-1.9045111248894973
-1.8997788767983532
-1.89487464676867
-1.885467475585944
-1.8797840561265335
-1.8740131693481568
-1.8677525463310263
-1.861793096158426
-1.855103516451837
-1.8484932737091737
-1.8414308400969563
-1.8105387955841663
-1.8031914730543532
-1.7960592336668197
-1.7833651352483295
-1.7740132383923004
-1.7644514967175409
-1.7548276329921775
-1.745536433315205
-1.7367437693222174
-1.7286936117223186
-1.721550844036525
-1.7150381735178684
-1.710250650495371
-1.7065225473970558
-0.9216499479764204
-0.9208157980845286
-0.9206037085852519
-0.9152656150054305
-0.91481726951432
-0.9121934203556837
-0.9075995549012493
-0.9027616370462233
-0.8969736128150325
-0.8932974345470527
-0.8902417596318128
-0.6794670313856356
-0.6743797045524712
-0.673344970018003
-0.6565016085192658
-0.6495979794719672
-0.6430997704347113
-0.6353300670069596
-0.6336787873721388
-0.6213969337866099
-0.6177001342396726
-0.6159761246696517
-0.5572767740109376
-0.5566855864542316
-0.5564465585953171
-0.37555972630002865
-0.3744611059550659
-0.3726650109616454
-0.3312197707703145
-0.32064000324766473
-0.31185357256538637
-0.2913623567695822
-0.28480305946692436
-0.2688216839125708
-0.26210187345069913
-0.2555078281114658
-0.1343440250289816
-0.13010127259959497
-0.12415887659269696
-0.09421575353908443
-0.08546039616453947
-0.0711103603174102
-0.05637275303228623
-0.04428153426565056
-0.0016957047317820366
0.0001327264332563967
0.0007687505963516825
0.16014851192553625
0.16334331532191795
0.16470631201511515
0.25666784144411114
0.25819551370487387
0.2617309477048767
0.2776161887960564
0.28094435939198426
0.2960331863122039
0.3003132607919
0.30180807466479986
0.34413809645487614
0.34566303820375666
0.34595732036652316
0.6926657055340834
0.6930320515412589
0.6945277493846116
0.7078463875133667
0.7096932853426158
0.7109341888979379
0.715168773020834
0.7158263679197603
0.7250634339723141
0.7253705169452185
0.7260650240757822
1.240848177792933
1.2435556737212454
1.2460502222540573
1.2545824759681459
1.2614574346916911
1.269728621118953
1.2797254654999644
1.2896773260146068
1.302581742780151
1.3125072205380348
1.3203915477413781
1.3571621453990819
1.3600357406132533
1.3610386658583762
1.4042780468347018
1.4064013747504633
1.4073478822388503
1.4148821563551928
1.4164470663366209
1.4202533108327065
1.422638143593796
1.4281601319908537
1.4448797504677375
1.4592322409456497
1.4806024621407676
2.7181733970659776
2.7327109933074807
2.7459777918320074
2.757742411636903
2.767682744613639
2.775683462430541
2.7816235027663905
2.7854280888374623
2.7903602087707844
2.792605816497411
2.7942458738079132
2.87413048131358
2.8748456529809836
2.875320724201309
2.8814678874985598
2.882844085136138
2.883938861094341
2.887371367656798
2.8881658624118614
2.8913208774533574
2.8934800406760726
2.895587793238409
2.9133222772719902
2.9184457838374285
2.922756227338243
2.9432279915514585
2.945629258871024
2.9474550442374383
2.9488100278710725
2.949401150322557
2.9517965951095904
2.9530906844545846
2.954540619218936
2.959521438229226
2.9612692705198698
2.962865778054706
-2.3912496817644127
-2.3864935255715554
-2.381765419977604
-2.376473358963631
-2.371852375214401
-2.367284470400527
-2.3627452618507934
-2.3582879588179
-2.3537177369428597
-2.34936887339649
-2.34505711828147
-2.33075821099754
-2.3275873787342154
-2.3241801047514903
-2.3121052453904367
-2.3080982424898404
-2.303868839137112
-2.298801199812801
-2.2942902315176936
-2.2894478203904143
-2.2846504313127993
-2.2798199191683093
-2.2728840742469707
-2.268279906037442
-2.2638424309872
-2.0753177218109986
-2.066263694704712
-2.0579461300655666
-2.049887043000385
-2.043325334362699
-2.037669281352255
-2.0330796440267003
-2.0295256119822365
-2.0236796196105025
-2.0211487618234822
-2.019289253484957
-1.904511125018745
-1.8997788755647818
-1.894874650296533
-1.885467458753574
-1.8797840981991387
-1.8740131131232527
-1.8677525952673242
-1.861793069146617
-1.8551035236760798
-1.8484932734857422
-1.8414308397120904
-1.8105387956583012
-1.803191472974396
-1.7960592336915429
-1.783365135256451
-1.7740132383816285
-1.7644514967236296
-1.7548276329899561
-1.7455364333157337
-1.7367437693221868
-1.7286936117222746
-1.7215508440365506
-1.715038173517859
-1.710250650495374
-1.7065225473970576
-0.9216499493275752
-0.9208157854479538
-0.9206037205472652
-0.9152655943347257
-0.9148172931476438
-0.91219341577775
-0.9075995562571072
-0.9027616364665373
-0.8969736130855331
-0.8932974344089616
-0.8902417596619562
-0.679467144373833
-0.6743772373069739
-0.6733477069653354
-0.6564948885259703
-0.6496279528096224
-0.643028340414616
-0.6355970143390512
-0.6334366855861374
-0.6214726876643523
-0.6175911455600935
-0.6160323120752113
-0.5572756396977122
-0.5566891990222028
-0.5564440761832008
-0.37555759505033015
-0.37446473637715816
-0.372663505056615
-0.33121838469038806
-0.3206470470313649
-0.31184349818687934
-0.2913846717122686
-0.2847791422009814
-0.26883378084645637
-0.26209480192831147
-0.25550882382665524
-0.13434025100534996
-0.1301101519133066
-0.1241528948780658
-0.09421728812349343
-0.08546193874242676
-0.07110494892661852
-0.0563782067768358
-0.044279133151645285
-0.0016990271580782502
0.00014151622858376097
0.0007631207397257655
0.16014883793087215
0.16334210174978436
0.16470720330847433
0.25684695639713706
0.2579008077886498
0.26187598366501663
0.27743778166011834
0.28112367928673615
0.2959161235011356
0.3005496379132976
0.30165840222696244
0.3441372213430681
0.34566791539832087
0.34595331479684027
0.6926795141452357
0.6930131569616824
0.694533475197311
0.7078110408634171
0.7098128409280914
0.7108399777935483
0.7151749552343666
0.7158308823612877
0.7250163231964697
0.7254337048987194
0.7260476125676485
1.240848014737063
1.2435564869543962
1.246049180746225
1.2545838378815268
1.2614551753869243
1.2697312280460014
1.2797227839759955
1.2896796521840799
1.302579731145892
1.3125089747414929
1.320390789659898
1.3571639264084863
1.3600300245478332
1.3610426456018558
1.4043370899316918
1.4061365254761633
1.407591248996815
1.4146727214499564
1.4166823030878066
1.4201605074319616
1.4226686293941468
1.4281590939905595
1.4448797516300604
1.4592322409315996
1.4806024621407896
2.7181733970659776
2.7327109933074807
2.7459777918320074
2.757742411636903
2.767682744613643
2.7756834624304654
2.7816235027669527
2.7854280888360887
2.790360208774292
2.7926058164928906
2.794245873809808
2.874123392907531
2.874878306113106
2.8752917631885584
2.8816568811967698
2.882393789026037
2.884363283758716
2.886876290179076
2.8885824146008034
2.8912031004185033
2.8935245966456877
2.8955798075947228
2.91332229586341
2.918445766929413
2.92275623422176
2.9432278720429075
2.945630348871468
2.947450260736071
2.948823645620516
2.9493902079746186
2.9517984860099196
2.9530897832993213
2.954540767722318
2.9595214366318916
2.961269270993046
2.9628657780033847
-2.3912496817644135
-2.3864935255715563
-2.3817654199775795
-2.3764733589639113
-2.371852375212428
-2.3672844704097247
-2.3627452618197915
-2.3582879588917365
-2.3537177368135573
-2.3493688735428995
-2.3450571182007347
-2.330758210861554
-2.3275873794453106
-2.324180103822194
-2.312105250792873
-2.308098226515539
-2.3038688623969366
-2.2988011738639416
-2.294290254380353
-2.2894478063356267
-2.2846504378007215
-2.2798199172510434
-2.2728840745718975
-2.2682799059535066
-2.263842430996058
-2.0753177218106442
-2.0662636947119637
-2.057946130000914
-2.0498870434148584
-2.0433253327677927
-2.037669285275811
-2.0330796382886556
-2.0295256157867025
-2.023679618700549
-2.021148761767932
-2.0192892536986786
-1.9045111253903204
-1.899778873597409
-1.894874653755252
-1.8854674531895577
-1.879784099899874
-1.8740131271931215
-1.8677525647325666
-1.8617931004077595
-1.8551035051778306
-1.8484932802960607
-1.841430838601345
-1.8105387956262098
-1.8031914730584417
-1.7960592336271894
-1.783365135279195
-1.774013238372686
-1.7644514967245428
-1.7548276329909147
-1.7455364333149868
-1.7367437693225152
-1.728693611722171
-1.7215508440365728
-1.7150381735178584
-1.7102506504953758
-1.7065225473970556
-0.9216499477336185
-0.9208157999627887
-0.9206037068999124
-0.9152656142486467
-0.9148172707001381
-0.9121934197786014
-0.9075995552354402
-0.9027616368377218
-0.8969736129452173
-0.8932974344707558
-0.8902417596501643
-0.679467130202196
-0.6743773550301781
-0.6733476193177562
-0.6564933441656787
-0.6496381985697988
-0.6429948007083173
-0.6357361434213549
-0.6333031546534021
-0.6215433585379302
-0.6174678500447993
-0.6161041764876121
-0.5572662351239359
-0.5567172914575907
-0.5564253727927396
-0.375555181018257
-0.3744690042629601
-0.37266160827866424
-0.3312192261903461
-0.32064401617890526
-0.31184725583393474
-0.2913765396095144
-0.2847882847193593
-0.26882834449402204
-0.2620982086779283
-0.25550832461035744
-0.13434094978871636
-0.13010636161070158
-0.12415748629819669
-0.09420435646847786
-0.0854812769294685
-0.07109321092756472
-0.0563828230221053
-0.044278483881212645
-0.001685399237077136
9.627648451999009e-5
0.0007948747403203472
0.16014887910476341
0.16334206042818036
0.16470719865953928
0.25698489444801026
0.25771895291086955
0.2619243240369314
0.27745275684227283
0.2810910191884216
0.2959947416269701
0.3003424820273347
0.30180028412848375
0.34413474924670684
0.34568072713696285
0.3459428973679542
0.692655861380058
0.6930465292831868
0.6945221693485363
0.7080733635122851
0.709082676971224
0.7115195425799354
0.7146087000242793
0.7161962610213274
0.7248807943041219
0.7256705628700394
0.7259370228527857
1.2408478862241465
1.2435570690278666
1.2460485008848667
1.2545844656712142
1.261454440401376
1.2697316855622376
1.2797227717921231
1.2896792691042838
1.3025805331950553
1.3125079117774545
1.320391397164073
1.3571580160058163
1.3600531203739854
1.3610252884393215
1.404484366006906
1.4057489079835799
1.4078919256944236
1.4144360493616994
1.4169405440302996
1.42004873119247
1.4226995250199217
1.4281581662805212
1.4448797522166985
1.459232240928089
1.4806024621407887
2.7181733970659776
2.7327109933074807
2.745977791832006
2.757742411636902
2.767682744613655
2.77568346243033
2.781623502767865
2.785428088834002
2.790360208779195
2.7926058164868084
2.7942458738122906
2.8741212378644247
2.8748891051801366
2.8752821447913526
2.8817354136613016
2.8822704974592277
2.8844503474374483
2.8867897123669346
2.888643624984684
2.891181442844033
2.893531440578896
2.8955786581504617
2.9133222960403597
2.9184457674091404
2.922756233807155
2.9432278975362562
2.9456300961156052
2.9474514325172363
2.948820115363005
2.9493931052960987
2.95179795765373
2.9530900444447172
2.9545407230237077
2.9595214371762806
2.9612692708250847
2.9628657780222674
-2.3924411248375783
-2.387680574374359
-2.3829439566855815
-2.377636534666848
-2.373002688493721
-2.368420973014764
-2.363867880530842
-2.359397426832532
-2.3548114307675805
-2.3504520156497235
-2.346132278219062
-2.3315176565623026
-2.328400943925429
-2.3250554653010034
-2.3130733292574557
-2.309119984994543
-2.304942542063053
-2.2998975144334723
-2.295435601012971
-2.290626004420241
-2.2858521558143368
-2.2810286377019895
-2.2740513025211015
-2.2694185703286345
-2.2649315628744584
-2.0776810066024978
-2.0684633219496
-2.059949076796156
-2.051678737431554
-2.044871930163177
-2.038971208779174
-2.034125411633619
-2.030321843824107
-2.024430221641992
-2.021713335369946
-2.019698384253231
-1.9033346425525852
-1.8985750195749613
-1.8936069472142065
-1.8840525280214646
-1.8783544024748717
-1.8725663356214202
-1.8662800969442115
-1.8602679966872968
-1.8534978110370905
-1.8467694290853096
-1.8396005542005596
-1.80868438815181
-1.8013857324906049
-1.7943196233260221
-1.7810600942873471
-1.7716327813766615
-1.7620581499727104
-1.7524696613289261
-1.7432846361774075
-1.7346558881568428
-1.7268163327956065
-1.7199258429599718
-1.7137381221416301
-1.709223127056461
-1.705740985724337
-0.9219096146506517
-0.9209287959888882
-0.9206980629961186
-0.9155114689486046
-0.9142791374704834
-0.9131376256854414
-0.9087997515175041
-0.9039509355666568
-0.8980102459797984
-0.8941463656857022
-0.8909691828173493
-0.6816607398960438
-0.6751481815444337
-0.6733666314030542
-0.6574653246888721
-0.6513585925538117
-0.6446489227393789
-0.6357826316137629
-0.633436548305599
-0.6219603883148822
-0.6173214470334184
-0.6163756609725086
-0.55723841745682
-0.5567468339748439
-0.5564186407077586
-0.37549808519615097
-0.3747646339866262
-0.3728539165299455
-0.3306246521424985
-0.3245821756557416
-0.3099844961736023
-0.29418070546086283
-0.28127837869785033
-0.27194924782656377
-0.25918253762413235
-0.2571044267486073
-0.1327189178039312
-0.13246871854187375
-0.12322231861050463
-0.09506016022129027
-0.08420709091801948
-0.07167377604825395
-0.05189541987858269
-0.044499722938580295
-0.00042445723524959876
0.0003203997855498072
0.0011173754661386805
0.1609913622790019
0.1639261784799516
0.16464691566924938
0.25650778607003866
0.2585203221583799
0.2619248323982785
0.2778543736249596
0.2806516640226506
0.2964409639124521
0.2995772790830792
0.30239842497887687
0.34369239535764967
0.3454811925369068
0.3459726319316842
0.692601650592692
0.693270944578406
0.6949489196595993
0.7083302291226203
0.709214188284671
0.7117084105087153
0.7145725675397748
0.7162100298415934
0.7248826976621815
0.725674420203699
0.7259609200056192
1.2416156762166077
1.2441499470112882
1.2467319468123188
1.256156450358637
1.2633696489621868
1.27184165911733
1.2821187654233392
1.2922850834899433
1.3050984641288532
1.3147435088157269
1.321806494784416
1.3581662083636135
1.3603579746836767
1.3611336702744754
1.4048202268382453
1.4060007732553943
1.4078779602535292
1.4149225247537407
1.4170661830824838
1.420341224048311
1.4234416304617665
1.4305162319365696
1.4476267648688268
1.464053090825561
1.4866494692627399
2.714378133085419
2.7291835793301633
2.7427966271397195
2.7549712289908306
2.765374837847084
2.7738729064974823
2.7803368098735706
2.7846772521146934
2.7896509158173544
2.79211915732011
2.793868806974478
2.874315282903866
2.8750049308610404
2.875291170506446
2.881755067736402
2.8822913989150045
2.8844097713508274
2.8867802273735643
2.888685870366317
2.890785259342493
2.89309176942995
2.895058229963264
2.9119263631152394
2.917238940067806
2.9217572635620734
2.942527030085762
2.9451015123068442
2.9470932273404538
2.948636840521965
2.9492653128653217
2.951528556189147
2.9527506140648727
2.954172873420696
2.959070858400126
2.9608433701038637
2.962485100271952
-2.392441124837577
-2.387680574374355
-2.3829439566856023
-2.37763653466655
-2.373002688496086
-2.368420973001997
-2.36386788058114
-2.359397426690547
-2.3548114310720103
-2.3504520152140924
-2.3461322785436196
-2.3315176543834863
-2.328400949277635
-2.325055460957198
-2.313073338525737
-2.309119963923034
-2.304942565254572
-2.299897496219849
-2.2954356122761737
-2.2906260002033108
-2.285852156692678
-2.28102863772421
-2.2740513024562508
-2.2694185703551777
-2.2649315628706934
-2.0776810066024294
-2.068463321949188
-2.0599490768126265
-2.0516787372437846
-2.0448719312158574
-2.0389712051516327
-2.03412541911139
-2.030321836536821
-2.0244302275515818
-2.021713330581044
-2.0196983856886885
-1.9033346423672302
-1.8985750209697652
-1.8936069437127412
-1.8840525426000565
-1.8783543686458137
-1.8725663769301526
-1.8662800656548832
-1.860268010206572
-1.853497810042416
-1.8467694275006437
-1.839600554802253
-1.8086843880963925
-1.801385732536671
-1.794319623322514
-1.7810600942739134
-1.7716327813888757
-1.762058149966695
-1.7524696613308208
-1.7432846361771124
-1.7346558881567475
-1.726816332795705
-1.7199258429599251
-1.7137381221416468
-1.7092231270564615
-1.7057409857243382
-0.9219096162887469
-0.9209287781485977
-0.920698080340356
-0.9155114527723428
-0.9142791705409042
-0.9131376058936373
-0.9087997537498103
-0.9039509349646444
-0.8980102461670542
-0.8941463656096754
-0.8909691828314438
-0.6816607453600845
-0.6751481674091827
-0.6733666086194191
-0.6574671552254795
-0.6513497848101105
-0.64467060525978
-0.6356775637296469
-0.6335435763938156
-0.6219054374698959
-0.6174458364955723
-0.6162895744874797
-0.5572483507393889
-0.556721397228576
-0.5564341579940655
-0.3755054521215766
-0.37475364047571874
-0.3728576298879755
-0.330623110633038
-0.3245841045727174
-0.30998465283767146
-0.29417770792798104
-0.28128433631045385
-0.27194423675923707
-0.2591862188785366
-0.2571021661190942
-0.13279320412342058
-0.1323903303260652
-0.12322718576611037
-0.09506020768799502
-0.08420242948350984
-0.07168065110124816
-0.05188772466024939
-0.04450458989084468
-0.00041019834342631675
0.0002972683648272175
0.0011264464271995755
0.16099089055376448
0.16392883117150606
0.16464473074765806
0.2564114493996827
0.25874796525360155
0.2617630347715224
0.27810266265153183
0.28040398081609513
0.29659842284333715
0.2993902326708121
0.3024578987517682
0.34369300939334824
0.3454787163475461
0.34597449727598206
0.6925966951580407
0.6932794614217408
0.6949447423491615
0.708413459624349
0.7090948879648751
0.7117584741205072
0.7145617927442618
0.7162061077953394
0.72490469503831
0.725621232278811
0.7259934295041688
1.241615792995839
1.2441494421610002
1.2467325508265785
1.2561556206464695
1.263371170161027
1.2718397575294786
1.2821208816394842
1.2922830671515968
1.30510045028557
1.3147415785456913
1.3218073892810107
1.3581634280477606
1.3603671684188778
1.3611272094659927
1.4047451536760043
1.406185951037343
1.407741952436079
1.4150448461551945
1.4169308566284073
1.4203909308318987
1.4234305876918107
1.430516467859145
1.447626764465644
1.4640530908289295
1.4866494692627321
2.714378133085419
2.729183579330163
2.742796627139719
2.7549712289908297
2.7653748378470824
2.7738729064975094
2.7803368098733583
2.784677252115286
2.7896509158157903
2.792119157322138
2.793868806973604
2.8743241807860107
2.874960219249073
2.875330132986114
2.881533309182475
2.882741312407138
2.88401300482762
2.887250857050628
2.888264914296096
2.8909459627121765
2.893037285855496
2.8950678079634775
2.9119263457298774
2.9172389534845213
2.9217572586161977
2.942527087216697
2.9451010164451037
2.947095395728713
2.948630013931806
2.9492712394575182
2.9515271335530233
2.95275132203235
2.954172757867025
2.959070859617493
2.96084336976173
2.9624851003069543
-2.39244112483758
-2.3876805743743574
-2.3829439566856196
-2.3776365346663395
-2.373002688497432
-2.3684209729962697
-2.3638678805980597
-2.3593974266575466
-2.3548114311115054
-2.3504520151993296
-2.3461322785237657
-2.331517655273018
-2.3284009466372018
-2.325055463529238
-2.3130733287606153
-2.309119990701685
-2.304942528923862
-2.2998975341014662
-2.295435580556803
-2.2906260186307312
-2.2858521486394374
-2.281028639972395
-2.2740513021060047
-2.2694185704412115
-2.264931562862093
-2.0776810066027016
-2.0684633219441957
-2.0599490768527486
-2.051678737017445
-2.04487193197637
-2.0389712035999428
-2.034125420788667
-2.030321835985607
-2.0244302266510035
-2.021713331837374
-2.0196983851889807
-1.9033346421147286
-1.8985750221728992
-1.8936069419152828
-1.8840525427805375
-1.878354377874469
-1.872566351495717
-1.8662801023599094
-1.860267978568547
-1.8534978264851536
-1.8467694220766195
-1.8396005555852912
-1.8086843881457386
-1.8013857324401346
-1.7943196233849412
-1.7810600942574242
-1.7716327813933868
-1.7620581499678782
-1.7524696613290633
-1.7432846361781218
-1.734655888156348
-1.7268163327958252
-1.7199258429598996
-1.7137381221416494
-1.7092231270564624
-1.7057409857243393
-0.921909617540592
-0.9209287640656073
-0.9206980941357424
-0.9155114375559577
-0.9142792029029337
-0.9131375858034073
-0.9087997563567826
-0.9039509341389038
-0.8980102464836931
-0.8941463654606182
-0.8909691828629658
-0.6816607914869879
-0.6751470554477393
-0.6733680570721473
-0.6574603963900035
-0.6513732039272755
-0.6446270844374806
-0.6358283327310617
-0.6334012054433987
-0.6219567610762048
-0.6173474251656021
-0.6163547428211728
-0.5572499533769946
-0.5567168268723183
-0.5564371249879746
-0.3755014303392851
-0.37475958045596963
-0.37285567819945986
-0.33062244008653113
-0.32458636225809406
-0.309979265182156
-0.2941907451077972
-0.2812601587746826
-0.2719669396608779
-0.2591615765418041
-0.25711907365590775
-0.13280914767057309
-0.13237434971251266
-0.12322633462460973
-0.09506747991044891
-0.08418957612694769
-0.07168928166647585
-0.051884347799592716
-0.044505678591245997
-0.00045579697716904995
0.0003843896495478157
0.00108479078789403
0.16099086173710989
0.1639287729419877
0.16464482300255695
0.2563663977185073
0.258848801020231
0.2617032787298041
0.2780698592134927
0.2804543278308096
0.29648417078495876
0.2995497491217575
0.3023989753197676
0.34369484074891804
0.3454724469290888
0.34597901735290426
0.6926055602410972
0.6932637509385302
0.694953138834784
0.7080749920503611
0.7098729738435672
0.7110810809336034
0.7151537477665519
0.7158413322875946
0.7250493040833544
0.7253994042473243
0.7260796927727928
1.2416158819713476
1.2441490913744646
1.2467329319111238
1.2561552685440742
1.2633716045989096
1.2718395009344747
1.2821207970542037
1.292283499359806
1.3050995493792283
1.3147428611268106
1.3218066302794793
1.3581735166552888
1.3603296113153394
1.3611548498970518
1.4046305568741357
1.4065903907125796
1.4074138925025002
1.4152344931306036
1.4167365969570593
1.4204449520664977
1.4234191164080974
1.4305166605975548
1.4476267642867087
1.4640530908294842
1.4866494692627343
2.714378133085419
2.7291835793301633
2.7427966271397195
2.7549712289908306
2.7653748378470797
2.7738729064975556
2.7803368098730523
2.784677252116085
2.7896509158138496
2.792119157324553
2.7938688069725943
2.874326369099513
2.8749509581936037
2.8753378820579436
2.8815063988869243
2.8828219329440268
2.8839372519102087
2.8873369886030535
2.8881884279966736
2.890962120204671
2.893032133397322
2.8950685238045626
2.911926346619082
2.9172389522631845
2.9217572592348775
2.942527070899619
2.94510116823338
2.9470946960632376
2.948632287838513
2.9492692368089704
2.951527643758419
2.952751061086814
2.9541728018546336
2.9590708591035155
2.960843369911428
2.9624851002911377
-2.392441124837578
-2.3876805743743574
-2.3829439566856045
-2.377636534666637
-2.373002688495073
-2.3684209730090386
-2.3638678805477595
-2.359397426799536
-2.354811430807074
-2.3504520156349593
-2.346132278199206
-2.3315176574518297
-2.328400941284997
-2.3250554678730486
-2.3130733194922675
-2.3091200117730692
-2.3049425057323942
-2.2998975523151115
-2.295435569293698
-2.290626022847691
-2.285852147761102
-2.281028639950181
-2.2740513021708595
-2.2694185704146705
-2.264931562865859
-2.0776810066027718
-2.0684633219446056
-2.059949076836279
-2.0516787372052137
-2.044871930923691
-2.0389712072274864
-2.0341254133108984
-2.030321843272892
-2.024430220741412
-2.021713336626278
-2.019698383753527
-1.903334642300083
-1.8985750207780943
-1.89360694541675
-1.8840525282019311
-1.8783544117034134
-1.8725663101869006
-1.8662801336492998
-1.8602679650493958
-1.8534978274798437
-1.8467694236612826
-1.8396005549836023
-1.8086843882011574
-1.801385732394068
-1.7943196233884513
-1.7810600942708597
-1.7716327813811716
-1.762058149973896
-1.7524696613271658
-1.7432846361784182
-1.7346558881564416
-1.7268163327957253
-1.7199258429599482
-1.7137381221416326
-1.7092231270564648
-1.705740985724337
-0.9219096159025095
-0.9209287819079647
-0.9206980767894266
-0.9155114537327915
-0.9142791698328142
-0.9131376055943466
-0.9087997541244742
-0.9039509347409159
-0.8980102462964396
-0.8941463655366455
-0.890969182848873
-0.6816607860231677
-0.675147069584709
-0.6733680798480538
-0.6574585577703809
-0.6513819498469945
-0.6446052683356361
-0.6359225380256198
-0.6333051069510013
-0.622010851656761
-0.6172040841103416
-0.6164607776516963
-0.5572401225974971
-0.5567425573835234
-0.5564212114336647
-0.375493953263554
-0.3747706723968945
-0.37285197656128416
-0.33062398218729705
-0.3245844329779931
-0.30997910769941506
-0.2941937369794037
-0.2812541880746928
-0.2719719661745367
-0.25915784588770385
-0.25712138757835584
-0.13274324275381683
-0.1324443565074275
-0.1232214673533514
-0.09506743441228215
-0.08419424253221401
-0.0716824012575976
-0.05189204416888323
-0.04450080903434802
-0.00046796497747547157
0.00040724422210055433
0.001073905779401849
0.16099133345104533
0.1639261207826676
0.1646470074032167
0.2564560075047322
0.25862109946253226
0.26187182295367195
0.27782848648685315
0.28069527271861405
0.2963376208480372
0.29973060889783276
0.3023346399574274
0.3436942247283838
0.3454748822083537
0.3459771949035289
0.6926107200013486
0.6932550760498535
0.6949572703979521
0.7080385083610395
0.7099980034554799
0.7109821097465306
0.7151601226108443
0.7158460763365219
0.7250085008801769
0.7254555276746334
0.7260630624851837
1.2416157651741062
1.2441495961195945
1.2467323280068345
1.256156098195607
1.2633700833930566
1.2718414025834486
1.2821186809172445
1.292285515724946
1.3050975633902946
1.3147447914072248
1.3218057355194033
1.358176339771271
1.3603209223053947
1.361160763179049
1.40468615220762
1.4063482225301505
1.4076256520400514
1.415089223336402
1.4168936043375153
1.4203970510417534
1.4234303373458737
1.4305164247239779
1.4476267646898913
1.4640530908261145
1.4866494692627408
2.714378133085419
2.7291835793301638
2.74279662713972
2.75497122899083
2.7653748378470797
2.773872906497527
2.7803368098732637
2.784677252115492
2.7896509158154132
2.792119157322526
2.7938688069734674
2.874317347096826
2.8749936782015433
2.8753010327979753
2.8816988567570734
2.8823783371318705
2.8843507726160924
2.886838150817022
2.888641199411518
2.890803670122653
2.893086970508753
2.8950589630700474
2.9119263640044486
2.917238938846469
2.9217572641807483
2.942527013770517
2.945101664222828
2.947092530063459
2.9486391504802247
2.9492632721659153
2.9515290662616502
2.9527503527503294
2.9541729173914932
2.9590708578861475
2.960843370253561
2.9624851002561403
-2.393632968602589
-2.388869129448746
-2.384124972177709
-2.378802668983082
-2.374156340847383
-2.369560962527237
-2.364993911179756
-2.3605100894554343
-2.3559081020657135
-2.351537574148293
-2.3472091681151337
-2.332264961217648
-2.3292001775673787
-2.3259147345115423
-2.3140280771938215
-2.3101283344759547
-2.3060031754799826
-2.300980313360855
-2.2965695798020547
-2.2917956007183724
-2.2870491656856946
-2.282237453428702
-2.275222452123251
-2.2705663196223216
-2.266035072333742
-2.080080271075821
-2.0707068888765634
-2.062004397661149
-2.0535277539246275
-2.0464820807891617
-2.0403380127915103
-2.0352356087023873
-2.031178724214076
-2.0252314194474903
-2.0223219034503415
-2.020143163121358
-1.902155980769284
-1.8973577841859324
-1.8923197150744293
-1.8826334283247006
-1.876920893484328
-1.8711117511751207
-1.8647973147829275
-1.8587250461617513
-1.851862342086464
-1.8450169317633853
-1.8377480222464369
-1.8068414736401814
-1.7995941562358342
-1.792601505349509
-1.778730689630848
-1.7692430635597898
-1.7596716438504767
-1.7501326240990476
-1.7410684675840173
-1.7326164038183995
-1.7249984710845145
-1.7183698665702003
-1.7125071727376961
-1.708260746396904
-1.7050129831563823
-0.9221255704158485
-0.9211210290579891
-0.9207411487508251
-0.915497749381332
-0.9141718435655046
-0.9134524932894412
-0.9099554530982381
-0.9051607032007961
-0.8990874479284278
-0.8950406222648466
-0.8917156032790363
-0.684178237937619
-0.6762232711386681
-0.6735075031948936
-0.6578959212090942
-0.6532081947747127
-0.6461688621472153
-0.6356328549491509
-0.6338107175563594
-0.6219148975570307
-0.6178990067104213
-0.6162403489491657
-0.5571429436440134
-0.5568970325678835
-0.5563557727162048
-0.3760218240457656
-0.3739873201260973
-0.3734017409885151
-0.3287080506776509
-0.32790762759827335
-0.31125185351086293
-0.2932243200664316
-0.2826091515995534
-0.2709969154926417
-0.2598710541556255
-0.2569010678488051
-0.13427983125533272
-0.13008740468280425
-0.12425825058471184
-0.09313567275124442
-0.08713155904998456
-0.06789708074893451
-0.04818376811172956
-0.04590670204555327
-0.00025100937942281474
0.0006087830424388492
0.002224377538039939
0.16181935244113946
0.16426717347388092
0.16459233612752386
0.25632384995199503
0.25890727272872205
0.2620411575110819
0.27833925566668094
0.2801732345122193
0.2966792497167054
0.2993445386639815
0.3026797232283025
0.3433317222197343
0.34509913076466964
0.3460203194207523
0.6926043704759041
0.6936086746736316
0.6953940272497279
0.7081885204038278
0.7100815928252441
0.7112445837339103
0.7151454865995918
0.7158649413475021
0.7250227710280982
0.7254544572242911
0.7260946622980835
1.2423057666759445
1.244748087284015
1.2474708167729127
1.2578335718210176
1.265349700482861
1.274013734656829
1.2845823997274008
1.2949136868191153
1.30758780003284
1.3168244278600716
1.3229538452746106
1.3589663163279149
1.3605157738107376
1.3612639155786206
1.405008115035129
1.406534438891125
1.407653937665598
1.415535185422847
1.4171044535804702
1.4206790917842647
1.4245962242560597
1.433252761999963
1.4509643993467898
1.4692567945817128
1.4928897102311558
2.71052937348089
2.725581432225878
2.7395221623495303
2.7520916712970895
2.762947075086553
2.7719351360499487
2.7789170323341277
2.783793827680002
2.78886936677624
2.7915874986111064
2.793473678748791
2.8744862372468214
2.875078132579724
2.875283368218836
2.8817330448651903
2.8823602891495312
2.884324111994074
2.8867990681241555
2.8887075417981634
2.8904393171842133
2.892693190524331
2.8945481194879203
2.9104903414280634
2.9159818768160397
2.9207058999860656
2.9417944728413192
2.9445206477461117
2.9466819917042497
2.948412792723358
2.949135910040606
2.95127097712175
2.9524256137235416
2.9538075371847397
2.9586175489098743
2.960409257612681
2.9620913764608976
-2.3936329686025872
-2.388869129448746
-2.384124972177698
-2.3788026689831923
-2.374156340846839
-2.3695609625286598
-2.364993911179612
-2.360510089441558
-2.3559081021257313
-2.351537574022203
-2.3472091682382645
-2.332264959472019
-2.329200182427274
-2.3259147300577276
-2.314028091734007
-2.3101282961826772
-2.3060032251413913
-2.3009802639388393
-2.296569619672469
-2.291795578614923
-2.2870491748866546
-2.2822374509957717
-2.275222452470693
-2.2705663195415298
-2.2660350723413267
-2.080080271075613
-2.070706888879927
-2.0620043976370037
-2.053527754041486
-2.0464820804694104
-2.040338013216068
-2.0352356087603973
-2.0311787234755143
-2.0252314208493822
-2.0223219020464303
-2.020143163603258
-1.902155980917762
-1.897357783599337
-1.892319715615483
-1.8826334318133462
-1.876920877633357
-1.8711117819297665
-1.8647972776128374
-1.8587250746795365
-1.8518623288364175
-1.84501693564676
-1.8377480217783069
-1.806841473580546
-1.799594156334722
-1.7926015052939592
-1.7787306896407022
-1.7692430635596619
-1.759671643847287
-1.750132624101552
-1.741068467582772
-1.7326164038188525
-1.7249984710844017
-1.718369866570214
-1.7125071727377001
-1.7082607463969006
-1.705012983156385
-0.9221255723656769
-0.9211210139980035
-0.9207411635822977
-0.9154977185922468
-0.9141719388563551
-0.9134524217295477
-0.9099554593581286
-0.9051607020896814
-0.8990874481976872
-0.8950406221662337
-0.8917156032964206
-0.6841782409035142
-0.6762232631869123
-0.6735074757685068
-0.6578983900260318
-0.6532002183789765
-0.6461837623450086
-0.6355266111869797
-0.6339218738672171
-0.6218619887106507
-0.6179822530162751
-0.6161957269791707
-0.557158890911688
-0.5568734873426554
-0.556363382444195
-0.3760248302764665
-0.3739700184792444
-0.3734161687754563
-0.3286702940710648
-0.3279476306726358
-0.3112486298286969
-0.2932220360555387
-0.28261891267569617
-0.2709835873160195
-0.259888046235653
-0.25689077406843414
-0.13427951717894301
-0.1300866890772046
-0.12426005412495972
-0.09312627982781428
-0.08714293002123291
-0.06789303822301843
-0.04818619316559503
-0.045905750186628035
-0.0002193184574590807
0.0005640350751587208
0.0022376192964984136
0.16181937257522627
0.16426750543957086
0.16459197839148523
0.25636529730357127
0.2588156447091657
0.26209545020021374
0.27838686805820506
0.2801076913663619
0.29681193036057585
0.29917525363531244
0.30273023917994535
0.3433300462637132
0.34510281750546784
0.3460182216605453
0.6925999233311303
0.6936186472948447
0.6953869305919786
0.7084838131748376
0.7093333428815773
0.7119616101624247
0.7145289615188013
0.7162278183203532
0.7248988131925826
0.7256549254924359
0.726009301898844
1.2423057095174002
1.2447482908245375
1.2474706069985089
1.2578337728757054
1.265349441715388
1.2740138684067133
1.2845825467226113
1.2949132045416263
1.307588852461387
1.3168227927091993
1.3229548451228275
1.3589487782764242
1.3605723076477911
1.3612247490296203
1.405124434558765
1.4062356787169503
1.4078600498110259
1.4154228063350758
1.4172155867977252
1.4206534902205883
1.4245995159198275
1.4332527225031761
1.4509643993943286
1.4692567945816506
1.4928897102311547
2.7105293734808904
2.7255814322258782
2.7395221623495307
2.752091671297089
2.762947075086555
2.771935136049932
2.778917032334233
2.783793827679695
2.788869366776999
2.791587498610158
2.7934736787491956
2.874484280747701
2.8750906054936536
2.8752724282354176
2.8817683582116085
2.882306724960014
2.884357928288541
2.8867681921360115
2.888732621549561
2.8904282748065193
2.8926950632443824
2.8945479443053452
2.9104903395910435
2.9159818784634157
2.9207058993098847
2.941794482845412
2.9445205615287224
2.9466823756946665
2.948411456725557
2.9491371862759634
2.951270527606854
2.9524258559236833
2.9538074961947887
2.958617549376162
2.960409257483581
2.9620913764737846
-2.393632968602587
-2.3888691294487416
-2.384124972177723
-2.3788026689828317
-2.374156340849586
-2.3695609625143383
-2.364993911234195
-2.36051008929235
-2.3559081024354733
-2.3515375735930624
-2.347209168546586
-2.3322649574431713
-2.3292001873463715
-2.3259147261730324
-2.314028098673149
-2.3101282819946354
-2.30600323827201
-2.300980256961732
-2.296569621091298
-2.2917955803565984
-2.287049173087338
-2.2822374517754995
-2.2752224522886917
-2.2705663195965773
-2.2660350723347884
-2.0800802710756034
-2.0707068888789353
-2.0620043976534093
-2.0535277538929257
-2.046482081210214
-2.0403380108691502
-2.0352356133402534
-2.0311787190739246
-2.0252314242276115
-2.022321899508698
-2.0201431643237453
-1.9021559807181228
-1.8973577849392502
-1.8923197125128128
-1.8826334433321024
-1.876920853045156
-1.871111808495927
-1.8647972619404618
-1.8587250773915598
-1.851862332252193
-1.8450169329784516
-1.8377480224720388
-1.8068414735459353
-1.7995941563478017
-1.7926015053082913
-1.7787306896244912
-1.7692430635720586
-1.759671643841922
-1.750132624102869
-1.7410684675828318
-1.732616403818575
-1.7249984710845843
-1.718369866570133
-1.7125071727377255
-1.7082607463968948
-1.705012983156382
-0.9221255737140728
-0.921121003223126
-0.920741174329734
-0.9154976920931954
-0.914172024433051
-0.9134523559654016
-0.9099554657960207
-0.9051607007547402
-0.8990874485948972
-0.8950406219978594
-0.8917156033301895
-0.6841782600371111
-0.6762227349261718
-0.673508330046591
-0.6578903466594479
-0.6532204010070246
-0.6461558856443992
-0.6356617055325894
-0.6337881762052151
-0.6219063810329143
-0.6179211799445145
-0.6162264029123528
-0.5571641901365938
-0.5568651867137615
-0.5563663842954505
-0.3760242048998202
-0.37397314162928613
-0.3734136703782807
-0.3286648407329648
-0.32795362515065807
-0.3112470812072028
-0.2932271876339297
-0.28260908180535005
-0.2709948482374261
-0.2598734347219266
-0.25689981338636836
-0.13428678173553635
-0.13007055782078528
-0.12427013419676898
-0.09312368474074396
-0.08714261993240253
-0.06789776215756509
-0.04816403601456446
-0.0459251090192192
-0.00020628684260283112
0.000547415419390636
0.0022414423554192047
0.16181860629084924
0.16427477040777566
0.16458547574295518
0.25628953188307774
0.2590250295440021
0.2619304455760338
0.27892213849408637
0.27957446056348095
0.2970178560949098
0.2989524769392806
0.30277643609351745
0.34333059963322426
0.3451014023134581
0.3460190872215424
0.6925974449695558
0.6936239651597759
0.6953834781766063
0.7085676580389227
0.7092158597141458
0.712010778149656
0.7145168557480372
0.7162237089989008
0.7249205398016659
0.7256089175296986
0.7260348815728527
1.2423057869126053
1.244747989489754
1.2474709512887439
1.257833253764537
1.2653504938460056
1.2740124470492935
1.284584270572389
1.2949113845844857
1.3075909180162817
1.3168205269231277
1.3229559689795818
1.3589443479433012
1.3605861297362105
1.3612153066155166
1.4050581195612633
1.4063984856065384
1.4077474558118908
1.4155079599752713
1.417126603480585
1.4206767395485127
1.4245961361456807
1.4332527759870184
1.4509643992677839
1.4692567945824757
1.4928897102311545
2.71052937348089
2.725581432225878
2.7395221623495325
2.7520916712970886
2.762947075086554
2.771935136049943
2.7789170323341534
2.7837938276799474
2.7888693667763187
2.791587498611046
2.7934736787488057
2.8744962686247395
2.8750275564915726
2.8753263555529993
2.881555317162893
2.8827474155688817
2.88396727184848
2.8872526215265557
2.8882475461587895
2.8906455209664217
2.892626621950731
2.894559935678115
2.9104903223963823
2.9159818895257934
2.9207058956634087
2.9417945110463983
2.9445203333236862
2.946683345916408
2.9484082223967074
2.949140228003603
2.951269496587767
2.9524263982661347
2.9538074067785076
2.9586175503046492
2.960409257234753
2.9620913764978773
-2.3936329686025855
-2.388869129448742
-2.3841249721777324
-2.3788026689827237
-2.3741563408501296
-2.369560962512914
-2.364993911234337
-2.3605100893062256
-2.355908102375459
-2.351537573719152
-2.347209168423455
-2.3322649591888043
-2.3292001824864785
-2.325914730626838
-2.3140280841330356
-2.310128320288013
-2.306003188610518
-2.3009803063836953
-2.2965695812208393
-2.291795602460049
-2.287049163886381
-2.2822374542084316
-2.275222451941253
-2.2705663196773633
-2.2660350723272016
-2.0800802710758077
-2.0707068888755704
-2.0620043976775584
-2.0535277537760686
-2.046482081529963
-2.040338010444591
-2.035235613282247
-2.0311787198124893
-2.025231422825726
-2.0223219009126114
-2.020143163841843
-1.9021559805696469
-1.89735778552585
-1.8923197119717576
-1.8826334398434712
-1.8769208688962244
-1.87111177774129
-1.8647972991104786
-1.8587250488737173
-1.85186234550224
-1.845016929095078
-1.8377480229401681
-1.8068414736055725
-1.7995941562489133
-1.7926015053638418
-1.7787306896146364
-1.7692430635721879
-1.7596716438451119
-1.7501326241003594
-1.7410684675840744
-1.7326164038181218
-1.7249984710846986
-1.7183698665701181
-1.7125071727377204
-1.7082607463968964
-1.7050129831563823
-0.9221255717642579
-0.9211210182839049
-0.9207411594974605
-0.915497722884295
-0.914171929155333
-0.9134524275101864
-0.9099554595360936
-0.9051607018658503
-0.8990874483256327
-0.8950406220964746
-0.8917156033128061
-0.6841782570712583
-0.6762227428774026
-0.6735083574679815
-0.6578878625648796
-0.6532283541009073
-0.6461409565836891
-0.6357544500752469
-0.6336904975662675
-0.6219583993366931
-0.6178361633933991
-0.616273774665709
-0.5571491098067677
-0.5568880106075336
-0.5563586289610689
-0.3760211951141757
-0.37399030345891976
-0.37339938596348704
-0.32870315772574027
-0.32791306205018783
-0.31125030474915705
-0.2932294671389581
-0.28259931315082165
-0.27100817501077384
-0.259856364329004
-0.2569101987473039
-0.13428709507770228
-0.1300712790008547
-0.12426832599001923
-0.09313308203467854
-0.08713124340620511
-0.06790180479902722
-0.04816158335775857
-0.045926089382927346
-0.00023919982496741274
0.0005932685133835604
0.002228317537341826
0.16181858616397107
0.1642744232133122
0.1645858487005528
0.25625197849957754
0.2591199160272501
0.2618690412879796
0.2788033528193448
0.2797109997069868
0.29686022446442817
0.2991441998255083
0.30272856972364404
0.3433322771104029
0.34509771976239334
0.34602117927085546
0.6926018553720865
0.6936140016542502
0.6953906019172956
0.7082243229099744
0.7099716237424385
0.7113296759557055
0.7151390224560059
0.7158598035717569
0.7250632367313
0.7254002512475812
0.726109692301424
1.242305844078832
1.2447477859794251
1.2474711610289213
1.2578330527334871
1.2653507526200283
1.2740123132680872
1.284584123517009
1.2949118668263568
1.3075898653306908
1.3168221619219533
1.322954969632594
1.358961725575076
1.3605284101505821
1.3612558193340798
1.4049579268919898
1.406744313453248
1.407478414243151
1.4156324102651625
1.4170036567320525
1.4207018322611318
1.4245928305603741
1.4332528154818314
1.4509643992202468
1.4692567945825388
1.4928897102311542
2.71052937348089
2.7255814322258787
2.739522162349532
2.752091671297089
2.762947075086554
2.7719351360499576
2.778917032334048
2.7837938276802547
2.78886936677556
2.7915874986119946
2.793473678748401
2.8744984109832963
2.875018983730328
2.8753332109672476
2.8815385775925835
2.8827959553505376
2.8839232630807756
2.8872987255771543
2.8882064230540467
2.8906542359307794
2.8926245399085992
2.8945601045490434
2.9104903242334013
2.915981887878421
2.92070589633959
2.9417945010417985
2.9445204195110355
2.9466829613977765
2.9484095491482116
2.9491389612611285
2.9512699461315766
2.9524261563368412
2.9538074477808776
2.9586175498383644
2.960409257363855
2.962091376484996
