-2.3935523794583093
-2.3881863677962434
-2.382828045650032
-2.3774640841561943
-2.3722100003057385
-2.3670423742689914
-2.3620085151494363
-2.3571152776070776
-2.3379592979250887
-2.334932395652839
-2.3318645251478265
-2.326804956984175
-2.3235107480292183
-2.3198713824006525
-2.3160165280610983
-2.3120123982217478
-2.3042920396926094
-2.3000770737751943
-2.2955205426485246
-2.278388214955763
-2.2730771625033643
-2.267683756951668
-2.2621888715835885
-2.256907948259174
-2.251391898633183
-2.246541422105787
-2.242037378224909
-2.056040074805027
-2.0468816386223625
-2.0387597749121658
-2.0317448636816
-2.026015500447369
-2.0214085837044595
-2.018092442607148
-2.015844423351253
-1.904824788144052
-1.901484370558222
-1.8977577366043685
-1.8928702231178034
-1.888162016512691
-1.8825351284404197
-1.8762441518796373
-1.869218551680508
-1.8282562066888113
-1.8199445735480684
-1.8114949344830413
-1.8013147887104692
-1.7927022468748335
-1.784165795539798
-1.7759029030238906
-1.768135567750618
-1.7566373301410125
-1.7504334740348424
-1.7455640623695954
-1.7290653293143825
-1.7210997703078086
-1.7136789906313994
-1.7069206630262734
-1.7009467592077854
-1.6956622531984562
-1.6909393381134905
-1.6865022447255575
-0.9173286260154998
-0.9169694024592657
-0.9167243570566008
-0.9160810561006718
-0.9156120758202586
-0.9146151068773881
-0.9120641865524765
-0.9085366395496255
-0.7220153447178006
-0.7173279389740171
-0.7091221991727383
-0.6997021620050801
-0.6925613760529762
-0.6855009386454426
-0.6841188524787876
-0.6825592042306792
-0.5825231793299522
-0.5819458330148173
-0.5805834869613352
-0.5425702070425744
-0.5397744793567679
-0.5340779709501718
-0.5258825133190237
-0.5245980632250377
-0.49544842003114264
-0.49387592445938583
-0.49115007635096464
-0.28583494889593813
-0.28499542548325146
-0.282061012118207
-0.2566425239876452
-0.25511029545875336
-0.23827127426532443
-0.23354251448207816
-0.22592705998361814
-0.13877059579343912
-0.13086727338153803
-0.12646840644977983
-0.10232948272540934
-0.09876540580286318
-0.07475698221367978
-0.06846315444956376
-0.06609043337920144
0.09239184576083544
0.10161752813100552
0.10668741254320797
0.15931127517850646
0.16094043528198004
0.17118680395246158
0.1769311001806312
0.18285470562424927
0.22553473032152924
0.22725806543915567
0.22859805702029584
0.3747983217643641
0.3762036946149476
0.37836311675708073
0.38706471632834033
0.39104579172092735
0.3928774024664236
0.3951323319941315
0.39657970667965486
0.7373215710558724
0.7380958718061079
0.7388241917744905
0.7402148850736988
0.740597217053919
0.7422469030368661
0.742804592356716
0.7436175311487327
1.2302060165647175
1.2371785859371758
1.245158703373319
1.2570039672780224
1.2633139704980756
1.2699447729667537
1.2741781040323963
1.2772739321889799
1.3091350823030836
1.3104245441839744
1.3132011829996806
1.3439400794777827
1.3530788745538593
1.3649433342835666
1.3790825489904726
1.3889968573745288
1.4005002890339147
1.4023895557958397
1.4030037585352781
1.465898102876348
1.4670890520185984
1.4682607733353914
1.4719869155222625
1.4744493772351726
1.481567311394228
1.499567745766396
1.5235778107622917
2.737228270509819
2.7522117976988376
2.7659690735742637
2.7781511242990797
2.7884486010968605
2.796660469891855
2.8027044965773076
2.80669874406015
2.876788149085055
2.877365214541614
2.877524077441132
2.8809606962786245
2.8814212788479754
2.8832030925874728
2.884891372984307
2.8858789756017567
2.894850601493234
2.9011352374322716
2.9068563961452027
2.919011619474745
2.9230089321328907
2.9262020636826978
2.928710415180648
2.9303658111805486
2.9342747140005243
2.9365683143690555
2.9391793840523603
2.9659523496112166
2.9673818608962956
2.9686773056641274
2.969836032120678
2.970618911160039
2.9719227337852865
2.9725975276656165
2.9731967970566195
-2.3935523794583107
-2.388186367796246
-2.382828045650032
-2.377464084156169
-2.372210000305935
-2.3670423742679856
-2.3620085151526373
-2.3571152776020354
-2.3379593005568244
-2.334932379344168
-2.331864563889353
-2.3268048331602675
-2.3235109923069244
-2.319871097430586
-2.316016753582315
-2.3120122911357543
-2.3042920810951384
-2.300077046709748
-2.2955205495383337
-2.278388214634856
-2.273077162310334
-2.2676837577336446
-2.262188870748344
-2.2569079487679744
-2.2513918984385293
-2.2465414221572493
-2.242037378218727
-2.056040074805038
-2.0468816386221804
-2.0387597749136113
-2.0317448636754367
-2.0260155004626683
-2.021408583681357
-2.018092442626364
-2.015844423344738
-1.9048247883572926
-1.9014843692649452
-1.897757739723086
-1.8928702181269077
-1.8881620214455506
-1.882535125703542
-1.8762441527519165
-1.8692185515675204
-1.8282562066162644
-1.8199445737469915
-1.8114949342776283
-1.8013147887349843
-1.7927022471351486
-1.7841657950619272
-1.7759029034920364
-1.7681355674918435
-1.7566373302361586
-1.7504334739988954
-1.7455640623681934
-1.729065329318207
-1.721099770304722
-1.7136789906328824
-1.7069206630257825
-1.7009467592078842
-1.6956622531984487
-1.6909393381134867
-1.6865022447255569
-0.9173286335226016
-0.9169693586896852
-0.9167244112639373
-0.9160810231794265
-0.9156120925746486
-0.9146151050556267
-0.9120641865976161
-0.9085366395482549
-0.7220153438540611
-0.7173279431913339
-0.7091221808071428
-0.6997022611012321
-0.692561025677757
-0.6855039229514467
-0.6841146051844017
-0.6825607337797807
-0.5825119452940319
-0.5819622610880105
-0.5805782536203984
-0.5425602834435013
-0.5397979958209611
-0.534051134590371
-0.525945153955885
-0.5245483346529456
-0.495454364387723
-0.49386846856244976
-0.4911519583565741
-0.2858506490652846
-0.284973132892478
-0.28206803580258744
-0.25665047211926784
-0.25509878361738025
-0.2382896902667733
-0.2335220231478159
-0.2259322967382735
-0.13877437355138914
-0.13084637951815659
-0.12648912092753448
-0.10230839297219271
-0.09878374034077757
-0.0747564623063139
-0.06846062380691373
-0.06609261182239239
0.09239161336399158
0.10161836456512639
0.10668681408660556
0.15919726801043468
0.1611021674703333
0.1710532112882546
0.17705702586450814
0.18281428243187264
0.2255387132608674
0.22725276025249067
0.2285997384378
0.37475337595646946
0.376321676526842
0.37826725790046284
0.3872012797342497
0.39064637911909
0.3934299417715589
0.39478877540962504
0.3966563963356925
0.7373219930867134
0.7380921658767675
0.7388332019639683
0.7401790164550658
0.7406343767494131
0.7422291893649596
0.74281730047223
0.7436155193372874
1.2302060147489262
1.2371786129153186
1.2451585147351418
1.2570071843641364
1.2632993755183513
1.269993919923633
1.2741035481360896
1.2773121315629643
1.309029034754439
1.3105822220807501
1.3131476300500249
1.3439426641529277
1.3530756150983736
1.3649454181510017
1.379081160041639
1.3889978361450106
1.4004990209619816
1.4023911208707165
1.4030031365109654
1.4658974679012784
1.467090792876053
1.468259468590374
1.4719871969192866
1.4744492928157213
1.4815673129301217
1.4995677457645935
1.523577810762292
2.7372282705098194
2.752211797698839
2.765969073574266
2.7781511242990806
2.788448601096859
2.7966604698918536
2.802704496577308
2.8066987440601485
2.876798727560375
2.877298437220136
2.8775860482550626
2.8808648261321927
2.8815519566298233
2.883136124577004
2.8849361975977192
2.8858604382150563
2.894850749962742
2.9011351612121383
2.906856436147967
2.9190114995606
2.9230094180678665
2.926200888002095
2.928712215131857
2.9303646404911983
2.934274968673253
2.9365682170589484
2.9391793960196084
2.9659523486879293
2.9673818658084072
2.968677293201698
2.969836052962707
2.9706188946459533
2.9719227409848594
2.972597523900835
2.9731967977639604
-2.39355237945831
-2.388186367796247
-2.382828045650038
-2.3774640841561436
-2.372210000306119
-2.3670423742672204
-2.3620085151545487
-2.35711527759973
-2.3379593005284947
-2.3349323806755438
-2.3318645578965347
-2.3268048678398494
-2.3235109027298004
-2.3198712311135865
-2.3160166209815554
-2.312012368995176
-2.304292036914344
-2.300077082415804
-2.295520537911995
-2.2783882178447326
-2.2730771572230366
-2.2676837620574988
-2.2621888682605764
-2.256907949783262
-2.2513918981617143
-2.246541422213104
-2.242037378213482
-2.05604007480505
-2.046881638622049
-2.0387597749140514
-2.031744863675302
-2.0260155004594846
-2.0214085836908438
-2.018092442615281
-2.0158444233493302
-1.904824788550915
-1.9014843684267053
-1.8977577410168518
-1.8928702173562428
-1.888162021051729
-1.8825351267340378
-1.8762441520517494
-1.8692185517569562
-1.828256206619309
-1.8199445736401467
-1.8114949345687947
-1.8013147882387335
-1.7927022476964884
-1.7841657946969167
-1.7759029035766838
-1.7681355675635235
-1.7566373301052736
-1.7504334741326546
-1.7455640623152544
-1.7290653293205747
-1.7210997703045021
-1.7136789906322845
-1.706920663026284
-1.7009467592076501
-1.6956622531985184
-1.6909393381134763
-1.6865022447255582
-0.9173286331380663
-0.9169693606928564
-0.9167244089851005
-0.9160810242414127
-0.915612092153409
-0.9146151050738843
-0.9120641865989056
-0.9085366395481447
-0.7220153441733318
-0.71732794188783
-0.7091221847276064
-0.6997022494926518
-0.6925610438482447
-0.6855039449522278
-0.6841145265736368
-0.6825607809803277
-0.5824931717860811
-0.581989594811005
-0.5805695324114798
-0.5425936886034665
-0.5397308729093186
-0.5341091336620848
-0.5258439051444965
-0.5246257733618628
-0.4954508903056942
-0.4938725279701014
-0.4911510627292049
-0.28585653219454665
-0.2849646970288059
-0.2820707606801196
-0.25664822263918635
-0.2551010144000719
-0.2382880957368509
-0.2335242982226177
-0.2259314371217215
-0.13877471202513755
-0.13085028893791772
-0.1264825552104112
-0.10233231382323824
-0.09875943143127555
-0.07476688680861296
-0.06844337141757757
-0.06610217046564441
0.09239181163241697
0.10161709644568666
0.10668810753437447
0.15913950273855812
0.1611766463026224
0.171030168814064
0.17705636440921457
0.18282157585093783
0.22551291112848257
0.2273047357637375
0.22857303791242706
0.3747098473770267
0.3764426585410297
0.37817339568423136
0.38728135931267715
0.39049550042319775
0.39365283004252544
0.39463551634901667
0.3966739747828962
0.7373362074958054
0.738022713406089
0.7389787605335288
0.7399151929941795
0.7408691816217278
0.7421087191935387
0.7428887862120901
0.7436032018494501
1.2302060076755057
1.2371786820585546
1.2451581772895588
1.2570109109632843
1.2632858411756671
1.2700308576261161
1.274056155907823
1.277332988187372
1.309031176286368
1.3105750159316443
1.3131526624319085
1.343940894604001
1.3530786519058706
1.3649425437153666
1.3790844622515677
1.3889938096104135
1.400522835975651
1.4023288126619184
1.4030436749506343
1.4658970380967888
1.4670919276698227
1.4682586504646824
1.4719873512073725
1.4744492506098188
1.4815673134976501
1.4995677457644516
1.5235778107622924
2.737228270509819
2.7522117976988385
2.765969073574264
2.778151124299077
2.7884486010968588
2.7966604698918553
2.802704496577308
2.8066987440601507
2.876803677561605
2.8772764464826466
2.8776055276605965
2.880834668127958
2.8815964469695623
2.883110003854956
2.884952409377248
2.8858535465089665
2.8948507911336367
2.9011351440531747
2.906856443298124
2.9190114896314023
2.923009443235001
2.9262008561137427
2.928712229150187
2.9303646462634445
2.9342749597641946
2.9365682221788596
2.9391793951496132
2.965952348949719
2.967381864358093
2.9686772970141866
2.96983604638676
2.970618899963863
2.9719227385880815
2.972597525175467
2.973196797520914
-2.3935523794583093
-2.3881863677962443
-2.382828045650033
-2.3774640841561636
-2.3722100003059317
-2.3670423742682245
-2.3620085151513504
-2.357115277604775
-2.3379592978967576
-2.334932396984192
-2.331864519154916
-2.32680499166046
-2.323510658446519
-2.3198715160826366
-2.316016395465719
-2.3120124760855285
-2.3042919955116443
-2.300077109481613
-2.2955205310222477
-2.278388218165638
-2.2730771574160658
-2.2676837612755265
-2.26218886909582
-2.2569079492744493
-2.2513918983563657
-2.246541422161647
-2.242037378219667
-2.056040074805044
-2.0468816386222333
-2.038759774912607
-2.0317448636814652
-2.0260155004441867
-2.021408583713949
-2.0180924425960614
-2.0158444233558455
-1.9048247883376719
-1.901484369719982
-1.8977577378981325
-1.8928702223471363
-1.8881620161188686
-1.8825351294709147
-1.87624415117947
-1.8692185518699473
-1.8282562066918515
-1.8199445734412207
-1.8114949347742055
-1.8013147882142193
-1.7927022474361713
-1.7841657951747882
-1.7759029031085396
-1.7681355678222983
-1.7566373300101235
-1.7504334741685987
-1.745564062316656
-1.7290653293167504
-1.72109977030759
-1.7136789906307992
-1.7069206630267768
-1.7009467592075518
-1.6956622531985226
-1.6909393381134794
-1.6865022447255584
-0.917328625630928
-0.9169694044617688
-0.916724354778399
-0.9160810571626956
-0.9156120753990648
-0.9146151068956472
-0.912064186553768
-0.9085366395495156
-0.7220153450370718
-0.7173279376705127
-0.7091222030931813
-0.6997021503961193
-0.6925613942223702
-0.6855009608286703
-0.6841187738331226
-0.6825592512851846
-0.5825054577569126
-0.5819722190115577
-0.5805746615449724
-0.5426032273255378
-0.5397074386279589
-0.534136104117435
-0.5257728216268314
-0.5246841133825203
-0.4954449170170255
-0.49388001027378886
-0.4911491832785803
-0.2858411181012864
-0.28498672236322475
-0.28206371819071974
-0.2566402467582035
-0.2551125537929968
-0.23826966658386028
-0.23354480082412502
-0.22592620243438827
-0.13877093442057045
-0.13087113785086626
-0.12646188366249705
-0.10235315176565773
-0.09874135000638257
-0.07476740842709804
-0.06844592495954259
-0.06609996797706882
0.09239204405114038
0.10161626031960105
0.10668870566061468
0.15924401170788405
0.1610240740641853
0.171163774727832
0.17693089725008798
0.1828618655521024
0.22550907191510308
0.2273100271762588
0.22857122650929063
0.3747502424838926
0.3763204384413882
0.3782778169746609
0.38713768973470863
0.3908615840373247
0.39307664452722807
0.3950392980858984
0.39660136779938177
0.7373357407262892
0.7380256992460026
0.7389683097966601
0.7399356604260982
0.740848156445458
0.7421250695150894
0.7428787522236525
0.7436053749271561
1.2302060094912877
1.2371786550794222
1.245158365906326
1.25700768674126
1.263300370535652
1.2699809702689746
1.2741307514805944
1.2772955622221618
1.3091379004867825
1.3104169367751162
1.3132059401237053
1.3439383109317702
1.353081911004709
1.36494045945849
1.3790858514016653
1.3889928306267012
1.4005241395593655
1.4023273326842114
1.4030441760800711
1.4658976722691957
1.4670901856572356
1.468259957140255
1.4719870698319142
1.474449335034943
1.4815673119617558
1.499567745766254
1.52357781076229
2.737228270509819
2.752211797698837
2.765969073574265
2.778151124299079
2.788448601096861
2.796660469891856
2.8027044965773076
2.80669874406015
2.8767926595081557
2.8773320773894047
2.877555116245605
2.88091759956366
2.881477135273824
2.8831779990715343
2.884907700620838
2.885872540048906
2.894850642665934
2.901135220273571
2.906856403295464
2.919011609544647
2.9230089572934714
2.926202031784414
2.9287104292161037
2.9303658169539677
2.934274705091146
2.9365683194883974
2.9391793831823425
2.965952349873008
2.967381859445994
2.968677309476673
2.9698360255448635
2.9706189164777625
2.9719227313885064
2.972597528940232
2.9731967968135717
-2.394891706567412
-2.3895282965746496
-2.384165273711863
-2.3787895132624244
-2.3735154408098516
-2.368320837657801
-2.3632542875305975
-2.358324827833867
-2.338718811797276
-2.335689583986607
-2.332637693598594
-2.327601374478622
-2.324351810522806
-2.3207606005273047
-2.316968933281299
-2.313042621976775
-2.3052845373881494
-2.3011643003473456
-2.296688319197157
-2.2796955245858572
-2.2744147774408146
-2.2690319531141903
-2.2635250767825057
-2.2582158386767257
-2.2526462654262094
-2.2477255474449263
-2.2431252176143115
-2.058475446388851
-2.0490793504956324
-2.040685869444347
-2.0333744188255922
-2.0273281013274125
-2.0224213038100585
-2.0188149403963727
-2.016316142416641
-1.9040171482142563
-1.900595429153752
-1.896748348764338
-1.8917632297535003
-1.8868635436843588
-1.8810367868779365
-1.8745542106272843
-1.8673564136533911
-1.8261891140317574
-1.8178462422004342
-1.8093592586906302
-1.7991557051761884
-1.7905638564339357
-1.7820717151974672
-1.7739046293887935
-1.7663060651122362
-1.7549772438965918
-1.749080576268914
-1.7445820416695592
-1.7270334845241335
-1.7191864640289531
-1.7119283457752696
-1.7053548504195015
-1.6995713469421168
-1.694440864648289
-1.6898131057985724
-1.6854099052852105
-0.9173531957714927
-0.916942092162723
-0.9168202905830062
-0.9159424641857641
-0.9157094323215917
-0.9149176165713011
-0.9128172376864903
-0.9094870850816369
-0.7224960374539793
-0.71889050604971
-0.7113925042832296
-0.701923479062689
-0.6940165844044041
-0.6862365702073892
-0.6843401063486875
-0.6830929698649335
-0.5826670723210282
-0.5821058777005963
-0.5804853545787554
-0.5433297229827674
-0.5384958102360552
-0.5357529831844481
-0.5274743469899236
-0.5244773188024882
-0.49506091255230145
-0.49452106794582457
-0.49125441822959315
-0.2879899095499993
-0.2851170366945439
-0.28134620618911027
-0.25898570244586167
-0.25194549087105483
-0.24095884830791953
-0.23095478103897754
-0.22688618394635854
-0.13754578811474696
-0.13399192973740448
-0.12389987047783622
-0.10513549242931369
-0.09614892605763678
-0.07621530277145518
-0.06730756841511286
-0.06484773880093775
0.09423919400351288
0.10376358389248487
0.10666785577407976
0.15827425531490755
0.16272421065356046
0.17070591112383277
0.17862180324300464
0.18218009650075698
0.2258271359441935
0.22680178639551704
0.22883550442483
0.3744612574419575
0.37646962568828873
0.37813264187652706
0.38664552333877744
0.3900978200168995
0.39277246833775376
0.39495749531996044
0.396095527649414
0.7375000590773818
0.7381380317579205
0.7390076940695732
0.7400270066197895
0.7408843302641929
0.7422606039248366
0.7430002775405385
0.7438587382083731
1.231846063048307
1.239087661397667
1.2472469307938785
1.258741039734497
1.2645715154894654
1.2710365621916275
1.274886215635966
1.2780801927788326
1.3093360687702478
1.3108303183280392
1.314174694841696
1.3459326594936856
1.3557894359202352
1.3680564587498576
1.3819931499687896
1.3903455730263232
1.4013579190019112
1.4023665381967878
1.40311828017943
1.4661376218988402
1.4666467925206714
1.4685400235526505
1.4727374349917415
1.4737470360032303
1.4852037042383712
1.5051668564692147
1.5301020283762505
2.7333344442507044
2.748566528188281
2.762664472800373
2.775271618705985
2.7860648081175987
2.7948119284936577
2.801393142413106
2.8058797367958053
2.876908011757398
2.8773482350184167
2.877520797237563
2.8810020152649676
2.8815917876929427
2.883378981946612
2.885164781511173
2.8858490395325873
2.893531251910888
2.8995533260567323
2.905538933814948
2.917864337798958
2.9221066979998502
2.9255251541804608
2.928215442531214
2.9299902309547416
2.933746856646104
2.935967802892937
2.9384988621876924
2.965574727508973
2.967036856557159
2.9683708877518544
2.969584761333833
2.9704598872203594
2.971730516806582
2.9724407791573055
2.9730474478304676
-2.3948917065674125
-2.3895282965746487
-2.3841652737118584
-2.378789513262442
-2.3735154408097388
-2.368320837658192
-2.363254287529824
-2.3583248278344517
-2.3387188127467406
-2.3356895767041452
-2.3326377143188135
-2.327601288417259
-2.324352006907849
-2.3207603353435364
-2.316969175343509
-2.31304249065461
-2.305284604081003
-2.301164248043712
-2.2966883354727163
-2.279695520856847
-2.274414783008207
-2.2690319486857757
-2.2635250791481916
-2.2582158377857025
-2.252646265645908
-2.2477255474053024
-2.2431252176175365
-2.058475446388845
-2.049079350495689
-2.0406858694442502
-2.033374418824902
-2.0273281013312165
-2.022421303801785
-2.0188149404048583
-2.0163161424133635
-1.9040171481239059
-1.9005954294681264
-1.896748348509308
-1.8917632292643976
-1.8868635449781346
-1.8810367855718075
-1.8745542113232456
-1.8673564134870253
-1.8261891140070505
-1.8178462423597401
-1.80935925835114
-1.7991557056709198
-1.7905638559515527
-1.7820717154143901
-1.7739046294681873
-1.7663060649319395
-1.7549772440948426
-1.749080576082856
-1.744582041738056
-1.7270334845229895
-1.719186464028097
-1.7119283457765506
-1.705354850418666
-1.6995713469424731
-1.694440864648193
-1.6898131057985915
-1.6854099052852065
-0.9173532074236286
-0.9169419531340572
-0.9168204432484907
-0.9159423665100129
-0.9157095118901354
-0.9149176092307958
-0.9128172378485395
-0.9094870850783353
-0.7224960359473028
-0.7188905113996393
-0.7113924883288305
-0.701923542842359
-0.6940163783311696
-0.6862380633868269
-0.68433742762584
-0.6830943100643925
-0.5826533649021698
-0.5821249209678839
-0.5804799476722792
-0.5433244422928001
-0.5385352862170781
-0.535703303655418
-0.5275125639612809
-0.524454199100902
-0.49508366397248815
-0.49449642943747146
-0.49125676308903654
-0.2879919111967257
-0.2851117726790425
-0.281350233440543
-0.2589803986776799
-0.25195286465928124
-0.24095549381834375
-0.23095369947374672
-0.22688783166703827
-0.13754075972673138
-0.13399780074674397
-0.1239008628077817
-0.10512645792115873
-0.09615910941822081
-0.07620746899039141
-0.06731949265064065
-0.06484061867825494
0.0942389493600002
0.10376604670440197
0.10666539453403931
0.15829761172180834
0.16268259592770884
0.17072750336110265
0.17863133839817324
0.18216690777917838
0.22587881596533768
0.22673302806496473
0.2288531459001545
0.3744985582730845
0.37634648171796253
0.3782383412096973
0.3865625836009979
0.39025644837301954
0.39261714515086343
0.3950511960131194
0.39606160558509784
0.7374840644447949
0.7382140896745004
0.7388698399447879
0.7402725614019635
0.740670638072396
0.7423524679194867
0.7429471504172048
0.7438659295874754
1.2318460693461157
1.2390875940836454
1.2472472993400447
1.2587366167534844
1.264586912658383
1.2709965473190434
1.2749357318475467
1.2780591396876526
1.309333963798231
1.3108356903829954
1.314171487688416
1.3459339542136284
1.3557870404040528
1.368059172206643
1.3819888132799125
1.3903514789339968
1.401293396285026
1.402504646631855
1.4030417222515121
1.4661383172979836
1.4666458228058812
1.4685403586486268
1.472737297507639
1.4737471132025313
1.4852037041778992
1.5051668564692107
1.530102028376251
2.7333344442507044
2.748566528188281
2.762664472800372
2.7752716187059847
2.7860648081175965
2.7948119284936563
2.8013931424131044
2.8058797367958057
2.8769024155494027
2.8773909128166992
2.8774819475379956
2.8810325838134836
2.8815512093416804
2.8833997662574036
2.8851460192430127
2.8858588396726192
2.893531195882149
2.899553341634757
2.9055389292586464
2.9178643405392344
2.9221066966492377
2.92552514046243
2.9282154849148916
2.9299901923404885
2.933746872287393
2.935967795427274
2.9384988633079674
2.9655747273356794
2.967036857476987
2.9683708854558652
2.9695847650596114
2.9704598841554537
2.9717305183222797
2.9724407783772993
2.973047447982777
-2.394891706567415
-2.389528296574649
-2.384165273711864
-2.3787895132624124
-2.3735154408099746
-2.3683208376570675
-2.363254287533238
-2.358324827829302
-2.3387188155086673
-2.335689559536018
-2.332637754893285
-2.3276011598885105
-2.324352256480809
-2.3207600517412845
-2.316969391314181
-2.3130423940767293
-2.305284635960505
-2.3011642292534287
-2.29668833935871
-2.2796955215858765
-2.2744147811107718
-2.2690319509227903
-2.2635250774891023
-2.258215838618439
-2.2526462653691457
-2.2477255474715854
-2.2431252176102014
-2.0584754463888517
-2.04907935049556
-2.0406858694452157
-2.0333744188211837
-2.0273281013396582
-2.022421303790137
-2.0188149404137574
-2.016316142410557
-1.904017148306761
-1.900595428428036
-1.896748350894495
-1.8917632257274843
-1.8868635482273923
-1.8810367839178648
-1.8745542117766063
-1.8673564134510545
-1.826189113943851
-1.8178462425070685
-1.8093592582528666
-1.7991557055268292
-1.7905638564145119
-1.7820717147709966
-1.773904630024772
-1.7663060646567428
-1.754977244162854
-1.7490805760859174
-1.7445820417181712
-1.727033484527704
-1.7191864640245433
-1.7119283457781356
-1.705354850418228
-1.699571346942521
-1.69444086464821
-1.6898131057985866
-1.685409905285206
-0.917353206496874
-0.9169419633020883
-0.9168204323769623
-0.9159423721098906
-0.9157095076195148
-0.9149176095332757
-0.9128172378472051
-0.9094870850781915
-0.7224960363424368
-0.7188905102836033
-0.7113924899646723
-0.701923544289546
-0.6940163533716373
-0.6862383814729204
-0.6843367974349693
-0.6830946449392173
-0.5826266213684828
-0.58216143864969
-0.5804699475670729
-0.5433497321013145
-0.5384135903801236
-0.5358279089516048
-0.5274538918932031
-0.5244851959904101
-0.49507340353196183
-0.4945073272481663
-0.49125582742798474
-0.2879947136398469
-0.28510446677903134
-0.2813557097369903
-0.25897481738536665
-0.25195956619103577
-0.24095386137641686
-0.23095098030221825
-0.22689010711580024
-0.13754700154244462
-0.13398659373125915
-0.12390852162178319
-0.10512045720402102
-0.0961624779230743
-0.0762087675500774
-0.06731484156201492
-0.06484389282145017
0.09423866495700153
0.10376756728976778
0.10666417496561056
0.1582556857897964
0.1627864627439733
0.17059357460835434
0.1787870825710983
0.18208273987024914
0.2258872483018888
0.22672388938395255
0.2288542467315816
0.3744639062222056
0.37647342167544334
0.37811881483364584
0.38671616461181424
0.3899104306488678
0.39305126636099286
0.3947251270489813
0.39617322896985835
0.7374845819998103
0.738209861506856
0.7388787716290794
0.7402420492225117
0.7407015095658817
0.7423391410687572
0.7429561397112397
0.7438646867584753
1.2318460675256686
1.2390876230808634
1.2472470746462556
1.258740694111251
1.2645695847632883
1.2710532817443068
1.2748550440266977
1.2780976850980692
1.309267314882427
1.3109301026994855
1.3141421222194798
1.3459357079428287
1.3557847021905276
1.3680609240177841
1.381987242135415
1.390352756205319
1.4012911571840267
1.4025073650384898
1.4030408279250375
1.466137273346901
1.4666473042056383
1.4685398120032134
1.4727375583849338
1.4737469609967835
1.4852037043783952
1.5051668564688798
1.5301020283762514
2.7333344442507044
2.7485665281882814
2.762664472800375
2.7752716187059834
2.786064808117596
2.7948119284936572
2.8013931424131053
2.805879736795807
2.8769180364602827
2.8773012752893146
2.8775608943788837
2.880951699707791
2.8816643513049804
2.8833341616711086
2.885209066165678
2.885824027906313
2.8935314366542455
2.8995532566303286
2.905538962981328
2.917864268509455
2.922106965893773
2.925524503587145
2.928216484179651
2.929989505020467
2.933747055395249
2.9359677227509247
2.9384988724520507
2.9655747268287778
2.967036860072806
2.968370879179526
2.9695847749603463
2.9704598761723386
2.9717305221590813
2.9724407764335354
2.9730474483573284
-2.394891706567413
-2.3895282965746483
-2.3841652737118633
-2.3787895132623924
-2.3735154408100825
-2.368320837656675
-2.3632542875340103
-2.3583248278287123
-2.3387188145592055
-2.3356895668185973
-2.3326377341733004
-2.327601245957952
-2.324352060106516
-2.320760316924711
-2.3169691492407263
-2.3130425253916203
-2.305284569267801
-2.3011642815566438
-2.296688323083096
-2.2796955253148834
-2.2744147755433786
-2.2690319553512035
-2.2635250751234217
-2.2582158395094654
-2.2526462651494454
-2.2477255475112097
-2.2431252176069765
-2.0584754463888575
-2.049079350495489
-2.0406858694453085
-2.033374418821878
-2.027328101335854
-2.02242130379841
-2.0188149404052687
-2.0163161424138307
-1.9040171483971133
-1.9005954281136637
-1.8967483511495251
-1.8917632262165898
-1.886863546933617
-1.8810367852239915
-1.8745542110806421
-1.8673564136174223
-1.82618911396856
-1.817846242347761
-1.8093592585923608
-1.7991557050320952
-1.7905638568968962
-1.7820717145540734
-1.7739046299453727
-1.7663060648370377
-1.7549772439645996
-1.7490805762719708
-1.7445820416496753
-1.7270334845288464
-1.719186464025401
-1.7119283457768533
-1.7053548504190579
-1.6995713469421627
-1.6944408646483107
-1.6898131057985664
-1.6854099052852085
-0.917353194844599
-0.9169421023068958
-0.9168202797352408
-0.9159424697825337
-0.9157094280542986
-0.9149176168737932
-0.9128172376851551
-0.909487085081489
-0.7224960378491118
-0.7188905049336755
-0.7113925059190657
-0.7019234805099568
-0.6940165594469146
-0.6862368889314324
-0.6843394766296089
-0.6830933036279053
-0.582642213401793
-0.5821406152892339
-0.5804752499553681
-0.543354886351082
-0.5383704669246563
-0.5358811322506745
-0.5274151825108231
-0.5245090382098181
-0.49504969906908824
-0.49453291568770824
-0.4912534857147381
-0.28799271905700274
-0.28510973542862916
-0.28135167097168473
-0.2589801298832055
-0.25195218537246733
-0.24095721375264742
-0.23095206401783538
-0.22688845747471845
-0.1375520062767586
-0.13398074495312196
-0.12390753192237366
-0.1051294986162021
-0.0961522865423855
-0.07621659864381058
-0.06730289323896368
-0.06485103962697372
0.09423890956661785
0.10376510227400067
0.10666663844431332
0.15823302036093453
0.16282792222869893
0.17057156365330925
0.1787766215677776
0.1820967373800384
0.22583453297790634
0.22679363854286425
0.2288366497706306
0.3744290569457921
0.3766104141110218
0.3779971482590211
0.38680828427215674
0.38976477565973816
0.3932171289146887
0.3946082480340948
0.3961973039210297
0.7375006416738003
0.7381346959206398
0.7390173707635693
0.7400085159347578
0.7409023219020474
0.7422479909685269
0.7430077613342053
0.7438574429650614
1.2318460612278672
1.23908769039594
1.2472467061303034
1.258745128579062
1.264554273277621
1.2710943002876867
1.2748052032316457
1.2781179619736347
1.3092691342068274
1.310924932529547
1.3141454130424919
1.3459344127500048
1.35578709776146
1.3680582106868506
1.3819915780390284
1.3903468508221108
1.4013553618031727
1.4023692251700495
1.403117735956967
1.4661365816623597
1.4666482704308759
1.4685394766896773
1.4727376958967289
1.4737468837623042
1.485203704438864
1.5051668564688838
1.5301020283762499
2.7333344442507044
2.748566528188284
2.762664472800371
2.775271618705982
2.786064808117598
2.7948119284936577
2.8013931424131053
2.8058797367958075
2.8769246411317506
2.877278179021726
2.8775791704462566
2.8809289474134587
2.881698179410349
2.8833128461954227
2.8852290492620667
2.88581245573943
2.8935314926767606
2.8995532410518536
2.905538967537564
2.917864265769286
2.9221069672440465
2.925524517297543
2.928216441774338
2.929989543662852
2.933747039754638
2.9359677302172535
2.9384988713317988
2.965574727002073
2.967036859152977
2.9683708814755017
2.9695847712345387
2.9704598792372807
2.9717305206433853
2.972440777213548
2.9730474482050195
-2.396229307737152
-2.3908702392734207
-2.385504386896025
-2.3801187501861336
-2.374826575098979
-2.36960665892766
-2.364508660385833
-2.359543623144068
-2.3394818028472586
-2.336445564296309
-2.3334050725565576
-2.328388721579924
-2.3251805758014807
-2.3216329009602057
-2.3179027947329187
-2.3140531041375607
-2.3062514586899154
-2.302228937141205
-2.297837349836429
-2.280992292216633
-2.275746598610199
-2.270379129998709
-2.2648649664759604
-2.2595328829260453
-2.253914223744226
-2.248929641675956
-2.2442396069381925
-2.06096462543979
-2.051339791412368
-2.0426828274607156
-2.0350808995936878
-2.0287208834086057
-2.0235105733974166
-2.0196070075001114
-2.01684592738576
-1.903192800073185
-1.8996799549579733
-1.8957030550567584
-1.8906106742044675
-1.8855147110422876
-1.8794889251084523
-1.8728190067724393
-1.865455199705729
-1.824115379479984
-1.8157387006078605
-1.807214708308334
-1.7969997166371185
-1.7884348031971853
-1.7799960917999726
-1.7719405708766525
-1.7645336627560853
-1.753386624093538
-1.7478157760163995
-1.7436974832519578
-1.7250263947145796
-1.71731030013162
-1.7102232238815256
-1.7038375206976488
-1.6982404143653262
-1.6932491926181372
-1.688700644935535
-1.6843187949769247
-0.9173336317279952
-0.9171231436499516
-0.9166759019568084
-0.9159572098044207
-0.9157898739608494
-0.9150134635187369
-0.9135059290027433
-0.9103942520812613
-0.7226944235071979
-0.7202036572894333
-0.7135406275541494
-0.7042064944146529
-0.6957012341529091
-0.6872155430214962
-0.6845974613385567
-0.6835199999742909
-0.5832230504131797
-0.5817046876062393
-0.5806322196172199
-0.5434329320063489
-0.5387312134538483
-0.5370479643535009
-0.5286636076494473
-0.5241968564489669
-0.49569077864618677
-0.49372032263259874
-0.49178565796689716
-0.28995406602847174
-0.28456065550435733
-0.2816526001681107
-0.259544043749809
-0.250678743555911
-0.24237119726275883
-0.22909608603306503
-0.2281755358398407
-0.13686228273320414
-0.1349336373046735
-0.12353055123727097
-0.10524493344377328
-0.09621296233425525
-0.07548792531549982
-0.06922080757290282
-0.0616895105833409
0.09655070766738354
0.10526459142042456
0.10661434470871875
0.158145937718674
0.16293145268441087
0.170793665060101
0.18040438631090844
0.1812885024381776
0.2256070384728767
0.22717313059723074
0.22876449670080767
0.37429684926746926
0.37622202714772374
0.3781658658901431
0.3862620305581606
0.38877680340337084
0.39309152338686776
0.39453169330370275
0.39591619077802326
0.7376789741752473
0.7382233145954263
0.7390350270410374
0.7401180169325894
0.740960924649832
0.7423907431323671
0.7431591184188497
0.7441413699236294
1.2335547568899958
1.2410553870945176
1.2493474324274771
1.2603751767235927
1.2657037806202691
1.2720630408708054
1.2755430054340495
1.2789362177959016
1.3095256908489634
1.3114277747541143
1.315357590579117
1.3481270604084505
1.3586353352480445
1.3712001365283388
1.384685225945162
1.3910550600536606
1.401881498118203
1.4024311628610668
1.4032661174029952
1.4662875725791762
1.4666886795908833
1.4682110463136548
1.4729556679749025
1.4746745901128009
1.4895097640520787
1.5110675513346215
1.5367559442889893
2.7293934686499868
2.744850272614028
2.7592663985872132
2.772278466405407
2.7835516699569385
2.7928273673039965
2.799950012746342
2.8049439960513918
2.87694228832519
2.8772235317529877
2.8775576755258157
2.881024795048661
2.8818317179659987
2.88343848868501
2.885437519233485
2.8856425841157
2.892517077855872
2.897948266802977
2.904142237654339
2.9166686604265655
2.9211376030676015
2.9247864535678936
2.9276742386595935
2.92959430190759
2.9332276429541526
2.935388397307298
2.9378357498266685
2.9651886058689025
2.9666833969407387
2.9680527741022424
2.9693152600642363
2.97027553878303
2.9715266174133044
2.9722773341625115
2.972898965528554
-2.3962293077371566
-2.3908702392734167
-2.385504386896021
-2.380118750186166
-2.3748265750987394
-2.369606658928787
-2.3645086603825636
-2.359543623148812
-2.3394818002877478
-2.3364455801607544
-2.3334050355231093
-2.3283888356620435
-2.325180361450905
-2.3216331321375527
-2.3179026319811094
-2.3140531683227663
-2.3062514462485173
-2.3022289399220153
-2.297837351241376
-2.2809922900989625
-2.27574660260776
-2.270379126098879
-2.2648649690026987
-2.259532881780735
-2.2539142240915173
-2.248929641598664
-2.2442396069461843
-2.0609646254397846
-2.051339791412465
-2.042682827460084
-2.035080899595879
-2.0287208834040986
-2.0235105734029815
-2.0196070074963215
-2.0168459273868278
-1.903192799931565
-1.8996799557232873
-1.895703053378183
-1.8906106765123605
-1.885514709101618
-1.8794889259675838
-1.872819006612086
-1.8654551996906559
-1.8241153795291303
-1.81573870052233
-1.8072147082903283
-1.7969997169520717
-1.7884348025405126
-1.7799960925862426
-1.7719405702644397
-1.764533663018333
-1.7533866240831602
-1.7478157759425874
-1.7436974833026138
-1.7250263947093125
-1.7173103001353598
-1.7102232238800505
-1.7038375206979146
-1.698240414365395
-1.6932491926180762
-1.6887006449355533
-1.684318794976924
-0.9173336653380945
-0.9171230610202826
-0.9166760061141618
-0.9159569323949829
-0.9157901135116924
-0.915013445507102
-0.9135059297440836
-0.9103942520723596
-0.7226944201523817
-0.7202036657956834
-0.7135406113460274
-0.704206540311945
-0.6957011090594032
-0.687216222459388
-0.6845959388038064
-0.6835209335133797
-0.5832198804555504
-0.5817132465784927
-0.5806267709121318
-0.5434267299307938
-0.5387934337181253
-0.5369781457016227
-0.5286899866185528
-0.5241838812459151
-0.4956981132596844
-0.4937089157922656
-0.4917901863858727
-0.2899541098957381
-0.2845605665368577
-0.28165263457622014
-0.2595435573494359
-0.2506810185226014
-0.24236779885373824
-0.2291098931078555
-0.2281633530690947
-0.13683985457536002
-0.13496305656473304
-0.12351989992155786
-0.10525231534081836
-0.09620931978581478
-0.07548564013412941
-0.0692240128109029
-0.06168850767146034
0.0965511510814627
0.1052605135896939
0.10661796474042146
0.15818501704159912
0.16283152585784527
0.1709223152648656
0.18004935159885996
0.18157617627829392
0.2256018114130211
0.22717972452131394
0.22876270289650563
0.3743336774569434
0.37610127714522423
0.37828219163747206
0.38607603503881194
0.3890565058169762
0.3927574212779496
0.39485259746322066
0.39580327743765853
0.737678161043335
0.7382270791994414
0.739026472102897
0.7401338628843848
0.7409458256287489
0.7424001948484918
0.7431537474498834
0.7441421457117976
1.2335547587504183
1.2410553549912562
1.2493477092498753
1.2603699591423634
1.2657239233188133
1.2719990437801874
1.275627141990732
1.2788998809398517
1.3095652882756241
1.3113734373104504
1.3153736731420744
1.3481258188633334
1.3586371287630181
1.3711985092450591
1.3846873334793124
1.3910531963539607
1.4018861887378475
1.4024267523987306
1.4032663515819002
1.4662886258100087
1.4666872466921705
1.468211472926478
1.4729555879863865
1.474674623476968
1.4895097640213377
1.5110675513346894
1.5367559442889882
2.7293934686499868
2.7448502726140256
2.759266398587215
2.7722784664054054
2.78355166995694
2.792827367303996
2.799950012746345
2.804943996051394
2.876923163800111
2.8772821739243213
2.8775140479309758
2.881090245612265
2.8817303006526793
2.8835120593041705
2.885303670165434
2.8857432538462633
2.892516678312297
2.8979483761396962
2.904142207131241
2.916668705212777
2.921137451426414
2.9247867976826867
2.9276736942900716
2.9295946965008977
2.933227515899673
2.9353884498829688
2.9378357429670694
2.965188606150764
2.9666833955432383
2.9680527773422147
2.9693152552219813
2.9702755427227134
2.9715266154061566
2.9722773351398954
2.9728989653379436
-2.396229307737152
-2.3908702392734216
-2.3855043868960184
-2.3801187501861754
-2.3748265750987034
-2.369606658928808
-2.364508660382863
-2.359543623147845
-2.339481802240802
-2.3364455662082513
-2.3334050730023654
-2.3283886896041404
-2.3251806828434005
-2.3216327138220194
-2.3179029996733687
-2.3140529779306775
-2.306251536023986
-2.302228870571611
-2.2978373720903864
-2.280992286097179
-2.2757466082090905
-2.2703791219737015
-2.264864971008226
-2.2595328811070146
-2.2539142242317145
-2.2489296415788336
-2.2442396069471906
-2.0609646254397793
-2.0513397914124956
-2.0426828274601476
-2.035080899594979
-2.0287208834074484
-2.0235105733967353
-2.0196070075021937
-2.0168459273846855
-1.9031927999057408
-1.899679955731894
-1.8957030536859525
-1.8906106754549603
-1.885514710670899
-1.8794889246909088
-1.8728190072176443
-1.8654551995579163
-1.8241153794874918
-1.8157387007163406
-1.8072147079335068
-1.796999717397864
-1.7884348022013337
-1.7799960925862928
-1.7719405705673132
-1.7645336626974355
-1.7533866243626344
-1.747815775694945
-1.7436974833885808
-1.7250263947097129
-1.7173103001331114
-1.710223223882212
-1.7038375206966554
-1.6982404143658978
-1.6932491926179476
-1.6887006449355728
-1.6843187949769225
-0.9173336615599158
-0.9171230700334144
-0.9166759954957967
-0.9159569575268695
-0.9157900924420465
-0.9150134468664389
-0.9135059297058908
-0.9103942520723781
-0.7226944208201084
-0.7202036644288452
-0.7135406123169519
-0.7042065439644625
-0.6957010830474061
-0.6872164530777756
-0.6845953578357522
-0.6835213061706573
-0.5832090314416961
-0.5817428597502382
-0.5806076527046066
-0.5434716506023156
-0.5384675727842563
-0.5372953954643019
-0.5286323714798469
-0.5242058241226576
-0.49569549733061496
-0.49371249291173025
-0.4917889417964617
-0.2899549498549948
-0.2845548471601136
-0.28165877381623877
-0.25953386576165544
-0.2507020323522627
-0.2423493715257994
-0.22914394661632806
-0.22813517995302518
-0.13682554613588443
-0.13497995165983614
-0.12351780299367321
-0.10524746248072597
-0.0962157143064216
-0.0754792539439146
-0.06922942875204091
-0.06168741203194747
0.09655071718371314
0.10526737689110126
0.10661126159486983
0.1582059801545252
0.16279524596322786
0.1709374035050325
0.18009131270229561
0.18153409420357655
0.22563395790682533
0.2271250710679954
0.22878583347850148
0.37437755655591776
0.3759861874587969
0.37837783848857137
0.3859791976725506
0.38918617430229696
0.39264716497189406
0.39494634529184325
0.3957625188028259
0.737658464461003
0.7383097119007502
0.7388996786978227
0.7403347485798064
0.740774038346687
0.7424669936750566
0.7431174974718122
0.744146355736038
1.2335547645107854
1.2410552871891616
1.2493481270983415
1.2603646438298217
1.2657411576096516
1.2719564837013595
1.275676679247864
1.2788804064419346
1.3095638315660256
1.3113770960272693
1.3153715373421746
1.3481268121432142
1.3586351000497596
1.3712013560170864
1.3846805500736301
1.3910624623754753
1.401743934922198
1.4026822935239085
1.4031489262705144
1.4662893205239838
1.4666863157691057
1.4682117347364287
1.4729555466245237
1.4746746396195518
1.4895097640143942
1.5110675513346825
1.536755944288989
2.7293934686499863
2.744850272614028
2.759266398587211
2.7722784664054054
2.7835516699569376
2.7928273673039974
2.7999500127463426
2.804943996051393
2.8769177954904315
2.8773046474948654
2.877495690223928
2.8811124000005286
2.881699089543278
2.8835314191584276
2.885277955321524
2.885759980645566
2.892516602369499
2.8979483920819042
2.9041422041959017
2.916668705094776
2.9211374571363473
2.9247867748780414
2.927673742701567
2.9295946554481924
2.9332275327659216
2.9353884420027674
2.937835744128989
2.9651886060385686
2.9666833961181425
2.968052775969448
2.9693152573290456
2.9702755409738617
2.9715266163202245
2.972277334688002
2.9728989654271754
-2.3962293077371535
-2.390870239273418
-2.3855043868960246
-2.380118750186139
-2.374826575098949
-2.369606658927682
-2.364508660386134
-2.359543623143106
-2.339481804800305
-2.3364455503436066
-2.333405110035449
-2.3283885755099996
-2.325180897180345
-2.3216324826476242
-2.3179031624404045
-2.314052913753302
-2.3062515484654273
-2.3022288677909875
-2.297837370685428
-2.280992288214858
-2.2757466042115317
-2.27037912587353
-2.2648649684814894
-2.259532882252321
-2.2539142238844216
-2.248929641656125
-2.2442396069391966
-2.0609646254397895
-2.0513397914123903
-2.0426828274607747
-2.0350808995927836
-2.0287208834119497
-2.023510573391168
-2.0196070075059795
-2.0168459273836152
-1.9031928000473572
-1.8996799549665773
-1.8957030553645309
-1.8906106731470766
-1.8855147126115672
-1.8794889238317796
-1.8728190073779993
-1.8654551995729882
-1.8241153794383453
-1.8157387008018717
-1.8072147079515153
-1.7969997170829117
-1.788434802858005
-1.7799960918000206
-1.7719405711795264
-1.7645336624351904
-1.7533866243730132
-1.7478157757687558
-1.7436974833379244
-1.7250263947149762
-1.7173103001293706
-1.7102232238836859
-1.703837520696394
-1.6982404143658283
-1.693249192618006
-1.6887006449355562
-1.684318794976924
-0.9173336279476582
-0.9171231526630682
-0.9166758913387776
-0.9159572348714634
-0.9157898529577346
-0.9150134648782199
-0.9135059289645474
-0.9103942520812791
-0.7226944241749206
-0.7202036559225975
-0.7135406285250765
-0.7042064980672439
-0.6957012081419262
-0.6872157737930285
-0.6845968811254921
-0.6835203717223557
-0.5832122807860491
-0.581734466289406
-0.5806128565156405
-0.5434775758642976
-0.5383658050791911
-0.5374047735782654
-0.5286060462125776
-0.5242190103786306
-0.4956881398615489
-0.49372391216425515
-0.49178442385428894
-0.289954906014919
-0.2845549363158879
-0.2816587391923681
-0.2595343540773123
-0.2506997646201046
-0.24235276403342004
-0.22913094182540378
-0.22814655719179286
-0.1368483821887442
-0.1349501304630261
-0.1235284478404529
-0.10524007547370587
-0.09621936247644407
-0.07548154350881184
-0.06922621974538913
-0.061688414328003476
0.09655027387354821
0.10527149318918297
0.10660760299086346
0.15816634035440155
0.1628953047450467
0.1708091869560256
0.1804811107143314
0.18121165197866093
0.22563946021434123
0.22711829887985005
0.2287875302512384
0.3743372418708757
0.3761018090590647
0.3782696107690022
0.38615250685986086
0.388912191291585
0.39296501607485523
0.39463517682839194
0.39588943125226034
0.7376591594239447
0.7383049190271531
0.7389082574082321
0.7403109108148301
0.7407977750395693
0.7424572691987013
0.7431236010686832
0.7441455968878631
1.2335547626503534
1.241055319291215
1.2493478502300779
1.2603698426268146
1.2657209101915
1.272019266183105
1.2755931851927058
1.278917438901744
1.3095243346354275
1.3114313584642
1.315355429354311
1.3481280539398277
1.3586333066022742
1.3712029833842576
1.3846784457365189
1.3910643235162576
1.4017409183726504
1.402685529167766
1.4031481917890931
1.4662882626338567
1.466687753122341
1.4682113083271346
1.472955626613155
1.474674606256516
1.4895097640451336
1.5110675513346166
1.5367559442889884
2.7293934686499868
2.7448502726140265
2.759266398587214
2.7722784664054045
2.7835516699569407
2.7928273673039965
2.799950012746345
2.8049439960513936
2.8769356364431764
2.8772412173723145
2.8775453799021067
2.881042048676321
2.8818044179576843
2.8834581740274614
2.8853955912627094
2.885676197634635
2.8925170019308974
2.8979482827460825
2.9041422347190466
2.9166686603085807
2.9211376087781833
2.924786430767856
2.9276742870820396
2.929594260839694
2.933227659819909
2.9353883894265764
2.937835750988572
2.965188605756709
2.9666833975156455
2.968052772729479
2.9693152621713046
2.970275537034174
2.97152661832737
2.972277333710616
2.972898965617785
-2.3975647727008456
-2.3922117468886155
-2.3868449080518293
-2.3814513086049436
-2.376142945752592
-2.3708994538266825
-2.3657713730154954
-2.3607715658236366
-2.340249388524738
-2.3372015300046227
-2.334167759147396
-2.3291680553524268
-2.3259977765195043
-2.322489063199526
-2.318818440850959
-2.3150439053335545
-2.307192204563178
-2.303270087464718
-2.2989666469148937
-2.2822773409894146
-2.2770714357226893
-2.2717240375262864
-2.2662072173606504
-2.2608576830690708
-2.25519421864085
-2.2501520864756412
-2.245378889648502
-2.063505341671672
-2.0536607738487627
-2.0447487350930924
-2.0368629770731164
-2.0301933741540976
-2.0246773501299216
-2.0204708443392407
-2.0174370226985783
-1.902349379764071
-1.8987354672195833
-1.8946198919573176
-1.8894107393718278
-1.8841152720839185
-1.8778924268178754
-1.87103995668789
-1.86351666990108
-1.8220341186017235
-1.8136217355044428
-1.805061916347539
-1.7948480858987563
-1.7863172577130964
-1.7779423245065142
-1.7700157320663046
-1.7628253162297864
-1.751870487633273
-1.7466426712539913
-1.7429101156602065
-1.7230474207745434
-1.715473824252193
-1.7085648903945085
-1.7023684042794487
-1.6969516865716414
-1.6920833701118239
-1.687598171161866
-1.683227260807651
-0.9172811970397484
-0.9172513156692732
-0.9166128583162987
-0.9161484713051037
-0.9156665606935118
-0.9150328322648755
-0.9141154964131626
-0.9112547041145566
-0.7226245119865169
-0.7212490361142535
-0.7155262220076675
-0.7064797677965821
-0.6976089096553204
-0.6884583647885267
-0.6849549101330014
-0.6838438118268922
-0.5836918448898248
-0.5815204367632295
-0.5807883880343704
-0.5431233916855335
-0.5406567508918478
-0.5378430030300785
-0.5283953233738706
-0.5245541162862246
-0.4958520454517678
-0.4932008849040231
-0.49243357235945656
-0.2913766126178461
-0.2839710107843665
-0.282746359503868
-0.2581039040675805
-0.2532046552844126
-0.24006415815278234
-0.2320613538703366
-0.2263849747450682
-0.13851490546099599
-0.13165848764697685
-0.1258157064516347
-0.10243768449629122
-0.09877695910910551
-0.0733188784131403
-0.07101984188422038
-0.059209698680258015
0.09909999399063997
0.10595774645867691
0.10682254162196264
0.15905961704564256
0.1613530903383821
0.17206268441044154
0.17945601429955788
0.18252505544360312
0.22540196598889772
0.22771289751820847
0.22852685290060099
0.3742762859682682
0.3755881841467646
0.37834444817067775
0.38549657208783566
0.3880309817732284
0.39299480994413694
0.3945094382578694
0.395732651373982
0.7378261810212986
0.738392887676375
0.7389247793066682
0.7403805215941203
0.740923338713503
0.7425814281098223
0.7433234123918934
0.7444410492508283
1.2353323168920811
1.243073955328397
1.2514420134102295
1.2618836872155117
1.2667644234078175
1.2729016770840231
1.2763384342047868
1.279776217497866
1.3098233212420027
1.3121036084975926
1.3167972291891838
1.3505083240119966
1.3615982888382672
1.3743168295007915
1.3870413363149299
1.391180366554819
1.4019323316810821
1.4028063999847455
1.4034292952178535
1.466154046872987
1.467393591246444
1.4677150751692423
1.4722676234561083
1.4774314068813348
1.4943266472693344
1.5172195364661667
1.5435068850089089
2.725411484268211
2.7410688788458124
2.755780314022419
2.7691764047030527
2.7809125209542427
2.790707569860251
2.798372935296605
2.8038869440763996
2.876638839167967
2.8772494044264256
2.877533781075798
2.881139278288733
2.8819535923338986
2.883380493453648
2.8852673708398817
2.885749140739002
2.8918771820943627
2.8963614979433743
2.9026721738445485
2.9154330738114456
2.9201046161233624
2.9239855621791024
2.927081117335538
2.9291717748396167
2.932711679161744
2.934828656524359
2.937192236634401
2.9647934134612046
2.966321864516733
2.967724312595387
2.9690296061151815
2.9700670305502808
2.9713105263578554
2.972105514408766
2.9727496844209864
-2.397564772700844
-2.3922117468886164
-2.3868449080518293
-2.3814513086049485
-2.3761429457525436
-2.3708994538269934
-2.3657713730142724
-2.3607715658258663
-2.340249385611723
-2.3372015505385524
-2.3341677048266836
-2.329168263415856
-2.3259973256767035
-2.3224896393211756
-2.318817945682963
-2.3150441530121086
-2.3071920946509668
-2.3032701716252677
-2.298966622386562
-2.2822773448632065
-2.2770714307338644
-2.271724040813692
-2.2662072159999402
-2.2608576834234255
-2.2551942186022385
-2.250152086472565
-2.2453788896498406
-2.063505341671674
-2.053660773848758
-2.0447487350929703
-2.0368629770739686
-2.0301933741514877
-2.0246773501343114
-2.0204708443354016
-2.017437022699904
-1.902349379754087
-1.8987354673644976
-1.8946198914052665
-1.8894107405753544
-1.884115270585174
-1.877892427913185
-1.8710399562085127
-1.8635166699976289
-1.8220341186550935
-1.813621735294296
-1.8050619166895074
-1.7948480855526385
-1.7863172578375197
-1.7779423248034278
-1.7700157314687706
-1.7628253167282135
-1.751870487260192
-1.746642671569694
-1.7429101155563966
-1.7230474207723554
-1.7154738242561176
-1.7085648903912811
-1.7023684042812022
-1.6969516865709822
-1.6920833701119764
-1.6875981711618437
-1.6832272608076535
-0.9172816520340211
-0.917250800805917
-0.9166130523009057
-0.9161482129782057
-0.9156667260780693
-0.9150327864382565
-0.9141155010940145
-0.9112547040871335
-0.7226245009783149
-0.7212490554898664
-0.7155262018570383
-0.7064798069624002
-0.6976088242275348
-0.6884586936795029
-0.684954105405713
-0.6838443458388463
-0.5836919777873651
-0.5815192034938377
-0.580789544223064
-0.5430763746956929
-0.5407745665757021
-0.5377554152996888
-0.5284299587307466
-0.5245357517974071
-0.4958582513328698
-0.4931811569729173
-0.49244755663046574
-0.29137675939066066
-0.2839709113991781
-0.2827460205352284
-0.25811202093894464
-0.2531917037970794
-0.2400762920462913
-0.23205067658540807
-0.22638862867146226
-0.1385161070942423
-0.1316574537796405
-0.12581423627712116
-0.10245204883136019
-0.09876225205244675
-0.07333006426476187
-0.07100990033203221
-0.05921011449721316
0.09910097950759322
0.10594225577883737
0.10683737123323697
0.15901454461188805
0.16141055276340008
0.1720513464867427
0.17943211380900465
0.18254826064060073
0.2253786070092449
0.22779181618885855
0.22847061159130758
0.3742192662052225
0.37571178838587477
0.3782490688466784
0.3856171905574405
0.387904297135588
0.39310148801344696
0.39441197013372387
0.3957583021648451
0.7378509823047824
0.7383037356160498
0.7390397062716423
0.7402315944933844
0.741048032176584
0.7425342502512395
0.7433468009770602
0.7444384959737574
1.2353323114704975
1.2430740260407585
1.2514415226976257
1.2618901182637532
1.2667455512127135
1.2729461972672291
1.2762903574510778
1.279792818705688
1.3098242716557973
1.312101161703716
1.3167986662292142
1.3505075202948162
1.3616001536321718
1.3743134446176895
1.3870547249266005
1.3911637363963445
1.4021179454041497
1.4025236900509757
1.4035318383638489
1.4661538807305519
1.467394553676684
1.4677142652244661
1.4722676377963233
1.4774314058866134
1.4943266472701295
1.5172195364661727
1.5435068850089082
2.725411484268211
2.7410688788458124
2.755780314022418
2.7691764047030545
2.7809125209542445
2.790707569860251
2.7983729352966065
2.803886944076402
2.87664005865642
2.8772421428585155
2.8775406683088187
2.8811255856258144
2.881978426334828
2.883360872577264
2.8852897392816006
2.885734330281991
2.8918772753458684
2.896361479281737
2.9026721756958276
2.915433074962665
2.920104609413528
2.9239855822742142
2.927081078583298
2.929171808029174
2.9327116640768063
2.934828663668888
2.937192235559632
2.9647934135328327
2.9663218641600997
2.967724313415612
2.969029604917806
2.970067031544277
2.971310525824002
2.9721055146607465
2.9727496843713355
-2.397564772700848
-2.3922117468886164
-2.3868449080518293
-2.381451308604983
-2.376142945752319
-2.3708994538280135
-2.365771373011449
-2.3607715658297836
-2.3402493836277025
-2.337201562535738
-2.3341676779412146
-2.329168338130763
-2.3259972001833593
-2.322489750055755
-2.3188178940169313
-2.315044156751851
-2.3071921137087776
-2.303270148701421
-2.2989666319023536
-2.2822773410202983
-2.2770714371799348
-2.2717240351131074
-2.2662072193877734
-2.2608576819984636
-2.255194219003142
-2.250152086388875
-2.2453788896579687
-2.0635053416716693
-2.053660773848829
-2.0447487350925653
-2.036862977075225
-2.0301933741491864
-2.0246773501367357
-2.0204708443340538
-2.017437022700204
-1.9023493796531434
-1.8987354678842725
-1.8946198903196851
-1.8894107419378379
-1.8841152695860863
-1.8778924282289091
-1.8710399562378022
-1.8635166699521644
-1.8220341186869524
-1.813621735276498
-1.8050619165520632
-1.7948480860321678
-1.7863172570095691
-1.7779423256906985
-1.7700157308574709
-1.7628253169296495
-1.7518704873558817
-1.7466426713731524
-1.7429101156583082
-1.7230474207669888
-1.7154738242596164
-1.7085648903902508
-1.7023684042810832
-1.696951686571261
-1.692083370111848
-1.6875981711618726
-1.683227260807651
-0.9172815879723154
-0.9172508731684081
-0.9166130266865011
-0.916148245168173
-0.915666706739869
-0.9150327913300025
-0.9141155006628426
-0.9112547040884117
-0.7226245025656116
-0.7212490531102049
-0.7155262025647519
-0.7064798109799343
-0.6976088035674434
-0.6884588240750975
-0.6849537347302137
-0.6838446030655184
-0.5836838539630474
-0.5815583035573938
-0.5807580867318143
-0.543221772031627
-0.540405420332559
-0.5380183571867081
-0.5283576893900191
-0.5245697164100946
-0.49585510835764646
-0.4931894797901932
-0.49244196957708214
-0.2913768344448939
-0.28396795362333904
-0.2827493474777654
-0.2581015799845933
-0.25320866602749603
-0.24005806280571917
-0.2320690980295938
-0.22638146244327503
-0.13850915383166362
-0.13168138005578817
-0.12579303420261756
-0.10247243520156604
-0.09874561902172424
-0.07332812748842314
-0.07101274580105224
-0.05920969004900074
0.09910174335439709
0.10593458739985065
0.10684425359790263
0.1591029271152706
0.1612768240901305
0.17217873282182278
0.17925243828288082
0.18264635314399474
0.22537513485825494
0.22779897242432973
0.2284664930057166
0.37427112493462983
0.37559064366861267
0.378356746509706
0.38542057486284304
0.38814706480774713
0.3928247874783962
0.3947087528903244
0.3956536758201731
0.7378498355117171
0.7383080121357752
0.7390322495651844
0.7402444534677828
0.7410358315197557
0.7425411347093759
0.7433431015862594
0.7444389795686539
1.235332313414515
1.2430739893866023
1.2514418748165808
1.2618834761385203
1.2667686294779246
1.2728787884172996
1.2763735239574676
1.2797594075627372
1.3098471781685255
1.31207042161537
1.3168076237834927
1.3505065969062917
1.3616016406098594
1.3743117417621027
1.3870583017438773
1.3911604615607398
1.4021232560124919
1.4025193791570105
1.4035314516442825
1.4661541350377882
1.4673930191307276
1.4677155706739387
1.4722676105135422
1.477431408213083
1.494326647264657
1.5172195364661858
1.5435068850089082
2.7254114842682116
2.7410688788458133
2.755780314022418
2.769176404703053
2.7809125209542436
2.790707569860251
2.7983729352966047
2.803886944076401
2.87663569095819
2.877270838508685
2.8775130717353132
2.8811884710948603
2.881868048893324
2.883449263732252
2.8851878065797343
2.8857991201331554
2.891876646286338
2.8963616460122803
2.902672145531675
2.915433103953179
2.92010452188948
2.9239857692967113
2.9270807852762424
2.9291720309939673
2.9327115790002938
2.9348287004102174
2.9371922305301172
2.9647934136911873
2.966321863395795
2.9677243151250137
2.969029602485406
2.9700670335234793
2.971310524785893
2.972105515143454
2.972749684277359
-2.397564772700847
-2.392211746888614
-2.3868449080518275
-2.381451308604981
-2.376142945752359
-2.370899453827702
-2.3657713730126684
-2.3607715658275565
-2.3402493865407283
-2.337201542002031
-2.3341677322622756
-2.3291681300781883
-2.3259976510347005
-2.3224891739271003
-2.318818389173808
-2.3150439090712975
-2.3071922236204006
-2.30327006454143
-2.298966656430858
-2.2822773371465015
-2.2770714421687583
-2.2717240318256997
-2.266207220748481
-2.2608576816441013
-2.255194219041758
-2.2501520863919473
-2.245378889656626
-2.063505341671665
-2.053660773848828
-2.044748735092686
-2.036862977074379
-2.0301933741518043
-2.024677350132346
-2.020470844337886
-2.017437022698874
-1.902349379663128
-1.898735467739359
-1.8946198908717358
-1.8894107407343175
-1.8841152710848321
-1.8778924271336002
-1.8710399567171925
-1.8635166698556123
-1.8220341186335836
-1.8136217354866477
-1.8050619162100918
-1.794848086378277
-1.7863172568851495
-1.777942325393788
-1.770015731455
-1.7628253164312193
-1.7518704877289681
-1.7466426710574563
-1.7429101157621183
-1.723047420769178
-1.7154738242556926
-1.708564890393476
-1.7023684042793321
-1.6969516865719185
-1.6920833701116913
-1.68759817116189
-1.6832272608076513
-0.9172811307810478
-0.9172513902250431
-0.9166128326880363
-0.9161485034992088
-0.9156665413675453
-0.9150328371578011
-0.914115495982001
-0.9112547041158328
-0.7226245135737781
-0.7212490337346216
-0.7155262227153893
-0.7064797718141709
-0.6976088889956613
-0.6884584952137658
-0.6849545397605814
-0.6838440687203554
-0.5836837186486796
-0.5815594389801713
-0.5807570308004959
-0.543260613819554
-0.5402740302188006
-0.5381273792283626
-0.5283228520564138
-0.5245885981538212
-0.49584888308349473
-0.4932089582507162
-0.4924282542181578
-0.2913766876803204
-0.2839680524746075
-0.28274968693856917
-0.2580934157444118
-0.2532216534765841
-0.24004590645343687
-0.23207979234248605
-0.2263778253882989
-0.13850794835632868
-0.131682419769687
-0.12579450363115904
-0.10245820941224373
-0.09876018647289603
-0.0733169193668866
-0.07102270934477292
-0.0592092743116484
0.09910075734076598
0.10594983049951004
0.1068296720651653
0.15915300285886333
0.16121457943735434
0.1721898045158463
0.17927462131519276
0.18262491049738963
0.22539840183652654
0.22771932063847442
0.22852355948536401
0.37433689378959134
0.3754636051559675
0.3784475897037628
0.3853141617436488
0.38826173864537933
0.3927368068919427
0.39479688384078143
0.39561569148130504
0.7378252562448407
0.73839832132207
0.7389166112256031
0.7403977751506036
0.7409063428273992
0.7425883625901921
0.7433194018107889
0.7444415268930071
1.2353323188361067
1.2430739186757205
1.2514423656037321
1.2618770756986257
1.2667876189703753
1.2728355482086948
1.276420734101066
1.2797422450472786
1.3098461951632525
1.3120728929876087
1.3168061947128051
1.3505074004707862
1.3615997756758362
1.3743151262265647
1.3870448927254606
1.3911771111211602
1.4019351539595166
1.4028045836829095
1.4034289039574916
1.4661543013136968
1.4673920639976594
1.4677163731884604
1.4722675961729417
1.4774314092078038
1.4943266472638634
1.5172195364661842
1.5435068850089069
2.7254114842682107
2.7410688788458133
2.7557803140224197
2.769176404703053
2.780912520954247
2.790707569860254
2.798372935296605
2.8038869440764027
2.876634511003563
2.8772797005306616
2.87750454945308
2.8812058701022214
2.8818409373460607
2.8834681514564484
2.88516888622502
2.8858097819571245
2.8918765529986303
2.8963616646715935
2.9026721436803595
2.9154331028019316
2.9201045285989813
2.9239857491997516
2.927080824024259
2.9291719978102395
2.9327115940854918
2.934828693266021
2.9371922316048975
2.9647934136195557
2.966321863752423
2.9677243143047853
2.9690296036827806
2.9700670325294847
2.971310525319748
2.9721055148914743
2.9727496843270087
