-2.432775261016904
-2.4130533444853755
-2.3970532669657096
-2.3833600706965665
-2.3714569294502943
-2.361083301334415
-2.35206823720206
-2.3442555976304793
-2.3374595493219372
-2.331455222131195
-2.3260174805423413
-2.3209748871074574
-2.3162261592204287
-2.3117387438372585
-2.3074921537780404
-2.303542142213035
-2.30016186120641
-2.2977925253205993
-2.2937206227397358
-2.28870665412036
-2.283078445550663
-2.276771630146224
-2.2696001741955194
-2.261391251189574
-2.2519894721958247
-2.2412227018475837
-2.2288687652350814
-2.2146225883313235
-2.1980488068603603
-2.1785039332553295
-2.155044291512392
-2.126937481744519
-2.096689998397441
-1.9622209794207954
-1.9327929387032148
-1.9069346597828893
-1.8837909122480538
-1.8628435827815948
-1.8437492052523767
-1.8262816396514632
-1.8102958306762686
-1.7957007587589833
-1.7824304285176873
-1.7709326882098795
-1.767672261532944
-1.7580496902476501
-1.7466193544853597
-1.734986766206731
-1.7231689292958132
-1.7211682496947336
-1.7112523810620879
-1.699398376565794
-1.6895972579681096
-1.6878484958378386
-1.6770106245875402
-1.6697307541735797
-1.6665826311999052
-1.6593410712800774
-1.6538660103924148
-1.6496302531862024
-1.640773570764362
-1.639114143360117
-1.6253976214999615
-1.6230413552930623
-1.5996117174540478
-0.9043174683978201
-0.8718702089130775
-0.8410821349195132
-0.8117307486696117
-0.7836478889062283
-0.7567031914012615
-0.7307896464634355
-0.7057974733560951
-0.6815594230829352
-0.6578003291938083
-0.6342050447782716
-0.610601436283678
-0.5870539218481563
-0.563813266638927
-0.541289187952715
-0.5200691813856573
-0.5017133480538645
-0.4872426872207579
-0.47433548183292
-0.45948711051378144
-0.44529944521140896
-0.43335009114254497
-0.4190961609868267
-0.40553216749808807
-0.39270365440125127
-0.38006418893430566
-0.36939485095704494
-0.348389017026965
-0.34176021182951577
-0.3187950911530601
-0.2805276431233709
-0.2273252053812221
-0.08549823030760655
-0.07415377801295141
-0.04092986133637251
-0.005728271458025838
0.021181946432910048
0.029573232692753075
0.0496560414970994
0.06296260874750328
0.08569505608515225
0.09049382867787671
0.11719445818721125
0.12185669567823221
0.14586174061145346
0.1567328322891929
0.17554719024790755
0.19370118515343743
0.21502297257811095
0.23732369921341906
0.25990955172523483
0.28351444935676284
0.3096168617946168
0.33801150092884696
0.36763024422628043
0.3974531446336991
0.42758687924421346
0.4598253207996485
0.49546151475375855
0.534685200737109
0.5778352121165149
0.6259509491893666
0.6811040385157671
0.7476467644684375
1.1256940591585731
1.197624919217103
1.2242465355856336
1.243834223800681
1.2758900553429433
1.2770502733534859
1.2977965465521781
1.299876923831769
1.3095346633769256
1.317643305929662
1.3283672610571209
1.3372793440485304
1.3490698675082093
1.356417481835501
1.3695311314488405
1.3719325816116152
1.3899290959411
1.394264835536844
1.4129570235576823
1.4240234956984397
1.4393026820416384
1.4581859091628337
1.4695645247679674
1.4944829730167102
1.5058109095705128
1.5312583509496809
1.5499959074421104
1.5699926619803135
1.5993890102965251
1.6141821916093921
1.6449360899500423
1.675666481677894
1.7603255841106151
2.792951624183213
2.8243828541412963
2.8458041677336112
2.8626731610047322
2.877874388187451
2.8921946472341262
2.8997163237279135
2.9055600343832513
2.9149018496635777
2.9177983848084934
2.9271072153885402
2.928730652951414
2.9370917879718053
2.938123076726898
2.944650384832055
2.9456257567935067
2.9496026091780294
2.9529087604143154
2.957109194167852
2.961720665148379
2.966731659208122
2.9720851169408795
2.9777327619405494
2.983622612876738
2.9896959268831176
2.9958839918095697
3.0021050196266605
3.0082630110369752
3.0142571178634614
3.0200204038558307
3.025582105752061
3.0310564514610596
-2.4327752610169044
-2.413053344485374
-2.39705326696571
-2.383360070696565
-2.3714569294502907
-2.3610833013344723
-2.3520682372006427
-2.3442555976497235
-2.337459549213615
-2.331455221632972
-2.3260174937474907
-2.320974774472314
-2.316226766174164
-2.311736377588266
-2.3074992627478954
-2.30352480329681
-2.3001928133334655
-2.297767025839143
-2.293729227305697
-2.2887041469357845
-2.283079108029136
-2.2767714846636644
-2.2696001995533943
-2.261391247733901
-2.251989472556829
-2.2412227018207114
-2.2288687652361
-2.214622588331379
-2.1980488068603474
-2.1785039332553313
-2.155044291512392
-2.1269374817445166
-2.09668999839744
-1.9622209794207934
-1.932792938703213
-1.9069346597828891
-1.883790912248054
-1.8628435827815981
-1.8437492052523794
-1.8262816396513706
-1.8102958306769232
-1.7957007587576916
-1.7824304284965617
-1.7709326887152725
-1.7676722607672823
-1.7580496907566612
-1.7466193541487454
-1.7349867658919327
-1.7231689397123615
-1.7211682371860333
-1.7112523851447108
-1.6993983733464033
-1.6895972612818244
-1.6878484953666606
-1.677010620409046
-1.6697307645144572
-1.6665826220416353
-1.6593410739548113
-1.6538660092361648
-1.6496302534837113
-1.6407735707537865
-1.639114143361376
-1.6253976215001118
-1.623041355292998
-1.599611717454049
-0.9043174683978213
-0.8718702089130795
-0.8410821349195144
-0.8117307486696127
-0.7836478889062295
-0.7567031914012622
-0.7307896464634422
-0.7057974733560298
-0.6815594230833911
-0.6578003291917077
-0.6342050447837255
-0.610601436291574
-0.5870539216381279
-0.5638132683928402
-0.5412891763369798
-0.5200692521129315
-0.5017129973778959
-0.4872436789967106
-0.4743340978558289
-0.45948753154774313
-0.44530343649019427
-0.43333919893632034
-0.41911454062498926
-0.40550784925225053
-0.3927270664513111
-0.38004807623651005
-0.3694013735358787
-0.3483878507963167
-0.34176065018445606
-0.3187950985406341
-0.280527642383712
-0.22732520538514736
-0.08549822932040325
-0.07415377989115764
-0.040929866095087
-0.005728081575368664
0.021178223637639878
0.029579074470291178
0.04965688758885885
0.0629438363160685
0.08590462579466386
0.09025340796053248
0.11749382281285514
0.12157922986854611
0.1458951987599799
0.15673042689788963
0.17553483217058688
0.19370930366583994
0.21502013118947313
0.23732439479986617
0.25990946872560083
0.2835144318661293
0.30961687234873664
0.33801149848693673
0.3676302445283571
0.3974531446433666
0.42758687923020117
0.45982532080243177
0.49546151475356226
0.5346852007370986
0.5778352121165176
0.6259509491893666
0.6811040385157676
0.7476467644684388
1.125694059158571
1.1976249192151396
1.2242465357312002
1.2438342213672187
1.2758945076371857
1.2770448293162986
1.2978297906736647
1.2998440701165452
1.3094877246561905
1.3178025349273736
1.3280123487479
1.3378425997097037
1.3482162977365821
1.3573395434248687
1.368218632847764
1.372934992784575
1.3897336638595932
1.394387923737865
1.4129486619382818
1.4240260534441334
1.4393023675857521
1.4581859433009767
1.4695645183695993
1.4944829730749167
1.5058109095936374
1.5312583509460744
1.549995907442721
1.5699926619802616
1.5993890102965262
1.614182191609391
1.6449360899500411
1.6756664816778952
1.7603255841106156
2.792951624183213
2.8243828541412968
2.8458041677336112
2.8626731610047327
2.877874388187451
2.8921946472341262
2.8997163237279135
2.9055600343832504
2.9149018496636003
2.9177983848084397
2.927107215389691
2.9287306529496013
2.9370917879941465
2.938123076697696
2.9446503849332024
2.9456257566752955
2.9496026092198955
2.952908760390767
2.957109194176184
2.9617206651457773
2.9667316592088295
2.97208511694071
2.9777327619405862
2.983622612876729
2.9896959268831202
2.9958839918095697
3.00210501962666
3.0082630110369744
3.0142571178634623
3.0200204038558285
3.0255821057520613
3.031056451461059
-2.4327752610169044
-2.413053344485377
-2.397053266965709
-2.383360070696567
-2.371456929450294
-2.3610833013344026
-2.352068237203469
-2.3442555975808492
-2.3374595502606668
-2.3314552113019995
-2.326017563717898
-2.3209744298771717
-2.3162280585875497
-2.3117325635522152
-2.307508253774549
-2.3035068823543616
-2.3002191907308034
-2.2977481562603215
-2.2937343595369732
-2.2887030888030075
-2.2830792742457553
-2.276771474259854
-2.269600196259834
-2.26139124904162
-2.2519894722923826
-2.2412227018580784
-2.2288687652321886
-2.2146225883316792
-2.1980488068603345
-2.178503933255334
-2.1550442915123944
-2.126937481744522
-2.096689998397438
-1.9622209794207959
-1.9327929387032123
-1.9069346597828902
-1.8837909122480536
-1.8628435827815952
-1.8437492052523936
-1.82628163965133
-1.8102958306765728
-1.795700758762918
-1.782430428460322
-1.7709326889101884
-1.7676722606315627
-1.7580496905436158
-1.7466193547816096
-1.7349867644576076
-1.7231689473299645
-1.7211682302167357
-1.7112523847188668
-1.6993983769255572
-1.689597235119552
-1.6878485216156938
-1.6770106149231916
-1.66973076975723
-1.6665826194765556
-1.6593410734577514
-1.6538660099246718
-1.6496302531669
-1.6407735708243925
-1.639114143322559
-1.6253976215002217
-1.6230413552929666
-1.5996117174540483
-0.9043174683978207
-0.8718702089130773
-0.8410821349195134
-0.8117307486696115
-0.7836478889062288
-0.7567031914012626
-0.7307896464634357
-0.7057974733560477
-0.6815594230834627
-0.6578003291902694
-0.6342050447955375
-0.6106014362199984
-0.587053921987444
-0.5638132671269707
-0.5412891774802366
-0.5200692903928069
-0.501712560130194
-0.48724572510042335
-0.4743292210864355
-0.4594964549615965
-0.44528977195978203
-0.4333519861928833
-0.41910836040152144
-0.40550742007058005
-0.39273171375277416
-0.38004308113358487
-0.3694038813756525
-0.34838713604757615
-0.3417610074139464
-0.31879508842630316
-0.28052764272562897
-0.22732520537581932
-0.08549823020815525
-0.07415377652527666
-0.04092988266940132
-0.005728033470416448
0.02118157021495805
0.029569751111610584
0.049685264088690013
0.06289749076991132
0.0860515812343847
0.09012659083387801
0.11738086820067033
0.12172922137078662
0.14580336187684967
0.15680703526819037
0.175511678153422
0.19371477862778952
0.2150200659125526
0.23732392907110433
0.25990969484280946
0.28351437380699496
0.3096168794383596
0.3380114988290927
0.3676302441460351
0.3974531447417851
0.42758687921806454
0.4598253208022122
0.4954615147538326
0.5346852007370657
0.5778352121165179
0.6259509491893657
0.6811040385157681
0.7476467644684394
1.1256940591585725
1.1976249192146304
1.2242465356998953
1.2438342228621682
1.2758858107288733
1.2770560124453936
1.297549163734457
1.3002988582710797
1.3090163047138312
1.318486267880237
1.3272099063429048
1.3387503301636965
1.347309304547558
1.358048237521378
1.3676293226474932
1.3732479100071886
1.3897037051642172
1.3943973326928207
1.412950522750933
1.424024985124839
1.439302600889298
1.4581858969558636
1.4695645313912589
1.4944829722400124
1.5058109098130488
1.5312583509393793
1.5499959074433418
1.5699926619802338
1.599389010296526
1.6141821916093912
1.6449360899500427
1.6756664816778948
1.7603255841106151
2.792951624183213
2.824382854141296
2.8458041677336112
2.862673161004732
2.8778743881874504
2.892194647234127
2.899716323727914
2.905560034383249
2.9149018496636243
2.9177983848083837
2.927107215390729
2.9287306529480173
2.937091788011072
2.938123076675971
2.9446503850000934
2.9456257565985116
2.94960260924513
2.952908760377455
2.9571091941805094
2.961720665144551
2.966731659209125
2.972085116940646
2.9777327619405964
2.983622612876727
2.9896959268831207
2.9958839918095697
3.0021050196266588
3.0082630110369752
3.0142571178634614
3.0200204038558285
3.0255821057520618
3.0310564514610587
-2.432775261016906
-2.413053344485376
-2.39705326696571
-2.383360070696566
-2.3714569294502956
-2.361083301334344
-2.3520682372048842
-2.3442555975616046
-2.3374595503689872
-2.3314552118002285
-2.326017550513509
-2.3209745425392487
-2.3162274521030284
-2.3117349344527436
-2.3075011728157278
-2.3035243494204054
-2.300188453704524
-2.2977733083711778
-2.293725727515121
-2.288705594472593
-2.2830786117000024
-2.2767716197410586
-2.2696001709019815
-2.261391252497297
-2.2519894719313784
-2.2412227018849475
-2.228868765231167
-2.2146225883316237
-2.198048806860345
-2.1785039332553313
-2.155044291512394
-2.1269374817445184
-2.09668999839744
-1.9622209794207954
-1.9327929387032143
-1.9069346597828893
-1.8837909122480552
-1.8628435827815941
-1.8437492052523905
-1.8262816396514239
-1.8102958306759158
-1.795700758764209
-1.782430428481449
-1.7709326884047958
-1.767672261397224
-1.7580496900346063
-1.7466193551182214
-1.7349867647724029
-1.7231689369134924
-1.7211682427253545
-1.711252380636236
-1.6993983801449524
-1.6895972318057848
-1.6878485220869257
-1.6770106191016885
-1.6697307594163646
-1.6665826286348064
-1.6593410707830172
-1.6538660110809213
-1.649630252869391
-1.6407735708349647
-1.6391141433212983
-1.6253976215000732
-1.6230413552930292
-1.5996117174540487
-0.9043174683978199
-0.8718702089130795
-0.8410821349195151
-0.8117307486696136
-0.7836478889062297
-0.7567031914012637
-0.7307896464634303
-0.7057974733561135
-0.6815594230830083
-0.6578003291923704
-0.6342050447900855
-0.6106014362121024
-0.5870539221974733
-0.563813265373056
-0.5412891890959743
-0.5200692196661924
-0.5017129108399951
-0.487244733630266
-0.474330605282003
-0.4594960327553723
-0.44528577177317186
-0.43336287802930157
-0.4190899858438999
-0.40553174946334414
-0.3927083040100276
-0.38005918943278766
-0.36939735461852613
-0.34838830229405254
-0.3417605689764239
-0.3187950810387402
-0.2805276434652891
-0.22732520537189507
-0.08549823119535915
-0.07415377464707487
-0.040929877910702045
-0.0057282233535800725
0.021185297876880824
0.029563907377782285
0.04968439220045172
0.0629162044667508
0.0858290514723294
0.0903800205752013
0.11709639773394252
0.12199199775453845
0.14576990275815765
0.15680924528036555
0.17552405370711283
0.19370666669655878
0.2150229075409156
0.23732323345682588
0.2599097778390552
0.2835143912976737
0.30961686888425044
0.33801150127100243
0.36763024384395765
0.397453144732119
0.42758687923207755
0.4598253207994284
0.4954615147540286
0.534685200737077
0.5778352121165157
0.6259509491893673
0.6811040385157677
0.7476467644684396
1.125694059158571
1.1976249192165935
1.2242465355543264
1.243834225295633
1.2758814385767179
1.277061377201957
1.2975241700197415
1.3003233701616546
1.3090571742107813
1.3183142432731831
1.3275459170704955
1.3381616397734393
1.348133830414566
1.3571749213995221
1.3687501559427295
1.3724802398921587
1.3898986845519585
1.3942752131841858
1.4129588834565876
1.4240224266978712
1.4393029153271197
1.458185862817482
1.4695645377895943
1.494482972181805
1.5058109097899244
1.5312583509429871
1.549995907442731
1.5699926619802855
1.5993890102965254
1.6141821916093926
1.6449360899500418
1.675666481677894
1.7603255841106147
2.792951624183213
2.8243828541412963
2.8458041677336112
2.8626731610047322
2.877874388187451
2.892194647234127
2.899716323727914
2.905560034383251
2.914901849663602
2.917798384808438
2.927107215389577
2.9287306529498256
2.93709178798873
2.938123076705174
2.9446503848989476
2.9456257567167228
2.949602609203263
2.9529087604010034
2.9571091941721797
2.961720665147152
2.9667316592084205
2.9720851169408165
2.9777327619405605
2.983622612876735
2.9896959268831194
2.995883991809571
3.0021050196266597
3.008263011036974
3.0142571178634627
3.020020403855828
3.025582105752062
3.031056451461059
-2.4344644585267856
-2.4147847938576605
-2.398767859653899
-2.3850190445843027
-2.373030593694222
-2.362548890239775
-2.353411278519584
-2.345473638056776
-2.3385656354204434
-2.3324752844804952
-2.326979722194366
-2.3218991932150987
-2.317123950756095
-2.3126059598036006
-2.30833938549998
-2.304335648003879
-2.300698890970471
-2.2984118946438774
-2.2948542337939797
-2.2899975609148044
-2.2844686305210202
-2.278246073761551
-2.271154196902335
-2.263021520643542
-2.253690321968738
-2.242985047758471
-2.2306783754195516
-2.216456356083361
-2.1998662037825607
-2.180224371156073
-2.156468974849157
-2.1273829111761744
-2.0955259075636086
-1.9614137632078859
-1.9313269685939798
-1.905064175625068
-1.8816608759949025
-1.8605364358084449
-1.8413186432396549
-1.8237687981029589
-1.8077403587361327
-1.7931630249054484
-1.7801923365268328
-1.7733519637651316
-1.7665865846681374
-1.7552515029028637
-1.743736563332166
-1.73204859910982
-1.7253279477408348
-1.720193781137329
-1.7082750679147587
-1.6964712405667235
-1.69288890507048
-1.6850532762689585
-1.6745727749862396
-1.6713752171263538
-1.6649752088582757
-1.6588313356958537
-1.6531630578002938
-1.6494017259296792
-1.6394731461877505
-1.639032536250173
-1.6253975988660658
-1.621453613562056
-1.5980603967610891
-0.9043174683978218
-0.8718702089140896
-0.8410821349953796
-0.8117307512682924
-0.7836479398102163
-0.7567038264221974
-0.730794990323458
-0.7058286689970634
-0.6816870073204095
-0.6581695584791557
-0.634986876150146
-0.6118904755316029
-0.5888283609971983
-0.5659611382320234
-0.5436117995618941
-0.5222771130744812
-0.5025790407864341
-0.48734081722107675
-0.4726860593164194
-0.4634036768087517
-0.4407357825410408
-0.43843329838593054
-0.4128806529352821
-0.41212710470825065
-0.3883635480781431
-0.383785915316456
-0.36842432608912296
-0.3487386982605733
-0.3418853052715164
-0.3188000132184049
-0.28052753197727115
-0.22732520995667158
-0.08565396631494893
-0.07415389379964271
-0.04109714632002169
-0.005946634413563168
0.02088170606807292
0.030021448254378025
0.04865807879838384
0.06536636361631673
0.08064118038325765
0.0966261341069013
0.11001809204608781
0.1292288779812015
0.14179926591371225
0.15894077621185643
0.17446565885219
0.19441652692231903
0.21536516551030851
0.23718475209578427
0.25942755543922336
0.283569893251768
0.3101523532948867
0.3384396682872646
0.36741804754250723
0.39651634405554487
0.42663077999262494
0.45938323915134416
0.49536971094837895
0.534696675193188
0.577850862293553
0.625956574443588
0.6811051106714751
0.7476468619000876
1.1256940864008875
1.1976256157656289
1.2290530455335116
1.2438337322025625
1.2768735827758557
1.2787613165323026
1.2981236129266405
1.3009017117513044
1.3099094476831599
1.3191344984174858
1.3285986232003084
1.3390741512379003
1.3494309745420157
1.3577661512199581
1.3693309765093262
1.3747181121164105
1.3879925946456206
1.3999497205145508
1.4106126154838368
1.429972816817438
1.4375082038101832
1.4615038247598862
1.470693055088575
1.494346513719026
1.5104002119729052
1.5299789558065793
1.5550329013883002
1.5697154012641448
1.600729972616236
1.618342855593648
1.6443963767491323
1.6830496028023567
1.76701284111413
2.788035428011324
2.8199131315208876
2.841693803462697
2.8587918323657733
2.8741690040349885
2.888697804576093
2.9007520545338825
2.90231761578665
2.9148539210033944
2.915984671568287
2.9261309560091626
2.92816336692339
2.9359379134331838
2.938044860378301
2.94383800625799
2.945539721570076
2.949176057920262
2.952432388678114
2.9565882269916517
2.961175879792353
2.9661775815198417
2.9715349552241266
2.9771997437422857
2.983120309793443
2.9892384392590485
2.9954859578671233
3.0017812224022538
3.008026619851257
3.0141140686359265
3.019958276943741
3.025566635200631
3.031054912407385
-2.4344644585267874
-2.4147847938576605
-2.398767859653901
-2.385019044584302
-2.37303059369422
-2.3625488902398484
-2.3534112785168415
-2.345473638121298
-2.338565634457205
-2.332475293869995
-2.326979659523268
-2.321899495280648
-2.317122850490717
-2.3126090769473735
-2.308332370347822
-2.3043483558138522
-2.300678913230847
-2.29842744812706
-2.2948502283241115
-2.289998026759131
-2.2844686675828183
-2.2782460321900193
-2.271154210299762
-2.2630215178305524
-2.2536903224045415
-2.2429850477067665
-2.230678375424227
-2.216456356083053
-2.199866203782572
-2.180224371156071
-2.156468974849157
-2.127382911176176
-2.09552590756361
-1.9614137632078876
-1.9313269685939805
-1.9050641756250695
-1.8816608759949034
-1.8605364358084464
-1.8413186432396418
-1.8237687981029678
-1.8077403587369592
-1.793163024896079
-1.7801923365944075
-1.7733519636658157
-1.7665865846322222
-1.7552515032715188
-1.743736562284589
-1.732048602332435
-1.7253279429499815
-1.7201937831816125
-1.7082750700391613
-1.6964712251730794
-1.6928889251476775
-1.6850532663811282
-1.6745727851121137
-1.6713752097319423
-1.664975208713179
-1.658831337293252
-1.653163056418932
-1.6494017265271292
-1.6394731459162803
-1.6390325364808616
-1.6253975988659703
-1.6214536135620652
-1.5980603967610874
-0.9043174683978228
-0.8718702089140886
-0.841082134995379
-0.8117307512682923
-0.7836479398102155
-0.7567038264221967
-0.7307949903234655
-0.7058286689969785
-0.6816870073210187
-0.6581695584760845
-0.6349868761597697
-0.6118904755298756
-0.5888283607713471
-0.5659611402414446
-0.5436117872014702
-0.5222771755228673
-0.5025787719569994
-0.48734143817076186
-0.4726855132432877
-0.4634030904852525
-0.44076015855762835
-0.4384058017275203
-0.4130266488040475
-0.4119795694641785
-0.3883898830586967
-0.383761701379405
-0.3684283439333958
-0.34873731116483275
-0.34188595221106377
-0.31880000333936287
-0.280527531503966
-0.22732520999062528
-0.08565396589981938
-0.07415389611107832
-0.041097131980280054
-0.005946682762611404
0.020879091318915
0.03002965622752175
0.048636432665064906
0.06541218165256481
0.08058528860428703
0.0966546006601863
0.11004053184920186
0.12914473374541757
0.14189635269902542
0.158882887303433
0.1744901439038681
0.19441198542720925
0.21536510295091305
0.23718525647657096
0.2594273239165703
0.2835699485129811
0.3101523468272532
0.33843966787928925
0.3674180479512523
0.39651634395011387
0.42663078000514887
0.4593832391515367
0.49536971094812804
0.5346966751932184
0.5778508622935528
0.6259565744435879
0.6811051106714763
0.7476468619000877
1.1256940864008862
1.1976256157659635
1.2290530456091724
1.2438337308305611
1.2768785386450048
1.2787538099858127
1.2983525812034635
1.3005312336550803
1.3102990245315
1.3185887850393607
1.3292663336632646
1.3383592605930401
1.350223962056881
1.3571271597228416
1.3697494553632177
1.374474525654206
1.3880121438493727
1.399950042568536
1.4106108308821517
1.429973594821177
1.4375078073701177
1.461503859356327
1.4706930418138715
1.494346514371974
1.5104002118662418
1.529978955814125
1.5550329013879776
1.5697154012641796
1.6007299726162365
1.6183428555936479
1.6443963767491327
1.6830496028023585
1.7670128411141293
2.7880354280113235
2.8199131315208876
2.841693803462697
2.8587918323657746
2.874169004034989
2.8886978045760925
2.900752054533882
2.9023176157866515
2.9148539210033575
2.9159846715683386
2.926130956008756
2.9281633669240863
2.9359379134291137
2.938044860385114
2.943838006236208
2.9455397215982813
2.949176057904411
2.952432388686669
2.956588226988834
2.9611758797931507
2.9661775815196507
2.971534955224165
2.9771997437422795
2.9831203097934442
2.98923843925905
2.995485957867122
3.0017812224022538
3.0080266198512575
3.014114068635927
3.019958276943741
3.025566635200632
3.031054912407385
-2.434464458526788
-2.4147847938576597
-2.3987678596538995
-2.3850190445843023
-2.373030593694219
-2.3625488902398772
-2.3534112785163934
-2.3454736381192363
-2.338565634654828
-2.332475290397256
-2.326979693167015
-2.3218992788199695
-2.3171238636357865
-2.312605449083124
-2.3083426421916617
-2.304324699435255
-2.3007261293542696
-2.2983834760166073
-2.2948664900685243
-2.2899938920065357
-2.284469651153909
-2.278245835152476
-2.271154241622273
-2.263021513990304
-2.253690322751945
-2.2429850476871263
-2.2306783754242256
-2.2164563560831922
-2.1998662037825563
-2.1802243711560734
-2.1564689748491563
-2.127382911176174
-2.095525907563609
-1.9614137632078883
-1.9313269685939816
-1.9050641756250695
-1.8816608759949043
-1.860536435808447
-1.8413186432396502
-1.8237687981028345
-1.8077403587376963
-1.7931630248970674
-1.7801923365165124
-1.773351963970944
-1.7665865842014226
-1.7552515036634504
-1.7437365621503145
-1.7320486002306192
-1.7253279501988548
-1.7201937757924974
-1.7082750742689288
-1.6964712192140279
-1.6928889280796173
-1.685053269942955
-1.6745727693984722
-1.6713752285176289
-1.664975200304387
-1.6588313411744455
-1.6531630548851413
-1.6494017269445969
-1.6394731459168683
-1.6390325364739382
-1.625397598866105
-1.6214536135620363
-1.5980603967610887
-0.9043174683978223
-0.8718702089140892
-0.8410821349953796
-0.8117307512682925
-0.7836479398102154
-0.7567038264221976
-0.7307949903234569
-0.7058286689970084
-0.6816870073211223
-0.6581695584740241
-0.6349868761754125
-0.6118904754446307
-0.5888283611513568
-0.5659611388614696
-0.543611790121993
-0.5222771899376097
-0.5025784916269165
-0.4873431136356201
-0.47267832877521726
-0.46341347727705784
-0.44069002564125076
-0.43847722698098945
-0.4129400288692285
-0.41205982643956274
-0.3884018636022007
-0.38374718347846143
-0.3684322128766763
-0.34873563189097995
-0.34188677360254405
-0.31879998662524595
-0.2805275314143751
-0.2273252099890699
-0.08565396483304102
-0.07415389787690355
-0.04109713955317524
-0.005946458027616886
0.02087516814382791
0.030036158267888215
0.04863591297542322
0.0653866747682327
0.08066226737580955
0.09651474083187578
0.11018170157165015
0.1290426241445875
0.14195045664906383
0.1588826998670094
0.17447802572314072
0.19441949090289823
0.21536221218398136
0.2371859950277667
0.2594272325661304
0.28356993252663604
0.31015235687032217
0.33843966544075893
0.36741804827354957
0.39651634395747604
0.42663077999143356
0.459383239154166
0.49536971094794663
0.5346966751932087
0.577850862293556
0.6259565744435882
0.6811051106714759
0.7476468619000874
1.1256940864008862
1.1976256157646805
1.2290530458596887
1.2438337285874397
1.276880984506714
1.2787504057153973
1.298377437715786
1.3005083280664964
1.3102564496147833
1.3187263679023837
1.3289669905980965
1.3388305760298704
1.3494727276792013
1.357916294161806
1.3689808511144854
1.3750154648263553
1.3879064649202415
1.3999864239920425
1.410601013331551
1.4299750562151454
1.4375072385401768
1.4615038822117568
1.4706930355641314
1.4943465144193913
1.5104002118850803
1.529978955810253
1.5550329013883466
1.569715401264116
1.600729972616237
1.6183428555936477
1.644396376749132
1.683049602802359
1.7670128411141288
2.7880354280113235
2.819913131520887
2.841693803462697
2.858791832365774
2.874169004034989
2.8886978045760925
2.9007520545338825
2.90231761578665
2.914853921003392
2.9159846715682898
2.926130956009215
2.9281633669232687
2.935937913434587
2.9380448603755944
2.9438380062700475
2.945539721553045
2.9491760579316715
2.9524323886709762
2.9565882269944628
2.9611758797913903
2.9661775815201255
2.971534955224053
2.9771997437423035
2.9831203097934407
2.9892384392590494
2.9954859578671207
3.001781222402255
3.008026619851257
3.0141140686359273
3.0199582769437425
3.02556663520063
3.0310549124073853
-2.434464458526788
-2.4147847938576583
-2.398767859653899
-2.3850190445843014
-2.37303059369422
-2.3625488902398044
-2.3534112785191352
-2.3454736380547114
-2.338565635618065
-2.332475281007729
-2.3269797558365677
-2.32189897671213
-2.317124963272148
-2.312602326433112
-2.3083496280938682
-2.3043118852710953
-2.300745740964275
-2.298368377264806
-2.294870547186175
-2.289993427692547
-2.2844696140989535
-2.278245876720712
-2.2711542282246473
-2.2630215168032826
-2.2536903223161406
-2.24298504773883
-2.23067837541955
-2.216456356083498
-2.1998662037825416
-2.1802243711560725
-2.1564689748491555
-2.1273829111761735
-2.0955259075636086
-1.961413763207886
-1.9313269685939796
-1.905064175625068
-1.8816608759949034
-1.8605364358084435
-1.8413186432396635
-1.8237687981028234
-1.8077403587368692
-1.793163024906437
-1.7801923364489367
-1.7733519640702589
-1.7665865842373298
-1.755251503294795
-1.7437365631978892
-1.7320485970080008
-1.7253279549897036
-1.7201937737482198
-1.708275072144536
-1.6964712346077113
-1.6928889080023743
-1.6850532798307791
-1.6745727592725195
-1.6713752359121183
-1.6649752004494818
-1.6588313395770444
-1.653163056266502
-1.6494017263471434
-1.6394731461883363
-1.639032536243247
-1.6253975988661977
-1.6214536135620254
-1.5980603967610882
-0.9043174683978222
-0.8718702089140907
-0.8410821349953799
-0.8117307512682937
-0.7836479398102159
-0.7567038264221999
-0.7307949903234495
-0.7058286689970937
-0.6816870073205132
-0.6581695584770955
-0.634986876165791
-0.6118904754463583
-0.5888283613772095
-0.5659611368520502
-0.5436118024824158
-0.5222771274894715
-0.5025787604727646
-0.48734249282957803
-0.4726788748922148
-0.463414062578129
-0.4406639853886573
-0.4385063833944272
-0.4127489604618627
-0.412252439938046
-0.3883756641529182
-0.3837712642685886
-0.3684281923927654
-0.34873701907649063
-0.34188612641203325
-0.31879999650423574
-0.2805275318876871
-0.2273252099551187
-0.08565396524817188
-0.07415389556547274
-0.041097153892899856
-0.005946409677801928
0.020877779075523545
0.030027950692931515
0.04865757359857687
0.06534101988332551
0.08071832455759921
0.09648598000053193
0.1101589148789187
0.12912630670314917
0.14185406269022818
0.15894069011166104
0.17445351460472663
0.19442402768649944
0.21536227454101278
0.23718549068046718
0.259427464092615
0.28356987726538957
0.31015236333794627
0.33843966584873464
0.367418047864805
0.396516344062907
0.426630779978909
0.4593832391539731
0.49536971094819837
0.5346966751931784
0.5778508622935554
0.6259565744435881
0.6811051106714758
0.7476468619000876
1.1256940864008855
1.1976256157643448
1.2290530457840296
1.2438337299594429
1.2768760111316135
1.2787579288964084
1.2981434138133077
1.3008840238723498
1.309871113375622
1.319280487796751
1.328312764758543
1.3395598417837107
1.3487169715689238
1.3585024120296363
1.368587335315691
1.3752096290425848
1.387886363972
1.3999860828190824
1.4106028020418413
1.4299742782148022
1.4375076350768439
1.4615038476153768
1.470693048838872
1.4943465137664431
1.510400211991743
1.529978955802707
1.5550329013886688
1.5697154012640808
1.6007299726162365
1.6183428555936479
1.644396376749132
1.6830496028023578
1.7670128411141286
2.788035428011324
2.8199131315208876
2.841693803462697
2.858791832365774
2.8741690040349885
2.888697804576092
2.9007520545338825
2.9023176157866497
2.9148539210034277
2.915984671568238
2.926130956009622
2.9281633669225724
2.935937913438655
2.938044860368781
2.9438380062918266
2.9455397215248396
2.949176057947523
2.95243238866242
2.9565882269972783
2.9611758797905923
2.9661775815203173
2.9715349552240107
2.97719974374231
2.983120309793439
2.989238439259049
2.9954859578671216
3.0017812224022538
3.008026619851258
3.014114068635925
3.0199582769437425
3.025566635200631
3.0310549124073844
-2.4361330036916966
-2.4165023313519147
-2.400474734427129
-2.386676265907005
-2.3746081894262416
-2.3640234759846575
-2.354767054548096
-2.3467057772118434
-2.3396840859608843
-2.3335037041351865
-2.3279461568604622
-2.322825003517524
-2.3180221045654434
-2.31347294207453
-2.309190253671187
-2.3051277719018386
-2.3013981877779197
-2.29877443895628
-2.295933698170941
-2.2912539594890915
-2.285839813975919
-2.279705892573538
-2.2726985472724452
-2.2646468191414737
-2.2553914789729856
-2.244753897859744
-2.232502146582987
-2.218314300790591
-2.2017219125644876
-2.182005506744002
-2.157997615308843
-2.1280221263022256
-2.0942035328092494
-1.9604997220508826
-1.9297610083707433
-1.9031151112159708
-1.8794695754841193
-1.858182525501663
-1.8388557582664438
-1.8212424582408913
-1.805208490779218
-1.7907934101530336
-1.7800290748129879
-1.7749254460232273
-1.7639847030136615
-1.75242284449748
-1.7408397441968082
-1.7295443474440586
-1.7290833736079978
-1.717214570261562
-1.7053045121735408
-1.6962830686921166
-1.6935668925826304
-1.6823083528007223
-1.6740590364521986
-1.6716995775984724
-1.6634815985959586
-1.6587554265143174
-1.6522891270688673
-1.6491572231556606
-1.639165635676776
-1.6379518989026998
-1.6253975935610585
-1.6198929283885737
-1.5965590242795291
-0.9043174683978239
-0.8718702089141908
-0.8410821350081736
-0.8117307518367257
-0.7836479532844672
-0.7567040243216576
-0.7307969311625105
-0.7058418811374573
-0.6817504490687208
-0.6583857429284422
-0.6355187152676254
-0.6128789875902769
-0.590311178783488
-0.5678717107330371
-0.5457942995571636
-0.5245182475882938
-0.5043954155454929
-0.4872389676285937
-0.47300855879817644
-0.46269103380641324
-0.4468748016135754
-0.43236037026270696
-0.4193619792243054
-0.40625099670219933
-0.39213475549762083
-0.3809417137128959
-0.369338170179106
-0.348466461086203
-0.34240462907918
-0.3187952308190787
-0.2805276503026715
-0.22732520452851315
-0.08581031138462608
-0.07415344430670398
-0.04124612083969804
-0.006150817622934776
0.02051442236414355
0.030754716094014062
0.04757370969681067
0.06894033302225154
0.07636897485909998
0.10182954933541964
0.10541231454840069
0.13275135772762733
0.1391082015973065
0.15920539123481608
0.17458090348453492
0.19490889459877447
0.2154909819465357
0.23676473582022736
0.25919760407630066
0.2839273539012244
0.3106893429548811
0.338602978816533
0.3668654052875437
0.39554097382854625
0.4259461302923152
0.4591482207025455
0.4953474372655421
0.5347173662461024
0.5778636617537963
0.6259603899998625
0.6811057626123334
0.7476469164906988
1.1256940998328566
1.1976259294540226
1.2336783074853541
1.2438333950080636
1.2769088299120295
1.2812391922013922
1.298493587587458
1.301628171824533
1.310705161113941
1.3200894248885013
1.3293936521822654
1.3404734366397513
1.3496994212646616
1.3602597219385553
1.3672588978304103
1.3801896774321303
1.3853960326651427
1.4053458598395088
1.4091474360457503
1.4316318919655475
1.4402022366305556
1.4604314172401478
1.4761258286358723
1.4926564857105096
1.5158864138884245
1.5290519830161364
1.5579076837206087
1.571863186924062
1.6003801358818435
1.6239857733150072
1.6440245127111317
1.6905801487875391
1.7736856890815964
2.7831214118801877
2.815423563844483
2.8375558721455834
2.8548778738064158
2.870419694178842
2.8851444968252027
2.8990074401825745
2.901793649568496
2.9118308808985742
2.9170688182530276
2.9234400225400687
2.9292129238818827
2.933639429947124
2.938979034840169
2.9421049198130844
2.946066033274257
2.9484477059142167
2.9520219494112783
2.9560541854687696
2.9606238223375114
2.965612624545303
2.9709714355548758
2.976651006639237
2.982600099576891
2.9887610464083476
2.995066282897131
3.001434532943941
3.0077672344104758
3.013950654991262
3.019882780819628
3.025546302314658
3.0310527260859907
-2.4361330036916966
-2.4165023313519156
-2.400474734427128
-2.3866762659070067
-2.374608189426245
-2.3640234759846517
-2.3547670545477524
-2.3467057772309783
-2.3396840855172423
-2.333503710037416
-2.327946106274741
-2.3228253066671742
-2.318020754300157
-2.3134776125664356
-2.309177437540713
-2.3051563583726304
-2.301341037522215
-2.298836323417697
-2.2959042936599223
-2.291260441216731
-2.2858384357957404
-2.2797061430559507
-2.2726985113505243
-2.264646823001754
-2.255391478693741
-2.2447538978666457
-2.232502146584372
-2.218314300790355
-2.2017219125645062
-2.182005506744001
-2.157997615308842
-2.1280221263022274
-2.094203532809251
-1.9604997220508824
-1.9297610083707426
-1.9031151112159712
-1.8794695754841209
-1.8581825255016624
-1.8388557582664284
-1.8212424582410742
-1.805208490778562
-1.7907934101450234
-1.780029074951616
-1.7749254457593124
-1.7639847033252196
-1.752422844191356
-1.7408397437181915
-1.7295444092181302
-1.7290833094291724
-1.7172145758124437
-1.7053045062096521
-1.6962830750226974
-1.693566891839969
-1.6823083441323514
-1.6740590723273552
-1.671699542375485
-1.6634816089383184
-1.6587554209322555
-1.6522891286179284
-1.6491572227046847
-1.6391656356428828
-1.6379518989314255
-1.6253975935608602
-1.6198929283885977
-1.5965590242795287
-0.9043174683978222
-0.8718702089141912
-0.841082135008174
-0.8117307518367264
-0.7836479532844661
-0.7567040243216573
-0.7307969311625208
-0.7058418811373425
-0.6817504490695214
-0.6583857429243991
-0.63551871528144
-0.6128789875735762
-0.5903111785958841
-0.5678717127336633
-0.5457942865294471
-0.5245183144638524
-0.5043951306448294
-0.4872397334568188
-0.47300802793160374
-0.46268930177322787
-0.44688166931478895
-0.43234541021929335
-0.4193828719886281
-0.40623137601283843
-0.3921499005425186
-0.3809327098806384
-0.3693408522070412
-0.34846594498488254
-0.3424048730454938
-0.3187952262838667
-0.28052765029289695
-0.22732520455573096
-0.08581031293726896
-0.07415344139151463
-0.04124611553962691
-0.006151040790464136
0.02051825787606529
0.030747413362345183
0.0475769202889061
0.06898738764357332
0.0762880899468868
0.10225937995592504
0.10497517088268435
0.13289793403526565
0.1389963677777595
0.1592060135807486
0.17459204731842012
0.19490175969010562
0.21549387948551776
0.23676398529914097
0.25919769167682766
0.2839273696632096
0.31068933313865577
0.33860298130285654
0.36686540494430997
0.39554097382277653
0.4259461303055203
0.4591482207000902
0.4953474372657091
0.5347173662461112
0.5778636617537932
0.6259603899998623
0.6811057626123344
0.7476469164906987
1.125694099832858
1.1976259294548894
1.233678306998354
1.2438333973025224
1.2769080239192252
1.2812409413548262
1.298479873093643
1.30163875133803
1.3107399898269874
1.3199671033662475
1.3296331804953159
1.3400684464424306
1.3502690281869996
1.359576124088808
1.3677766411297774
1.3798761126407393
1.3855740119084414
1.405309810093
1.4091710883191395
1.4316309291360902
1.4402025908073033
1.460431399253159
1.4761258307148435
1.4926564856354665
1.515886413873383
1.5290519830212486
1.5579076837203463
1.571863186924115
1.6003801358818426
1.623985773315006
1.644024512711132
1.6905801487875391
1.773685689081596
2.7831214118801877
2.815423563844483
2.837555872145583
2.8548778738064153
2.8704196941788425
2.885144496825203
2.899007440182573
2.9017936495684955
2.911830880898573
2.917068818253041
2.9234400225399972
2.9292129238822824
2.9336394299458624
2.938979034845558
2.942104919801826
2.9460660332950472
2.9484477058932095
2.952021949421181
2.9560541854649465
2.9606238223387042
2.9656126245449794
2.9709714355549517
2.9766510066392224
2.9826000995768926
2.9887610464083467
2.9950662828971315
3.0014345329439416
3.0077672344104758
3.013950654991262
3.0198827808196285
3.0255463023146576
3.0310527260859903
-2.436133003691697
-2.416502331351915
-2.4004747344271276
-2.3866762659070058
-2.3746081894262425
-2.36402347598472
-2.3547670545453383
-2.346705777285758
-2.339684084719328
-2.3335037176422464
-2.327946057003747
-2.3228255339238677
-2.318019978173789
-2.313479612734756
-2.3091735389847874
-2.3051618239256952
-2.3013357981252964
-2.298837852383314
-2.2959058346879777
-2.2912592836587775
-2.2858388950502477
-2.2797060101591358
-2.2726985403794298
-2.2646468181068227
-2.2553914793412555
-2.24475389779949
-2.232502146589683
-2.218314300790061
-2.201721912564516
-2.182005506744001
-2.1579976153088416
-2.128022126302227
-2.0942035328092503
-1.9604997220508824
-1.929761008370742
-1.9031151112159712
-1.879469575484121
-1.8581825255016655
-1.8388557582664167
-1.8212424582410194
-1.8052084907802002
-1.7907934101280418
-1.7800290750288734
-1.7749254457026578
-1.7639847031823923
-1.752422844814379
-1.7408397417175645
-1.7295444568059757
-1.729083262776386
-1.717214575306867
-1.7053045125985742
-1.696283042516082
-1.6935669244159064
-1.6823083335635733
-1.6740590857647502
-1.671699534948186
-1.6634816055733679
-1.6587554248468706
-1.6522891261448056
-1.649157223869367
-1.6391656354923083
-1.6379518990270845
-1.6253975935607392
-1.6198929283886014
-1.5965590242795304
-0.904317468397822
-0.8718702089141905
-0.8410821350081737
-0.811730751836725
-0.7836479532844657
-0.7567040243216574
-0.7307969311625069
-0.7058418811373937
-0.681750449069602
-0.6583857429216067
-0.6355187153040008
-0.6128789874545452
-0.5903111790701017
-0.5678717112993835
-0.5457942888844619
-0.5245183252096767
-0.5043949617460549
-0.487240956072905
-0.4730026433158395
-0.46269866656455066
-0.4468684755997159
-0.43236470905363356
-0.41936246280235606
-0.40624484852255094
-0.3921457672114613
-0.3809305429897103
-0.36934376434523236
-0.3484639566311151
-0.34240606909148846
-0.3187951920693802
-0.2805276504914156
-0.2273252045846819
-0.08581031241910803
-0.07415344367940155
-0.04124610372957744
-0.006151050866302101
0.020515447072810493
0.03075681451545836
0.04755669393961121
0.06906590022838185
0.07620677931927447
0.1022537935253723
0.10501965792990599
0.13273530122347493
0.13917235444104042
0.15915000441259008
0.1746163736693747
0.19489738380186925
0.21549376936460934
0.23676451860050068
0.2591974600989065
0.2839274227476347
0.3106893268612016
0.3386029808713777
0.3668654053779691
0.39554097371226427
0.42594613031806877
0.45914822070025
0.49534743726547614
0.5347173662461401
0.5778636617537934
0.625960389999862
0.6811057626123349
0.7476469164906983
1.1256940998328573
1.1976259294551175
1.2336783071879411
1.2438333959060768
1.2769096600576988
1.2812366168469915
1.2986379257865195
1.3013665373936887
1.3110543893290616
1.3195287521250383
1.3301686283798622
1.3394889263948149
1.3508702399275365
1.3590537394630984
1.36804635241421
1.3797739387934769
1.3856125392092806
1.405313177138664
1.4091674083359254
1.4316314729109882
1.440202321542579
1.4604314254373796
1.476125825131465
1.4926564863856633
1.515886413816387
1.5290519830315887
1.5579076837201369
1.571863186924142
1.6003801358818421
1.6239857733150063
1.6440245127111324
1.6905801487875391
1.7736856890815969
2.7831214118801877
2.8154235638444836
2.837555872145583
2.8548778738064153
2.870419694178842
2.8851444968252022
2.899007440182574
2.9017936495684955
2.9118308808985707
2.9170688182530538
2.923440022539932
2.929212923882608
2.933639429944918
2.938979034849208
2.9421049197946267
2.9460660333073676
2.9484477058813274
2.9520219494263915
2.9560541854630986
2.960623822339223
2.965612624544855
2.9709714355549774
2.9766510066392176
2.982600099576893
2.9887610464083463
2.995066282897131
3.0014345329439407
3.007767234410477
3.013950654991261
3.019882780819629
3.0255463023146585
3.0310527260859907
-2.436133003691697
-2.4165023313519134
-2.400474734427129
-2.386676265907006
-2.374608189426242
-2.364023475984723
-2.354767054545682
-2.3467057772666235
-2.3396840851629674
-2.3335037117400512
-2.327946107591218
-2.3228252308169557
-2.318021329000626
-2.3134749464470934
-2.309186372786679
-2.305133275076533
-2.3013929987374864
-2.2987758393031927
-2.295935253533298
-2.2912528054275603
-2.2858402735410497
-2.2797057596936825
-2.272698576301889
-2.2646468142465483
-2.2553914796204975
-2.2447538977925876
-2.2325021465882977
-2.2183143007902997
-2.2017219125644965
-2.1820055067440025
-2.1579976153088407
-2.1280221263022274
-2.0942035328092508
-1.9604997220508815
-1.9297610083707426
-1.9031151112159719
-1.8794695754841204
-1.8581825255016655
-1.8388557582664298
-1.8212424582408384
-1.8052084907808565
-1.7907934101360519
-1.7800290748902454
-1.7749254459665735
-1.763984702870835
-1.7524228451205026
-1.7408397421961816
-1.7295443950447489
-1.72908332694237
-1.7172145697559844
-1.7053045185624485
-1.6962830361854329
-1.693566925158654
-1.682308342231964
-1.674059049889859
-1.6716995701708903
-1.6634815952310031
-1.6587554304289411
-1.6522891245957465
-1.6491572243203438
-1.6391656355262032
-1.6379518989983584
-1.6253975935609375
-1.6198929283885797
-1.5965590242795298
-0.9043174683978219
-0.8718702089141915
-0.8410821350081741
-0.8117307518367259
-0.7836479532844657
-0.7567040243216594
-0.7307969311624966
-0.7058418811375079
-0.681750449068802
-0.6583857429256502
-0.635518715290186
-0.6128789874712461
-0.590311179257706
-0.5678717092987561
-0.5457943019121783
-0.5245182583343002
-0.5043952466562347
-0.48724019039567734
-0.4730031738887897
-0.46270039639259075
-0.4468615987972048
-0.43237964923091793
-0.4193415719317994
-0.40626448854158165
-0.39213063222983635
-0.38093954844476924
-0.3693410807709198
-0.34846447282166204
-0.34240582497836014
-0.3187951966045505
-0.2805276505011901
-0.22732520455746327
-0.0858103108664641
-0.0741534465945902
-0.04124610902965996
-0.006150827697945274
0.020511615216668246
0.03076411918225286
0.04755347466692466
0.0690176411194734
0.07628875718767293
0.10182985272271743
0.10545121127605048
0.13259450909920342
0.13927828174063567
0.15914929160053606
0.17460525341070823
0.19490452290180627
0.21549087202597852
0.2367652690831559
0.25919737249463554
0.2839274069856853
0.31068933667743504
0.33860297838505377
0.36686540572119836
0.39554097371803276
0.4259461303048622
0.4591482207027042
0.49534743726530794
0.5347173662461296
0.5778636617537951
0.6259603899998621
0.6811057626123339
0.7476469164906984
1.1256940998328575
1.1976259294542528
1.2336783076749416
1.2438333936116235
1.2769104671462062
1.2812348675380285
1.2986535322537411
1.3013538935451592
1.3110166954244222
1.3196456524025504
1.3299199240445922
1.339883764672485
1.350287843464135
1.359742378359746
1.3675606623367695
1.3800869083597518
1.385438635439117
1.4053492806023693
1.4091437032181273
1.4316324357271522
1.4402019673303068
1.4604314434242733
1.4761258230524903
1.4926564864607066
1.515886413831428
1.529051983026477
1.5579076837203991
1.5718631869240898
1.6003801358818428
1.623985773315007
1.6440245127111328
1.6905801487875398
1.7736856890815962
2.7831214118801877
2.815423563844483
2.8375558721455825
2.8548778738064153
2.870419694178843
2.8851444968252022
2.899007440182573
2.9017936495684955
2.9118308808985733
2.91706881825304
2.9234400225400052
2.9292129238822064
2.9336394299461808
2.938979034843819
2.9421049198058893
2.9460660332865776
2.9484477059023346
2.952021949416489
2.9560541854669222
2.960623822338032
2.965612624545177
2.9709714355549015
2.976651006639233
2.9826000995768918
2.9887610464083463
2.99506628289713
3.0014345329439407
3.007767234410476
3.013950654991263
3.0198827808196276
3.0255463023146567
3.031052726085991
-2.437780611469384
-2.4182054938169317
-2.4021732754846985
-2.3883309924665372
-2.3761888974560974
-2.3655062624885566
-2.3561349734261796
-2.3479518688587846
-2.34081532149577
-2.3345412524107685
-2.328917464140543
-2.323753136116117
-2.3189193719163073
-2.3143451185102486
-2.3100306719832755
-2.3059420883080444
-2.3021562180812385
-2.299044293657446
-2.2968907203492273
-2.2924755404883066
-2.287189067232738
-2.2811498119896236
-2.274231875045516
-2.2662657836832114
-2.2570914524474364
-2.2465275529077253
-2.234338065877965
-2.2201939343368844
-2.2036126773787785
-2.1838426692953594
-2.1596223654583286
-2.128852143766449
-2.092732944248611
-1.9594763408120515
-1.9280983599863708
-1.9010911434945088
-1.877220660822018
-1.8557862185626126
-1.8363675758147677
-1.8187189233339314
-1.802761684273544
-1.7891498297634323
-1.7824343054156195
-1.773131467934591
-1.7612435861566396
-1.7495769925691989
-1.7379355700567996
-1.7337536755289007
-1.7261369379803875
-1.7142332275052419
-1.702344351771352
-1.6997672775813806
-1.6906922685540413
-1.6796407522702836
-1.676336639899791
-1.6696046688678639
-1.6627184690334684
-1.658583801215072
-1.6514136939622317
-1.6488561678761877
-1.6391467333184535
-1.636580210033158
-1.625397593532416
-1.6183605864596489
-1.5951074303961932
-0.9043174683978215
-0.871870208914185
-0.8410821350096159
-0.8117307519381376
-0.7836479563677226
-0.7567040790123649
-0.7307975637701208
-0.7058469233059314
-0.6817788749852293
-0.6585001088992108
-0.6358495730808913
-0.6135863702757591
-0.5914912064889087
-0.5695111250055211
-0.5477870362353485
-0.526652785595556
-0.5066023032215853
-0.48771520535568835
-0.47447939218231366
-0.4585675574335361
-0.45248197891278286
-0.4266410181658539
-0.425551865766107
-0.4008190829507455
-0.3975363706697552
-0.37831439978090586
-0.3707853470961628
-0.3481087606973914
-0.3430736630244843
-0.3187904426669348
-0.28052776387832357
-0.22732519994699538
-0.08595635906117143
-0.07415336451668127
-0.041373584219452066
-0.006367842919555502
0.020693920712575187
0.0303407768006418
0.04874550731755551
0.06618739360955594
0.08044913932678849
0.09495006458275745
0.11317286335119352
0.12669276199839388
0.1439814790502401
0.15687861110591603
0.1759564168920353
0.19493599465742736
0.21535636567599226
0.23635444962190427
0.25931239457172633
0.2844325659504848
0.3110836392261654
0.33844167672831427
0.3660887845018076
0.3947066304019465
0.4255225444529056
0.45904894498901844
0.49536035153755015
0.5347390395703172
0.5778733067246021
0.6259628823207066
0.6811061495394434
0.7476469465309106
1.1256941063978931
1.1976260735201476
1.2381229123990765
1.2438334796162482
1.276916036190003
1.2835675771191912
1.2988076874307992
1.302246683359558
1.311768535928626
1.320565418751497
1.330848611527836
1.3410309948638428
1.3508660477812569
1.3620641457234501
1.3668828224299447
1.3824094352809957
1.3864056368016762
1.4040827685853492
1.414514324234163
1.4293234901558756
1.446745967402758
1.4581829616629551
1.4818589085764982
1.4915359312021796
1.518892373255042
1.5308334341237557
1.5578960583468646
1.576804551104138
1.5994672282987468
1.629464033953939
1.6444877120667702
1.6981711488372335
1.7803250063056084
2.7782154085140207
2.810918505370863
2.8333939312735854
2.850934888430776
2.8666299485641624
2.8815377657101147
2.8956322542714377
2.902841365589092
2.908732018761873
2.9181539898641535
2.9206614205022556
2.930255126659215
2.93123506351642
2.93988982987978
2.940187666486889
2.946248179190825
2.947681507395844
2.9516038693366196
2.9555161259973555
2.960064414335177
2.965037409287351
2.970395077563199
2.9760870317211165
2.982062427988121
2.9882641601610374
2.9946253311874766
3.001065204731317
3.0074848017693374
3.0137661417719266
3.019792467517469
3.025520027015117
3.0310496657772794
-2.437780611469384
-2.4182054938169326
-2.4021732754846976
-2.3883309924665386
-2.3761888974560987
-2.3655062624884993
-2.356134973428112
-2.3479518688171046
-2.3408153220755317
-2.334541247177397
-2.3289174954755807
-2.3237530088045077
-2.318919718274921
-2.314344579840297
-2.3100305336338613
-2.3059457151980913
-2.3021435210736128
-2.2990686262699005
-2.296872044469681
-2.2924804033872923
-2.2871878110476214
-2.281150095224312
-2.2742318229759104
-2.266265791340065
-2.2570914515498894
-2.2465275529903805
-2.234338065872254
-2.220193934337144
-2.2036126773787776
-2.1838426692953576
-2.15962236545833
-2.1288521437664474
-2.092732944248612
-1.9594763408120512
-1.9280983599863717
-1.9010911434945088
-1.8772206608220194
-1.8557862185626113
-1.8363675758147766
-1.818718923334098
-1.8027616842704688
-1.7891498297926682
-1.782434305369088
-1.7731314679186534
-1.7612435864297475
-1.749576991444199
-1.7379355761262514
-1.7337536681217618
-1.726136939956134
-1.7142332307248707
-1.7023443147188158
-1.6997673222358423
-1.690692251487628
-1.6796407738080215
-1.6763366235701793
-1.669604667325487
-1.662718477181425
-1.6585837940573196
-1.6514136976916862
-1.6488561659218073
-1.6391467334194276
-1.636580209995888
-1.6253975935325098
-1.61836058645965
-1.5951074303961954
-0.9043174683978205
-0.8718702089141853
-0.8410821350096155
-0.8117307519381364
-0.7836479563677221
-0.7567040790123638
-0.7307975637701358
-0.705846923305768
-0.681778874986363
-0.6585001088937127
-0.635849573098506
-0.6135863702551088
-0.591491206299203
-0.5695111269265783
-0.547787024158598
-0.5266528480449925
-0.5066020303521508
-0.4877162673976154
-0.474477654895768
-0.45856653301140216
-0.4524866312398411
-0.4264499730959119
-0.4257495824821108
-0.4007432327617787
-0.3976099490587192
-0.3783007512933902
-0.37079218565452626
-0.3481083660326337
-0.34307372375641837
-0.3187904550838843
-0.28052776359634435
-0.22732519994326103
-0.08595636008180106
-0.07415336098711277
-0.04137359862633301
-0.006367834661532487
0.020697291611207758
0.030330628932975078
0.04877015396922771
0.06613358925245119
0.08051477053680628
0.09492084914975941
0.11313203703450436
0.12678216343597054
0.14388010326123168
0.1569476677716208
0.1759351532952869
0.19494083547197075
0.2153563945144273
0.23635393514531214
0.25931261385087506
0.2844325152780151
0.31108364550933976
0.33844167714908274
0.366088784055105
0.39470663051290716
0.4255225444408248
0.4590489449888797
0.4953603515377667
0.5347390395702906
0.5778733067246024
0.6259628823207066
0.6811061495394436
0.7476469465309116
1.1256941063978936
1.1976260735199862
1.2381229118349375
1.2438334813669338
1.27691522334146
1.2835712849359275
1.2987025414871494
1.3024432256806269
1.3115193752643113
1.3209173263570937
1.3304314034171587
1.3415097697765859
1.3504136548740313
1.362603047854086
1.3665016487345372
1.3824867071911195
1.3863645360522387
1.4040816288609428
1.4145156972472799
1.4293230604458824
1.4467460840500168
1.458182926106151
1.4818589120633983
1.4915359300513376
1.5188923732944346
1.5308334341149301
1.557896058347035
1.5768045511041269
1.5994672282987465
1.629464033953938
1.6444877120667711
1.6981711488372329
1.7803250063056095
2.7782154085140207
2.8109185053708634
2.8333939312735863
2.850934888430777
2.8666299485641638
2.8815377657101138
2.895632254271435
2.9028413655890923
2.908732018761874
2.9181539898641375
2.9206614205022907
2.9302551266583854
2.931235063517482
2.939889829858092
2.9401876665100706
2.9462481791808894
2.947681507406302
2.951603869333417
2.9555161259985714
2.960064414334837
2.96503740928743
2.970395077563182
2.97608703172112
2.982062427988121
2.988264160161039
2.9946253311874766
3.0010652047313178
3.007484801769338
3.0137661417719266
3.0197924675174685
3.0255200270151197
3.03104966577728
-2.437780611469383
-2.4182054938169335
-2.4021732754846967
-2.38833099246654
-2.376188897456098
-2.365506262488511
-2.3561349734271904
-2.3479518688481296
-2.3408153214637695
-2.3345412547412443
-2.3289174332430482
-2.3237533712028733
-2.3189181418989566
-2.314349915772551
-2.3100161341357315
-2.3059769826064596
-2.30208395155137
-2.2991485052894842
-2.296822637901143
-2.2924901153573147
-2.2871860021213752
-2.281150388354025
-2.274231786191549
-2.2662657945451965
-2.2570914514225957
-2.2465275529771738
-2.2343380658754546
-2.2201939343367973
-2.2036126773787985
-2.1838426692953554
-2.159622365458329
-2.1288521437664483
-2.09273294424861
-1.9594763408120512
-1.9280983599863732
-1.9010911434945088
-1.877220660822019
-1.8557862185626126
-1.8363675758147504
-1.8187189233343213
-1.8027616842703418
-1.7891498297663222
-1.7824343054650469
-1.7731314677362127
-1.761243586704499
-1.7495769913327255
-1.7379355720084946
-1.733753676505607
-1.7261369326676392
-1.7142332372939026
-1.7023442993758076
-1.6997673329523537
-1.6906922571384273
-1.6796407399511541
-1.676336667066215
-1.669604644904073
-1.6627184916114475
-1.658583786889195
-1.651413698903326
-1.6488561656341338
-1.6391467333668968
-1.6365802100236364
-1.6253975935321765
-1.6183605864596684
-1.5951074303961934
-0.9043174683978228
-0.8718702089141858
-0.8410821350096156
-0.8117307519381368
-0.783647956367721
-0.7567040790123674
-0.7307975637701194
-0.7058469233058425
-0.6817788749863765
-0.6585001088905051
-0.635849573128188
-0.61358637008631
-0.5914912069923646
-0.5695111248864182
-0.5477870270081806
-0.5266528629813046
-0.5066018615945613
-0.4877174784827355
-0.4744738993400513
-0.45858112502333137
-0.4524710151078008
-0.4265901840794273
-0.42560890089982006
-0.4007683927149152
-0.39758773175173895
-0.378301887286495
-0.37079261577644496
-0.34810727792964824
-0.34307452290880147
-0.318790426204618
-0.28052776429894105
-0.22732519996511533
-0.0859563615314342
-0.07415335800077401
-0.04137359577502834
-0.006368017638059336
0.02070073144811186
0.030324512520691314
0.048771752122450183
0.06615731437612163
0.08044062010210215
0.095029192419568
0.11300581342973297
0.12688421626354202
0.14384002356763878
0.15694939390134788
0.17594629329588227
0.194933242893558
0.2153593698285795
0.23635318955407275
0.25931269099404625
0.28443253222099196
0.3110836354102482
0.3384416797782131
0.36608878368608727
0.3947066305084494
0.42552254445344145
0.45904894498658005
0.4953603515379236
0.5347390395703
0.5778733067245996
0.6259628823207066
0.6811061495394444
0.7476469465309109
1.1256941063978936
1.1976260735205846
1.238122910654404
1.243833484258757
1.2769148207103744
1.2835726268753955
1.2986933221609809
1.3024487523518606
1.311550163319084
1.3208159372317965
1.3306286598552033
1.341169358125304
1.3508584112170168
1.3618535082613406
1.3671165401943444
1.382222617604286
1.3865459629272443
1.4040658061092497
1.4145213174634819
1.4293222262544907
1.4467462087872376
1.4581828997009494
1.481858913023234
1.4915359299144226
1.518892373282126
1.5308334341195826
1.5578960583468224
1.576804551104153
1.5994672282987454
1.6294640339539386
1.6444877120667707
1.6981711488372329
1.7803250063056082
2.778215408514021
2.810918505370864
2.833393931273586
2.8509348884307766
2.8666299485641633
2.8815377657101133
2.895632254271435
2.9028413655890923
2.9087320187618744
2.9181539898641553
2.920661420502253
2.9302551266594694
2.931235063516076
2.9398898298918725
2.940187666473763
2.9462481791983826
2.9476815073873532
2.9516038693397055
2.9555161259959744
2.9600644143356427
2.965037409287213
2.970395077563234
2.9760870317211072
2.9820624279881223
2.988264160161037
2.9946253311874753
3.0010652047313173
3.007484801769338
3.013766141771926
3.01979246751747
3.0255200270151184
3.03104966577728
-2.4377806114693823
-2.418205493816933
-2.402173275484697
-2.3883309924665372
-2.376188897456096
-2.3655062624885685
-2.356134973425258
-2.3479518688898104
-2.340815320884006
-2.3345412599745847
-2.328917401906701
-2.3237534984878003
-2.318917795288141
-2.314350453713746
-2.3100162786831278
-2.3059734217649392
-2.3020970340205054
-2.2991245873531176
-2.296840474116147
-2.2924852221056016
-2.2871872569968206
-2.2811501050722915
-2.2742318382600724
-2.266265786888326
-2.2570914523201413
-2.246527552894518
-2.2343380658811665
-2.2201939343365376
-2.2036126773788003
-2.1838426692953576
-2.1596223654583286
-2.1288521437664483
-2.0927329442486107
-1.9594763408120512
-1.928098359986373
-1.9010911434945086
-1.8772206608220185
-1.8557862185626128
-1.8363675758147404
-1.8187189233341559
-1.8027616842734178
-1.7891498297370856
-1.7824343055115799
-1.773131467752151
-1.7612435864313907
-1.7495769924577258
-1.7379355659390279
-1.7337536839127565
-1.7261369306918906
-1.714233234074273
-1.7023443364287385
-1.6997672882974928
-1.690692274204824
-1.679640718413041
-1.6763366833961975
-1.6696046464464738
-1.6627184834635036
-1.6585837940469208
-1.651413695173872
-1.648856167588513
-1.6391467332659255
-1.6365802100609061
-1.625397593532087
-1.618360586459667
-1.5951074303961914
-0.9043174683978217
-0.8718702089141853
-0.8410821350096169
-0.8117307519381368
-0.7836479563677216
-0.7567040790123674
-0.7307975637701035
-0.7058469233060063
-0.6817788749852419
-0.6585001088960039
-0.6358495731105736
-0.6135863701069607
-0.5914912071820702
-0.5695111229653608
-0.5477870390849295
-0.526652800532086
-0.5066021344722451
-0.4877164166905095
-0.474475636972825
-0.45858213732352804
-0.45246637196739026
-0.42674026683786265
-0.42545213963067396
-0.4008432297018311
-0.3975151733907236
-0.37831553819496766
-0.37078577719483585
-0.3481076726198105
-0.3430744621233413
-0.3187904137877482
-0.2805277645809184
-0.22732519996884967
-0.08595636051080548
-0.07415336153033812
-0.041373581368139116
-0.006368025896952991
0.020697356501004443
0.030334660202932805
0.04874711751902331
0.06621132837845084
0.08037515220885956
0.09505801745183542
0.11304592634195293
0.12679516190699222
0.14394165119515917
0.1568804813540961
0.17596754214040705
0.19492839702394138
0.21535934074760413
0.23635370406908876
0.2593124717180982
0.28443258289341894
0.3110836291270648
0.33844167935744507
0.36608878413279183
0.394706630397488
0.4255225444655208
0.4590489449867189
0.49536035153770575
0.5347390395703245
0.5778733067245989
0.6259628823207063
0.681106149539443
0.7476469465309108
1.1256941063978922
1.197626073520744
1.2381229112185441
1.2438334825080706
1.2769156333448894
1.2835689182052987
1.2987978189953788
1.3022530128011938
1.311801197781288
1.320467498967005
1.331051651153108
1.340699517532296
1.3513090083916897
1.3613833327563007
1.3674117585682932
1.382148937800147
1.38658228304395
1.404066943805377
1.4145199461141547
1.4293226560423187
1.4467460921420439
1.4581829352580744
1.4818589095363353
1.4915359310652665
1.5188923732427335
1.5308334341284096
1.5578960583466521
1.5768045511041635
1.5994672282987454
1.6294640339539384
1.6444877120667714
1.6981711488372329
1.7803250063056077
2.778215408514021
2.8109185053708634
2.833393931273586
2.850934888430777
2.8666299485641638
2.8815377657101138
2.8956322542714354
2.902841365589092
2.9087320187618726
2.9181539898641726
2.9206614205022206
2.9302551266602985
2.931235063515018
2.93988982991356
2.940187666450582
2.946248179208318
2.9476815073768963
2.9516038693429096
2.9555161259947598
2.960064414335983
2.9650374092871323
2.9703950775632495
2.976087031721105
2.9820624279881236
2.9882641601610374
2.9946253311874753
3.001065204731317
3.0074848017693396
3.0137661417719266
3.0197924675174685
3.025520027015119
3.0310496657772807
