-2.4239618566229666
-2.4173892490870283
-2.4104971059941693
-2.4033060764314924
-2.375470429939214
-2.3692406907941908
-2.363031811237861
-2.3568933544719832
-2.342299268934851
-2.3375785902967214
-2.3330502803866353
-2.3286599817022684
-2.32106450407364
-2.3174436805179486
-2.3136662590324457
-2.3092885062931274
-2.3041308678660144
-2.2996158984565636
-2.294684883076258
-2.287054283415079
-2.2811710728403507
-2.2751401267842604
-2.2689582742620527
-2.2522684820351966
-2.245163240256087
-2.2381955117577776
-2.231493443798031
-2.1923838723940468
-2.1852818613052856
-2.179189373259282
-2.1743508319617386
-2.077300365228644
-2.0718400916142317
-2.065386193430725
-2.058135528452018
-1.8796107613643949
-1.8726829776187437
-1.8648069201402029
-1.8561393813123483
-1.8088066440226653
-1.7989825856980342
-1.7887242723352486
-1.7783476823282085
-1.7526642116991722
-1.7410577007582024
-1.7295759925916114
-1.7218621419983822
-1.7081835091711788
-1.7009809440326789
-1.6995193549381917
-1.6890618351636806
-1.6845647768636582
-1.6750302135583333
-1.6743253681713768
-1.6615298349075354
-1.652019585582177
-1.6442575012915293
-1.6409373324495649
-1.6212928462046334
-1.6156952681758108
-1.612734294823176
-1.6103145810173953
-1.601715132762514
-1.601310480394664
-1.600984475342499
-1.5993222304466288
-0.8174569569027875
-0.817452439118998
-0.8174358951850255
-0.8173154619655404
-0.7092140930119903
-0.7090427000438363
-0.7084894885989365
-0.7072112318343484
-0.6152359220998004
-0.6145537894623181
-0.6129515494682664
-0.6082217053646903
-0.5370838035226833
-0.5332751884110635
-0.5229097188290431
-0.5126820241552947
-0.4602853357888954
-0.4562432702365396
-0.45351245954432845
-0.44243186548677366
-0.41496995098897593
-0.405702028047124
-0.4009529359545347
-0.35986763871746413
-0.3504775540979111
-0.3374602056726633
-0.3317059464767141
-0.3075784985333172
-0.30076493342035493
-0.29580439554397436
-0.28991306929965416
-0.08675216045289907
-0.08643467223514047
-0.08359455625516961
-0.08242902229478373
0.03347743197135068
0.034332500221293284
0.042023974148555535
0.046196409489772355
0.10993380188975478
0.11349058870509687
0.12446985229779729
0.14668953723252817
0.16380294849917879
0.169191334466378
0.177967092010832
0.23071671754442366
0.23360269909221057
0.2404476396215462
0.243659968228795
0.32448018048149213
0.3269027944948349
0.3274601262947943
0.33282182799388266
0.44179649707007557
0.44202535421795847
0.4422836045328693
0.4432195711214012
0.5959809571408081
0.5962937723074831
0.5967022767116132
0.5970377603877003
1.1183623719318017
1.1201237551495429
1.1209633991254233
1.1213671922431105
1.279772049574172
1.2931923821977387
1.302766970679247
1.309037102013198
1.3188830827448974
1.3221860827888892
1.3280447162295448
1.3363027891404922
1.3578588744723317
1.3627980604549335
1.3704621320048282
1.3779323304161832
1.3913278737180885
1.396323555804475
1.4103098513899799
1.442882667954363
1.4491813633652206
1.4496560082231236
1.4531725670249749
1.4969878350729742
1.5084728403597374
1.526904688466767
1.541689104226723
1.5892817692043488
1.5915037326893327
1.5940257675446468
1.594595248003265
1.7202807608331259
1.7401123521118527
1.761994937372412
1.7846490086648163
2.8197113678093704
2.8366307418686154
2.8535185674518018
2.8700797726998273
2.8897968248361194
2.9043292473626297
2.917984510776337
2.9305741337855387
2.941996557521536
2.947226983407214
2.950709602212987
2.952430929805839
2.9548637051237145
2.958015115874419
2.960132838058239
2.9681741090040132
2.972412378102347
2.974589596208403
2.9751212125400786
2.9875006590193793
2.9893662707807835
2.991295251106522
2.993173954847029
3.0105953591048764
3.012323553199447
3.0137409923246072
3.014866621218249
3.0359915684489227
3.0366978147187704
3.0372106302846746
3.0375658413231936
-2.4239618566229653
-2.417389249087023
-2.410497105994172
-2.4033060764314924
-2.375470429939216
-2.3692406907941814
-2.363031811237898
-2.3568933544719286
-2.3422992689128255
-2.3375785905785675
-2.333050278818186
-2.3286599860483164
-2.321064468253607
-2.317443791557198
-2.313666082624878
-2.3092886955332794
-2.304130684859341
-2.299616043000355
-2.2946848149856844
-2.287054308191455
-2.281171060010559
-2.275140131069382
-2.2689582734724922
-2.2522684820663588
-2.2451632402470394
-2.238195511757134
-2.231493443798689
-2.1923838723940205
-2.1852818613053193
-2.1791893732592618
-2.1743508319617404
-2.0773003652286417
-2.071840091614229
-2.065386193430722
-2.05813552845202
-1.8796107613643955
-1.8726829776187432
-1.8648069201402016
-1.8561393813123477
-1.8088066440226644
-1.798982585698079
-1.7887242723350136
-1.7783476823286173
-1.7526642116995241
-1.7410577007336614
-1.7295759928219734
-1.7218621414299788
-1.7081835110300747
-1.700980950821227
-1.699519341066346
-1.6890618637691266
-1.6845647393045948
-1.675030362842072
-1.6743252315182662
-1.6615298371544536
-1.652019585583918
-1.6442575000893858
-1.6409373333728638
-1.6212928458974836
-1.6156952690300495
-1.6127342938097828
-1.610314581436465
-1.6017151337134592
-1.6013104779433596
-1.600984476881262
-1.599322230395044
-0.817456956401744
-0.8174524397781888
-0.8174358950239493
-0.8173154619684735
-0.7092140932907883
-0.7090426996362273
-0.7084894887465039
-0.7072112318155741
-0.6152359319746803
-0.6145537734307395
-0.6129515563076902
-0.6082217046823684
-0.5370837782214998
-0.5332752410820795
-0.5229096557446399
-0.5126820725229194
-0.46027806731823157
-0.45626846285203804
-0.45349238262551256
-0.44243396917779754
-0.4149740136890479
-0.4056871366626194
-0.40096470732602923
-0.359859149926477
-0.3504931023263688
-0.3374414564305396
-0.3317171397582914
-0.30757931728850757
-0.30076122262068217
-0.2958075735481464
-0.28991237361217886
-0.08675701650996887
-0.08642877445241416
-0.08359678874690508
-0.08242783163987599
0.033496103298471455
0.03431007046366037
0.04203079181542759
0.04619343038624424
0.10989399999272502
0.11355437562909841
0.12443536950265377
0.14671197279105358
0.16377772275123553
0.16919868083983405
0.17797391831028045
0.23066098402890872
0.23368888898698742
0.2403926483996844
0.2436835360115398
0.3244826943380223
0.32688623037228615
0.32747457626092474
0.332821430621615
0.44179538154908143
0.44202786284406
0.44228210496018117
0.4432196775906772
0.5959809573627862
0.5962937717594284
0.596702277227941
0.597037760197446
1.1183623719280615
1.120123755179526
1.1209633990608585
1.1213671922814332
1.2797720762041058
1.2931911508842924
1.302783605696509
1.3089836967761161
1.3192307049890968
1.321745196725433
1.3281909588104357
1.3363049446015194
1.3575116166242003
1.363600355776902
1.3696607583855647
1.3783812028739213
1.3910610711077631
1.3964838678849985
1.4102956315852686
1.4428936539772164
1.4490335110632477
1.4498047475893951
1.4531617077230876
1.4969878363538096
1.5084728399818736
1.5269046884797006
1.5416891042285612
1.589281769196434
1.591503732708286
1.5940257675101095
1.5945952480266203
1.7202807608331243
1.7401123521118522
1.7619949373724118
1.7846490086648155
2.8197113678093704
2.8366307418686154
2.8535185674517973
2.870079772699829
2.8897968248361194
2.904329247362629
2.9179845107763356
2.9305741337855364
2.9419965575215388
2.9472269834071905
2.9507096022132746
2.9524309298051907
2.9548637051244486
2.9580151158736934
2.960132838058666
2.9681741090038356
2.9724123781028893
2.974589596206868
2.9751212125412017
2.9875006590193447
2.989366270780838
2.991295251106489
2.9931739548470357
3.0105953591048786
3.0123235531994457
3.0137409923246103
3.014866621218249
3.0359915684489236
3.036697814718773
3.0372106302846764
3.0375658413231945
-2.423961856622968
-2.417389249087025
-2.410497105994171
-2.4033060764314893
-2.3754704299392135
-2.369240690794199
-2.363031811237761
-2.3568933544725077
-2.3422992688349296
-2.33757859125198
-2.333050276034999
-2.3286599920431876
-2.32106443527596
-2.317443875637976
-2.3136659751091404
-2.3092887822736055
-2.30413063022613
-2.2996160673444006
-2.2946848128654236
-2.28705430365362
-2.281171064645947
-2.275140128626372
-2.2689582741317946
-2.252268481989718
-2.2451632402985897
-2.23819551173978
-2.23149344380136
-2.1923838723940157
-2.1852818613053144
-2.1791893732592738
-2.1743508319617417
-2.0773003652286453
-2.0718400916142277
-2.065386193430726
-2.058135528452019
-1.879610761364395
-1.8726829776187477
-1.8648069201402024
-1.8561393813123488
-1.8088066440226505
-1.7989825856981532
-1.7887242723348864
-1.7783476823285707
-1.7526642117044127
-1.7410577007085697
-1.7295759928437286
-1.7218621416578168
-1.708183505825779
-1.7009810172630369
-1.6995192696462063
-1.68906188980832
-1.6845647204640024
-1.6750303458231954
-1.6743252530639416
-1.6615298340278033
-1.6520195879921054
-1.6442574981173608
-1.6409373342852125
-1.621292846120617
-1.6156952677928453
-1.6127342959609203
-1.6103145801438434
-1.6017151444216873
-1.601310454854701
-1.6009844896941199
-1.5993222301242314
-0.8174569563541779
-0.817452439840828
-0.8174358950085969
-0.8173154619687616
-0.70921409286002
-0.709042700261014
-0.7084894885260175
-0.7072112318420526
-0.6152359446342193
-0.6145537521265723
-0.6129515662067508
-0.6082217033956069
-0.5370837977402951
-0.5332752083819461
-0.5229096719967632
-0.5126820751752384
-0.46026703019252707
-0.45631047727205953
-0.45345590483305487
-0.44244066379598573
-0.41496867128694237
-0.40569648997747704
-0.40095944312581405
-0.35985881749288584
-0.35049432863602986
-0.3374384147764852
-0.3317197770998717
-0.3075768384306418
-0.3007657195120465
-0.2958045421472123
-0.28991295088796554
-0.0867559953627415
-0.08643011488262241
-0.08359594900807064
-0.0824283529813586
0.033479033439707394
0.03433179951024359
0.04201945036254197
0.04620034915573854
0.10988476570873736
0.1135626548349264
0.12444166447528365
0.1466866560128932
0.16389630269086827
0.16906593563891956
0.1780084828784872
0.23066232525514144
0.23367996162674998
0.24040865074214707
0.2436744504545604
0.3244844504382348
0.3268765143510704
0.3274827134307302
0.33282126469148704
0.44179425658963944
0.44203040871865695
0.4422805823971099
0.4432197792217271
0.5959809574289596
0.5962937716003079
0.5967022773726383
0.5970377601456991
1.1183623719331837
1.1201237551355767
1.1209633991586634
1.1213671922224453
1.2797720568163105
1.2931925695444797
1.3027567984538588
1.3090954835297084
1.3182917957949556
1.3235599511096732
1.3268857901003765
1.3367559194773737
1.3567718891230016
1.3657982537313302
1.3677251210543804
1.3788656688482068
1.3908523791111662
1.3965828780657001
1.410290231687396
1.442891910928609
1.4490660253891974
1.4497704246839878
1.4531653130211217
1.4969878343491068
1.5084728408970953
1.5269046883618025
1.5416891042444063
1.5892817691891978
1.5915037327245036
1.5940257674827305
1.5945952480448162
1.7202807608331254
1.7401123521118542
1.7619949373724122
1.7846490086648148
2.8197113678093704
2.836630741868617
2.8535185674518
2.8700797726998286
2.88979682483612
2.904329247362629
2.9179845107763387
2.930574133785537
2.9419965575215374
2.9472269834071603
2.950709602213633
2.9524309298044042
2.954863705125302
2.9580151158728913
2.96013283805912
2.96817410900367
2.9724123781033573
2.9745895962055924
2.975121212542126
2.987500659019322
2.989366270780874
2.9912952511064694
2.9931739548470424
3.010595359104877
3.012323553199444
3.0137409923246072
3.0148666212182498
3.035991568448924
3.036697814718771
3.037210630284675
3.0375658413231936
-2.423961856622965
-2.4173892490870235
-2.4104971059941738
-2.403306076431489
-2.375470429939213
-2.369240690794207
-2.363031811237723
-2.3568933544725623
-2.342299268856956
-2.337578590970134
-2.3330502776034447
-2.3286599876971454
-2.321064471097005
-2.3174437646019066
-2.3136661515169847
-2.3092885930313978
-2.304130813231952
-2.2996159227992163
-2.294684880955807
-2.2870542788772408
-2.28117107747575
-2.2751401243412483
-2.268958274921357
-2.2522684819585543
-2.2451632403076425
-2.238195511740425
-2.2314934438006984
-2.1923838723940423
-2.1852818613052793
-2.179189373259287
-2.174350831961734
-2.0773003652286435
-2.071840091614226
-2.0653861934307263
-2.0581355284520186
-1.8796107613643942
-1.87268297761874
-1.8648069201402022
-1.8561393813123477
-1.80880664402265
-1.7989825856981156
-1.7887242723351213
-1.7783476823281603
-1.752664211704063
-1.7410577007331176
-1.7295759926133678
-1.7218621422262188
-1.7081835039668778
-1.7009810104754146
-1.6995192835171695
-1.689061861203107
-1.684564758022827
-1.6750301965315626
-1.6743253897249222
-1.661529831780889
-1.6520195879903672
-1.6442574993195054
-1.6409373333619137
-1.6212928464277678
-1.6156952669386084
-1.6127342969743113
-1.6103145797247738
-1.6017151434708183
-1.601310457306083
-1.6009844881551945
-1.5993222301758157
-0.8174569568552325
-0.8174524391816249
-0.8174358951696655
-0.8173154619658283
-0.7092140925812204
-0.7090427006686253
-0.7084894883784488
-0.7072112318608265
-0.6152359347598683
-0.6145537681577303
-0.6129515593672233
-0.6082217040779295
-0.5370838230410728
-0.5332751557112053
-0.522909735081271
-0.51268202680766
-0.46027437671409627
-0.4562857491348106
-0.4534754436898699
-0.4424385556187736
-0.4149646020385564
-0.40571135406368986
-0.40094770561054566
-0.35986730737155004
-0.35047878143251043
-0.33745717413112974
-0.33170857165386686
-0.30757601844389626
-0.30076942760676983
-0.29580136771924675
-0.2899136468844373
-0.08675110071956235
-0.08643605076254764
-0.08359371544869969
-0.08242954519281397
0.03346122268606636
0.0343533781915621
0.04201263819335547
0.04620331326194591
0.10992432174750238
0.1134991211746899
0.12447615220254615
0.14666426684973996
0.1639221918375772
0.16905780272635823
0.17800172089838018
0.23071821289136163
0.23359373559336877
0.24046373980827224
0.24365066693592013
0.32448192954206634
0.3268926240513343
0.3274687248536082
0.3328216621366675
0.4417953545515133
0.4420278948411974
0.44228210472251794
0.4432196728102094
0.59598095720698
0.5962937721483621
0.59670227685631
0.5970377603359535
1.1183623719369242
1.120123755105593
1.1209633992232282
1.121367192184125
1.279772030186709
1.2931938019476144
1.3027404250644226
1.3091503981290882
1.3180878560629936
1.3240110898522215
1.3265862540914277
1.336750818991866
1.3570159691879158
1.3644998974702731
1.3690726329712015
1.3784653648967777
1.3911156932142394
1.3964310895683212
1.4103044795017057
1.4428809373820264
1.4492392214121628
1.4495963833616463
1.4531761180958223
1.4969878330682702
1.5084728412749546
1.526904688348868
1.5416891042425673
1.589281769197111
1.59150373270555
1.5940257675172675
1.59459524802146
1.7202807608331259
1.740112352111853
1.7619949373724133
1.7846490086648137
2.8197113678093704
2.8366307418686154
2.853518567451798
2.870079772699829
2.88979682483612
2.904329247362629
2.917984510776338
2.9305741337855378
2.941996557521538
2.947226983407184
2.9507096022133488
2.952430929805053
2.954863705124569
2.958015115873618
2.9601328380586938
2.9681741090038485
2.972412378102813
2.9745895962071285
2.9751212125410027
2.9875006590193554
2.989366270780819
2.9912952511065014
2.993173954847035
3.010595359104875
3.0123235531994443
3.01374099232461
3.0148666212182493
3.0359915684489236
3.0366978147187713
3.037210630284674
3.037565841323194
-2.4255534170293904
-2.4190629809869986
-2.4122491187900548
-2.4051303773367634
-2.3770256864546107
-2.3707980279263317
-2.364579413283795
-2.35841850594447
-2.343509665975949
-2.338739989918946
-2.334165617736282
-2.329741043319674
-2.3219558800332316
-2.3183563566127074
-2.314632869843804
-2.31033715494373
-2.3051880405943694
-2.3007849165565273
-2.2959524971365646
-2.2884683530882914
-2.2826456939597035
-2.276665105440135
-2.2705123576779953
-2.2540522379008574
-2.246930929727467
-2.2399180188172516
-2.233135842155844
-2.194288086202505
-2.186972530006888
-2.180604101760622
-2.175430869220413
-2.076038257259274
-2.0703123635136658
-2.063640316751865
-2.056221927358511
-1.8779747318534936
-1.8707974976780595
-1.8627070346494519
-1.8538725546876687
-1.806401539999495
-1.7964503746044893
-1.7861221956797355
-1.7758128815582266
-1.7497829550372221
-1.738141685588453
-1.726927671574622
-1.7224985204414902
-1.7076907868006819
-1.7024105705178136
-1.697985556043771
-1.689922197560707
-1.683684214048313
-1.6768361877869258
-1.6720078319668021
-1.6593092038624848
-1.649795921676822
-1.6429291309254155
-1.640988192486251
-1.619653211354054
-1.6147307395852175
-1.6122185576716441
-1.6094642897873175
-1.6016731758819076
-1.6014504051419063
-1.6006047712891012
-1.5989192689666742
-0.8174568051301965
-0.8174517887209687
-0.8174463418616027
-0.8173617309886783
-0.7092125917517582
-0.7091153299463657
-0.708674918197727
-0.7076343831002873
-0.6154671719601276
-0.6147196509886461
-0.6135802037085014
-0.6097507211632806
-0.5368311632093794
-0.534890386971767
-0.5258549563036888
-0.5146556405852857
-0.46194747326669516
-0.45898562083247085
-0.4508435516825885
-0.4431471863365532
-0.41506114675401484
-0.40498505575741
-0.401678726248385
-0.3604706313818905
-0.350722464773042
-0.33633731006042633
-0.3327372496272319
-0.30653055365874127
-0.3025018153650344
-0.29452486427679064
-0.29150153266919665
-0.08703985435182132
-0.08599420040358553
-0.08389363039320535
-0.08228817873829337
0.0324490852395168
0.03626143616145623
0.04042914252883998
0.047217605836367006
0.10826682783443634
0.1168449160826989
0.12206983592791275
0.14833496226536833
0.16064014626912834
0.17242472835123912
0.176849351289882
0.22893336071445292
0.2342905930515256
0.24026274631437566
0.24368717187020436
0.32464104940029176
0.32639461567788286
0.3273647172074723
0.33159426382896934
0.4417990467075899
0.4420265115848392
0.44220630299750846
0.4428400673148721
0.5960397092386719
0.5963936949079977
0.5967988129487052
0.5970958628487107
1.1189297766714765
1.1203949913076536
1.1210934608704202
1.1214280655858253
1.2832913054331905
1.296036474110488
1.304368652508616
1.3101123657455644
1.318349977940936
1.3243897759850416
1.3274473285192148
1.3380559688507785
1.3582299974696592
1.3650372373991126
1.3693815132390486
1.3789612174201713
1.3917351800263018
1.3988555937432674
1.414345647167886
1.4421811952803305
1.4479381397748188
1.4508996406928214
1.4529276857736801
1.498871780494732
1.5127510280525605
1.5314634145190384
1.5433690340453934
1.5894362106142572
1.5907315098866623
1.5938819300573241
1.5973830694050102
1.7249751653172798
1.7454419501207843
1.7676338903287039
1.790294525730246
2.815514079688429
2.8323916562727374
2.849316221992466
2.865985133183475
2.88605005273876
2.9007708141213624
2.914663276226533
2.9275373315490483
2.939291005834466
2.9482081776982545
2.9494204324492017
2.952328024703621
2.955706849940412
2.9583220022794707
2.95864215686719
2.9668771273981123
2.971537955329321
2.97423296191481
2.9750843870224926
2.9870100152350454
2.9889008129662873
2.990805522038956
2.992727927609628
3.01011552793612
3.01192072712521
3.0134151653760943
3.014610780069392
3.0357805991979814
3.0365407863694793
3.0370985995579347
3.0374898639558503
-2.4255534170293904
-2.419062980986997
-2.41224911879005
-2.40513037733676
-2.3770256864546098
-2.3707980279263166
-2.364579413283922
-2.358418505943969
-2.3435096660393824
-2.3387399893864047
-2.334165619860594
-2.3297410389683355
-2.321955902502973
-2.318356303266819
-2.3146329286571454
-2.3103371225913554
-2.305188039017041
-2.3007849394347666
-2.295952475469664
-2.288468366994918
-2.2826456842884792
-2.2766651096227406
-2.2705123566867313
-2.254052237993392
-2.2469309296708984
-2.239918018834661
-2.2331358421533922
-2.194288086202497
-2.1869725300068996
-2.1806041017606117
-2.175430869220416
-2.0760382572592726
-2.0703123635136684
-2.0636403167518655
-2.056221927358511
-1.8779747318534963
-1.870797497678062
-1.8627070346494548
-1.8538725546876655
-1.8064015399995157
-1.7964503746044083
-1.7861221956797906
-1.7758128815584937
-1.749782955028831
-1.738141685623638
-1.7269276717916218
-1.7224985196891511
-1.7076907970497626
-1.7024105365999465
-1.6979855934881856
-1.689922175024346
-1.683684222656126
-1.6768361953499045
-1.6720078230374535
-1.6593092077046367
-1.6497959179174095
-1.6429291358192897
-1.6409881895439113
-1.6196532109970643
-1.614730741584088
-1.612218554710865
-1.6094642913311217
-1.601673161300204
-1.601450422647601
-1.600604767965915
-1.5989192691342966
-0.817456803305821
-0.8174517924206633
-0.8174463399735993
-0.817361731001362
-0.7092125926364047
-0.7091153287811555
-0.7086749185149005
-0.7076343830636554
-0.6154671927609395
-0.6147196099684312
-0.6135802259389672
-0.6097507191502486
-0.5368310702350969
-0.5348905265528089
-0.5258548728952658
-0.514655688165898
-0.4619437574541608
-0.45899188668670327
-0.45083938029923276
-0.4431488251313438
-0.41506291426391795
-0.4049748715712459
-0.40168768515539094
-0.3604641219566077
-0.35073621672250055
-0.336303078283952
-0.33276525268512813
-0.30652323048367586
-0.30250874916169523
-0.2945232955898608
-0.2915019064685368
-0.08703969606121834
-0.0859943857096241
-0.08389369010071998
-0.08228809127888717
0.03245214571111047
0.03625066930971741
0.040440716283012455
0.04721351672378329
0.10827018481847955
0.1168469838420212
0.12205910876468791
0.14836829301701335
0.1605695497913827
0.17253449343093966
0.17678171773046875
0.2289329891488966
0.23429927916404936
0.24024619747596868
0.24369607519537376
0.3246380858540584
0.32640400739020536
0.3273579667040442
0.3315945747446883
0.4418008550999621
0.44202149744585423
0.4422098021868191
0.4428397738882598
0.5960397091872169
0.5963936950462395
0.5967988128045804
0.5970958629060426
1.1189297766639137
1.1203949913710631
1.1210934607305336
1.1214280656698692
1.2832913412054658
1.2960336999564197
1.3044111084467838
1.309960762594476
1.3190920999006641
1.3228320644884894
1.3286489403704786
1.3376832387189532
1.3591236808815073
1.363318824269709
1.3706355380582118
1.3785538476713102
1.3918573878115013
1.3988072020961042
1.4143485528054809
1.4421826359227548
1.4479309780120375
1.4509097365736636
1.4529232565665031
1.4988717816249193
1.512751027584903
1.5314634146046893
1.5433690340274189
1.589436210623619
1.5907315098739894
1.5938819300614735
1.5973830694043898
1.7249751653172805
1.7454419501207856
1.7676338903287057
1.790294525730242
2.815514079688429
2.8323916562727387
2.84931622199247
2.8659851331834743
2.8860500527387605
2.900770814121361
2.9146632762265337
2.92753733154905
2.9392910058344666
2.9482081776983144
2.9494204324490605
2.952328024703866
2.95570684993978
2.9583220022832135
2.958642156863876
2.966877127398206
2.9715379553291426
2.974232961915169
2.9750843870222545
2.9870100152350583
2.9889008129662673
2.9908055220389684
2.992727927609626
3.0101155279361205
3.0119207271252106
3.013415165376094
3.014610780069394
3.03578059919798
3.0365407863694767
3.037098599557938
3.0374898639558503
-2.4255534170293904
-2.4190629809869972
-2.412249118790056
-2.4051303773367625
-2.377025686454612
-2.3707980279263148
-2.3645794132839186
-2.3584185059440745
-2.3435096659979404
-2.338739989834497
-2.3341656176008714
-2.3297410448041442
-2.321955854565008
-2.3183564522492284
-2.3146326939117183
-2.310337367678523
-2.305187807172926
-2.3007851203119203
-2.295952393188413
-2.288468394815898
-2.282645670903386
-2.2766651137345706
-2.2705123560056997
-2.254052238005013
-2.2469309296757585
-2.239918018829355
-2.233135842154733
-2.194288086202474
-2.186972530006929
-2.1806041017605984
-2.175430869220419
-2.0760382572592726
-2.070312363513668
-2.063640316751867
-2.0562219273585094
-1.877974731853495
-1.870797497678057
-1.862707034649455
-1.8538725546876678
-1.8064015399995086
-1.796450374604492
-1.7861221956794207
-1.7758128815590382
-1.7497829550326964
-1.7381416855485743
-1.726927672666364
-1.7224985183583075
-1.7076907984804939
-1.7024105431935308
-1.6979855744690089
-1.6899222083665173
-1.683684181271074
-1.6768362296596844
-1.6720078070741602
-1.6593092089296984
-1.6497959188623488
-1.6429291320573562
-1.6409881924230383
-1.6196532106375334
-1.6147307423188682
-1.612218554310605
-1.6094642911862282
-1.6016731724218358
-1.6014504089044714
-1.6006047708670998
-1.5989192689556135
-0.8174568032970402
-0.8174517924388018
-0.8174463399641614
-0.8173617310014439
-0.7092125908567102
-0.7091153311127931
-0.7086749178952831
-0.7076343831313431
-0.6154672121274009
-0.6147195704670603
-0.6135802484878299
-0.6097507167022093
-0.5368311456017143
-0.5348904207673217
-0.5258549168595061
-0.5146556765776065
-0.461934911236537
-0.45900877463514267
-0.4508230469692685
-0.4431588172372368
-0.4150548170939703
-0.4049940825903852
-0.40167491450945636
-0.3604609057631115
-0.3507443434398848
-0.33628018107641194
-0.33278429241717555
-0.3065177006443129
-0.3025143506322231
-0.29452148386275806
-0.2915025478881685
-0.08704156279582867
-0.0859907151119048
-0.0838966317332778
-0.08228695369173208
0.03245663945585806
0.036238399015056974
0.04045076037644545
0.04721132528824249
0.10825333225411697
0.11691873112609086
0.12199414784087197
0.14839627481105633
0.16054387043967663
0.17253453010611175
0.1767903569657013
0.22890713004151092
0.23435500025145026
0.24019459018700287
0.24371683033335242
0.32464237166779597
0.3263890619760211
0.3273693186139607
0.3315938845353121
0.4417991058297089
0.4420263990533211
0.44220635116589574
0.44284007257364416
0.5960397093594119
0.5963936945695243
0.5967988133194049
0.597095862695743
1.1189297766584787
1.1203949914141222
1.1210934606381149
1.1214280657246662
1.2832913848908634
1.2960315072548028
1.3044364637987762
1.3098917778290766
1.3193837539006452
1.3224750096170768
1.328767634758619
1.337692913137974
1.3587288001310194
1.3641561514621348
1.3699155692940712
1.3789001019033535
1.3917008325693985
1.3988860143315338
1.4143391311270412
1.4421926396863392
1.4479012454467102
1.4509446206219323
1.4529093440624798
1.4988717823046762
1.5127510274258624
1.5314634146082595
1.5433690340299373
1.5894362106133677
1.5907315098884147
1.5938819300562792
1.597383069405256
1.72497516531728
1.7454419501207847
1.7676338903287048
1.7902945257302443
2.815514079688429
2.8323916562727405
2.84931622199247
2.8659851331834716
2.8860500527387605
2.9007708141213624
2.9146632762265337
2.9275373315490487
2.9392910058344666
2.9482081776982687
2.9494204324491737
2.9523280247036587
2.9557068499403454
2.9583220022797128
2.9586421568669925
2.9668771273981043
2.9715379553293526
2.9742329619147267
2.9750843870225534
2.987010015235036
2.988900812966301
2.99080552203895
2.992727927609631
3.01011552793612
3.0119207271252106
3.013415165376093
3.0146107800693946
3.03578059919798
3.036540786369476
3.037098599557934
3.0374898639558516
-2.4255534170293895
-2.419062980986999
-2.4122491187900525
-2.405130377336761
-2.377025686454609
-2.3707980279263303
-2.364579413283788
-2.3584185059445724
-2.3435096659345076
-2.3387399903670336
-2.3341656154765555
-2.3297410491554755
-2.3219558320943547
-2.3183565055925883
-2.3146326350989703
-2.3103374000331134
-2.3051878087517066
-2.3007850974335677
-2.295952414854691
-2.2884683809092317
-2.2826456805745723
-2.2766651095519577
-2.2705123569969605
-2.254052237912478
-2.24693092973232
-2.2399180188119487
-2.233135842157184
-2.194288086202479
-2.1869725300069156
-2.18060410176061
-2.175430869220415
-2.0760382572592744
-2.0703123635136653
-2.0636403167518655
-2.0562219273585094
-1.8779747318534947
-1.8707974976780604
-1.8627070346494539
-1.8538725546876655
-1.8064015399994915
-1.7964503746045797
-1.7861221956793647
-1.77581288155877
-1.749782955041094
-1.7381416855133853
-1.7269276724493636
-1.722498519110644
-1.7076907882314127
-1.702410577111257
-1.6979855370246575
-1.6899222309028432
-1.68368417266339
-1.6768362220967652
-1.6720078160034424
-1.6593092050875449
-1.6497959226217618
-1.6429291271634707
-1.6409881953653878
-1.6196532109945236
-1.614730740320002
-1.6122185572713827
-1.6094642896424272
-1.6016731870018517
-1.6014503914004514
-1.6006047741903269
-1.5989192687879916
-0.8174568051214279
-0.8174517887391072
-0.8174463418521457
-0.8173617309887622
-0.7092125899720255
-0.709115332278043
-0.7086749175781072
-0.7076343831679746
-0.615467191328289
-0.61471961148666
-0.6135802262562765
-0.6097507187152352
-0.5368312385662575
-0.5348902811954233
-0.5258550002683702
-0.5146556289971526
-0.4619386610492844
-0.45900248435085134
-0.45082721462567316
-0.44315717260412907
-0.4150530451361156
-0.40500418750300565
-0.40166603932030054
-0.3604674218449664
-0.3507305962734509
-0.336314742403148
-0.3327559487693328
-0.3065250409631051
-0.3025074001295179
-0.2945230520708466
-0.29150217372883935
-0.08704172031306386
-0.08599053050318163
-0.08389657227061842
-0.08228704098234235
0.03245356502570534
0.03624913549217099
0.040439226177565055
0.04721541918096225
0.10824999374553962
0.11691648481215813
0.1220050239915872
0.14836281093165488
0.1606145012027701
0.17242511296893023
0.17685775260831477
0.22890747883183485
0.23434620032065748
0.2402111009264768
0.2437081016067117
0.32464536105428227
0.32637982903589513
0.3273758847838838
0.3315935733406469
0.44179734518490243
0.44203153063704687
0.4422026874538581
0.44284036533067034
0.5960397094108655
0.5963936944312804
0.5967988134635287
0.5970958626384097
1.1189297766660395
1.1203949913507136
1.1210934607779997
1.1214280656406208
1.2832913491175235
1.2960342772391187
1.3043933455706087
1.3100412367278487
1.3185459643240707
1.3240326729547012
1.327663555931612
1.338067126654924
1.357967911332859
1.3663316069033387
1.368105265225564
1.3792758771414637
1.3915777448215498
1.3989328409662476
1.414336217397741
1.4421911904526334
1.4479082906184233
1.4509345420564226
1.4529138811176205
1.4988717811744892
1.5127510278935217
1.5314634145226091
1.5433690340479118
1.5894362106040065
1.5907315099010886
1.5938819300521299
1.5973830694058746
1.7249751653172818
1.7454419501207843
1.7676338903287054
1.790294525730245
2.8155140796884295
2.832391656272738
2.8493162219924684
2.865985133183473
2.886050052738761
2.9007708141213593
2.9146632762265368
2.9275373315490496
2.939291005834466
2.9482081776982088
2.949420432449314
2.9523280247034114
2.9557068499409764
2.958322002275971
2.9586421568703054
2.9668771273980097
2.971537955329531
2.9742329619143697
2.975084387022792
2.987010015235021
2.988900812966324
2.990805522038936
2.992727927609633
3.0101155279361183
3.0119207271252093
3.013415165376094
3.0146107800693938
3.035780599197981
3.0365407863694753
3.037098599557933
3.0374898639558494
-2.4271240268651852
-2.420716463933187
-2.4139820317198004
-2.4069373049761476
-2.378578725182055
-2.3723559056767507
-2.3661306171668515
-2.359950486956213
-2.344731998536837
-2.339913653060068
-2.3352917618205398
-2.3308293023121287
-2.322847061964714
-2.3192602780525666
-2.315583286719892
-2.311365347150727
-2.3062156082031935
-2.301926993774375
-2.297196832962333
-2.289862874588484
-2.2841044182544423
-2.2781794561595645
-2.2720611692512547
-2.2558359087477893
-2.248705157390887
-2.241654843550605
-2.2348019243521082
-2.1962364419723124
-2.1887223266203932
-2.182093691548013
-2.176599319080029
-2.0747058347419847
-2.068725387349729
-2.061847819501521
-2.054274083752487
-1.8762735611924999
-1.8688547466892214
-1.8605603120759229
-1.8515738062529075
-1.8039609125615204
-1.7938937870169387
-1.7835182343886478
-1.77334334918647
-1.746885259143645
-1.735239511807378
-1.724838716503049
-1.7239510919000547
-1.7060167902065293
-1.7050568225693166
-1.6956313284092122
-1.691987014303172
-1.6809997504540104
-1.6796084942751635
-1.669023438930659
-1.6569292748948696
-1.6477336974146035
-1.641953627122575
-1.6413422906127808
-1.6181650247827646
-1.6139373198185782
-1.6116784496097756
-1.6084990619711017
-1.6015913697001627
-1.6015248305632193
-1.6001876159275328
-1.598545456833502
-0.8174563882614402
-0.8174525209032192
-0.8174512440239657
-0.8173954662050699
-0.7092015882119183
-0.7091635992015436
-0.7088254409497684
-0.7079795421537003
-0.6157321989214992
-0.6148717268966901
-0.6140287960429531
-0.6110476128501746
-0.536638135571964
-0.5355645330825438
-0.5286448751147398
-0.5171290623769014
-0.4660615505396132
-0.4581389330063512
-0.4495395530641406
-0.44442766504888237
-0.41305103113539915
-0.4087858266060084
-0.39956379806764064
-0.36254507718157897
-0.34725852844772553
-0.3412604111264347
-0.32973736953672717
-0.30829499208029143
-0.3004964864589448
-0.2950402186770047
-0.2927839432326631
-0.08729025275623273
-0.08511396227123842
-0.08471326949707346
-0.08210159688745047
0.032116848737612946
0.037895599152786966
0.03889557449851019
0.04781979765506682
0.10784451860354416
0.118057399960771
0.12105602025447225
0.1484085801095483
0.16084668763953022
0.17169876261830588
0.1772664754731221
0.22717766784977858
0.23631030543316334
0.2381938548278838
0.24422048220870968
0.3246689608283671
0.3260490586397425
0.3275750547709417
0.33021633369107567
0.44178900995144965
0.44209150246328155
0.4421530229383883
0.4425823884577179
0.5961134640507411
0.5964969526030495
0.5968879254694262
0.5971431333686393
1.1194030515136644
1.1206201935939062
1.1212018950511864
1.1214770272407206
1.286704436778792
1.2985838949231265
1.3057859021769824
1.310816810933306
1.3188822947088128
1.3245396257312978
1.3287783450884991
1.339360722085489
1.3590226712668407
1.3666758635883904
1.3684965870644215
1.3799438140450793
1.392484760298448
1.4021451712051056
1.4178020248563852
1.442210780221045
1.44667716896259
1.4512547384222154
1.4528593743137832
1.5014316083624222
1.5173592674002303
1.5355914170990501
1.5441190104277962
1.5900426067545361
1.5901687491151357
1.593113646456075
1.6016714159216872
1.7298584790443463
1.7508791430957817
1.7733013511935045
1.7958992296225174
2.8113403739901113
2.8281553583585444
2.845097752402134
2.8618572879278084
2.8822645828557727
2.8971604969779197
2.9112784051796425
2.9244245526906663
2.936496602417662
2.9471034018972357
2.9491665861952123
2.9531310895817953
2.9563759441307336
2.956521845047383
2.9591049822663513
2.9655893376656195
2.9705321262710265
2.973756684677691
2.9749980592431426
2.986494428277696
2.9884386738784667
2.990318774809171
2.9922624181803004
3.009617404600434
3.0114983001138125
3.013070558562872
3.014338260385107
3.035554764526428
3.036371107709746
3.036976160548196
3.037405705214944
-2.427124026865189
-2.420716463933187
-2.4139820317198004
-2.406937304976147
-2.37857872518206
-2.372355905676747
-2.3661306171668883
-2.359950486955995
-2.344731998591408
-2.339913652503751
-2.3352917645112
-2.330829295611596
-2.3228471185873887
-2.319260099701341
-2.315583568135922
-2.3113650588201295
-2.3062158769638117
-2.3019267856121814
-2.297196924433466
-2.28986284612121
-2.28410443073442
-2.278179452770987
-2.2720611697109225
-2.2558359087622923
-2.248705157369751
-2.241654843560782
-2.2348019243501223
-2.196236441972336
-2.188722326620366
-2.1820936915480207
-2.176599319080026
-2.074705834741981
-2.068725387349728
-2.061847819501519
-2.0542740837524858
-1.8762735611925012
-1.868854746689222
-1.860560312075921
-1.851573806252907
-1.8039609125615326
-1.7938937870167893
-1.7835182343891847
-1.773343349185818
-1.7468852591299833
-1.7352395120466866
-1.724838707928067
-1.723951100909652
-1.70601680111988
-1.7050568037538896
-1.6956313723495162
-1.6919869615066352
-1.6809998649403395
-1.679608391135282
-1.6690234441733671
-1.6569292753167804
-1.6477336927702917
-1.6419536570386768
-1.6413422643150994
-1.6181650256812692
-1.6139373172828368
-1.6116784518679348
-1.608499061491466
-1.601591351022943
-1.601524850092629
-1.6001876149414458
-1.598545456939263
-0.8174563776819735
-0.8174525651614093
-0.8174512102790125
-0.8173954662712964
-0.7092015933482057
-0.7091635932769123
-0.7088254418233553
-0.7079795420684352
-0.6157322332377643
-0.6148716378042596
-0.6140288565567944
-0.6110476071012394
-0.5366378086874547
-0.5355649635248056
-0.5286447208353063
-0.5171291262198544
-0.4660608301416766
-0.4581407525066601
-0.4495383570934189
-0.4444273296646264
-0.4130606082866696
-0.40877238077271894
-0.3995685589798265
-0.3625426218385379
-0.3472692532663806
-0.34124784808477693
-0.3297423251274459
-0.3082909259337197
-0.30050288706720407
-0.2950337598915262
-0.29278693243444887
-0.08728898613988974
-0.08512828891538216
-0.08469917971842846
-0.08210262661146367
0.03211343175605799
0.03793880846117942
0.03885372001293318
0.04782180110366903
0.10785841522230394
0.11795266911195887
0.12115653945712032
0.14838144851659954
0.16087276673425055
0.17169622317972658
0.17725944373755712
0.227192561516132
0.23620951947654908
0.23829247227916514
0.2442087565585795
0.3246628639048678
0.32606373104039477
0.3275647244755635
0.3302180863731541
0.44179083367558625
0.44207737946589987
0.44216624037218183
0.4425814702957148
0.5961134639026316
0.5964969530615549
0.5968879249058705
0.5971431336218046
1.1194030515215674
1.120620193531996
1.1212018951844793
1.1214770271614314
1.2867043627053878
1.2985877335066889
1.305750710671519
1.3109022777225057
1.3187022770778312
1.3248017652307507
1.3286399947817085
1.3393452917269018
1.3592964386629733
1.365475047210029
1.3696112554000355
1.3797131379830203
1.3925795212220817
1.4021048066176838
1.4178098671130037
1.4421978283850574
1.4467006838435266
1.4512294299110997
1.4528725571897085
1.5014316080019077
1.5173592674720453
1.5355914171005527
1.5441190104239428
1.590042606857642
1.5901687490083811
1.5931136464599644
1.6016714159216023
1.7298584790443465
1.750879143095782
1.7733013511935047
1.7958992296225182
2.8113403739901117
2.828155358358543
2.8450977524021375
2.8618572879278066
2.882264582855773
2.8971604969779152
2.9112784051796448
2.9244245526906663
2.9364966024176624
2.947103401897242
2.9491665861951897
2.9531310895819383
2.956375944124138
2.9565218450541417
2.9591049822660267
2.9655893376656906
2.9705321262709306
2.9737566846778467
2.9749980592430485
2.9864944282777124
2.9884386738784436
2.990318774809184
2.9922624181802977
3.0096174046004354
3.011498300113813
3.0130705585628728
3.0143382603851068
3.0355547645264287
3.036371107709746
3.0369761605482
3.0374057052149444
-2.4271240268651875
-2.420716463933186
-2.4139820317197973
-2.406937304976149
-2.3785787251820554
-2.3723559056767316
-2.3661306171669927
-2.3599504869556034
-2.344731998636396
-2.339913652148118
-2.3352917658176424
-2.3308292932534593
-2.3228471261613772
-2.3192600926083613
-2.31558355224573
-2.311365107566063
-2.3062157925997866
-2.3019268783029263
-2.2971968687930846
-2.289862872446402
-2.2841044148449092
-2.2781794589609716
-2.272061168363609
-2.255835908867914
-2.2487051573109382
-2.241654843577248
-2.2348019243480284
-2.1962364419723253
-2.188722326620384
-2.1820936915480122
-2.176599319080027
-2.0747058347419807
-2.0687253873497298
-2.0618478195015197
-2.0542740837524858
-1.8762735611924988
-1.8688547466892227
-1.8605603120759218
-1.8515738062529068
-1.8039609125615559
-1.7938937870167275
-1.7835182343890774
-1.7733433491864812
-1.7468852591165371
-1.7352395120655075
-1.7248387131695333
-1.7239510947149435
-1.7060168878691202
-1.7050567028605392
-1.6956314175509541
-1.6919869276895176
-1.6809998496661318
-1.6796084144462766
-1.6690234375254303
-1.6569292801789774
-1.6477336863630587
-1.6419536783907427
-1.6413422468478325
-1.6181650249733917
-1.6139373206594776
-1.6116784476484267
-1.6084990633639693
-1.6015913107688777
-1.601524891327373
-1.6001876135177902
-1.5985454570390052
-0.817456377974267
-0.8174525639734972
-0.8174512111763897
-0.817395466269538
-0.7092015813409762
-0.7091636071007027
-0.7088254398190331
-0.7079795422562136
-0.6157322643244407
-0.6148715546940023
-0.6140289146502186
-0.6110476009900018
-0.5366380256767393
-0.535564689758032
-0.5286447949379036
-0.5171291087649257
-0.46605970670647434
-0.45814643063175464
-0.4495234421110198
-0.44443930557913
-0.4130388336667238
-0.40879996963169263
-0.39956074969703476
-0.36254193482864083
-0.34728271337965416
-0.3412279124604045
-0.3297524594012875
-0.30828183087488514
-0.3005167109402094
-0.29502025136413285
-0.2927931199867171
-0.08728917519514266
-0.08512554868001958
-0.08470200385408931
-0.08210235296475688
0.03211620802472085
0.0378916989805986
0.038901705073438715
0.04781791118230233
0.10786106927774596
0.11796366133239586
0.12113697164847798
0.14841781079665256
0.16079273899561936
0.17180127809767096
0.17720349723132925
0.22719307471418526
0.23623084678517373
0.23826592614847816
0.24421418970428047
0.32465859781206724
0.32607336438837864
0.3275584554831848
0.33021897653360427
0.4417927757997675
0.44206617597087045
0.4421764264505276
0.44258054560345517
0.59611346385831
0.5964969531943868
0.5968879247480444
0.5971431336911137
1.1194030515104416
1.1206201936233706
1.1212018949832105
1.1214770272824583
1.286704430461854
1.2985824688641452
1.3058143901488048
1.310715113735866
1.319368265201321
1.3235586366975656
1.3295748146453872
1.3390254155516654
1.3602249135985018
1.3637857883432838
1.3706974538685655
1.3794272358945152
1.39265114064576
1.4020826335270642
1.4178118386631071
1.4421996638160612
1.446695614125887
1.4512367911474016
1.4528683775887445
1.501431608655171
1.5173592672013736
1.5355914171795109
1.5441190103981892
1.590042606950457
1.590168748912646
1.5931136464631563
1.6016714159215504
1.7298584790443459
1.7508791430957837
1.773301351193505
1.7958992296225176
2.8113403739901113
2.828155358358543
2.8450977524021366
2.8618572879278097
2.8822645828557727
2.8971604969779157
2.911278405179643
2.9244245526906667
2.936496602417663
2.9471034018972504
2.949166586195159
2.9531310895821035
2.9563759441170174
2.956521845061418
2.959104982265693
2.965589337665758
2.970532126270849
2.9737566846779684
2.9749980592429734
2.9864944282777195
2.9884386738784303
2.9903187748091917
2.9922624181802946
3.0096174046004336
3.011498300113812
3.0130705585628714
3.0143382603851077
3.0355547645264283
3.0363711077097455
3.036976160548198
3.037405705214945
-2.4271240268651884
-2.4207164639331884
-2.4139820317197964
-2.406937304976148
-2.378578725182056
-2.3723559056767365
-2.366130617166952
-2.3599504869558223
-2.344731998581833
-2.3399136527044373
-2.335291763126985
-2.330829299953994
-2.32284706953902
-2.319260270959279
-2.315583270827311
-2.311365395895682
-2.306215523836499
-2.301927086468811
-2.297196777324113
-2.2898629009137923
-2.284104402364992
-2.2781794623495637
-2.2720611679039417
-2.255835908853417
-2.248705157332078
-2.241654843567067
-2.234801924350016
-2.196236441972305
-2.188722326620409
-2.1820936915480025
-2.1765993190800312
-2.0747058347419824
-2.068725387349729
-2.0618478195015193
-2.054274083752488
-1.8762735611925
-1.868854746689221
-1.8605603120759207
-1.851573806252908
-1.8039609125615421
-1.7938937870168745
-1.7835182343885372
-1.7733433491871358
-1.7468852591302013
-1.7352395118262018
-1.724838721744406
-1.7239510857054596
-1.7060168769584865
-1.705056721673312
-1.695631373611483
-1.6919869804851935
-1.6809997351767565
-1.6796085175891649
-1.6690234322827322
-1.656929279757068
-1.6477336910073745
-1.6419536484763706
-1.6413422731437761
-1.618165024074885
-1.6139373231952094
-1.6116784453902713
-1.6084990638436087
-1.6015913294694712
-1.6015248717745947
-1.6001876145038758
-1.5985454569332456
-0.817456388550842
-0.8174525196595559
-0.8174512449799798
-0.8173954662033166
-0.7092015762009979
-0.7091636130290113
-0.7088254389454584
-0.7079795423414816
-0.6157322300125156
-0.614871643791741
-0.6140288541267811
-0.6110476067388865
-0.5366383523972489
-0.5355642594766128
-0.5286449492202117
-0.5171290449222582
-0.46606042751196863
-0.4581446128556081
-0.4495246369321107
-0.4444396398513196
-0.41302913858183093
-0.40881352101527024
-0.3995560012700531
-0.3625443908627507
-0.34727204082294855
-0.3412404321193498
-0.3297474949685548
-0.3082859049568801
-0.3005103188333754
-0.29502672124582346
-0.2927901025516722
-0.08729044126698328
-0.08511102723072093
-0.08471628851036483
-0.08210132371276944
0.03211963321456686
0.037852129727150366
0.03893991494859031
0.04781590407890515
0.10784716256807175
0.11806942352252064
0.12103544297544559
0.14844508344307836
0.16076665287375358
0.17180354029795183
0.1772106602966515
0.2271781843275496
0.23633409323451882
0.2381648912370482
0.2442258691462914
0.32466463386062117
0.32605865910151066
0.3275688768132931
0.33021722657795466
0.4417908999070748
0.4420771204589427
0.4421664299851863
0.44258147347487004
0.5961134640064228
0.5964969527358858
0.5968879253116034
0.5971431334379493
1.1194030515025406
1.1206201936852769
1.1212018948499183
1.1214770273617443
1.2867045045389083
1.2985786454818737
1.3058510464832875
1.3106318067353808
1.3196065554916454
1.323284464002645
1.3296636140177787
1.3390400629063466
1.359789935127356
1.364635708172251
1.370077797435529
1.3796743559335958
1.3925572015613807
1.4021232787682636
1.4178040002844245
1.4422126315509352
1.4466721145362222
1.451262175602971
1.452855087603808
1.5014316090156858
1.517359267129561
1.5355914171780083
1.5441190104020421
1.5900426068473492
1.5901687490193994
1.5931136464592677
1.6016714159216343
1.7298584790443463
1.7508791430957824
1.7733013511935054
1.7958992296225158
2.8113403739901113
2.828155358358543
2.8450977524021375
2.861857287927808
2.8822645828557727
2.8971604969779188
2.9112784051796434
2.9244245526906667
2.936496602417662
2.9471034018972446
2.949166586195183
2.9531310895819605
2.956375944123615
2.9565218450546604
2.9591049822660174
2.9655893376656857
2.9705321262709456
2.9737566846778134
2.97499805924307
2.9864944282777066
2.9884386738784525
2.9903187748091784
2.992262418180296
3.009617404600436
3.011498300113812
3.0130705585628705
3.0143382603851085
3.035554764526429
3.036371107709746
3.0369761605481975
3.037405705214944
-2.428673568835824
-2.422349484800808
-2.4156955091604537
-2.4087263647612396
-2.3801289101719387
-2.3739136032092825
-2.3676846344768467
-2.3614884873406945
-2.3459659852434394
-2.3410996398474127
-2.3364292772814514
-2.3319258536049188
-2.323740237746937
-2.320157356540136
-2.316519376461729
-2.312373542506598
-2.307213699395791
-2.303041100151028
-2.298416920716709
-2.291236656667833
-2.2855459101566487
-2.27968186984074
-2.27360332480986
-2.2576179650763386
-2.2504841704453513
-2.2434039117285267
-2.236489170641997
-2.1982254679270885
-2.190527366784585
-2.18365426055417
-2.177853246452171
-2.073305546000227
-2.067082276684677
-2.0600118514735386
-2.052294994881188
-1.8745090111674183
-1.8668570545017886
-1.8583699304635632
-1.849248088410056
-1.8014870811943486
-1.7913168072642804
-1.7809223767866371
-1.7709756848733247
-1.743975056736095
-1.7323719365631085
-1.7266296930740468
-1.7226017401545435
-1.7071791411023167
-1.7036533509619205
-1.6967119897460476
-1.6910235109174976
-1.6824087023378869
-1.678034701993007
-1.6660815467071257
-1.6545564189193733
-1.645873605500274
-1.6421188780194604
-1.6412006234015646
-1.6168423454449081
-1.6132874308962775
-1.6110615233778065
-1.6074439515279548
-1.601678618392371
-1.6013006005524855
-1.599757965736989
-1.5982011573830215
-0.8174567136856107
-0.8174549418286883
-0.8174510126428713
-0.8174192997511588
-0.7092080589896105
-0.7091659866805109
-0.7089467702615774
-0.7082598556495001
-0.6160123886088186
-0.6150371348136465
-0.6143376529306086
-0.6121091810086359
-0.5370325433116058
-0.5348872000181433
-0.5311536881671475
-0.5199374776017557
-0.4700777367083588
-0.456153648271058
-0.45223544788311737
-0.44340188298674116
-0.4127148731168309
-0.40949204588860927
-0.3992205982936242
-0.3634755854962595
-0.34654412968454157
-0.34230610084196583
-0.32924727728082975
-0.3089665556964774
-0.29807077613688887
-0.29762828010544456
-0.29325076023091173
-0.08718621083604246
-0.0856556422302538
-0.08418744728450243
-0.0821929603460613
0.032663935966458064
0.03564840136524335
0.0412555026771261
0.04754304167682258
0.10895169190791121
0.11441577469804079
0.12402150702601321
0.14676798829454354
0.16430339701565153
0.1682794240613577
0.17796973969095117
0.2265139844471952
0.23543279680189055
0.23859492531783208
0.2442042857072862
0.32449135958079517
0.32635372976804716
0.3275438942111283
0.32884118017191244
0.4417835489320121
0.4420604982525797
0.442254530238685
0.44242653084287964
0.5961988545389839
0.5966007513311257
0.5969676584432734
0.5971806616827601
1.1197967066874919
1.1208074399523174
1.1212920359942347
1.121515607759878
1.2899635610525346
1.3008057038328797
1.3070683542282
1.3112150669145768
1.3199195397359604
1.324185971483874
1.3308879674192857
1.340281779518199
1.3606914731360094
1.3650899373652725
1.370145796586814
1.3807460311509896
1.3938898144352683
1.4059409117661035
1.4200646091854794
1.4428869782905926
1.4463073453473203
1.4504852777843134
1.4531138814671352
1.5046525760093064
1.522136628093551
1.5390626103502707
1.5440461820954943
1.5895308438789646
1.5916423409515874
1.5923112138999707
1.6067623797910053
1.7349109870147248
1.756403495122411
1.7789789539468708
1.8014475660770948
2.8071957007117323
2.823926879728783
2.8408677036139656
2.8577003614245515
2.8784440261378283
2.8935014228846025
2.9078327630146497
2.9212392511732177
2.933618149895433
2.944605954716787
2.950075928332318
2.9539869978792974
2.9543446836403775
2.9572971684683824
2.9592392047170963
2.964478154483176
2.96940467266238
2.97315160297052
2.974839503058134
2.9859463832871853
2.987974295421703
2.9898385617598464
2.9917828675137947
3.009101510297138
3.011056416769439
3.0127067811117447
3.0140485152576297
3.035313522173005
3.036188220409788
3.0368427525692714
3.037312812695816
-2.4286735688358245
-2.4223494848008054
-2.415695509160454
-2.408726364761239
-2.3801289101719374
-2.3739136032092962
-2.3676846344767664
-2.3614884873409676
-2.3459659852185557
-2.341099640011831
-2.336429276852985
-2.3319258538562395
-2.3237402482102523
-2.3201573043884114
-2.3165194908494393
-2.312373387726267
-2.307213893258502
-2.303040913168417
-2.298417021365267
-2.291236614856055
-2.2855459332984
-2.2796818614667083
-2.273603326512981
-2.2576179649624226
-2.250484170502781
-2.2434039117141347
-2.23648917064359
-2.198225467927098
-2.1905273667845706
-2.183654260554186
-2.17785324645217
-2.0733055460002254
-2.067082276684677
-2.0600118514735377
-2.0522949948811875
-1.8745090111674205
-1.8668570545017964
-1.8583699304635652
-1.8492480884100537
-1.8014870811943278
-1.791316807264297
-1.7809223767870754
-1.770975684871983
-1.7439750567543795
-1.7323719368420458
-1.7266296904571807
-1.7226017441882382
-1.7071791124327689
-1.703653399337369
-1.69671195093961
-1.6910235297711123
-1.6824087099127893
-1.67803468941201
-1.6660815529185629
-1.6545564128090902
-1.6458736161978655
-1.642118859235906
-1.64120063483252
-1.6168423479642196
-1.6132874210180843
-1.6110615345118746
-1.607443946477957
-1.6016786401636494
-1.6013005771618394
-1.599757969085933
-1.598201157021996
-0.8174566663579155
-0.8174550128028275
-0.8174509885870859
-0.8174193001605029
-0.7092080707870413
-0.709165971887259
-0.7089467734919502
-0.7082598554149078
-0.6160124317568293
-0.6150369891650521
-0.6143377689900136
-0.6121091674324223
-0.5370323049930521
-0.5348877082610886
-0.5311533524960655
-0.5199375578353629
-0.47007722366377996
-0.45615860549247245
-0.45222990616299247
-0.44340257345701733
-0.41273356839278835
-0.40946721789012097
-0.3992280519005347
-0.3634719767809089
-0.3465582715962061
-0.34229324394500144
-0.32924848978728566
-0.30896774950089906
-0.29803736420650845
-0.29766197716327575
-0.2932494642085736
-0.08718562866248662
-0.08565762414674585
-0.08418544222789542
-0.08219356653397657
0.032658917106231936
0.03566043607401454
0.041243545425715365
0.04754825045171286
0.10894615396823508
0.11441850514789001
0.12403068206562205
0.1467386223957169
0.1644895415355487
0.168080251108317
0.17800627340461644
0.22651288844188947
0.23542244345678795
0.23861032360449533
0.2441995519782756
0.324495204018149
0.32633959640155563
0.3275585610214488
0.32883681366467155
0.4417817556791782
0.4420683268842175
0.4422450538511195
0.44242997183739957
0.5961988545799456
0.5966007511935335
0.5969676586294188
0.5971806615932509
1.1197967067037962
1.1208074398204746
1.1212920362870564
1.121515607582587
1.2899634305127794
1.3008151275097604
1.306975670610222
1.3114277693690495
1.3193182333063942
1.325147140276479
1.3301986966940536
1.3405659428815508
1.3599421306878638
1.3669538847134541
1.368802898807869
1.3809237031973038
1.393846416331834
1.4059525386555516
1.4200628929550936
1.4428840224707924
1.4463139633536712
1.4504793903858026
1.453116148239686
1.5046525756181761
1.5221366282772053
1.5390626102482199
1.5440461821468372
1.58953084387408
1.5916423409675344
1.5923112138886952
1.6067623797910104
1.7349109870147226
1.7564034951224115
1.7789789539468686
1.8014475660770952
2.8071957007117323
2.823926879728781
2.8408677036139642
2.85770036142455
2.8784440261378283
2.893501422884603
2.9078327630146505
2.921239251173219
2.933618149895433
2.9446059547167867
2.950075928332331
2.9539869978783937
2.9543446836414398
2.9572971684680285
2.959239204717313
2.964478154483121
2.9694046726624235
2.9731516029704714
2.9748395030581616
2.985946383287178
2.9879742954217106
2.9898385617598446
2.9917828675137943
3.009101510297139
3.0110564167694385
3.0127067811117447
3.0140485152576306
3.035313522173004
3.0361882204097865
3.0368427525692687
3.0373128126958147
-2.4286735688358267
-2.422349484800805
-2.4156955091604586
-2.408726364761235
-2.380128910171937
-2.3739136032092887
-2.3676846344768294
-2.3614884873406825
-2.345965985279538
-2.3410996394101495
-2.336429279688027
-2.3319258469777773
-2.3237403084406463
-2.3201571115959734
-2.316519796225746
-2.3123730803446017
-2.3072141753779682
-2.3030406967751516
-2.2984171123126695
-2.2912365897265627
-2.2855459427030973
-2.279681859554409
-2.273603326607387
-2.2576179650103176
-2.2504841704631207
-2.243403911729313
-2.236489170641018
-2.1982254679271183
-2.190527366784552
-2.183654260554193
-2.1778532464521705
-2.073305546000226
-2.0670822766846775
-2.0600118514735373
-2.0522949948811875
-1.874509011167418
-1.8668570545017913
-1.8583699304635632
-1.8492480884100568
-1.801487081194357
-1.791316807264058
-1.7809223767878006
-1.7709756848713416
-1.743975056713151
-1.7323719378119191
-1.7266296868408175
-1.7226017475941846
-1.707179119147785
-1.7036533763817843
-1.6967119963163806
-1.6910234798548105
-1.6824087539178674
-1.6780346630601068
-1.666081555186237
-1.6545564155736154
-1.645873599478266
-1.6421189142139925
-1.641200593807641
-1.6168423494174624
-1.6132874172894702
-1.6110615375002006
-1.6074439459417214
-1.6016786371744276
-1.6013005807492156
-1.5997579683496634
-1.5982011571263814
-0.8174566671433577
-0.8174550116447656
-0.817450988966001
-0.8174193001542029
-0.7092080444363424
-0.7091660048614973
-0.7089467663670366
-0.7082598559163102
-0.6160124746006962
-0.6150368390151363
-0.6143378918451501
-0.6121091518249714
-0.5370324921958122
-0.5348873572637088
-0.5311535363759912
-0.5199375391856329
-0.47007686936331383
-0.45616576222755334
-0.45221903139357666
-0.44340774775567365
-0.4127119209249831
-0.40949353906994285
-0.39922168423721865
-0.36347352200549365
-0.3465599773397367
-0.34228761004187946
-0.3292534824347563
-0.3089601233542669
-0.2981788111517802
-0.29751909311112273
-0.29325650834827954
-0.08718433879023219
-0.08566158533906257
-0.0841817730590349
-0.08219456440129783
0.032654209483460137
0.03567004177836198
0.041236610967852326
0.047550213500324984
0.10897053933225456
0.11436791743782367
0.12406725233372387
0.1467162984291839
0.1645219731771152
0.16806589358784943
0.17799917567084347
0.22652689278616753
0.23536305305377322
0.2386676076690494
0.24418870926163372
0.32448973550042676
0.3263620333316931
0.32753366307850174
0.32884474089914173
0.4417835140883535
0.44206054292073965
0.4422545628669883
0.4424264883745353
0.5961988544413598
0.5966007516752229
0.5969676579565438
0.5971806619230172
1.1197967067152828
1.1208074397311782
1.1212920364816512
1.1215156074658041
1.2899633019092456
1.3008215528236935
1.30692819790531
1.3115230931597766
1.3191622380415542
1.3253326034743986
1.330116115007657
1.3405475163380456
1.360217875166128
1.3658698096088087
1.3697451948489539
1.3807667876487848
1.3939054410757186
1.4059277797201764
1.4200708131111108
1.4428645411451226
1.4463459884831065
1.4504579939929358
1.4531231576562544
1.5046525754257898
1.5221366283122657
1.5390626102553129
1.544046182139338
1.5895308438794014
1.5916423409490286
1.5923112139020459
1.6067623797909973
1.734910987014723
1.7564034951224123
1.778978953946871
1.8014475660770952
2.8071957007117327
2.823926879728778
2.840867703613967
2.8577003614245515
2.8784440261378283
2.893501422884601
2.9078327630146514
2.9212392511732177
2.933618149895433
2.9446059547167875
2.9500759283323195
2.9539869978792144
2.9543446836404685
2.957297168468371
2.959239204717097
2.9644781544831815
2.969404672662371
2.973151602970531
2.9748395030581247
2.9859463832871884
2.987974295421697
2.9898385617598517
2.9917828675137943
3.0091015102971386
3.01105641676944
3.012706781111742
3.014048515257632
3.035313522173005
3.036188220409788
3.0368427525692696
3.0373128126958164
-2.4286735688358245
-2.4223494848008067
-2.4156955091604586
-2.408726364761236
-2.380128910171938
-2.3739136032092762
-2.367684634476905
-2.3614884873404085
-2.3459659853044204
-2.3410996392457304
-2.336429280116484
-2.3319258467264614
-2.323740297978017
-2.320157163752978
-2.3165196818432223
-2.3123732351228266
-2.3072139815201016
-2.303040883748414
-2.298417011659836
-2.2912366315381463
-2.2855459195612675
-2.279681867928422
-2.27360332490427
-2.25761796512423
-2.2504841704056866
-2.243403911743698
-2.236489170639427
-2.1982254679271045
-2.190527366784571
-2.183654260554174
-2.177853246452176
-2.073305546000225
-2.0670822766846726
-2.060011851473534
-2.052294994881187
-1.8745090111674187
-1.8668570545017975
-1.858369930463564
-1.8492480884100553
-1.8014870811943733
-1.7913168072640477
-1.7809223767873634
-1.7709756848726803
-1.7439750566948709
-1.732371937532984
-1.7266296894576851
-1.7226017435604846
-1.7071791478171325
-1.703653328006341
-1.6967120351227007
-1.6910234610015134
-1.682408746343129
-1.678034675640965
-1.6660815489747949
-1.6545564216838935
-1.6458735887805924
-1.6421189329962433
-1.6412005823780935
-1.616842346898154
-1.6132874271676803
-1.6110615263661079
-1.6074439509917184
-1.6016786154027791
-1.6013006041402227
-1.5997579650007254
-1.5982011574874093
-0.8174567144147724
-0.8174549407196118
-0.8174510130290789
-0.8174192997448586
-0.7092080326210106
-0.7091660196723352
-0.7089467631369838
-0.708259856150903
-0.6160124314599137
-0.6150369846997333
-0.6143377757429149
-0.6121091654007731
-0.5370327304480967
-0.5348868490499114
-0.5311538720837033
-0.5199374589525195
-0.47007738247428354
-0.4561608260641731
-0.4522245538334647
-0.44340705535477903
-0.41269292304915456
-0.40951865605003596
-0.39921424424865354
-0.36347713024986605
-0.3465458568498544
-0.3423004475637821
-0.3292522683809846
-0.3089589273672753
-0.2981989294583991
-0.29749868085361436
-0.2932578154345427
-0.08718492284837596
-0.08565960928792168
-0.08418377149710338
-0.08219395708198705
0.03265920169876509
0.03565801270836434
0.04124858365380469
0.0475450102997135
0.10897613836449573
0.11436510045084748
0.12405808842924185
0.14674561076858353
0.1643337100598728
0.16826732239376208
0.17796257268651677
0.2265279889016827
0.2353730002127088
0.23865257814257673
0.2441934801877279
0.32448593358760003
0.32637658308418904
0.32751863752798704
0.32884900723603716
0.44178535413339537
0.44205319804510856
0.44226377125008154
0.44242278483626896
0.5961988544004004
0.5966007518128161
0.5969676577704012
0.5971806620125257
1.1197967066989754
1.1208074398630223
1.1212920361888268
1.1215156076430945
1.2899634324358695
1.300812078976032
1.3070180255376957
1.311309512866699
1.319731659411013
1.3243850714385565
1.3308274328497636
1.3402637563902526
1.3611442524234172
1.3642573432229614
1.3706665333596106
1.3805821993915037
1.393948446347159
1.405916090486785
1.4200725260312843
1.4428674496412248
1.4463393723714641
1.4504639042410585
1.4531209134360377
1.5046525758169205
1.5221366281286122
1.5390626103573652
1.5440461820879958
1.5895308438842863
1.591642340933082
1.5923112139133202
1.6067623797909913
1.7349109870147232
1.756403495122414
1.7789789539468708
1.801447566077095
2.8071957007117323
2.8239268797287815
2.840867703613963
2.8577003614245515
2.8784440261378283
2.893501422884603
2.9078327630146505
2.9212392511732177
2.933618149895434
2.9446059547167875
2.950075928332307
2.953986997880118
2.9543446836394045
2.957297168468727
2.959239204716879
2.9644781544832366
2.9694046726623267
2.9731516029705816
2.974839503058098
2.985946383287193
2.987974295421689
2.9898385617598557
2.991782867513793
3.00910151029714
3.0110564167694385
3.0127067811117434
3.0140485152576306
3.0353135221730065
3.0361882204097874
3.0368427525692665
3.037312812695816
