-2.4243605599109066
-2.418422438069025
-2.4121556979856176
-2.4055701457483916
-2.398679125168992
-2.3915045463462437
-2.384079066063439
-2.357569022810085
-2.3521700415491265
-2.346687917478309
-2.341389555307543
-2.3361357423283877
-2.330902054218155
-2.3256927579053324
-2.3176511866606027
-2.3129801604859095
-2.305693819348348
-2.3002691646312496
-2.294568833935686
-2.2886811675588334
-2.282627499608607
-2.2761164084284453
-2.2699476269305037
-2.241184372913796
-2.23344467495414
-2.225965030802829
-2.218910903267964
-2.212428933617421
-2.2066406865618937
-2.2018104493122967
-2.0638427866014384
-2.0585712242481997
-2.052474613051504
-2.04568233554668
-2.0383240611144378
-2.0305339677498098
-2.0224536898334167
-1.8210294972046384
-1.8127698924229543
-1.8037489812884988
-1.7940929107752646
-1.7839780111300465
-1.7736935265031684
-1.7638145882502945
-1.720524305559169
-1.7079602568996732
-1.695073429279834
-1.6857496423768867
-1.683771596098801
-1.677933519154504
-1.6755817533239514
-1.6580822467142062
-1.6573232267989781
-1.6353377291281825
-1.6341130916030229
-1.6299281926401554
-1.6290766111122499
-1.6273693504361992
-1.6182610584002932
-1.6079960693411857
-1.5806256814903932
-1.5789243045621504
-1.5767697757240056
-1.575375149971054
-1.5751405232883595
-1.5721684797187034
-1.5714981797856984
-0.7401730994104905
-0.7400078216734894
-0.739793562405898
-0.7390771202386981
-0.738790627002554
-0.7385444865833909
-0.7368339703996911
-0.585591976271474
-0.5850941509641545
-0.5794862605426593
-0.5773788154837033
-0.5686856911751141
-0.5587525602577146
-0.5526782474575807
-0.4628023930553136
-0.4594569233186404
-0.44315138348407207
-0.4373690046595565
-0.42788676619010796
-0.42251896495033914
-0.4159003127608715
-0.37817826711554375
-0.3762522642255111
-0.3125160869487083
-0.3061358730905062
-0.2978301100423409
-0.28050962861200285
-0.2787407351115858
-0.25973736829253
-0.25931539713644725
-0.09698756373663735
-0.09587307261951472
-0.0835079808090399
-0.08077980442426265
-0.07228546564734081
-0.06139930675638508
-0.05865496269134037
0.11222399919165935
0.11389033444447753
0.13632908377819364
0.1440693442574821
0.1509664639451319
0.16492719156383887
0.16784339649003877
0.21148577680643108
0.21321522819597077
0.2863331420888713
0.2910752473526404
0.299595125389924
0.3034484119549882
0.30800643091182095
0.31391362782616195
0.3146090514963949
0.49079556478351677
0.4912586992523919
0.4939046672978969
0.4954918058055547
0.4960619564178547
0.49892244322786383
0.49939683499103066
1.10368342569848
1.109663093785006
1.113559239356398
1.1152998555069134
1.116032604403189
1.1169171250403458
1.1177336017815744
1.3287357729746445
1.335057920039409
1.3485135631775296
1.357109280187631
1.3637556765685603
1.3712530649010626
1.373858842915502
1.382534683628972
1.3840934290039726
1.4091416251124889
1.414712352278507
1.4259161859049838
1.4310254328985605
1.4392403288846711
1.4563820799238287
1.471393578356242
1.5314249770913346
1.5327614530037006
1.5349494797911625
1.536909991109743
1.5389366406930405
1.542960264373907
1.5437636128766294
1.7030611617448843
1.7156357832440632
1.7317100131687304
1.750706288688931
1.7716900576474957
1.7935607880068036
1.8152146218874787
2.8367553483748496
2.8526517818859958
2.868755599089102
2.884755810999041
2.9003752916052425
2.9153690262776117
2.9295157395471865
2.944081148595499
2.9557524438268756
2.9661449462555436
2.974815739216317
2.9812753781324166
2.981336412423068
2.98388620577235
2.984916576884437
2.9854488778578907
3.000784968534437
3.001243804649929
3.0017985489942136
3.0032515096001227
3.0057498373937146
3.0084446708446837
3.010548614835055
3.0389274078957724
3.0406427081249547
3.0420348851436043
3.0431135317345923
3.043924137786828
3.044535951014588
3.0450132481588756
-2.4243605599109066
-2.418422438069025
-2.4121556979856136
-2.4055701457483925
-2.3986791251689934
-2.3915045463462463
-2.384079066063439
-2.3575690228100123
-2.352170041550242
-2.3466879174692514
-2.3413895553519866
-2.3361357421814613
-2.330902054555642
-2.325692757414101
-2.3176511877301333
-2.312980158939548
-2.305693821288815
-2.30026916235124
-2.2945688357048564
-2.2886811665633697
-2.2826274999989433
-2.276116408332252
-2.2699476269431456
-2.2411843729149705
-2.2334446749515213
-2.2259650308057966
-2.218910903265794
-2.212428933618488
-2.206640686561567
-2.201810449312348
-2.063842786601439
-2.058571224248202
-2.052474613051508
-2.045682335546685
-2.0383240611144355
-2.0305339677498147
-2.0224536898334198
-1.8210294972046353
-1.8127698924229543
-1.8037489812885077
-1.7940929107752417
-1.7839780111300862
-1.7736935265031457
-1.7638145882502771
-1.7205243055594621
-1.7079602569148513
-1.6950734287066187
-1.6857496616618721
-1.6837715659580839
-1.67793354744421
-1.675581736304776
-1.6580822220372264
-1.6573232537212212
-1.635337318393688
-1.6341137713687
-1.6299266194257436
-1.6290781663414495
-1.6273690986071045
-1.61826105682195
-1.6079960696185502
-1.5806256780568289
-1.578924316626143
-1.576769741624875
-1.5753752862563069
-1.5751404110248701
-1.5721684821378783
-1.5714981787952615
-0.7401726535283046
-0.7400090639707546
-0.7397924773452996
-0.7390781054501004
-0.7387895469324636
-0.7385448713065458
-0.7368339691807406
-0.5855918814687562
-0.585094270143868
-0.5794861596540356
-0.5773789033542992
-0.5686856764976657
-0.5587525641980199
-0.5526782469287133
-0.4628014662759426
-0.4594586670499736
-0.44314212141810294
-0.4373863400950823
-0.4278654597991004
-0.4225341901948434
-0.4158976174278501
-0.37817609890137144
-0.376254366516631
-0.3125147659448509
-0.3061378992878843
-0.2978297499952759
-0.28050214561550085
-0.27874827842786626
-0.2597304930997384
-0.2593218187730686
-0.0969839081017462
-0.09587786435386457
-0.08349692826778464
-0.08079248409611031
-0.07228188949032913
-0.061400953283018304
-0.05865412931663561
0.11222143721430909
0.11389369915531464
0.13631704127931005
0.14410138882589626
0.15093779036520436
0.16494853031132653
0.16783003007300296
0.21148313539169136
0.21321781152326935
0.286327286780787
0.2910879376840649
0.2995804859374346
0.30344981142394106
0.30802058133302035
0.3138789641057674
0.3146359244366546
0.4907986379272971
0.4912539319275327
0.4939127883754173
0.495468817318139
0.4960797999726651
0.4989192933456162
0.49939870290942584
1.1036834256513204
1.1096630957082725
1.1135591920219166
1.1153002139597457
1.116032039124427
1.116917458387954
1.1177335207182761
1.3287357017411532
1.3350582863320533
1.348509042993925
1.3571341590428383
1.3637090949852577
1.3711989405703422
1.3740407398267316
1.3820623915842765
1.3844780805221095
1.4090543351025497
1.4148282984055676
1.42581140360651
1.431101303849926
1.4392256816125406
1.4563828612622896
1.4713934937111943
1.5314300852142728
1.5327479230680046
1.5349686509766423
1.5368938101412057
1.5389427122629562
1.5429589540453135
1.5437642848384123
1.703061161744885
1.7156357832440647
1.7317100131687306
1.7507062886889293
1.7716900576474974
1.7935607880068043
1.815214621887477
2.836755348374849
2.852651781885995
2.8687555990891
2.884755810999043
2.900375291605243
2.9153690262776117
2.929515739547187
2.9440811485954987
2.955752443826874
2.966144946255545
2.9748157392163197
2.9812753781321706
2.981336412423329
2.983886205772281
2.984916576884559
2.9854488778578236
3.0007849685346892
3.0012438046493286
3.001798548994632
3.0032515096000485
3.0057498373937253
3.0084446708446837
3.0105486148350566
3.038927407895772
3.0406427081249556
3.0420348851436043
3.0431135317345936
3.043924137786828
3.0445359510145877
3.0450132481588756
-2.4243605599109097
-2.4184224380690282
-2.412155697985616
-2.405570145748393
-2.398679125168993
-2.391504546346243
-2.3840790660634394
-2.357569022809845
-2.3521700415521654
-2.3466879174577135
-2.341389555394833
-2.3361357420745805
-2.3309020547356614
-2.3256927572344823
-2.3176511878730057
-2.3129801589318926
-2.305693820902473
-2.30026916317874
-2.294568834717575
-2.288681167363076
-2.2826274995536693
-2.2761164084963204
-2.2699476269083867
-2.2411843729170102
-2.2334446749487857
-2.225965030807697
-2.2189109032650185
-2.21242893361863
-2.206640686561584
-2.2018104493123394
-2.0638427866014366
-2.0585712242482
-2.052474613051502
-2.0456823355466813
-2.0383240611144373
-2.0305339677498138
-2.022453689833419
-1.821029497204638
-1.8127698924229518
-1.8037489812885106
-1.7940929107752435
-1.783978011130052
-1.7736935265032225
-1.763814588250224
-1.7205243055577026
-1.7079602569365728
-1.695073428604705
-1.6857496539526846
-1.683771582318668
-1.6779335157542743
-1.675581761745401
-1.658082176287295
-1.6573232980707822
-1.6353376365697572
-1.6341131315334427
-1.6299294872329533
-1.629074869463556
-1.627369854831537
-1.6182610500925811
-1.6079960699400262
-1.5806256776332244
-1.5789243179782222
-1.576769737903349
-1.5753753019738488
-1.575140397879612
-1.5721684825286373
-1.5714981786188464
-0.7401721313885631
-0.7400105062539996
-0.7397912126442222
-0.7390792902112664
-0.738788230180384
-0.7385453494687078
-0.736833967567081
-0.585591740075683
-0.5850944518162142
-0.5794859621937295
-0.5773790928886303
-0.5686856269844647
-0.558752592961452
-0.5526782351784605
-0.46280103059790556
-0.45945957008198934
-0.44313499660027916
-0.43740163141624694
-0.42784018623094583
-0.4225570442546279
-0.41589127158574135
-0.37817729279301315
-0.37625329198998264
-0.3125148524057536
-0.3061382699173831
-0.29782859039208887
-0.2805116461901497
-0.27873895438518226
-0.2597390556099475
-0.2593137945526069
-0.09698053154682633
-0.09588196104677815
-0.08349455238664104
-0.08079359596441463
-0.07228305463937765
-0.06139928866256805
-0.0586551726323354
0.11222008367882155
0.11389529637684381
0.1363188980598948
0.14408889886633183
0.1509561271561651
0.1649168844890733
0.16785404628888556
0.21148016921605525
0.2132204566071461
0.2863390131663112
0.29105182931442575
0.2997178205864447
0.3032515310304487
0.3081414854217762
0.3137674649131764
0.3147118506710455
0.49079883273788655
0.49125368277473125
0.4939126990202223
0.4954698891951419
0.4960787266707142
0.49891970087311094
0.49939844050593435
1.1036834256575896
1.1096630952359567
1.1135592072597633
1.1153000859121187
1.1160322494860808
1.1169173282598908
1.1177335537605146
1.3287357909062238
1.3350577143244178
1.348521531013555
1.357018538039605
1.3642217425750298
1.3696497807745525
1.3761686389646608
1.3802526013104626
1.385327515708349
1.4089393548994789
1.4149560076327978
1.425729300464043
1.4311503537629886
1.439218439207943
1.4563830086994962
1.4713934978203203
1.5314225898182443
1.532768768734825
1.5349369422061785
1.5369224334184792
1.5389310733599753
1.54296187938713
1.5437627326673038
1.703061161744884
1.7156357832440639
1.7317100131687315
1.75070628868893
1.771690057647496
1.7935607880068047
1.815214621887479
2.836755348374849
2.8526517818859976
2.8687555990891003
2.8847558109990423
2.9003752916052425
2.9153690262776135
2.9295157395471865
2.9440811485954987
2.9557524438268747
2.966144946255544
2.9748157392163193
2.981275378131752
2.9813364124237736
2.9838862057721705
2.984916576884751
2.9854488778577184
3.000784968534988
3.00124380464862
3.0017985489951164
3.003251509599961
3.005749837393736
3.008444670844682
3.0105486148350558
3.0389274078957715
3.040642708124954
3.042034885143603
3.0431135317345936
3.0439241377868265
3.044535951014589
3.045013248158876
-2.424360559910906
-2.418422438069026
-2.412155697985613
-2.405570145748394
-2.39867912516899
-2.3915045463462445
-2.3840790660634354
-2.357569022809911
-2.3521700415510525
-2.346687917466771
-2.341389555350385
-2.336135742221507
-2.3309020543981736
-2.325692757725717
-2.317651186803476
-2.3129801604782583
-2.3056938189620118
-2.3002691654587566
-2.2945688329484053
-2.2886811683585346
-2.282627499163325
-2.276116408592514
-2.2699476268957466
-2.2411843729158343
-2.2334446749514107
-2.2259650308047276
-2.2189109032671883
-2.212428933617565
-2.206640686561914
-2.2018104493122874
-2.063842786601439
-2.0585712242482
-2.0524746130515035
-2.0456823355466804
-2.038324061114434
-2.0305339677498124
-2.0224536898334193
-1.8210294972046384
-1.8127698924229532
-1.8037489812885028
-1.7940929107752672
-1.7839780111300119
-1.7736935265032392
-1.7638145882502434
-1.7205243055573989
-1.7079602569213963
-1.6950734291779246
-1.685749634667468
-1.6837716124595448
-1.6779334874641856
-1.6755817787650418
-1.6580822009673273
-1.6573232711454844
-1.6353380469771135
-1.6341124519950958
-1.6299310503337952
-1.6290733239683581
-1.6273701071400222
-1.618261051670918
-1.6079960696626645
-1.5806256810667927
-1.578924305914244
-1.5767697720026652
-1.5753751657030677
-1.5751405101284333
-1.5721684801094653
-1.571498179609282
-0.7401725825770108
-0.7400092692394589
-0.7397922877805848
-0.7390783107934505
-0.7387893065137018
-0.7385449620239876
-0.7368339687860197
-0.5855918349448759
-0.5850943325708953
-0.579486063096999
-0.5773790050027114
-0.5686856416617515
-0.5587525890211289
-0.5526782357073254
-0.46280195777381167
-0.4594578260897636
-0.4431442914018817
-0.4373842958958947
-0.4278615833664637
-0.42254170667148017
-0.4158939557238358
-0.3781794585201581
-0.37625119218842473
-0.3125161734014194
-0.30613624389160293
-0.29782895021046824
-0.2805190511097546
-0.278731489138137
-0.25974568021865996
-0.2593076235730717
-0.09698421450318316
-0.09587714232838289
-0.08350561945376851
-0.0807809007883055
-0.07228663123113216
-0.061397641366850234
-0.0586560069823521
0.11222264060788775
0.1138919366682609
0.1363309537879751
0.14405694204756178
0.1509847201219241
0.1648958153823332
0.16786712274189305
0.2114828022382634
0.21321788167702588
0.2863449202569011
0.2910391704707379
0.29973311482427084
0.3032490254317818
0.3081274893107785
0.3137963160152272
0.31469100411304834
0.4907957561592781
0.49125845338908114
0.4939045805304255
0.49549294598077426
0.4960608127235776
0.4989228534193432
0.49939656957527667
1.1036834257047474
1.1096630933126912
1.1135592545960187
1.1152997276083203
1.1160328147119858
1.1169169948282267
1.1177336348099265
1.3287358621449121
1.3350573480941057
1.3485260808930184
1.35699486170473
1.3642738657211801
1.3696465538389264
1.3759528871146032
1.3805917749118461
1.3851603111342432
1.4090233694209557
1.414842752188906
1.4258331453350546
1.4310760527551567
1.439233142586172
1.456382227402053
1.471393582465362
1.5314175851115122
1.5327823939943988
1.5349179118785186
1.5369383789439262
1.5389248988441888
1.5429631927306597
1.5437620564816383
1.7030611617448834
1.715635783244063
1.7317100131687309
1.750706288688928
1.7716900576474952
1.7935607880068045
1.8152146218874778
2.8367553483748496
2.852651781885998
2.8687555990891007
2.8847558109990405
2.9003752916052434
2.9153690262776104
2.9295157395471874
2.944081148595498
2.955752443826875
2.9661449462555445
2.974815739216318
2.9812753781319987
2.9813364124235116
2.9838862057722393
2.9849165768846295
2.985448877857786
3.0007849685347363
3.001243804649222
3.001798548994698
3.0032515096000374
3.0057498373937275
3.0084446708446837
3.0105486148350553
3.038927407895772
3.0406427081249556
3.0420348851436025
3.0431135317345923
3.0439241377868282
3.0445359510145877
3.0450132481588765
-2.425793450699375
-2.419937882494548
-2.413752532602431
-2.4072458509950097
-2.400429457047141
-2.3933231177217453
-2.3859567829582806
-2.358926020723401
-2.3535150857237466
-2.348020653839612
-2.3427094304402316
-2.3374452324901007
-2.3322049263484206
-2.3269956111216947
-2.318786598346006
-2.3141681565701777
-2.3070094359667217
-2.301649210262155
-2.2960074326772477
-2.2901697870081863
-2.2841539666907846
-2.2776534515405245
-2.271490286381602
-2.2431470651878933
-2.2353591345012007
-2.2277989204629542
-2.2206272845765147
-2.213986489338056
-2.2079979502279143
-2.202923189607069
-2.062608154738518
-2.0571201809026674
-2.050836919366054
-2.043890584412118
-2.0364118490418335
-2.028535619503239
-2.0204052090166607
-1.8190406698380166
-1.8105829208867439
-1.8013892225120816
-1.7915981424723555
-1.7814088617890305
-1.7711565976648036
-1.7615153361239164
-1.7173949745079597
-1.7048273935828409
-1.6920442344647155
-1.6875602745968719
-1.6820014142473474
-1.6788160850662808
-1.675199814304832
-1.658045708817013
-1.6573547160405162
-1.6349074715999472
-1.6345362377941728
-1.6306380613832105
-1.62768467592387
-1.627066446980928
-1.615653725265167
-1.6055688570317186
-1.5803269352954914
-1.578354759595362
-1.5765783882903186
-1.5753693908584603
-1.5750600004013413
-1.5719969708595356
-1.5713715841016092
-0.7402592372195301
-0.7399905720670527
-0.73985012242816
-0.7393382089938778
-0.738762176131571
-0.7385411061502009
-0.737501060735965
-0.5861385169763612
-0.5849419815985106
-0.5789789155472537
-0.5783557208204788
-0.5710443984017574
-0.5608500551423524
-0.5538091540816186
-0.46476943410561367
-0.460019115674005
-0.44424207442682606
-0.4367805845259407
-0.4298598637059037
-0.42047670711350926
-0.4168226256884223
-0.3779974551015528
-0.3764221489566324
-0.31241441316232177
-0.306311997279928
-0.2978924294092208
-0.28461866638293754
-0.27616952948288753
-0.26081427965029447
-0.2584788638944991
-0.09789893118287797
-0.0946346671000283
-0.08568877712299854
-0.07779131674158327
-0.07391738160659457
-0.06053756232873528
-0.05921953302525267
0.11272194695879326
0.11333301470215781
0.13807103726206763
0.14078045759882526
0.1535900750577158
0.16251603592039554
0.16916355190375504
0.21050973715414928
0.2134078859274748
0.2850823767768466
0.28968475077232714
0.30046282110680866
0.302194814146164
0.30806285813368156
0.3133335732925524
0.31491960086603815
0.49083038352732156
0.4912028863251669
0.4940190178813347
0.49518501380634516
0.49630486728990864
0.4989250624329911
0.4992013131939085
1.1053771388508802
1.110816407748841
1.1141535009286108
1.1155267145608039
1.1161858441245014
1.117100416898253
1.1179748608706253
1.3301349065298884
1.3369680931522019
1.3507014597862264
1.3587096050576277
1.3649038341369377
1.3699124636926645
1.376250667128595
1.3808583182874157
1.3851312768449286
1.4102187192417124
1.4164354620605821
1.4270474317357646
1.4325622712230686
1.4421318792050022
1.4604264860023195
1.4741114916311917
1.5314146227389012
1.5326097908541134
1.5353639143919915
1.5373094470386997
1.538436591492748
1.543108686617902
1.5435395262477223
1.7058633556888383
1.719340802721643
1.736216901784507
1.7558075482396034
1.7771186003079138
1.7990361257489678
1.8204729290574373
2.8328530491598687
2.848645372368435
2.864727780054789
2.880781207702812
2.8965200138006284
2.911691629705812
2.9260701606355055
2.940969344666457
2.952959929947963
2.963701202927814
2.9728287586286437
2.9799112944081605
2.982053102535601
2.984086556329524
2.9846273007105943
2.9855390429123587
3.000603731327785
3.0011505016095468
3.0016059847446543
3.00277321691971
3.005067794533936
3.0078063624649283
3.0101000855328945
3.038450754074556
3.04024367677301
3.0417173028833333
3.0428712830434814
3.0437431343839747
3.0443981540978062
3.0449034642406074
-2.425793450699376
-2.4199378824945517
-2.4137525326024325
-2.4072458509950105
-2.400429457047139
-2.3933231177217458
-2.3859567829582815
-2.358926020723541
-2.353515085722249
-2.3480206538479376
-2.3427094304122855
-2.3374452325496327
-2.3322049262742257
-2.32699561115034
-2.318786598535801
-2.314168156081267
-2.3070094370061036
-2.301649208648365
-2.296007434286584
-2.2901697858544665
-2.2841539672748667
-2.277653451342561
-2.2714902864209323
-2.2431470651862013
-2.2353591345031143
-2.2277989204619457
-2.2206272845766994
-2.213986489338165
-2.207997950227834
-2.202923189607086
-2.0626081547385176
-2.0571201809026696
-2.050836919366052
-2.0438905844121162
-2.0364118490418344
-2.028535619503236
-2.020405209016662
-1.8190406698380168
-1.8105829208867463
-1.8013892225120827
-1.791598142472345
-1.7814088617890922
-1.7711565976646995
-1.7615153361239808
-1.7173949745117376
-1.7048273935412712
-1.692044233654009
-1.6875602823479183
-1.6820013710320263
-1.6788161532619845
-1.6751997785962038
-1.6580457840104643
-1.6573546433704345
-1.6349066064426305
-1.6345373052403487
-1.6306375331385357
-1.6276858650021933
-1.6270655834867545
-1.6156537269842264
-1.6055688570027018
-1.5803269292887696
-1.5783547935662134
-1.576578274642413
-1.5753697188743363
-1.5750597542797098
-1.57199697770941
-1.571371581025221
-0.7402588119372843
-0.7399933631918865
-0.7398469878856531
-0.7393394660414105
-0.7387611168554905
-0.7385416866719925
-0.737501051142642
-0.5861384643506378
-0.5849420729956795
-0.5789783742958188
-0.5783562475266331
-0.5710443709607267
-0.5608500579371719
-0.5538091546211138
-0.4647690452063334
-0.4600200419547428
-0.44423683454555174
-0.4367945924733149
-0.4298439535816955
-0.420490540100288
-0.41681539308269977
-0.3779963841232743
-0.3764232665913235
-0.31241109004574297
-0.30631935561490403
-0.29788665482126353
-0.28462101605317686
-0.2761690426683401
-0.2608134570370032
-0.2584795205791935
-0.09789991987653343
-0.09463278049313213
-0.08569056172467608
-0.07779056787818144
-0.07391687740251539
-0.06053957098368407
-0.05921789071876357
0.11272523770885566
0.11332954398013659
0.13806126320319637
0.14079690883253984
0.15357064509974797
0.1625397827150534
0.169152400609335
0.21051165233066754
0.2134063125009492
0.28507270833559345
0.28971067833705594
0.3002494924444041
0.30245876726577764
0.3079640691171225
0.31339768468606843
0.3148873904220367
0.49083015362639626
0.4912031672279841
0.494019147183006
0.49518435744086864
0.49630549941429986
0.49892438772963416
0.49920183183322775
1.1053771388368516
1.1108164088174932
1.1141534667834327
1.1155269303749074
1.1161855429680523
1.117100569588765
1.1179748266130083
1.3301348296095996
1.3369686737455295
1.3506844774470177
1.3588870331323837
1.364254304979208
1.3715824522194708
1.374216501602743
1.3826835159970037
1.3841404197430507
1.4102950989156229
1.4163496426245406
1.4271013876721357
1.432532928039548
1.4421351927203971
1.4604264214718843
1.4741114846567394
1.5314224910473375
1.5325918357694561
1.5353964458984333
1.5372621118632304
1.5384628688006141
1.5431039067151153
1.5435429204271587
1.7058633556888376
1.7193408027216437
1.7362169017845062
1.755807548239603
1.7771186003079147
1.7990361257489669
1.8204729290574366
2.8328530491598682
2.8486453723684324
2.8647277800547886
2.8807812077028134
2.896520013800627
2.9116916297058104
2.926070160635505
2.940969344666457
2.9529599299479643
2.9637012029278145
2.9728287586286424
2.979911294408162
2.982053102535589
2.9840865563296126
2.984627300710487
2.985539042912387
3.0006037313275815
3.001150501610199
3.0016059847441046
3.002773216919818
3.005067794533925
3.0078063624649283
3.0101000855328937
3.0384507540745562
3.0402436767730094
3.0417173028833315
3.0428712830434823
3.0437431343839756
3.0443981540978062
3.044903464240609
-2.4257934506993744
-2.4199378824945477
-2.4137525326024294
-2.407245850995009
-2.400429457047143
-2.393323117721746
-2.38595678295828
-2.358926020723424
-2.353515085723878
-2.3480206538358614
-2.3427094304677603
-2.3374452323756514
-2.3322049266557006
-2.3269956106211764
-2.3187865996692794
-2.3141681544490345
-2.307009438969185
-2.3016492064590603
-2.2960074358724656
-2.290169785042169
-2.2841539675513385
-2.2776534512909707
-2.2714902864239135
-2.2431470651878516
-2.2353591345000368
-2.2277989204649953
-2.220627284574707
-2.2139864893390486
-2.2079979502275857
-2.2029231896071204
-2.062608154738521
-2.057120180902669
-2.0508369193660507
-2.043890584412116
-2.0364118490418335
-2.0285356195032382
-2.0204052090166615
-1.8190406698380142
-1.8105829208867443
-1.8013892225120918
-1.7915981424723146
-1.7814088617891313
-1.771156597664707
-1.761515336123932
-1.7173949745110046
-1.7048273936032685
-1.6920442299729477
-1.6875602966540622
-1.6820013321290206
-1.6788161942096784
-1.6751997665273572
-1.658045727214241
-1.657354702740335
-1.6349047696168908
-1.6345394226290062
-1.630636986683458
-1.6276865881114078
-1.6270651241431862
-1.615653725604443
-1.605568857301638
-1.5803269245167133
-1.578354818060041
-1.576578199208796
-1.575369924872473
-1.5750596018616732
-1.571996981455719
-1.5713715793821725
-0.740258325501819
-0.739996437332219
-0.7398435009614729
-0.7393409413061778
-0.7387598483654407
-0.7385423910757968
-0.7375010391834137
-0.5861384053758432
-0.5849421824834444
-0.5789774519805145
-0.5783571807185429
-0.5710442892179242
-0.5608500891547953
-0.5538091435559578
-0.4647688254186748
-0.4600207202310034
-0.44423013254146193
-0.4368159899560268
-0.4298155540248715
-0.4205209089850248
-0.41679807902827276
-0.37799777083295855
-0.3764220815814936
-0.31241009503572226
-0.3063215021163332
-0.29788503450115894
-0.28462171872116615
-0.27616876611190005
-0.26081357518008036
-0.2584794343178461
-0.09789819722341707
-0.09463664494230492
-0.0856837433349852
-0.07780378745558814
-0.07390733512561463
-0.0605432313395097
-0.05921522992002494
0.11271761497024281
0.11333797566641178
0.13802572678979141
0.14084370599729373
0.15354593734727526
0.1625584538157938
0.1691464619869738
0.21051008854886644
0.21340782815570986
0.28506759030438666
0.2897207532536128
0.3002306945798536
0.3024688212957173
0.30797422652459716
0.313381714635665
0.3148969438847043
0.49083386805658574
0.49119789538277453
0.4940287647977317
0.49516850251779754
0.4963146784589775
0.4989193142065321
0.4992055210350062
1.1053771387496283
1.1108164128632956
1.114153363327322
1.1155275343405464
1.1161847313458229
1.1171009606116713
1.1179747427442244
1.330134770609112
1.3369690229498827
1.3506789669421975
1.3589216484663658
1.364198749345606
1.3715230423991058
1.3744008166096229
1.3822400867846845
1.3844949974650045
1.410236973945873
1.4164293629499345
1.4270309608258196
1.4325789778397882
1.4421276506258494
1.4604269296071322
1.4741114053316735
1.531427975794319
1.5325800012425792
1.535416291068101
1.5372358182275674
1.5384763190319206
1.543101781203464
1.5435443958326138
1.7058633556888378
1.7193408027216415
1.7362169017845053
1.7558075482396023
1.7771186003079134
1.7990361257489689
1.8204729290574375
2.8328530491598682
2.8486453723684346
2.864727780054787
2.88078120770281
2.8965200138006275
2.9116916297058113
2.926070160635506
2.9409693446664575
2.9529599299479647
2.9637012029278136
2.9728287586286433
2.979911294408161
2.982053102535595
2.984086556329555
2.984627300710555
2.98553904291237
3.0006037313277543
3.0011505016096347
3.0016059847445837
3.0027732169197208
3.0050677945339364
3.0078063624649274
3.010100085532897
3.0384507540745553
3.0402436767730108
3.0417173028833324
3.04287128304348
3.0437431343839756
3.0443981540978067
3.0449034642406065
-2.42579345069938
-2.419937882494553
-2.4137525326024316
-2.4072458509950088
-2.4004294570471387
-2.3933231177217467
-2.3859567829582806
-2.3589260207232896
-2.3535150857253715
-2.348020653827539
-2.342709430495706
-2.3374452323161163
-2.332204926729893
-2.32699561059253
-2.318786599479488
-2.3141681549379434
-2.307009437929803
-2.3016492080728463
-2.2960074342631285
-2.2901697861958863
-2.284153966967255
-2.277653451488936
-2.271490286384581
-2.2431470651895418
-2.23535913449812
-2.227798920466005
-2.220627284574522
-2.21398648933894
-2.2079979502276683
-2.202923189607098
-2.0626081547385167
-2.057120180902672
-2.0508369193660467
-2.043890584412115
-2.0364118490418344
-2.028535619503238
-2.020405209016663
-1.8190406698380148
-1.8105829208867412
-1.8013892225120949
-1.7915981424723317
-1.7814088617890649
-1.7711565976648107
-1.7615153361238651
-1.7173949745072312
-1.7048273936448384
-1.6920442307836525
-1.6875602889030705
-1.6820013753453045
-1.6788161260133405
-1.6751998022355943
-1.6580456520084021
-1.6573547754228013
-1.6349056448975585
-1.6345383451241342
-1.630637514979322
-1.6276854006643389
-1.627065985890272
-1.6156537238853845
-1.6055688573306532
-1.5803269305235008
-1.5783547840903829
-1.5765783128702926
-1.5753695971458133
-1.575059847679258
-1.5719969746058537
-1.571371582458531
-0.740258754505268
-0.7399937586407892
-0.7398465249823493
-0.7393396806528075
-0.738760911181011
-0.7385418049881632
-0.7375010487759586
-0.5861384580096155
-0.5849420910799745
-0.5789779948059341
-0.578356652437588
-0.5710443166580635
-0.5608500863599414
-0.5538091430164634
-0.4647692143875812
-0.4600197939697186
-0.4442353874941138
-0.43680203673895335
-0.4298314320303517
-0.42050714058318783
-0.4168052092769957
-0.37799884003585066
-0.3764209657222489
-0.31241341988303123
-0.30631414393466155
-0.29789080744710333
-0.28461936888160905
-0.27616925285209787
-0.2608143977343052
-0.2584787776938147
-0.09789720679824608
-0.09463853240059539
-0.08568195769357487
-0.07780453857530897
-0.07390783913240564
-0.060541230813059455
-0.05921686395884128
0.11271441036531905
0.11334136027565214
0.13803515970008637
0.14082756887505407
0.15356532978410048
0.16253473647635816
0.1691576483565425
0.2105081751891444
0.21340939976092538
0.2850772225584854
0.289694825425235
0.30044022853018476
0.3022088495681449
0.30807302450838786
0.31331804242661826
0.3149285559478577
0.49083410389952803
0.4911976086610977
0.4940286308261619
0.49516915314189697
0.49631405620289076
0.49891997212334216
0.49920501960204233
1.105377138763657
1.1108164117946373
1.1141533974620634
1.1155273181110608
1.1161850327820522
1.1171008080526839
1.1179747770163677
1.3301348475257972
1.3369684422898196
1.3506958952316612
1.3587412157660372
1.36484278936966
1.3699145777139072
1.3764594057803397
1.3805401257378211
1.385283265630244
1.4101619210351894
1.4165141662065512
1.4269772467277058
1.432607733020726
1.4421243253688902
1.4604269941263393
1.4741114123062156
1.531419983366876
1.5325979836538592
1.5353832949888857
1.537282846909883
1.538450908364668
1.5431065313386716
1.5435410326384544
1.7058633556888372
1.7193408027216441
1.7362169017845062
1.7558075482396032
1.7771186003079154
1.7990361257489675
1.8204729290574388
2.8328530491598682
2.8486453723684364
2.8647277800547903
2.880781207702812
2.8965200138006266
2.9116916297058126
2.926070160635505
2.940969344666458
2.952959929947965
2.9637012029278145
2.972828758628644
2.9799112944081614
2.9820531025356063
2.9840865563294683
2.9846273007106623
2.9855390429123387
3.000603731327959
3.0011505016089806
3.0016059847451335
3.0027732169196137
3.005067794533947
3.007806362464927
3.010100085532894
3.038450754074557
3.040243676773011
3.0417173028833315
3.042871283043481
3.0437431343839765
3.0443981540978062
3.0449034642406065
-2.427205657501007
-2.42143274958585
-2.4153291948812394
-2.408902163095428
-2.4021616388788574
-2.3951253650087687
-2.3878207395527458
-2.3602855073069677
-2.3548633672658204
-2.349356747552039
-2.3440323700362953
-2.338756986755311
-2.3335088201775984
-2.32829780951498
-2.3199100515221565
-2.3153424095335855
-2.308308571893854
-2.3030134953981616
-2.29743190710635
-2.2916468494552342
-2.2856723260141183
-2.2791859271670796
-2.273033538296215
-2.24511721112977
-2.2372885368089626
-2.229656234027517
-2.2223767585538514
-2.2155878263920212
-2.2094098437377134
-2.204100743950851
-2.061316953192268
-2.0556194926236935
-2.0491575918175386
-2.042065549046921
-2.034474839402985
-2.0265212575662033
-2.01835017757956
-1.8170002308918134
-1.8083502275538543
-1.7989915216558818
-1.7890778348911995
-1.7788351746593722
-1.7686542492078898
-1.7593277342611686
-1.714253740759379
-1.7017290401239116
-1.689389214698792
-1.6890150006373446
-1.6823801774844651
-1.6780418970167863
-1.6754979139209967
-1.6577989591140545
-1.6575894444017658
-1.635453994082428
-1.6333678616093565
-1.6315463533182493
-1.6281096070214778
-1.624808876977724
-1.6130580966479309
-1.6032362583607898
-1.5799321641763224
-1.5777756913279775
-1.5767445016004464
-1.5751112367855633
-1.5750988814122298
-1.5718209413583686
-1.5712739279443702
-0.7403479655940609
-0.740011705922812
-0.7398772117485345
-0.7395318451706098
-0.7387560121463513
-0.7385229764575054
-0.7380557960942801
-0.5865453627120235
-0.5848509518543219
-0.5799374963452949
-0.5770691376667043
-0.5733231450222194
-0.5630890366843051
-0.5552012621564625
-0.46741397688904
-0.4606826576129647
-0.443990169241904
-0.438134139158065
-0.42987282066814214
-0.41906426700546684
-0.41805026597297795
-0.3773618155286743
-0.37704738691314366
-0.3110261397461431
-0.30889201419374235
-0.29492858234521235
-0.28878625947845593
-0.27551655262716784
-0.2611715947720853
-0.2582683635999601
-0.09810931983240492
-0.09442023985655133
-0.08613082380542691
-0.07689489649214845
-0.07461319637139438
-0.06025324367056556
-0.0594482825637826
0.11263934091123642
0.11344234452505496
0.13778889257007593
0.1410633493717149
0.15313773969483077
0.16287600299625465
0.16909434329875395
0.20974078385413605
0.21315742646970573
0.28395000765686784
0.2885660732883077
0.3004442716848211
0.30225736148050225
0.30745952570289553
0.31339048524283336
0.314855837582421
0.49096157468355694
0.49103739541091823
0.4943859458963009
0.49467458819475957
0.49656742395557885
0.49862252124216827
0.4994040789834615
1.1069408093863384
1.1118298011652858
1.114625213120115
1.1157136632902018
1.1163473061202003
1.1172970975341154
1.1182288720599796
1.3316473576961632
1.3390168786290608
1.3528435275063742
1.3601746328321698
1.3652818429483298
1.3701769913528146
1.376690666633053
1.3808383635469792
1.3852247952877328
1.4115272063955329
1.418132104343409
1.4281909888261282
1.4343695795977862
1.4454215567863575
1.4643909825471968
1.4761613212471951
1.5317052987450135
1.5322507883468
1.5351015459688726
1.5378544854407312
1.5386566111325524
1.5433091821467997
1.5441667401122934
1.7088937067029126
1.7232605997149404
1.7408950613144074
1.7610168739732253
1.7825848660670447
1.8044808689497187
1.8256393054318245
2.828990483032261
2.844656951950199
2.8606979833634543
2.876786775535508
2.8926291504070334
2.907964604081425
2.9225616078467067
2.9377874492526357
2.950080493250423
2.9611595500560255
2.9707156752107107
2.9783693176329282
2.9827288038361073
2.983426513512405
2.984917751499666
2.9854885276294882
3.000379572541196
3.001049646752559
3.001459159260895
3.002373109255763
3.004412661914926
3.007137832905929
3.009597395905338
3.037956391713045
3.0398244892557598
3.041379554412162
3.0426112690629843
3.0435484309610557
3.044251145763829
3.0447877717531076
-2.4272056575010077
-2.4214327495858536
-2.415329194881241
-2.4089021630954273
-2.4021616388788534
-2.395125365008773
-2.3878207395527418
-2.360285507307118
-2.35486336726383
-2.349356747566041
-2.344032369974675
-2.3387569869411537
-2.3335088197855343
-2.328297810035219
-2.3199100504267314
-2.315342411099586
-2.308308570110082
-2.3030134972496725
-2.297431905903075
-2.291646849968804
-2.2856723258975364
-2.27918592716261
-2.2730335383045452
-2.245117211127712
-2.2372885368123145
-2.2296562340245436
-2.2223767585556016
-2.215587826391322
-2.2094098437378897
-2.204100743950826
-2.0613169531922666
-2.0556194926236966
-2.04915759181754
-2.0420655490469204
-2.0344748394029843
-2.026521257566203
-2.0183501775795603
-1.8170002308918125
-1.8083502275538583
-1.7989915216558707
-1.7890778348912353
-1.7788351746593571
-1.7686542492078257
-1.7593277342612732
-1.7142537407641718
-1.7017290398741947
-1.6893893597189749
-1.6890148393901439
-1.6823802176260896
-1.678041860905041
-1.6754979240205856
-1.657799312948821
-1.6575890879589126
-1.6354544179804584
-1.6333666366786443
-1.6315473979783819
-1.628109318947517
-1.6248089262818057
-1.613058096840438
-1.6032362582538124
-1.579932160377983
-1.5777757395924508
-1.5767443979643023
-1.5751154264197647
-1.57509474751571
-1.5718209484028582
-1.5712739243396396
-0.7403475359914248
-0.7400162843986814
-0.7398710657212745
-0.7395343693182117
-0.738754547170102
-0.7385240250152953
-0.7380556855191717
-0.5865453000618706
-0.584851094443909
-0.5799371783840124
-0.5770695076677792
-0.5733230023491054
-0.5630890482544192
-0.55520126144032
-0.4674137715101573
-0.46068325657304443
-0.4439859681467609
-0.4381416454606192
-0.4298671598242207
-0.4190729263972137
-0.4180436082666178
-0.3773577539459781
-0.3770514266043072
-0.3110186756806349
-0.30890195465134124
-0.29492058824604095
-0.2887931230414592
-0.2755148198969
-0.26117236887537154
-0.2582679586456838
-0.09811078611470102
-0.094416426410696
-0.08613762335284443
-0.07687296480176305
-0.07463186409867753
-0.06024615069109622
-0.05945418678708501
0.11264481393827193
0.11343609537435549
0.13781808032334333
0.14102284028745812
0.15316094777265166
0.1628588335542923
0.16910030262197714
0.20974213541651243
0.21315612862702146
0.283954253825002
0.2885583325068652
0.3004593718140826
0.3022502644948791
0.3074496306770167
0.3134046288580295
0.3148471260765362
0.49094619479041035
0.4910541572140473
0.49435490605513077
0.49470892411909234
0.4965611779561921
0.4986251389641761
0.49940302926769914
1.1069408095541569
1.1118297923939258
1.114625424808113
1.1157127499606494
1.116348363709238
1.117296667996993
1.1182289542531518
1.3316474086338073
1.3390165234755316
1.3528509286986667
1.3601316178447356
1.3653533728951635
1.37017577599199
1.3764963695940795
1.3811290555511024
1.3850872772702498
1.411565607580561
1.4180773290049766
1.4282367739628448
1.434343215004014
1.4454255333872617
1.464390602940561
1.4761614064752782
1.5316927667510352
1.5322688426197644
1.5350893730514725
1.5378760477564934
1.5386411806320086
1.5433102147202724
1.5441662242274767
1.7088937067029115
1.7232605997149393
1.7408950613144096
1.761016873973227
1.7825848660670442
1.8044808689497176
1.8256393054318245
2.828990483032261
2.8446569519501965
2.860697983363453
2.876786775535508
2.892629150407034
2.907964604081424
2.9225616078467054
2.937787449252636
2.950080493250419
2.961159550056025
2.9707156752107102
2.9783693176329273
2.982728803836098
2.9834265135124194
2.9849177514996468
2.9854885276294993
3.000379572541091
3.0010496467530356
3.0014591592604067
3.0023731092558874
3.0044126619149143
3.0071378329059297
3.009597395905339
3.037956391713046
3.0398244892557638
3.041379554412161
3.042611269062983
3.0435484309610557
3.0442511457638295
3.04478777175311
-2.427205657501005
-2.4214327495858514
-2.4153291948812416
-2.408902163095428
-2.402161638878855
-2.3951253650087736
-2.3878207395527453
-2.3602855073072138
-2.354863367262893
-2.3493567475704116
-2.3440323699642938
-2.338756986946935
-2.3335088198269505
-2.3282978099068963
-2.3199100509752926
-2.3153424100584146
-2.308308571865014
-2.3030134948071264
-2.2974319081352235
-2.291646848484062
-2.285672326599218
-2.279185926940535
-2.273033538346224
-2.2451172111264652
-2.2372885368133777
-2.2296562340243353
-2.2223767585553214
-2.215587826391594
-2.2094098437377747
-2.2041007439508453
-2.061316953192268
-2.055619492623696
-2.049157591817541
-2.0420655490469217
-2.0344748394029843
-2.0265212575662037
-2.0183501775795576
-1.817000230891814
-1.8083502275538588
-1.7989915216558703
-1.7890778348911975
-1.7788351746594564
-1.7686542492076838
-1.759327734261343
-1.7142537407721328
-1.7017290398086664
-1.689389274680828
-1.6890149392903857
-1.6823801566792764
-1.6780419785761025
-1.6754978476214528
-1.6577995542190844
-1.6575888512361832
-1.635454144525266
-1.6333676118372882
-1.6315464082906523
-1.628109697268713
-1.6248088348976877
-1.6130580982734428
-1.6032362582152067
-1.5799321501713688
-1.577775845925752
-1.576744187403666
-1.5751203499113569
-1.575089933168447
-1.571820958868692
-1.571273919139033
-0.7403470477846358
-0.7400211357605924
-0.7398643333499312
-0.7395373609581389
-0.7387527762502466
-0.7385253096550564
-0.7380555493755634
-0.5865452481789792
-0.5848512211244914
-0.5799368282724247
-0.5770699743230671
-0.573322783538754
-0.5630890859243025
-0.5552012510479047
-0.46741375693963594
-0.4606834455552476
-0.4439801734514248
-0.43815708792582964
-0.4298461740374093
-0.41915374518897364
-0.41797363697609347
-0.3773727274238423
-0.3770367703331474
-0.31100956180817935
-0.3089141328251888
-0.2949111058716368
-0.2888009579354855
-0.27551308896049687
-0.2611729706254009
-0.25826767011914226
-0.09811110486892598
-0.0944159311054342
-0.08613728651054514
-0.07687840606850703
-0.07462628067481882
-0.06025106937628534
-0.05944992366073838
0.11264747231033423
0.11343325338833563
0.13780895423523976
0.14103960051961562
0.15314070457371481
0.16288398938665202
0.1690875630780964
0.2097439667855264
0.21315467735928562
0.28394632376052353
0.28857810859639677
0.3002719032673273
0.3024969825927007
0.30735349353486446
0.3134600355881738
0.3148167572206333
0.4909453587972644
0.4910550456865874
0.49435537313870276
0.4947081366335364
0.4965616121989766
0.49862482775899475
0.4994031741512181
1.1069408095228617
1.1118297948503726
1.1146253537705573
1.115713076259722
1.1163479720374296
1.1172968356565807
1.118228920578702
1.3316473392078363
1.3390171565155984
1.352825729858771
1.3604130411425526
1.3645509430484042
1.3718621166161384
1.3745705628687734
1.382818868310976
1.3841704974330247
1.4116149910285116
1.4180205685649043
1.4282707207121694
1.4343272334696744
1.4454270544460393
1.4643905772449113
1.4761613965202722
1.5317114112142631
1.5322416327511705
1.5351093800696811
1.5378375593463254
1.538669338023113
1.5433079177252165
1.544167411951021
1.7088937067029126
1.723260599714941
1.7408950613144079
1.7610168739732246
1.7825848660670447
1.8044808689497183
1.8256393054318272
2.8289904830322614
2.8446569519501965
2.8606979833634543
2.8767867755355088
2.8926291504070343
2.9079646040814255
2.9225616078467076
2.9377874492526357
2.9500804932504217
2.9611595500560255
2.97071567521071
2.97836931763293
2.9827288038360873
2.983426513512445
2.984917751499618
2.9854885276295167
3.000379572540973
3.0010496467535797
3.001459159259854
3.0023731092560237
3.0044126619149023
3.007137832905932
3.0095973959053373
3.037956391713046
3.03982448925576
3.041379554412161
3.0426112690629843
3.043548430961055
3.044251145763829
3.0447877717531076
-2.427205657501005
-2.4214327495858465
-2.415329194881239
-2.4089021630954273
-2.4021616388788543
-2.395125365008768
-2.3878207395527387
-2.3602855073070654
-2.3548633672648784
-2.34935674755641
-2.3440323700259103
-2.3387569867610902
-2.33350882021901
-2.328297809386655
-2.3199100520707185
-2.3153424084924117
-2.308308573648781
-2.3030134929556185
-2.2974319093384996
-2.291646847970497
-2.2856723267157983
-2.279185926945001
-2.2730335383378955
-2.245117211128521
-2.23728853681002
-2.2296562340273067
-2.2223767585535663
-2.21558782639229
-2.209409843737599
-2.2041007439508657
-2.061316953192267
-2.0556194926236913
-2.0491575918175386
-2.0420655490469173
-2.0344748394029817
-2.0265212575662024
-2.0183501775795576
-1.8170002308918118
-1.808350227553856
-1.798991521655886
-1.7890778348911696
-1.7788351746594735
-1.7686542492077497
-1.7593277342612406
-1.7142537407673408
-1.7017290400583838
-1.6893891295860692
-1.6890151006119916
-1.6823801165369259
-1.6780420146875932
-1.6754978375230263
-1.6577992011924219
-1.657589206870937
-1.6354537204213813
-1.6333688360253757
-1.6315453644977194
-1.6281099854179353
-1.6248087855996294
-1.6130580980809337
-1.6032362583221849
-1.579932153969803
-1.5777757976752278
-1.5767442910443854
-1.5751178627336853
-1.575092364589858
-1.571820951824278
-1.571273922743651
-0.7403474807676543
-0.7400169104371265
-0.7398701738972152
-0.7395347878066684
-0.7387542530116135
-0.7385242474331855
-0.7380556597806983
-0.5865453108359853
-0.5848510785336523
-0.5799371463008257
-0.5770696042727242
-0.5733229261885683
-0.5630890743540536
-0.555201251764038
-0.4674139623215806
-0.4606828466178149
-0.44398438722537625
-0.43814958524972714
-0.4298518277617536
-0.41914603408829876
-0.41797933717791674
-0.3773764399164515
-0.3770330797341325
-0.31101710759792894
-0.3089041131323634
-0.2949191146702754
-0.28879407782429506
-0.27551482109104536
-0.2611721966171204
-0.2582680749378439
-0.09810963900419438
-0.0944197442958421
-0.08613048567783596
-0.07690024582741259
-0.07460770570012595
-0.060258090917528304
-0.059444091177727636
0.11264195918092695
0.11343954260996833
0.13777999725913323
0.14107991057825062
0.1531175180790352
0.1629011473789838
0.1690815618959129
0.2097426139838739
0.2131559764466133
0.2839421013020065
0.2885858431926124
0.30025897590181805
0.30250166892609526
0.3073635112334679
0.3134454117968615
0.31482604659397667
0.49096038466868364
0.4910386377933817
0.49438654750705896
0.4946736690102759
0.496567856030189
0.4986222101736196
0.49940422318207783
1.1069408093550406
1.1118298036217784
1.114625142134633
1.1157139904147018
1.116346913757181
1.1172972650209778
1.1182288383719103
1.3316472882729347
1.3390175117511565
1.352818447405704
1.3604640282298288
1.3644812155893415
1.3718021597498027
1.3747495549518458
1.3824074604823742
1.3844952946560491
1.4115760338561436
1.4180757370526003
1.4282249337783408
1.4343537806078606
1.445423080322654
1.4643909568553795
1.4761613112920022
1.5317252031746829
1.5322223875250107
1.535121598147028
1.537817144483102
1.538683507663841
1.5433068867247008
1.5441679254969687
1.708893706702911
1.7232605997149408
1.740895061314409
1.7610168739732242
1.782584866067044
1.8044808689497176
1.8256393054318254
2.8289904830322614
2.844656951950198
2.860697983363455
2.876786775535509
2.8926291504070356
2.9079646040814255
2.922561607846706
2.937787449252636
2.9500804932504185
2.9611595500560255
2.9707156752107116
2.9783693176329282
2.9827288038360944
2.983426513512429
2.984917751499636
2.9854885276295042
3.0003795725410756
3.0010496467531023
3.0014591592603423
3.0023731092559007
3.0044126619149147
3.0071378329059306
3.00959739590534
3.0379563917130463
3.0398244892557593
3.0413795544121602
3.0426112690629843
3.043548430961055
3.0442511457638286
3.044787771753109
-2.4285971936914983
-2.4229069869404753
-2.4168855512440706
-2.410538847757713
-2.403875310420316
-2.3969107692084344
-2.3896702157649767
-2.36164723620518
-2.3562147380536396
-2.3506961893892986
-2.3453584961621052
-2.3400712496455514
-2.334814091133008
-2.3295998092734282
-2.321022135335818
-2.316503279085373
-2.3095912028979506
-2.3043617462169186
-2.2988417456795656
-2.2931116206976534
-2.2871816403717338
-2.2807126569413314
-2.2745760161478374
-2.2470930827488638
-2.2392309166610773
-2.2315347336729867
-2.2241568022594094
-2.2172301966741452
-2.210873624642994
-2.2053407457508336
-2.0599707462339207
-2.054071100584919
-2.047438702442339
-2.0402093363431137
-2.0325151899337865
-2.024493169262476
-2.016291113692314
-1.8149095013682235
-1.8060735987347698
-1.7965584559047456
-1.7865361878898334
-1.7762644616623866
-1.7662011123177914
-1.7572801987873716
-1.7111062656435827
-1.6987197430912802
-1.6908777222049902
-1.686293757269998
-1.6839506531760016
-1.676618153988816
-1.6763508794216968
-1.6578899586766085
-1.6574939549729757
-1.6356414766054832
-1.6330495862819407
-1.6312565416581746
-1.6287475311169246
-1.6224242992269036
-1.6104987516316758
-1.6010196356560595
-1.579458349793009
-1.5772235634900056
-1.577092538934189
-1.5752281414084652
-1.574766139907685
-1.5716507462441789
-1.5712026821424283
-0.7404447538896568
-0.7400731611454813
-0.7398786959634541
-0.7396539103560301
-0.7388268812726655
-0.7385118421165601
-0.7384356131990755
-0.5867479443970385
-0.5850763788490786
-0.5800971350941458
-0.5759364485692066
-0.5752215789872441
-0.5653882191468589
-0.5568559522231066
-0.47044172056458367
-0.4615253440466374
-0.44265827211160014
-0.44081551522681894
-0.42816268116728123
-0.4216834315700232
-0.4164872406662368
-0.37779843416096565
-0.3766341417964476
-0.31127814692886563
-0.30859965750481516
-0.2948986410122358
-0.289249865058856
-0.2771846502248116
-0.26045611552893216
-0.25878279401534726
-0.09759069446605122
-0.09558907773337147
-0.08434527380354825
-0.07992171369423857
-0.07258888302133161
-0.06125022288026351
-0.058748819171314054
0.11223048557491642
0.11394251656982715
0.13620701782019753
0.14407028783679987
0.15025950826526321
0.16544550050820878
0.16765901184455517
0.20920797687066847
0.2124573915505727
0.2832173621021073
0.2875356698525394
0.2995942670276524
0.30367690671136754
0.30616792617861455
0.313938181025075
0.3144366477283018
0.49087318296019
0.4911431338561668
0.4941229211174161
0.4950484895596387
0.4964202181994753
0.49866074313562475
0.499498698952315
1.1083705281750993
1.11270416876277
1.1149909756523948
1.1158760276332822
1.1165228770338005
1.117507454393034
1.1184904004919936
1.3332849802813702
1.3411958173135063
1.3548542970646338
1.3617397065487626
1.364633068366056
1.372091322561393
1.3750824494940996
1.3825707426248306
1.3844961765219213
1.4130529383474912
1.419722361109836
1.4294519158069763
1.4364979156684627
1.4490031768337424
1.4681036799210976
1.4775202684421553
1.5318807585373218
1.532335585904457
1.534774659797612
1.5373424433211662
1.5392721189715524
1.5430964442739825
1.5469890553925665
1.712151955373774
1.7273868248567776
1.7457300222679129
1.7663169128507257
1.7880713286493415
1.8098789066414729
1.8306998190229886
2.8251732837733616
2.8406918121255176
2.856671008997847
2.872776774422961
2.888706458034475
2.904191338336607
2.9189934562831614
2.9345386636689166
2.9471194517372092
2.9585248228759835
2.968485242163794
2.9766664850692544
2.9824567254115433
2.9833484455189607
2.9852235313724025
2.98528116154603
3.000105531576561
3.0009308589803863
3.001343710853653
3.0020505005121243
3.003801956273303
3.006450176605231
3.0090439372609477
3.037445217206225
3.039385548866909
3.0410214007485994
3.0423326943242177
3.043338917232563
3.0440938619461737
3.0446655260566624
-2.4285971936915
-2.4229069869404785
-2.416885551244067
-2.4105388477577177
-2.403875310420315
-2.3969107692084344
-2.3896702157649794
-2.36164723620513
-2.3562147380539433
-2.350696189389263
-2.3453584961538123
-2.340071249695118
-2.334814090976707
-2.3295998095502064
-2.3210221344330555
-2.3165032806906014
-2.309591200420535
-2.3043617494628026
-2.298841742879413
-2.2931116224574204
-2.2871816395872155
-2.2807126571742042
-2.2745760161065975
-2.247093082749583
-2.239230916660884
-2.231534733672484
-2.2241568022600404
-2.2172301966737655
-2.2108736246431158
-2.205340745750817
-2.0599707462339176
-2.054071100584918
-2.0474387024423395
-2.0402093363431137
-2.0325151899337874
-2.0244931692624784
-2.016291113692315
-1.8149095013682213
-1.8060735987347676
-1.796558455904733
-1.786536187889886
-1.776264461662243
-1.7662011123179697
-1.757280198787317
-1.7111062656279485
-1.6987197429914755
-1.6908777340706234
-1.6862936577769465
-1.6839507923894355
-1.6766170151020814
-1.6763519725222946
-1.6578898574763392
-1.6574940491108405
-1.6356418080167918
-1.6330481657167528
-1.6312581709241112
-1.6287469537317842
-1.6224243395784081
-1.6104987496543184
-1.601019635951411
-1.5794583470624453
-1.5772237904629565
-1.5770922918857229
-1.5752282131464281
-1.5747660894740438
-1.5716507498449566
-1.5712026800249401
-0.7404442912061495
-0.740078117283606
-0.7398688952909426
-0.7396600521657678
-0.7388243633904922
-0.738516579794708
-0.7384325588112421
-0.5867478536790252
-0.5850765865310122
-0.5800966630713029
-0.5759386534618196
-0.5752196964998892
-0.5653882562753191
-0.5568559478784658
-0.47044156854227154
-0.4615259479533965
-0.4426393804324641
-0.440837551998752
-0.42815564571750997
-0.42168683988654415
-0.4164874271519807
-0.3777950282905964
-0.3766374195157141
-0.31127677776336626
-0.3086013153956836
-0.2948978184539756
-0.2892505474799123
-0.2771843824996563
-0.260456575240776
-0.2587824251907367
-0.0975900016384808
-0.09558989520399545
-0.08434694875708906
-0.07991785015169427
-0.0725919397286136
-0.06124758000086627
-0.0587504692104945
0.11222905426987641
0.11394420085592546
0.1362095647878361
0.14405379544313
0.15028165170075192
0.1654016198957185
0.16769484343028926
0.20920593734757115
0.21245902685402607
0.28322463506304807
0.2875192998567693
0.2996813862954124
0.30347539549597613
0.3063097938451681
0.31385071719587476
0.3145057351081009
0.4908734758046737
0.49114279401240607
0.494122793377866
0.4950489875693883
0.49641975361335633
0.4986609994731597
0.4994985839313433
1.1083705282454746
1.1127041631034047
1.1149911074651009
1.1158755814073404
1.1165233385633877
1.117507280961523
1.1184904323961498
1.3332850463941177
1.3411950687982672
1.354894460820967
1.361279577194004
1.3656241258768413
1.3704793699985385
1.3768898427141378
1.381138685635747
1.3851701566498653
1.41302108804888
1.4197598481508102
1.4294309739293816
1.436506157237546
1.4490024499646101
1.4681036842798028
1.477520282691566
1.5318577887595202
1.5323683428489374
1.5347563411018803
1.5373569859901066
1.5392655188320246
1.5430970758492664
1.5469890113381672
1.712151955373775
1.7273868248567767
1.7457300222679133
1.7663169128507255
1.788071328649342
1.8098789066414722
1.830699819022989
2.8251732837733616
2.8406918121255162
2.8566710089978438
2.872776774422963
2.888706458034475
2.9041913383366067
2.9189934562831628
2.9345386636689157
2.9471194517372097
2.9585248228759835
2.968485242163795
2.976666485069253
2.982456725411546
2.9833484455189536
2.985223531372486
2.9852811615459514
3.000105531576621
3.0009308589799932
3.001343710854141
3.002050500511956
3.003801956273317
3.00645017660523
3.0090439372609494
3.0374452172062236
3.0393855488669073
3.0410214007486003
3.0423326943242173
3.0433389172325604
3.0440938619461724
3.0446655260566633
-2.4285971936914987
-2.422906986940479
-2.4168855512440697
-2.4105388477577128
-2.4038753104203154
-2.396910769208433
-2.38967021576498
-2.3616472362053016
-2.3562147380517793
-2.350696189403945
-2.345358496091507
-2.3400712498763205
-2.3348140906091754
-2.329599810014762
-2.321022133487786
-2.316503282011342
-2.3095911990567144
-2.304361750690502
-2.2988417422804757
-2.293111622550006
-2.2871816396760534
-2.2807126571034293
-2.2745760161275346
-2.2470930827472033
-2.239230916664352
-2.231534733669715
-2.2241568022615117
-2.2172301966732424
-2.2108736246432366
-2.205340745750803
-2.0599707462339216
-2.0540711005849164
-2.047438702442339
-2.040209336343112
-2.032515189933787
-2.024493169262475
-2.0162911136923123
-1.8149095013682253
-1.8060735987347716
-1.7965584559047199
-1.7865361878899126
-1.776264461662266
-1.766201112317797
-1.7572801987875057
-1.7111062656482001
-1.698719741780565
-1.690877753202164
-1.6862935679272988
-1.683950885349862
-1.6766168764125162
-1.6763520864236068
-1.6578900920493915
-1.6574938131153356
-1.6356420187191796
-1.6330475142580867
-1.6312587453665743
-1.6287468271905765
-1.622424336709535
-1.6104987508240955
-1.6010196356265747
-1.5794583438075753
-1.5772242412869883
-1.5770917923223229
-1.5752283839448216
-1.5747659669774998
-1.5716507588161357
-1.5712026747840795
-0.7404438510746131
-0.7400825905248438
-0.7398592540256878
-0.7396664909528681
-0.7388217755517424
-0.7385211921817798
-0.7384297036313733
-0.5867477703184876
-0.5850767876942776
-0.5800961277239588
-0.5759415007424269
-0.57521720817275
-0.5653883285979004
-0.5568559339746806
-0.4704415696886991
-0.46152601850401853
-0.44262795704285984
-0.44085269122324344
-0.42814122348180533
-0.421706292687304
-0.4164783314481717
-0.37779994248398024
-0.37663275355844417
-0.3112724033121381
-0.30860850342241003
-0.29488591776558776
-0.2892624967856537
-0.2771808345571178
-0.2604593770466441
-0.2587803388348292
-0.09759187727023583
-0.09558676747868709
-0.08435480009865264
-0.0799074959792023
-0.07259672853993425
-0.06124524990516061
-0.05875176511586153
0.11223158630001259
0.11394084362907042
0.13622198177830508
0.1440190473257512
0.15031201520757365
0.1653777880574801
0.16771134588944306
0.20920749114256323
0.21245754894900198
0.28322873370010604
0.28751243224749096
0.29968835020596607
0.3034795264832755
0.30629715923900086
0.31387458208471386
0.3144862250593951
0.4908689963073354
0.4911485938415597
0.49411277205007176
0.4950633710982341
0.4964127593243991
0.49866313352797764
0.49949776163260545
1.108370528580801
1.11270414381807
1.114991496697133
1.1158743333612446
1.1165245831720931
1.1175068365445484
1.1184905099684903
1.333285092572778
1.3411946799779908
1.3549051018489129
1.3612219923741318
1.3657064183441479
1.3704797863331644
1.3767128058892795
1.3813999936833303
1.385045993678858
1.4130471995627323
1.4197217338801016
1.4294601653783832
1.436491422050971
1.4490046962235172
1.4681033504534884
1.477520388468736
1.5318435556933576
1.5323890000243225
1.5347449343613435
1.537365217961749
1.5392619955581446
1.5430973645333113
1.5469889942522386
1.7121519553737734
1.7273868248567765
1.745730022267912
1.7663169128507266
1.7880713286493417
1.8098789066414733
1.83069981902299
2.8251732837733616
2.840691812125516
2.856671008997847
2.87277677442296
2.8887064580344752
2.9041913383366054
2.9189934562831628
2.9345386636689166
2.9471194517372097
2.9585248228759844
2.9684852421637933
2.9766664850692526
2.9824567254115433
2.9833484455189585
2.9852235313724305
2.985281161546005
3.000105531576569
3.0009308589803423
3.001343710853705
3.002050500512106
3.0038019562733043
3.0064501766052314
3.009043937260948
3.0374452172062254
3.0393855488669077
3.0410214007485994
3.0423326943242164
3.0433389172325622
3.0440938619461724
3.044665526056663
-2.4285971936915014
-2.422906986940478
-2.4168855512440706
-2.4105388477577137
-2.4038753104203154
-2.3969107692084335
-2.3896702157649785
-2.3616472362053496
-2.3562147380514724
-2.35069618940398
-2.3453584960998004
-2.3400712498267575
-2.3348140907654797
-2.3295998097379833
-2.321022134390548
-2.316503280406121
-2.309591201534127
-2.3043617474446214
-2.298841745080631
-2.2931116207902424
-2.287181640460574
-2.2807126568705587
-2.274576016168786
-2.2470930827464852
-2.2392309166645474
-2.2315347336702165
-2.224156802260875
-2.2172301966736194
-2.2108736246431118
-2.205340745750823
-2.0599707462339176
-2.0540711005849195
-2.0474387024423395
-2.0402093363431146
-2.032515189933789
-2.024493169262471
-2.016291113692315
-1.814909501368224
-1.8060735987347702
-1.7965584559047267
-1.7865361878898574
-1.776264461662411
-1.7662011123176204
-1.7572801987875664
-1.7111062656638303
-1.6987197418803706
-1.6908777413367475
-1.686293667428014
-1.6839507461292773
-1.676618016346516
-1.6763509922749964
-1.6578901931338952
-1.6574937190932455
-1.635641687407852
-1.6330489355459095
-1.6312571153860105
-1.6287474044677106
-1.6224242963580475
-1.6104987528014545
-1.6010196353312258
-1.5794583465381646
-1.5772240160008848
-1.5770920376869666
-1.575228312237941
-1.574766017377023
-1.5716507552154202
-1.5712026769014944
-0.7404443168003771
-0.7400779273006788
-0.7398691964306775
-0.7396599157763524
-0.7388243237687102
-0.7385167161258877
-0.7384324617402281
-0.5867478610526665
-0.5850765800090385
-0.5800965998816108
-0.5759393103526133
-0.5752190760106642
-0.565388291468443
-0.5568559383192883
-0.4704417217112228
-0.4615254146089636
-0.44264713306462034
-0.4408303752176548
-0.4281482731540287
-0.42170286681162544
-0.41647814317128157
-0.37780332117825816
-0.37662950302214426
-0.3112737784007933
-0.30860683992636173
-0.29488674256277453
-0.28926181197977996
-0.2771811021293025
-0.26045891846199465
-0.2587807065132136
-0.0975925683701825
-0.095585951687584
-0.08435313356935216
-0.07991135495483177
-0.07259366844316376
-0.06124789492608832
-0.058750112515402304
0.11223302278173769
0.11393915421492098
0.13621941699620105
0.14403539951769984
0.15029001068603096
0.16542102250033572
0.16767617953408614
0.20920953233615194
0.2124559119679157
0.2832214390730758
0.28752881375438794
0.29960101423239655
0.3036823853151017
0.3061542238295354
0.313969288327478
0.31440984225329993
0.4908687146819086
0.4911489225627201
0.4941128944101364
0.49506287372096697
0.4964132281861531
0.49866287715919494
0.49949787705973375
1.108370528510423
1.112704149477167
1.1149913646845377
1.115874778447356
1.11652412277591
1.1175070101707663
1.1184904780762135
1.3332850264577003
1.3411954283752483
1.3548646293678557
1.3616611313044187
1.3647261978357739
1.372150765556261
1.3749118798736362
1.3829488074964589
1.3842002335799704
1.4130792927437867
1.4196840858699273
1.4294810665459399
1.4364831314104811
1.449005422511649
1.4681033460929
1.4775203742197511
1.5318647462897217
1.5323579186882779
1.5347632940785776
1.5373507016606285
1.5392686316542756
1.5430967331838341
1.5469890383079088
1.7121519553737725
1.7273868248567767
1.7457300222679142
1.7663169128507272
1.7880713286493422
1.8098789066414727
1.8306998190229904
2.8251732837733616
2.8406918121255185
2.856671008997847
2.872776774422962
2.8887064580344743
2.9041913383366076
2.91899345628316
2.934538663668917
2.947119451737209
2.9585248228759835
2.9684852421637933
2.976666485069252
2.9824567254115415
2.9833484455189643
2.9852235313723496
2.985281161546081
3.0001055315765086
3.000930858980735
3.001343710853218
3.002050500512274
3.0038019562732887
3.0064501766052305
3.009043937260949
3.0374452172062263
3.0393855488669086
3.041021400748598
3.0423326943242186
3.0433389172325613
3.0440938619461715
3.044665526056665
