-2.6070082222899282
-2.6066667269776564
-2.605219758357466
-2.603766112108741
-2.601142613303049
-2.597389007232283
-1.9406905296110566
-1.9118867727753346
-1.8892339661291362
-1.875189056506034
-1.8610778790703908
-1.8573997319559543
-1.4273466824249368
-1.4207838233521441
-1.3879309071932109
-1.3636044695853191
-1.3178746273208601
-1.255804136578751
-1.1624413448412423
-0.41598401223338616
-0.32309129340626447
-0.25238813060940285
-0.18818937762852064
-0.15976876395489567
-0.009383542293841042
0.009383542293840674
0.15976876395489514
0.18818937762851867
0.2523881306094027
0.32309129340626375
0.4159840122333865
1.162441344841242
1.2558041365787511
1.3178746273208601
1.3636044695853176
1.3879309071932115
1.420783823352144
1.4273466824249368
1.8573997319559576
1.861077879070393
1.8751890565060356
1.8892339661291384
1.9118867727753344
1.9406905296110566
2.597389007232282
2.6011426133030486
2.6037661121087394
2.6052197583574643
2.606666726977656
2.607008222289927
-2.607060391044197
-2.606578852184227
-2.605282460811334
-2.6037333477482876
-2.6011489127079863
-2.597388475772518
-1.9406931802167355
-1.9118474306879272
-1.8894807118225345
-1.8746288519399392
-1.8619775180232976
-1.8568501326842426
-1.428459753678003
-1.4189715530288352
-1.3894608290066945
-1.3625373419765507
-1.3181523440643261
-1.2557597512367171
-1.162444551892023
-0.4159680493132376
-0.3233013912963168
-0.25130065495742165
-0.1917120235714653
-0.15654937236173583
-0.013904326625003415
0.013904326625003991
0.15654937236173455
0.1917120235714641
0.25130065495742127
0.3233013912963163
0.4159680493132377
1.1624445518920234
1.2557597512367187
1.3181523440643266
1.3625373419765514
1.3894608290066952
1.4189715530288358
1.4284597536780037
1.8568501326842433
1.8619775180232994
1.8746288519399392
1.8894807118225356
1.911847430687928
1.9406931802167362
2.5973884757725183
2.6011489127079868
2.603733347748287
2.605282460811334
2.6065788521842266
2.6070603910441963
-2.6071425665928256
-2.606391130072162
-2.605447177578661
-2.603660019289179
-2.601164352300619
-2.597387194433715
-1.9406995730983883
-1.911751279424922
-1.890037202243314
-1.8731301021052245
-1.8638875281953968
-1.855971873117378
-1.4301765049151849
-1.4152257482649546
-1.3932035391257909
-1.360230615707391
-1.3188446330202677
-1.2556531094683894
-1.1624522968891722
-0.4159294450791693
-0.32379899836229337
-0.2484304851363729
-0.19882655567777027
-0.15036344535877116
-0.02139404318768252
0.02139404318768283
0.15036344535877041
0.19882655567776858
0.24843048513637137
0.32379899836229253
0.41592944507916824
1.162452296889172
1.2556531094683896
1.3188446330202672
1.3602306157073907
1.3932035391257918
1.4152257482649553
1.4301765049151847
1.8559718731173782
1.8638875281953984
1.8731301021052258
1.8900372022433147
1.9117512794249236
1.9406995730983898
2.597387194433713
2.6011643523006183
2.6036600192891783
2.6054471775786614
2.606391130072161
2.6071425665928256
-2.6072002336554863
-2.6061630279122037
-2.6056702056692647
-2.6035929219049767
-2.6011801356075046
-2.597385915516343
-1.9407059571695164
-1.9116534079906544
-1.8905496175850527
-1.8710592536945063
-1.8661596800214504
-1.855349374531652
-1.4313707385335
-1.4110107667375291
-1.3976600697667603
-1.3581663291132704
-1.3195716364543533
-1.2555471838821854
-1.162460045413252
-0.41589074658560465
-0.3242837730002692
-0.24505164654515654
-0.20530647197523524
-0.14524179835619133
-0.027170989182395584
0.02717098918239525
0.1452417983561902
0.2053064719752337
0.2450516465451553
0.32428377300026895
0.41589074658560415
1.1624600454132532
1.255547183882187
1.319571636454353
1.3581663291132688
1.3976600697667592
1.411010766737528
1.4313707385335002
1.8553493745316523
1.866159680021449
1.8710592536945043
1.8905496175850538
1.9116534079906553
1.9407059571695173
2.5973859155163437
2.601180135607504
2.6035929219049767
2.605670205669265
2.6061630279122037
2.607200233655487
-2.6072203410150894
-2.6059208926335673
-2.605912487643546
-2.603566553422902
-2.601186779072077
-2.597385386478021
-1.9407085989646458
-1.91161234468985
-1.8907514248742514
-1.8691207968539918
-1.868152687212781
-1.855131327722338
-1.431786140714653
-1.4084364628685724
-1.4003555875394418
-1.357357667448211
-1.3198842741412242
-1.2555035147861715
-1.162463255990967
-0.4158746894050786
-0.32448102114865784
-0.24341737605313565
-0.20802884676127759
-0.14328995758972832
-0.029322642929999147
0.02932264292999787
0.14328995758972835
0.2080288467612796
0.24341737605313682
0.32448102114865846
0.4158746894050807
1.162463255990966
1.2555035147861717
1.3198842741412231
1.3573576674482115
1.4003555875394422
1.408436462868573
1.4317861407146535
1.855131327722337
1.8681526872127825
1.8691207968539925
1.8907514248742505
1.9116123446898492
1.9407085989646458
2.597385386478022
2.6011867790720777
2.603566553422903
2.605912487643547
2.605920892633568
2.6072203410150885
-2.607200233655486
-2.6061630279122032
-2.6056702056692647
-2.6035929219049767
-2.601180135607504
-2.597385915516343
-1.9407059571695164
-1.9116534079906542
-1.890549617585053
-1.8710592536945057
-1.86615968002145
-1.8553493745316523
-1.4313707385335008
-1.4110107667375291
-1.3976600697667603
-1.3581663291132697
-1.3195716364543533
-1.2555471838821861
-1.1624600454132525
-0.41589074658560377
-0.3242837730002688
-0.24505164654515493
-0.20530647197523305
-0.14524179835619094
-0.027170989182395546
0.027170989182395574
0.14524179835619042
0.20530647197523486
0.24505164654515604
0.32428377300026906
0.4158907465856046
1.162460045413253
1.2555471838821863
1.3195716364543537
1.358166329113269
1.397660069766758
1.411010766737529
1.4313707385335002
1.8553493745316525
1.866159680021451
1.8710592536945074
1.8905496175850522
1.911653407990655
1.9407059571695175
2.5973859155163423
2.6011801356075024
2.603592921904977
2.6056702056692633
2.6061630279122023
2.607200233655484
-2.607142566592827
-2.606391130072161
-2.6054471775786614
-2.6036600192891792
-2.601164352300619
-2.5973871944337152
-1.940699573098388
-1.911751279424922
-1.8900372022433154
-1.8731301021052258
-1.8638875281953982
-1.8559718731173784
-1.4301765049151844
-1.4152257482649542
-1.393203539125791
-1.3602306157073896
-1.318844633020267
-1.2556531094683896
-1.1624522968891713
-0.4159294450791692
-0.3237989983622928
-0.24843048513637242
-0.19882655567776866
-0.15036344535877108
-0.0213940431876821
0.02139404318768313
0.15036344535877127
0.19882655567776883
0.24843048513637223
0.32379899836229337
0.4159294450791687
1.1624522968891713
1.255653109468391
1.318844633020268
1.36023061570739
1.393203539125791
1.4152257482649542
1.4301765049151849
1.8559718731173795
1.8638875281953975
1.8731301021052247
1.8900372022433163
1.9117512794249225
1.9406995730983883
2.5973871944337144
2.6011643523006187
2.603660019289181
2.60544717757866
2.606391130072162
2.607142566592826
-2.607060391044196
-2.6065788521842275
-2.605282460811333
-2.603733347748287
-2.601148912707986
-2.5973884757725174
-1.9406931802167353
-1.911847430687927
-1.889480711822534
-1.874628851939939
-1.8619775180232974
-1.8568501326842417
-1.4284597536780035
-1.418971553028836
-1.3894608290066945
-1.3625373419765519
-1.3181523440643264
-1.2557597512367176
-1.1624445518920223
-0.4159680493132376
-0.32330139129631646
-0.2513006549574219
-0.1917120235714663
-0.15654937236173533
-0.013904326625002399
0.013904326625005143
0.15654937236173475
0.19171202357146536
0.2513006549574212
0.3233013912963164
0.41596804931323744
1.1624445518920234
1.2557597512367178
1.318152344064326
1.3625373419765512
1.3894608290066945
1.4189715530288363
1.4284597536780033
1.8568501326842404
1.8619775180232956
1.8746288519399372
1.8894807118225334
1.9118474306879263
1.9406931802167342
2.597388475772519
2.601148912707986
2.603733347748288
2.605282460811335
2.6065788521842292
2.607060391044198
-2.6070082222899265
-2.6066667269776564
-2.605219758357466
-2.603766112108742
-2.6011426133030495
-2.597389007232282
-1.9406905296110564
-1.9118867727753344
-1.8892339661291369
-1.875189056506034
-1.8610778790703917
-1.8573997319559545
-1.4273466824249366
-1.4207838233521441
-1.387930907193211
-1.3636044695853187
-1.3178746273208604
-1.2558041365787513
-1.1624413448412427
-0.4159840122333855
-0.32309129340626436
-0.25238813060940274
-0.18818937762851948
-0.1597687639548957
-0.00938354229384197
0.009383542293839574
0.15976876395489623
0.18818937762851953
0.25238813060940396
0.32309129340626375
0.41598401223338566
1.1624413448412434
1.2558041365787507
1.3178746273208604
1.363604469585318
1.3879309071932109
1.4207838233521448
1.427346682424937
1.857399731955955
1.8610778790703915
1.8751890565060345
1.8892339661291362
1.911886772775335
1.940690529611057
2.5973890072322825
2.601142613303048
2.6037661121087408
2.605219758357466
2.6066667269776564
2.607008222289928
-2.6070082222899273
-2.606666726977657
-2.605219758357467
-2.6037661121087408
-2.601142613303049
-2.5973890072322825
-1.9406905296110568
-1.9118867727753344
-1.8892339661291355
-1.8751890565060334
-1.8610778790703915
-1.857399731955954
-1.4273466824249357
-1.4207838233521437
-1.38793090719321
-1.3636044695853196
-1.3178746273208592
-1.2558041365787511
-1.1624413448412418
-0.4159840122333868
-0.32309129340626425
-0.2523881306094033
-0.18818937762852195
-0.15976876395489617
-0.00938354229383997
0.00938354229384188
0.1597687639548959
0.18818937762852198
0.252388130609403
0.3230912934062654
0.41598401223338566
1.1624413448412418
1.2558041365787507
1.3178746273208597
1.3636044695853209
1.3879309071932096
1.4207838233521455
1.4273466824249372
1.8573997319559539
1.8610778790703906
1.8751890565060352
1.8892339661291357
1.911886772775335
1.9406905296110564
2.597389007232283
2.6011426133030473
2.6037661121087408
2.6052197583574657
2.6066667269776556
2.607008222289927
-2.6070886811412723
-2.60652296994502
-2.605328191195624
-2.6037110972760447
-2.6011534004845145
-2.5973881002256665
-1.9406950535624916
-1.9118194420131471
-1.8896490320767707
-1.8742163872688642
-1.8625486687142403
-1.8565491634811895
-1.4290538778036084
-1.4178408140586582
-1.3905364876354103
-1.3618279688000796
-1.3183518094121414
-1.2557284416493104
-1.1624468199841764
-0.41595675212299754
-0.32344852065753005
-0.2504993648985676
-0.1939358480671524
-0.15456553578317098
-0.016407956341169108
0.016407956341170354
0.15456553578317098
0.19393584806715378
0.2504993648985679
0.3234485206575307
0.41595675212299776
1.162446819984175
1.2557284416493095
1.3183518094121407
1.3618279688000754
1.3905364876354096
1.4178408140586563
1.429053877803607
1.8565491634811886
1.8625486687142405
1.8742163872688646
1.8896490320767754
1.911819442013146
1.9406950535624907
2.5973881002256665
2.6011534004845145
2.603711097276046
2.605328191195623
2.6065229699450194
2.607088681141272
-2.6071611323617456
-2.6063333302423235
-2.6055024122854493
-2.6036398071933795
-2.6011689385866217
-2.597386819597239
-1.940701443860595
-1.9117227953427138
-1.8901913299825654
-1.8726204321128084
-1.8644695326135807
-1.8557719460138768
-1.4305615679064352
-1.4141077404398827
-1.3943805585005156
-1.3596063609537923
-1.3190537370363713
-1.255622011000957
-1.162454566013928
-0.41591812033858117
-0.32394227408840437
-0.24750571123702184
-0.2007442853649506
-0.1487875078047053
-0.02319689743519059
0.023196897435191058
0.14878750780470634
0.20074428536495098
0.2475057112370236
0.32394227408840554
0.41591812033858166
1.1624545660139283
1.2556220110009573
1.3190537370363695
1.359606360953791
1.394380558500515
1.4141077404398807
1.4305615679064343
1.8557719460138757
1.864469532613584
1.8726204321128077
1.8901913299825703
1.9117227953427136
1.9407014438605967
2.597386819597238
2.6011689385866217
2.603639807193378
2.6055024122854498
2.606333330242322
2.607161132361746
-2.6072002336554867
-2.6061630279122023
-2.6056702056692638
-2.603592921904977
-2.601180135607505
-2.597385915516343
-1.9407059571695167
-1.911653407990655
-1.8905496175850527
-1.8710592536945065
-1.86615968002145
-1.855349374531652
-1.4313707385335002
-1.4110107667375287
-1.3976600697667594
-1.3581663291132693
-1.319571636454354
-1.255547183882185
-1.1624600454132534
-0.41589074658560454
-0.32428377300026945
-0.24505164654515593
-0.20530647197523166
-0.1452417983561901
-0.027170989182394006
0.027170989182396313
0.14524179835619125
0.2053064719752329
0.2450516465451568
0.3242837730002706
0.41589074658560465
1.1624600454132528
1.2555471838821854
1.3195716364543533
1.3581663291132686
1.3976600697667594
1.4110107667375265
1.4313707385335
1.855349374531652
1.866159680021451
1.8710592536945063
1.8905496175850534
1.911653407990656
1.9407059571695169
2.597385915516342
2.6011801356075024
2.603592921904975
2.605670205669263
2.606163027912203
2.6072002336554836
-2.607200233655486
-2.606163027912204
-2.6056702056692647
-2.6035929219049763
-2.6011801356075046
-2.5973859155163423
-1.9407059571695167
-1.911653407990655
-1.8905496175850518
-1.871059253694506
-1.866159680021449
-1.8553493745316523
-1.4313707385335
-1.4110107667375278
-1.397660069766759
-1.3581663291132724
-1.3195716364543542
-1.2555471838821848
-1.1624600454132517
-0.4158907465856049
-0.3242837730002699
-0.24505164654515643
-0.20530647197523383
-0.14524179835619067
-0.02717098918239538
0.0271709891823953
0.14524179835618986
0.2053064719752364
0.24505164654515604
0.3242837730002687
0.41589074658560365
1.1624600454132537
1.255547183882186
1.3195716364543533
1.3581663291132677
1.3976600697667607
1.4110107667375285
1.4313707385335015
1.8553493745316516
1.8661596800214522
1.8710592536945059
1.8905496175850547
1.911653407990655
1.9407059571695155
2.5973859155163415
2.601180135607503
2.603592921904973
2.6056702056692638
2.606163027912203
2.6072002336554845
-2.607161132361746
-2.6063333302423226
-2.60550241228545
-2.6036398071933795
-2.601168938586622
-2.5973868195972387
-1.940701443860595
-1.9117227953427136
-1.8901913299825661
-1.8726204321128086
-1.8644695326135812
-1.8557719460138764
-1.4305615679064347
-1.4141077404398814
-1.394380558500515
-1.3596063609537907
-1.3190537370363706
-1.255622011000958
-1.162454566013928
-0.4159181203385817
-0.3239422740884048
-0.24750571123702275
-0.20074428536495123
-0.14878750780470712
-0.023196897435190548
0.02319689743518996
0.14878750780470568
0.20074428536494582
0.24750571123702192
0.32394227408840465
0.4159181203385815
1.162454566013929
1.2556220110009586
1.3190537370363706
1.3596063609537914
1.394380558500516
1.4141077404398843
1.4305615679064354
1.8557719460138753
1.8644695326135838
1.872620432112808
1.8901913299825692
1.911722795342713
1.940701443860596
2.597386819597238
2.601168938586621
2.603639807193378
2.6055024122854498
2.606333330242322
2.6071611323617456
-2.607088681141273
-2.60652296994502
-2.605328191195624
-2.603711097276045
-2.6011534004845145
-2.5973881002256665
-1.9406950535624916
-1.9118194420131476
-1.8896490320767712
-1.8742163872688646
-1.8625486687142392
-1.856549163481189
-1.4290538778036077
-1.417840814058658
-1.3905364876354094
-1.3618279688000774
-1.3183518094121407
-1.25572844164931
-1.162446819984176
-0.4159567521229982
-0.32344852065753005
-0.25049936489856794
-0.19393584806715455
-0.1545655357831711
-0.016407956341169164
0.016407956341170444
0.15456553578317017
0.19393584806715508
0.25049936489856633
0.3234485206575305
0.41595675212299754
1.162446819984176
1.2557284416493102
1.31835180941214
1.3618279688000776
1.3905364876354094
1.4178408140586574
1.4290538778036073
1.8565491634811904
1.8625486687142405
1.8742163872688649
1.8896490320767725
1.9118194420131471
1.9406950535624912
2.5973881002256647
2.6011534004845136
2.603711097276046
2.6053281911956208
2.6065229699450185
2.607088681141272
-2.607008222289928
-2.606666726977656
-2.6052197583574666
-2.6037661121087416
-2.6011426133030486
-2.597389007232283
-1.9406905296110561
-1.9118867727753348
-1.8892339661291369
-1.8751890565060334
-1.8610778790703921
-1.8573997319559545
-1.427346682424936
-1.4207838233521435
-1.3879309071932109
-1.3636044695853178
-1.3178746273208606
-1.255804136578751
-1.1624413448412432
-0.4159840122333858
-0.32309129340626425
-0.25238813060940296
-0.18818937762852211
-0.1597687639548952
-0.00938354229384132
0.009383542293840216
0.15976876395489603
0.18818937762852012
0.2523881306094021
0.32309129340626414
0.4159840122333862
1.1624413448412438
1.2558041365787516
1.317874627320859
1.3636044695853178
1.3879309071932104
1.420783823352144
1.4273466824249357
1.8573997319559545
1.8610778790703912
1.875189056506034
1.889233966129136
1.9118867727753348
1.9406905296110566
2.5973890072322834
2.60114261330305
2.6037661121087416
2.6052197583574666
2.606666726977657
2.6070082222899273
-2.606949880238049
-2.606748398179014
-2.605176258460531
-2.6037903283784294
-2.601138191730079
-2.5973893832834265
-1.9406886544333048
-1.9119144247897812
-1.8890526126887888
-1.8755736434351253
-1.8602499113575037
-1.8579987676010152
-1.426024412569705
-1.4225653690631597
-1.3868237875385678
-1.3644164466861968
-1.3176812056892633
-1.2558355978111442
-1.1624390774785496
-0.41599529004031394
-0.32294126329296535
-0.2531285800791444
-0.18522045542896132
-0.16254537929130713
-0.0038719721862140355
0.003871972186213259
0.16254537929130755
0.18522045542895937
0.2531285800791463
0.32294126329296563
0.41599529004031477
1.1624390774785502
1.255835597811145
1.3176812056892635
1.3644164466861965
1.3868237875385685
1.4225653690631597
1.426024412569706
1.8579987676010163
1.8602499113575057
1.8755736434351253
1.8890526126887908
1.9119144247897817
1.9406886544333053
2.5973893832834265
2.6011381917300773
2.603790328378428
2.605176258460529
2.6067483981790125
2.606949880238048
-2.607008222289927
-2.6066667269776556
-2.6052197583574648
-2.60376611210874
-2.6011426133030473
-2.5973890072322816
-1.940690529611055
-1.9118867727753353
-1.8892339661291369
-1.875189056506035
-1.8610778790703915
-1.8573997319559554
-1.427346682424936
-1.4207838233521437
-1.3879309071932104
-1.3636044695853187
-1.3178746273208601
-1.2558041365787513
-1.162441344841242
-0.41598401223338566
-0.32309129340626447
-0.2523881306094026
-0.18818937762852073
-0.15976876395489595
-0.009383542293840906
0.009383542293840745
0.1597687639548955
0.1881893776285203
0.2523881306094028
0.32309129340626364
0.4159840122333858
1.1624413448412436
1.255804136578751
1.31787462732086
1.3636044695853198
1.3879309071932107
1.4207838233521444
1.4273466824249372
1.8573997319559528
1.8610778790703906
1.875189056506034
1.8892339661291353
1.911886772775333
1.9406905296110573
2.5973890072322807
2.6011426133030473
2.6037661121087425
2.605219758357463
2.6066667269776573
2.6070082222899256
-2.607088681141273
-2.6065229699450194
-2.605328191195624
-2.6037110972760455
-2.601153400484515
-2.597388100225666
-1.9406950535624912
-1.9118194420131471
-1.8896490320767712
-1.8742163872688635
-1.86254866871424
-1.8565491634811886
-1.4290538778036073
-1.4178408140586574
-1.3905364876354092
-1.3618279688000778
-1.3183518094121407
-1.2557284416493113
-1.1624468199841749
-0.415956752122998
-0.3234485206575299
-0.25049936489856783
-0.19393584806715186
-0.15456553578317025
-0.016407956341169382
0.01640795634116979
0.15456553578317062
0.19393584806715033
0.2504993648985676
0.3234485206575303
0.4159567521229982
1.162446819984176
1.2557284416493113
1.318351809412141
1.3618279688000803
1.3905364876354105
1.4178408140586594
1.429053877803609
1.8565491634811881
1.862548668714242
1.8742163872688637
1.889649032076774
1.911819442013147
1.9406950535624905
2.5973881002256647
2.601153400484514
2.6037110972760487
2.6053281911956225
2.6065229699450185
2.607088681141271
-2.6071425665928256
-2.606391130072161
-2.605447177578662
-2.6036600192891792
-2.601164352300619
-2.597387194433715
-1.940699573098388
-1.9117512794249218
-1.8900372022433138
-1.8731301021052256
-1.8638875281953973
-1.8559718731173789
-1.430176504915185
-1.415225748264955
-1.3932035391257918
-1.3602306157073898
-1.318844633020267
-1.2556531094683903
-1.1624522968891722
-0.41592944507916924
-0.32379899836229337
-0.24843048513637225
-0.19882655567776975
-0.1503634453587706
-0.02139404318768353
0.021394043187682298
0.15036344535877033
0.19882655567776875
0.24843048513637
0.32379899836229253
0.41592944507916946
1.1624522968891708
1.2556531094683911
1.318844633020268
1.360230615707391
1.3932035391257924
1.4152257482649577
1.4301765049151864
1.8559718731173775
1.8638875281953986
1.873130102105224
1.8900372022433167
1.911751279424922
1.9406995730983885
2.5973871944337135
2.6011643523006187
2.6036600192891783
2.6054471775786596
2.6063911300721614
2.607142566592824
-2.6071611323617456
-2.6063333302423235
-2.6055024122854498
-2.603639807193379
-2.601168938586622
-2.597386819597239
-1.9407014438605947
-1.9117227953427138
-1.8901913299825674
-1.8726204321128086
-1.8644695326135805
-1.8557719460138768
-1.4305615679064345
-1.414107740439882
-1.3943805585005156
-1.3596063609537905
-1.3190537370363706
-1.2556220110009564
-1.1624545660139283
-0.41591812033858255
-0.3239422740884054
-0.24750571123702217
-0.20074428536494984
-0.14878750780470626
-0.023196897435190256
0.0231968974351903
0.14878750780470618
0.20074428536494998
0.24750571123702172
0.3239422740884047
0.4159181203385811
1.162454566013929
1.255622011000958
1.3190537370363695
1.3596063609537925
1.394380558500515
1.4141077404398805
1.4305615679064336
1.8557719460138782
1.8644695326135792
1.872620432112811
1.8901913299825666
1.911722795342714
1.9407014438605947
2.5973868195972405
2.6011689385866235
2.6036398071933813
2.6055024122854507
2.6063333302423235
2.607161132361747
-2.607142566592826
-2.606391130072162
-2.605447177578662
-2.6036600192891797
-2.6011643523006196
-2.597387194433715
-1.940699573098389
-1.9117512794249225
-1.890037202243314
-1.8731301021052258
-1.8638875281953968
-1.8559718731173787
-1.4301765049151844
-1.4152257482649544
-1.393203539125791
-1.3602306157073902
-1.3188446330202659
-1.2556531094683898
-1.1624522968891717
-0.41592944507916896
-0.32379899836229314
-0.24843048513637206
-0.1988265556777699
-0.15036344535877172
-0.021394043187683183
0.02139404318768249
0.15036344535877133
0.19882655567776789
0.24843048513637264
0.32379899836229353
0.4159294450791696
1.1624522968891704
1.2556531094683905
1.3188446330202663
1.360230615707391
1.3932035391257918
1.4152257482649566
1.4301765049151853
1.8559718731173782
1.8638875281954
1.8731301021052245
1.890037202243315
1.9117512794249223
1.9406995730983883
2.5973871944337144
2.6011643523006187
2.603660019289175
2.6054471775786605
2.606391130072162
2.6071425665928256
-2.6070886811412732
-2.60652296994502
-2.6053281911956248
-2.603711097276045
-2.6011534004845145
-2.5973881002256665
-1.9406950535624912
-1.911819442013147
-1.8896490320767705
-1.8742163872688642
-1.8625486687142399
-1.8565491634811886
-1.429053877803608
-1.417840814058656
-1.3905364876354096
-1.3618279688000767
-1.3183518094121405
-1.2557284416493106
-1.1624468199841753
-0.4159567521229981
-0.32344852065753055
-0.25049936489856794
-0.19393584806715355
-0.1545655357831717
-0.016407956341168976
0.01640795634116985
0.15456553578317148
0.1939358480671527
0.250499364898568
0.32344852065753055
0.41595675212299754
1.162446819984175
1.2557284416493106
1.318351809412141
1.3618279688000785
1.3905364876354083
1.4178408140586576
1.4290538778036084
1.8565491634811888
1.8625486687142399
1.8742163872688649
1.889649032076771
1.9118194420131467
1.9406950535624907
2.597388100225666
2.6011534004845136
2.603711097276047
2.605328191195625
2.6065229699450208
2.607088681141273
-2.607008222289926
-2.6066667269776564
-2.605219758357466
-2.60376611210874
-2.601142613303049
-2.5973890072322825
-1.940690529611057
-1.9118867727753344
-1.8892339661291362
-1.8751890565060345
-1.8610778790703908
-1.8573997319559545
-1.4273466824249363
-1.4207838233521437
-1.3879309071932109
-1.3636044695853182
-1.3178746273208595
-1.2558041365787507
-1.1624413448412425
-0.41598401223338627
-0.3230912934062648
-0.2523881306094037
-0.18818937762851998
-0.1597687639548966
-0.009383542293840632
0.009383542293840582
0.15976876395489623
0.18818937762852178
0.25238813060940285
0.32309129340626364
0.41598401223338555
1.162441344841243
1.2558041365787511
1.3178746273208608
1.3636044695853167
1.3879309071932107
1.4207838233521448
1.427346682424936
1.8573997319559548
1.8610778790703901
1.8751890565060343
1.8892339661291366
1.9118867727753353
1.9406905296110568
2.597389007232283
2.601142613303048
2.6037661121087416
2.6052197583574666
2.606666726977655
2.607008222289927
-2.6069498802380484
-2.6067483981790143
-2.60517625846053
-2.6037903283784303
-2.601138191730078
-2.5973893832834274
-1.9406886544333044
-1.9119144247897812
-1.8890526126887883
-1.875573643435126
-1.860249911357503
-1.8579987676010155
-1.4260244125697052
-1.42256536906316
-1.3868237875385676
-1.3644164466861957
-1.3176812056892624
-1.2558355978111437
-1.1624390774785498
-0.41599529004031427
-0.32294126329296596
-0.25312858007914546
-0.1852204554289604
-0.1625453792913069
-0.00387197218621346
0.003871972186214365
0.16254537929130625
0.18522045542896268
0.25312858007914496
0.32294126329296496
0.41599529004031366
1.1624390774785494
1.2558355978111433
1.3176812056892622
1.3644164466861952
1.3868237875385678
1.4225653690631535
1.4260244125697035
1.8579987676010163
1.8602499113575088
1.875573643435126
1.8890526126887894
1.911914424789781
1.9406886544333062
2.5973893832834283
2.6011381917300795
2.6037903283784334
2.6051762584605327
2.6067483981790143
2.606949880238049
-2.606949880238049
-2.6067483981790147
-2.605176258460531
-2.603790328378429
-2.601138191730078
-2.597389383283427
-1.940688654433304
-1.911914424789781
-1.8890526126887883
-1.8755736434351251
-1.860249911357506
-1.8579987676010152
-1.4260244125697048
-1.4225653690631583
-1.3868237875385683
-1.3644164466861963
-1.317681205689263
-1.255835597811144
-1.1624390774785502
-0.41599529004031477
-0.3229412632929654
-0.25312858007914446
-0.18522045542896237
-0.16254537929130763
-0.0038719721862127696
0.003871972186214609
0.1625453792913061
0.18522045542896007
0.2531285800791459
0.3229412632929658
0.4159952900403149
1.1624390774785496
1.255835597811144
1.3176812056892635
1.3644164466861968
1.386823787538568
1.4225653690631606
1.4260244125697055
1.8579987676010157
1.8602499113575064
1.8755736434351251
1.8890526126887859
1.9119144247897808
1.9406886544333048
2.5973893832834265
2.601138191730077
2.603790328378434
2.6051762584605305
2.6067483981790156
2.606949880238047
-2.607008222289927
-2.6066667269776556
-2.605219758357466
-2.6037661121087403
-2.601142613303049
-2.597389007232282
-1.9406905296110566
-1.9118867727753346
-1.8892339661291364
-1.8751890565060338
-1.8610778790703917
-1.8573997319559543
-1.4273466824249366
-1.420783823352145
-1.3879309071932104
-1.363604469585319
-1.3178746273208608
-1.2558041365787511
-1.1624413448412432
-0.41598401223338594
-0.3230912934062645
-0.25238813060940274
-0.188189377628521
-0.15976876395489614
-0.009383542293840374
0.009383542293841347
0.1597687639548956
0.18818937762852309
0.2523881306094037
0.3230912934062643
0.41598401223338555
1.1624413448412427
1.2558041365787513
1.3178746273208617
1.363604469585315
1.3879309071932107
1.4207838233521468
1.427346682424936
1.857399731955954
1.8610778790703901
1.8751890565060338
1.889233966129139
1.9118867727753353
1.9406905296110566
2.597389007232281
2.601142613303049
2.603766112108739
2.6052197583574634
2.6066667269776587
2.607008222289925
-2.6070603910441967
-2.6065788521842266
-2.6052824608113334
-2.603733347748288
-2.6011489127079868
-2.5973884757725174
-1.9406931802167358
-1.9118474306879276
-1.889480711822534
-1.874628851939939
-1.8619775180232974
-1.856850132684242
-1.4284597536780037
-1.418971553028837
-1.3894608290066952
-1.3625373419765514
-1.3181523440643268
-1.2557597512367176
-1.1624445518920228
-0.415968049313238
-0.32330139129631774
-0.25130065495742177
-0.191712023571465
-0.1565493723617354
-0.013904326625003058
0.013904326625004383
0.1565493723617346
0.19171202357146466
0.2513006549574216
0.32330139129631646
0.4159680493132377
1.162444551892024
1.2557597512367178
1.3181523440643272
1.3625373419765499
1.3894608290066957
1.4189715530288325
1.4284597536780042
1.8568501326842424
1.861977518023297
1.8746288519399403
1.8894807118225345
1.911847430687928
1.9406931802167353
2.597388475772518
2.6011489127079863
2.6037333477482862
2.6052824608113334
2.606578852184227
2.607060391044197
-2.6070886811412737
-2.60652296994502
-2.6053281911956234
-2.603711097276046
-2.601153400484515
-2.5973881002256665
-1.9406950535624914
-1.911819442013147
-1.8896490320767707
-1.8742163872688642
-1.8625486687142407
-1.8565491634811893
-1.4290538778036077
-1.4178408140586576
-1.3905364876354092
-1.3618279688000776
-1.3183518094121416
-1.25572844164931
-1.1624468199841764
-0.4159567521229976
-0.3234485206575299
-0.25049936489856633
-0.19393584806715228
-0.1545655357831702
-0.0164079563411689
0.016407956341170447
0.15456553578317062
0.19393584806715067
0.2504993648985665
0.3234485206575314
0.41595675212299776
1.1624468199841758
1.2557284416493109
1.318351809412142
1.3618279688000787
1.3905364876354103
1.4178408140586567
1.4290538778036086
1.8565491634811893
1.86254866871424
1.874216387268865
1.8896490320767687
1.9118194420131474
1.9406950535624914
2.597388100225667
2.6011534004845163
2.603711097276048
2.6053281911956248
2.6065229699450176
2.6070886811412737
-2.6070886811412737
-2.6065229699450208
-2.6053281911956243
-2.603711097276046
-2.6011534004845145
-2.5973881002256665
-1.940695053562491
-1.9118194420131474
-1.8896490320767707
-1.8742163872688635
-1.862548668714238
-1.8565491634811888
-1.4290538778036075
-1.4178408140586582
-1.3905364876354096
-1.361827968800078
-1.3183518094121403
-1.2557284416493106
-1.162446819984175
-0.41595675212299815
-0.323448520657531
-0.25049936489856767
-0.19393584806715167
-0.15456553578317017
-0.01640795634116957
0.016407956341170152
0.15456553578317117
0.19393584806715272
0.2504993648985677
0.3234485206575312
0.41595675212299843
1.1624468199841755
1.2557284416493106
1.318351809412141
1.3618279688000794
1.3905364876354103
1.4178408140586596
1.4290538778036084
1.856549163481189
1.8625486687142396
1.874216387268864
1.8896490320767678
1.9118194420131482
1.940695053562492
2.597388100225666
2.6011534004845154
2.603711097276046
2.6053281911956234
2.60652296994502
2.6070886811412723
-2.607060391044197
-2.606578852184227
-2.6052824608113343
-2.6037333477482876
-2.6011489127079863
-2.5973884757725174
-1.9406931802167353
-1.9118474306879276
-1.8894807118225339
-1.8746288519399386
-1.861977518023297
-1.856850132684241
-1.4284597536780033
-1.418971553028835
-1.389460829006695
-1.3625373419765514
-1.3181523440643264
-1.2557597512367182
-1.1624445518920241
-0.4159680493132375
-0.32330139129631674
-0.25130065495742177
-0.19171202357146575
-0.1565493723617355
-0.0139043266250033
0.013904326625004099
0.1565493723617352
0.1917120235714645
0.25130065495742165
0.32330139129631735
0.4159680493132385
1.1624445518920226
1.2557597512367176
1.3181523440643257
1.3625373419765505
1.3894608290066952
1.418971553028835
1.4284597536780028
1.8568501326842424
1.8619775180233
1.874628851939939
1.8894807118225352
1.911847430687928
1.9406931802167358
2.597388475772518
2.6011489127079868
2.6037333477482827
2.6052824608113316
2.606578852184228
2.6070603910441967
-2.6070082222899273
-2.6066667269776564
-2.605219758357466
-2.603766112108741
-2.6011426133030495
-2.597389007232283
-1.9406905296110564
-1.911886772775335
-1.889233966129136
-1.8751890565060338
-1.861077879070391
-1.8573997319559545
-1.427346682424936
-1.4207838233521428
-1.38793090719321
-1.3636044695853184
-1.3178746273208601
-1.2558041365787513
-1.1624413448412425
-0.41598401223338594
-0.3230912934062647
-0.2523881306094018
-0.18818937762852028
-0.15976876395489595
-0.00938354229384136
0.009383542293840474
0.15976876395489656
0.1881893776285213
0.25238813060940324
0.32309129340626475
0.4159840122333865
1.1624413448412423
1.2558041365787513
1.317874627320859
1.3636044695853178
1.3879309071932093
1.4207838233521413
1.4273466824249352
1.8573997319559543
1.8610778790703901
1.8751890565060354
1.8892339661291386
1.9118867727753341
1.9406905296110566
2.597389007232282
2.60114261330305
2.6037661121087416
2.6052197583574666
2.606666726977657
2.607008222289928
-2.607008222289927
-2.606666726977657
-2.605219758357466
-2.6037661121087408
-2.6011426133030495
-2.597389007232283
-1.9406905296110561
-1.9118867727753346
-1.8892339661291366
-1.8751890565060336
-1.861077879070391
-1.8573997319559543
-1.4273466824249361
-1.4207838233521426
-1.3879309071932102
-1.363604469585318
-1.3178746273208601
-1.2558041365787513
-1.162441344841243
-0.4159840122333855
-0.32309129340626414
-0.2523881306094034
-0.18818937762852
-0.15976876395489542
-0.009383542293840235
0.009383542293841293
0.15976876395489673
0.18818937762852203
0.2523881306094047
0.32309129340626475
0.41598401223338616
1.162441344841242
1.2558041365787502
1.3178746273208588
1.3636044695853171
1.3879309071932087
1.4207838233521413
1.427346682424935
1.8573997319559543
1.861077879070396
1.8751890565060336
1.889233966129136
1.9118867727753346
1.9406905296110564
2.5973890072322834
2.6011426133030495
2.603766112108741
2.6052197583574666
2.6066667269776556
2.6070082222899273
-2.6070082222899265
-2.606666726977657
-2.605219758357466
-2.6037661121087408
-2.601142613303049
-2.5973890072322825
-1.9406905296110566
-1.9118867727753353
-1.8892339661291364
-1.875189056506034
-1.861077879070392
-1.8573997319559548
-1.427346682424936
-1.4207838233521444
-1.3879309071932113
-1.3636044695853184
-1.3178746273208604
-1.255804136578751
-1.1624413448412425
-0.4159840122333861
-0.32309129340626397
-0.2523881306094027
-0.18818937762852003
-0.15976876395489528
-0.009383542293841234
0.0093835422938402
0.15976876395489678
0.1881893776285218
0.2523881306094033
0.3230912934062645
0.41598401223338577
1.162441344841242
1.2558041365787516
1.3178746273208612
1.3636044695853187
1.3879309071932104
1.4207838233521428
1.4273466824249366
1.8573997319559552
1.8610778790703897
1.8751890565060345
1.8892339661291369
1.9118867727753357
1.9406905296110561
2.5973890072322816
2.6011426133030473
2.6037661121087403
2.6052197583574648
2.606666726977655
2.607008222289925
-2.607008222289928
-2.606666726977657
-2.605219758357467
-2.6037661121087416
-2.601142613303049
-2.597389007232283
-1.9406905296110566
-1.9118867727753348
-1.8892339661291364
-1.8751890565060343
-1.8610778790703904
-1.857399731955954
-1.4273466824249363
-1.4207838233521446
-1.3879309071932109
-1.3636044695853191
-1.3178746273208612
-1.255804136578751
-1.1624413448412425
-0.4159840122333858
-0.32309129340626475
-0.2523881306094039
-0.1881893776285206
-0.15976876395489611
-0.009383542293841213
0.009383542293840422
0.15976876395489534
0.18818937762851964
0.2523881306094025
0.32309129340626475
0.4159840122333856
1.1624413448412425
1.2558041365787518
1.3178746273208617
1.3636044695853196
1.387930907193211
1.4207838233521446
1.427346682424937
1.857399731955954
1.8610778790703897
1.8751890565060345
1.8892339661291384
1.9118867727753357
1.9406905296110561
2.597389007232282
2.60114261330305
2.603766112108741
2.605219758357466
2.606666726977654
2.6070082222899273
-2.6070082222899265
-2.6066667269776556
-2.6052197583574657
-2.6037661121087408
-2.6011426133030486
-2.5973890072322825
-1.9406905296110566
-1.911886772775335
-1.8892339661291357
-1.8751890565060334
-1.861077879070392
-1.8573997319559545
-1.4273466824249366
-1.4207838233521441
-1.3879309071932107
-1.3636044695853187
-1.31787462732086
-1.2558041365787513
-1.1624413448412425
-0.4159840122333863
-0.32309129340626486
-0.25238813060940324
-0.18818937762852142
-0.15976876395489703
-0.009383542293841448
0.00938354229383979
0.1597687639548959
0.1881893776285202
0.25238813060940185
0.3230912934062641
0.41598401223338455
1.1624413448412438
1.2558041365787518
1.3178746273208628
1.3636044695853202
1.3879309071932115
1.4207838233521395
1.4273466824249366
1.857399731955955
1.8610778790703957
1.8751890565060345
1.889233966129137
1.911886772775335
1.940690529611057
2.597389007232281
2.60114261330305
2.603766112108743
2.6052197583574657
2.606666726977653
2.6070082222899265
-2.6070082222899273
-2.606666726977656
-2.605219758357466
-2.6037661121087408
-2.6011426133030495
-2.597389007232283
-1.9406905296110564
-1.9118867727753357
-1.8892339661291364
-1.875189056506034
-1.8610778790703921
-1.857399731955955
-1.4273466824249361
-1.4207838233521433
-1.387930907193211
-1.3636044695853191
-1.317874627320859
-1.2558041365787511
-1.162441344841243
-0.41598401223338666
-0.3230912934062645
-0.25238813060940324
-0.18818937762852075
-0.15976876395489573
-0.009383542293840544
0.00938354229384113
0.15976876395489567
0.1881893776285214
0.252388130609403
0.3230912934062642
0.41598401223338566
1.162441344841243
1.2558041365787511
1.3178746273208595
1.3636044695853171
1.3879309071932096
1.4207838233521444
1.4273466824249357
1.8573997319559543
1.861077879070392
1.8751890565060354
1.8892339661291382
1.911886772775335
1.9406905296110568
2.5973890072322825
2.6011426133030495
2.6037661121087403
2.605219758357465
2.606666726977661
2.6070082222899265
-2.6070082222899273
-2.6066667269776556
-2.6052197583574666
-2.603766112108742
-2.6011426133030486
-2.597389007232283
-1.9406905296110568
-1.9118867727753353
-1.8892339661291362
-1.8751890565060338
-1.8610778790703904
-1.857399731955955
-1.4273466824249357
-1.4207838233521433
-1.3879309071932104
-1.363604469585318
-1.3178746273208604
-1.2558041365787505
-1.1624413448412425
-0.4159840122333858
-0.3230912934062641
-0.2523881306094027
-0.1881893776285219
-0.15976876395489623
-0.009383542293840738
0.009383542293840932
0.1597687639548959
0.18818937762852045
0.2523881306094025
0.3230912934062643
0.4159840122333859
1.1624413448412432
1.2558041365787522
1.317874627320861
1.3636044695853187
1.3879309071932107
1.4207838233521426
1.4273466824249363
1.8573997319559545
1.8610778790703906
1.8751890565060334
1.8892339661291353
1.9118867727753357
1.9406905296110573
2.5973890072322825
2.6011426133030486
2.6037661121087377
2.6052197583574674
2.60666672697766
2.607008222289928
-2.607008222289927
-2.606666726977657
-2.605219758357466
-2.603766112108741
-2.601142613303049
-2.5973890072322825
-1.9406905296110566
-1.9118867727753353
-1.8892339661291357
-1.8751890565060336
-1.8610778790703935
-1.857399731955955
-1.4273466824249355
-1.4207838233521444
-1.3879309071932107
-1.3636044695853182
-1.3178746273208592
-1.2558041365787507
-1.1624413448412425
-0.41598401223338616
-0.3230912934062642
-0.25238813060940335
-0.18818937762851973
-0.15976876395489595
-0.00938354229384017
0.009383542293841658
0.15976876395489545
0.1881893776285206
0.2523881306094025
0.3230912934062642
0.41598401223338505
1.1624413448412434
1.2558041365787511
1.3178746273208595
1.363604469585318
1.3879309071932098
1.4207838233521428
1.4273466824249357
1.8573997319559548
1.8610778790703946
1.8751890565060347
1.889233966129138
1.9118867727753348
1.9406905296110566
2.5973890072322816
2.6011426133030477
2.6037661121087408
2.6052197583574648
2.6066667269776556
2.6070082222899247
-2.6070082222899273
-2.606666726977656
-2.6052197583574657
-2.603766112108741
-2.601142613303049
-2.597389007232282
-1.940690529611056
-1.9118867727753344
-1.889233966129136
-1.8751890565060334
-1.8610778790703912
-1.857399731955954
-1.4273466824249361
-1.4207838233521441
-1.3879309071932096
-1.363604469585319
-1.3178746273208595
-1.255804136578751
-1.1624413448412432
-0.4159840122333863
-0.3230912934062647
-0.2523881306094024
-0.18818937762852006
-0.15976876395489542
-0.00938354229384012
0.009383542293841501
0.1597687639548975
0.18818937762852134
0.2523881306094023
0.32309129340626425
0.41598401223338666
1.1624413448412412
1.2558041365787505
1.3178746273208606
1.3636044695853182
1.3879309071932113
1.4207838233521415
1.427346682424935
1.857399731955956
1.8610778790703941
1.8751890565060356
1.8892339661291382
1.9118867727753364
1.940690529611056
2.5973890072322807
2.6011426133030473
2.6037661121087394
2.605219758357464
2.6066667269776556
2.6070082222899256
-2.6070603910441963
-2.606578852184226
-2.605282460811334
-2.6037333477482876
-2.6011489127079868
-2.5973884757725174
-1.9406931802167355
-1.9118474306879272
-1.8894807118225343
-1.8746288519399397
-1.8619775180232971
-1.8568501326842417
-1.4284597536780033
-1.418971553028836
-1.3894608290066948
-1.3625373419765503
-1.3181523440643272
-1.255759751236718
-1.1624445518920221
-0.41596804931323805
-0.32330139129631646
-0.25130065495742193
-0.19171202357146586
-0.15654937236173533
-0.013904326625003089
0.013904326625004399
0.15654937236173622
0.19171202357146638
0.2513006549574221
0.32330139129631746
0.4159680493132384
1.162444551892022
1.2557597512367173
1.3181523440643264
1.3625373419765499
1.3894608290066943
1.418971553028835
1.428459753678002
1.8568501326842406
1.8619775180232954
1.8746288519399392
1.8894807118225343
1.911847430687927
1.9406931802167346
2.5973884757725183
2.6011489127079868
2.6037333477482885
2.605282460811335
2.606578852184228
2.607060391044198
-2.607088681141273
-2.6065229699450194
-2.6053281911956243
-2.603711097276045
-2.601153400484514
-2.597388100225666
-1.9406950535624912
-1.9118194420131478
-1.889649032076771
-1.8742163872688642
-1.8625486687142383
-1.8565491634811881
-1.429053877803608
-1.417840814058659
-1.3905364876354096
-1.3618279688000783
-1.3183518094121407
-1.2557284416493102
-1.1624468199841758
-0.4159567521229979
-0.32344852065753044
-0.2504993648985671
-0.19393584806715394
-0.1545655357831714
-0.016407956341171207
0.01640795634116793
0.1545655357831713
0.19393584806715233
0.250499364898569
0.32344852065753066
0.41595675212299693
1.1624468199841764
1.2557284416493106
1.3183518094121387
1.361827968800079
1.39053648763541
1.41784081405866
1.4290538778036082
1.856549163481189
1.8625486687142392
1.8742163872688646
1.8896490320767718
1.9118194420131471
1.940695053562492
2.5973881002256647
2.601153400484515
2.603711097276043
2.605328191195623
2.606522969945021
2.6070886811412723
-2.6070886811412732
-2.6065229699450185
-2.605328191195624
-2.603711097276045
-2.601153400484514
-2.5973881002256665
-1.940695053562491
-1.9118194420131478
-1.8896490320767703
-1.8742163872688642
-1.862548668714239
-1.8565491634811886
-1.4290538778036082
-1.4178408140586578
-1.3905364876354096
-1.3618279688000787
-1.3183518094121407
-1.2557284416493109
-1.1624468199841753
-0.4159567521229983
-0.3234485206575303
-0.25049936489856756
-0.19393584806715333
-0.1545655357831714
-0.016407956341170045
0.01640795634116896
0.15456553578317142
0.19393584806715305
0.25049936489856767
0.3234485206575303
0.4159567521229974
1.1624468199841753
1.2557284416493095
1.3183518094121385
1.3618279688000787
1.3905364876354103
1.4178408140586587
1.429053877803608
1.8565491634811904
1.8625486687142414
1.874216387268865
1.8896490320767712
1.9118194420131476
1.9406950535624912
2.5973881002256656
2.601153400484516
2.6037110972760433
2.605328191195624
2.6065229699450154
2.6070886811412737
-2.607060391044197
-2.6065788521842266
-2.6052824608113334
-2.6037333477482876
-2.6011489127079868
-2.5973884757725174
-1.9406931802167353
-1.9118474306879274
-1.8894807118225343
-1.8746288519399399
-1.8619775180232978
-1.856850132684242
-1.4284597536780037
-1.4189715530288356
-1.3894608290066957
-1.3625373419765503
-1.3181523440643268
-1.2557597512367176
-1.1624445518920226
-0.4159680493132382
-0.32330139129631624
-0.25130065495742193
-0.19171202357146605
-0.1565493723617353
-0.013904326625003977
0.01390432662500291
0.15654937236173627
0.19171202357146608
0.2513006549574229
0.3233013912963182
0.41596804931323894
1.1624445518920223
1.2557597512367173
1.3181523440643275
1.3625373419765507
1.389460829006696
1.418971553028835
1.4284597536780033
1.8568501326842417
1.8619775180232983
1.8746288519399394
1.889480711822534
1.9118474306879263
1.9406931802167344
2.597388475772517
2.601148912707986
2.603733347748286
2.605282460811334
2.6065788521842252
2.6070603910441963
-2.607008222289927
-2.606666726977656
-2.6052197583574666
-2.603766112108741
-2.60114261330305
-2.597389007232282
-1.9406905296110561
-1.9118867727753348
-1.8892339661291364
-1.875189056506034
-1.861077879070391
-1.8573997319559545
-1.427346682424936
-1.4207838233521441
-1.3879309071932096
-1.3636044695853184
-1.31787462732086
-1.2558041365787502
-1.1624413448412432
-0.41598401223338605
-0.32309129340626375
-0.25238813060940324
-0.18818937762852161
-0.1597687639548969
-0.00938354229383894
0.009383542293842315
0.15976876395489562
0.1881893776285212
0.25238813060940285
0.3230912934062642
0.41598401223338644
1.1624413448412425
1.255804136578751
1.3178746273208592
1.3636044695853176
1.3879309071932093
1.420783823352144
1.427346682424936
1.857399731955955
1.8610778790703941
1.8751890565060338
1.8892339661291357
1.9118867727753341
1.9406905296110561
2.5973890072322834
2.6011426133030513
2.6037661121087408
2.605219758357466
2.606666726977655
2.607008222289927
-2.606949880238049
-2.6067483981790125
-2.6051762584605305
-2.60379032837843
-2.601138191730079
-2.5973893832834265
-1.9406886544333042
-1.9119144247897815
-1.8890526126887885
-1.8755736434351258
-1.8602499113575044
-1.8579987676010155
-1.4260244125697061
-1.4225653690631603
-1.386823787538569
-1.3644164466861963
-1.3176812056892624
-1.2558355978111446
-1.1624390774785507
-0.41599529004031416
-0.3229412632929653
-0.2531285800791451
-0.1852204554289614
-0.16254537929130736
-0.0038719721862140706
0.0038719721862132944
0.16254537929130716
0.18522045542896104
0.25312858007914574
0.3229412632929657
0.4159952900403142
1.1624390774785507
1.2558355978111455
1.3176812056892624
1.3644164466861959
1.386823787538566
1.4225653690631594
1.4260244125697044
1.8579987676010143
1.8602499113575017
1.8755736434351262
1.889052612688789
1.911914424789781
1.940688654433306
2.5973893832834274
2.6011381917300795
2.60379032837843
2.605176258460532
2.6067483981790147
2.6069498802380497
-2.6069498802380493
-2.6067483981790143
-2.6051762584605296
-2.603790328378429
-2.6011381917300787
-2.5973893832834265
-1.940688654433305
-1.9119144247897815
-1.8890526126887888
-1.875573643435126
-1.8602499113575035
-1.857998767601015
-1.4260244125697048
-1.42256536906316
-1.3868237875385676
-1.3644164466861959
-1.3176812056892628
-1.2558355978111444
-1.1624390774785496
-0.4159952900403145
-0.3229412632929652
-0.25312858007914446
-0.18522045542896065
-0.1625453792913058
-0.0038719721862132774
0.0038719721862144666
0.1625453792913068
0.185220455428961
0.2531285800791461
0.32294126329296524
0.41599529004031427
1.1624390774785494
1.2558355978111437
1.3176812056892648
1.3644164466861968
1.3868237875385683
1.422565369063158
1.4260244125697035
1.8579987676010148
1.860249911357504
1.8755736434351247
1.889052612688788
1.9119144247897786
1.9406886544333053
2.5973893832834256
2.6011381917300778
2.603790328378429
2.6051762584605314
2.6067483981790125
2.606949880238048
-2.607008222289928
-2.6066667269776564
-2.605219758357467
-2.6037661121087416
-2.6011426133030504
-2.5973890072322825
-1.9406905296110557
-1.911886772775335
-1.8892339661291362
-1.8751890565060336
-1.8610778790703912
-1.8573997319559545
-1.427346682424936
-1.4207838233521446
-1.3879309071932102
-1.3636044695853184
-1.3178746273208606
-1.255804136578751
-1.1624413448412423
-0.41598401223338555
-0.323091293406264
-0.2523881306094024
-0.18818937762852073
-0.1597687639548954
-0.009383542293840162
0.009383542293841505
0.15976876395489562
0.18818937762852048
0.252388130609402
0.3230912934062645
0.41598401223338616
1.1624413448412423
1.255804136578752
1.3178746273208601
1.3636044695853182
1.3879309071932098
1.4207838233521441
1.4273466824249363
1.8573997319559514
1.861077879070389
1.8751890565060314
1.8892339661291366
1.9118867727753341
1.940690529611056
2.5973890072322825
2.601142613303052
2.6037661121087425
2.605219758357467
2.6066667269776587
2.60700822228993
-2.6070886811412723
-2.606522969945019
-2.605328191195623
-2.603711097276044
-2.6011534004845145
-2.5973881002256665
-1.9406950535624918
-1.9118194420131478
-1.8896490320767707
-1.8742163872688642
-1.8625486687142392
-1.8565491634811888
-1.4290538778036075
-1.417840814058658
-1.3905364876354098
-1.361827968800079
-1.3183518094121411
-1.255728441649312
-1.1624468199841758
-0.4159567521229981
-0.32344852065753077
-0.2504993648985663
-0.1939358480671526
-0.1545655357831706
-0.016407956341170375
0.016407956341169355
0.15456553578317236
0.193935848067153
0.250499364898567
0.32344852065752994
0.4159567521229973
1.1624468199841766
1.2557284416493104
1.3183518094121394
1.3618279688000787
1.3905364876354098
1.4178408140586598
1.4290538778036073
1.8565491634811875
1.8625486687142359
1.8742163872688598
1.889649032076771
1.9118194420131471
1.9406950535624918
2.597388100225666
2.601153400484517
2.603711097276046
2.605328191195626
2.6065229699450216
2.6070886811412746
-2.607142566592826
-2.606391130072161
-2.605447177578662
-2.6036600192891797
-2.601164352300619
-2.5973871944337144
-1.940699573098388
-1.9117512794249218
-1.8900372022433147
-1.8731301021052253
-1.8638875281953975
-1.8559718731173784
-1.4301765049151849
-1.415225748264955
-1.3932035391257922
-1.3602306157073905
-1.3188446330202677
-1.25565310946839
-1.1624522968891713
-0.4159294450791689
-0.3237989983622934
-0.2484304851363716
-0.19882655567776947
-0.15036344535877053
-0.021394043187682656
0.021394043187682305
0.1503634453587701
0.19882655567777027
0.2484304851363725
0.3237989983622931
0.4159294450791693
1.1624522968891717
1.2556531094683903
1.3188446330202683
1.3602306157073902
1.3932035391257906
1.4152257482649548
1.4301765049151847
1.8559718731173782
1.8638875281953993
1.8731301021052265
1.890037202243315
1.9117512794249236
1.9406995730983871
2.597387194433714
2.601164352300619
2.60366001928918
2.6054471775786614
2.6063911300721605
2.607142566592825
-2.607161132361745
-2.6063333302423226
-2.6055024122854493
-2.6036398071933777
-2.601168938586622
-2.597386819597238
-1.9407014438605952
-1.9117227953427125
-1.8901913299825663
-1.872620432112809
-1.864469532613581
-1.855771946013876
-1.4305615679064345
-1.4141077404398819
-1.3943805585005147
-1.359606360953792
-1.3190537370363697
-1.255622011000957
-1.1624545660139267
-0.4159181203385813
-0.3239422740884058
-0.24750571123702375
-0.20074428536494912
-0.1487875078047058
-0.023196897435190534
0.02319689743519082
0.14878750780470532
0.20074428536494873
0.2475057112370231
0.3239422740884041
0.4159181203385813
1.1624545660139272
1.2556220110009586
1.3190537370363689
1.3596063609537898
1.3943805585005167
1.4141077404398834
1.430561567906434
1.8557719460138764
1.8644695326135816
1.8726204321128097
1.8901913299825666
1.911722795342714
1.9407014438605956
2.5973868195972387
2.601168938586621
2.603639807193378
2.605502412285449
2.606333330242324
2.607161132361745
-2.6071425665928256
-2.6063911300721614
-2.605447177578661
-2.603660019289179
-2.6011643523006187
-2.5973871944337144
-1.940699573098388
-1.9117512794249218
-1.890037202243315
-1.8731301021052245
-1.8638875281953968
-1.8559718731173778
-1.430176504915185
-1.4152257482649544
-1.393203539125791
-1.3602306157073907
-1.318844633020266
-1.2556531094683898
-1.1624522968891717
-0.4159294450791682
-0.32379899836229414
-0.24843048513637303
-0.1988265556777698
-0.15036344535877158
-0.021394043187682857
0.021394043187682992
0.15036344535876894
0.19882655567776866
0.2484304851363703
0.32379899836229187
0.41592944507916796
1.1624522968891722
1.25565310946839
1.3188446330202686
1.3602306157073911
1.393203539125792
1.4152257482649555
1.430176504915186
1.8559718731173775
1.8638875281953995
1.8731301021052258
1.890037202243314
1.911751279424921
1.9406995730983885
2.597387194433714
2.6011643523006187
2.6036600192891792
2.605447177578661
2.6063911300721583
2.6071425665928256
-2.6070886811412732
-2.6065229699450216
-2.605328191195623
-2.6037110972760455
-2.601153400484515
-2.597388100225667
-1.9406950535624918
-1.9118194420131476
-1.889649032076771
-1.8742163872688637
-1.8625486687142392
-1.856549163481189
-1.4290538778036075
-1.4178408140586582
-1.3905364876354098
-1.3618279688000785
-1.3183518094121411
-1.2557284416493115
-1.1624468199841749
-0.4159567521229985
-0.32344852065752894
-0.2504993648985685
-0.1939358480671523
-0.15456553578317087
-0.01640795634116964
0.01640795634116945
0.15456553578316945
0.1939358480671529
0.2504993648985637
0.32344852065753077
0.41595675212299765
1.1624468199841755
1.2557284416493109
1.3183518094121425
1.3618279688000787
1.3905364876354105
1.4178408140586582
1.4290538778036088
1.8565491634811888
1.8625486687142379
1.874216387268863
1.8896490320767707
1.911819442013148
1.9406950535624916
2.597388100225667
2.6011534004845167
2.6037110972760464
2.605328191195626
2.6065229699450203
2.607088681141274
-2.6070082222899265
-2.6066667269776564
-2.605219758357465
-2.6037661121087408
-2.60114261330305
-2.5973890072322825
-1.9406905296110561
-1.9118867727753355
-1.8892339661291362
-1.875189056506034
-1.8610778790703915
-1.8573997319559548
-1.427346682424936
-1.4207838233521444
-1.3879309071932107
-1.363604469585319
-1.3178746273208606
-1.2558041365787505
-1.162441344841243
-0.41598401223338566
-0.323091293406265
-0.2523881306094032
-0.1881893776285207
-0.15976876395489537
-0.00938354229384089
0.009383542293840412
0.1597687639548948
0.18818937762851976
0.25238813060939946
0.32309129340626436
0.41598401223338605
1.1624413448412427
1.255804136578751
1.3178746273208575
1.3636044695853193
1.3879309071932089
1.4207838233521444
1.4273466824249357
1.8573997319559559
1.861077879070392
1.8751890565060356
1.8892339661291377
1.9118867727753364
1.9406905296110568
2.597389007232283
2.601142613303055
2.603766112108742
2.605219758357466
2.606666726977657
2.607008222289928
-2.60694988023805
-2.606748398179015
-2.605176258460531
-2.60379032837843
-2.6011381917300804
-2.5973893832834265
-1.9406886544333048
-1.9119144247897806
-1.8890526126887885
-1.8755736434351251
-1.8602499113575046
-1.857998767601016
-1.4260244125697041
-1.422565369063159
-1.386823787538568
-1.3644164466861954
-1.3176812056892624
-1.255835597811144
-1.16243907747855
-0.41599529004031305
-0.3229412632929659
-0.2531285800791448
-0.18522045542896198
-0.16254537929130605
-0.0038719721862130766
0.0038719721862146028
0.1625453792913045
0.18522045542896168
0.25312858007914374
0.3229412632929667
0.415995290040315
1.162439077478549
1.2558355978111442
1.317681205689261
1.3644164466861959
1.38682378753857
1.4225653690631588
1.4260244125696986
1.8579987676010152
1.860249911357504
1.8755736434351251
1.8890526126887879
1.9119144247897824
1.940688654433304
2.5973893832834287
2.601138191730079
2.6037903283784307
2.605176258460532
2.6067483981790165
2.6069498802380537
-2.6070082222899273
-2.6066667269776564
-2.6052197583574657
-2.603766112108741
-2.601142613303049
-2.5973890072322825
-1.9406905296110566
-1.9118867727753348
-1.8892339661291362
-1.875189056506034
-1.8610778790703912
-1.8573997319559548
-1.4273466824249361
-1.4207838233521435
-1.387930907193211
-1.3636044695853182
-1.3178746273208604
-1.2558041365787502
-1.162441344841243
-0.4159840122333858
-0.32309129340626386
-0.2523881306094027
-0.18818937762852012
-0.1597687639548951
-0.009383542293841831
0.009383542293839845
0.15976876395489517
0.1881893776285206
0.25238813060940435
0.3230912934062646
0.41598401223338577
1.1624413448412432
1.2558041365787493
1.3178746273208588
1.3636044695853182
1.3879309071932102
1.4207838233521437
1.4273466824249366
1.8573997319559523
1.861077879070391
1.8751890565060334
1.8892339661291353
1.911886772775334
1.9406905296110566
2.597389007232283
2.601142613303051
2.603766112108742
2.6052197583574666
2.6066667269776556
2.607008222289928
-2.607088681141272
-2.60652296994502
-2.6053281911956248
-2.603711097276045
-2.601153400484515
-2.597388100225666
-1.940695053562492
-1.9118194420131478
-1.8896490320767705
-1.8742163872688642
-1.8625486687142392
-1.8565491634811884
-1.429053877803608
-1.4178408140586582
-1.3905364876354103
-1.3618279688000787
-1.3183518094121418
-1.2557284416493115
-1.162446819984176
-0.4159567521229977
-0.3234485206575304
-0.2504993648985672
-0.1939358480671533
-0.1545655357831709
-0.01640795634116985
0.016407956341169424
0.154565535783171
0.19393584806715253
0.2504993648985669
0.3234485206575303
0.4159567521229976
1.1624468199841755
1.2557284416493117
1.3183518094121418
1.361827968800078
1.3905364876354094
1.4178408140586571
1.4290538778036073
1.8565491634811897
1.8625486687142399
1.8742163872688664
1.889649032076771
1.9118194420131474
1.9406950535624914
2.597388100225666
2.6011534004845136
2.6037110972760424
2.6053281911956225
2.606522969945018
2.6070886811412723
-2.6071611323617456
-2.6063333302423235
-2.6055024122854493
-2.6036398071933786
-2.60116893858662
-2.597386819597239
-1.9407014438605954
-1.9117227953427132
-1.8901913299825661
-1.8726204321128086
-1.8644695326135812
-1.8557719460138762
-1.4305615679064343
-1.4141077404398825
-1.3943805585005153
-1.3596063609537918
-1.319053737036371
-1.2556220110009562
-1.1624545660139278
-0.4159181203385823
-0.32394227408840526
-0.24750571123702175
-0.20074428536494987
-0.14878750780470637
-0.023196897435190836
0.023196897435189195
0.14878750780470587
0.20074428536494934
0.24750571123702084
0.32394227408840504
0.41591812033858194
1.1624545660139285
1.2556220110009566
1.3190537370363702
1.3596063609537912
1.3943805585005145
1.414107740439881
1.4305615679064339
1.855771946013878
1.864469532613582
1.8726204321128106
1.8901913299825668
1.911722795342713
1.9407014438605954
2.5973868195972387
2.601168938586622
2.60363980719338
2.6055024122854498
2.6063333302423226
2.607161132361747
-2.607200233655486
-2.6061630279122032
-2.605670205669265
-2.6035929219049767
-2.6011801356075033
-2.5973859155163423
-1.940705957169517
-1.9116534079906549
-1.8905496175850525
-1.871059253694506
-1.8661596800214506
-1.8553493745316512
-1.4313707385335006
-1.4110107667375293
-1.3976600697667596
-1.358166329113269
-1.3195716364543542
-1.2555471838821854
-1.1624600454132532
-0.41589074658560427
-0.32428377300027006
-0.24505164654515604
-0.20530647197523308
-0.14524179835618903
-0.02717098918239576
0.02717098918239562
0.1452417983561896
0.20530647197523316
0.2450516465451563
0.3242837730002703
0.4158907465856046
1.1624600454132519
1.2555471838821861
1.319571636454355
1.3581663291132697
1.3976600697667634
1.4110107667375325
1.4313707385335017
1.8553493745316527
1.8661596800214477
1.8710592536945025
1.890549617585053
1.9116534079906535
1.9407059571695169
2.5973859155163437
2.601180135607502
2.6035929219049785
2.6056702056692647
2.606163027912204
2.6072002336554867
-2.607200233655486
-2.6061630279122032
-2.6056702056692647
-2.603592921904976
-2.6011801356075033
-2.5973859155163423
-1.9407059571695164
-1.9116534079906546
-1.890549617585053
-1.871059253694507
-1.8661596800214506
-1.8553493745316516
-1.4313707385335002
-1.4110107667375293
-1.3976600697667596
-1.358166329113269
-1.3195716364543535
-1.2555471838821854
-1.1624600454132532
-0.4158907465856044
-0.3242837730002713
-0.24505164654515635
-0.20530647197523405
-0.14524179835619014
-0.02717098918239554
0.02717098918239498
0.1452417983561911
0.20530647197523447
0.24505164654515782
0.32428377300027006
0.4158907465856041
1.1624600454132523
1.2555471838821863
1.3195716364543528
1.3581663291132693
1.3976600697667596
1.4110107667375287
1.4313707385335002
1.8553493745316516
1.8661596800214488
1.8710592536945039
1.8905496175850527
1.9116534079906513
1.9407059571695167
2.597385915516343
2.6011801356075055
2.6035929219049785
2.605670205669266
2.6061630279122046
2.607200233655488
-2.607161132361745
-2.6063333302423235
-2.6055024122854498
-2.6036398071933786
-2.6011689385866217
-2.597386819597239
-1.9407014438605956
-1.911722795342713
-1.8901913299825663
-1.8726204321128093
-1.8644695326135814
-1.8557719460138766
-1.4305615679064347
-1.4141077404398827
-1.3943805585005156
-1.3596063609537927
-1.3190537370363693
-1.2556220110009566
-1.1624545660139285
-0.4159181203385823
-0.3239422740884048
-0.24750571123702228
-0.20074428536494926
-0.14878750780470643
-0.023196897435190173
0.023196897435189927
0.14878750780470665
0.20074428536494984
0.24750571123702078
0.32394227408840526
0.41591812033858166
1.162454566013928
1.255622011000955
1.3190537370363709
1.3596063609537914
1.3943805585005136
1.4141077404398805
1.4305615679064339
1.8557719460138768
1.8644695326135816
1.8726204321128095
1.890191329982567
1.9117227953427116
1.940701443860595
2.597386819597238
2.601168938586623
2.6036398071933786
2.6055024122854484
2.6063333302423226
2.607161132361746
-2.607088681141273
-2.6065229699450203
-2.605328191195623
-2.603711097276046
-2.6011534004845154
-2.5973881002256656
-1.9406950535624918
-1.9118194420131478
-1.8896490320767705
-1.8742163872688646
-1.8625486687142396
-1.8565491634811886
-1.429053877803608
-1.4178408140586582
-1.3905364876354098
-1.3618279688000787
-1.3183518094121414
-1.255728441649311
-1.1624468199841753
-0.4159567521229989
-0.32344852065752955
-0.2504993648985667
-0.19393584806715292
-0.15456553578317136
-0.016407956341170173
0.016407956341169497
0.15456553578317156
0.19393584806715328
0.2504993648985672
0.3234485206575302
0.41595675212299826
1.162446819984175
1.2557284416493115
1.3183518094121405
1.3618279688000778
1.3905364876354085
1.4178408140586578
1.4290538778036062
1.856549163481189
1.8625486687142399
1.874216387268866
1.8896490320767705
1.9118194420131476
1.9406950535624918
2.597388100225666
2.6011534004845145
2.603711097276045
2.6053281911956234
2.606522969945019
2.607088681141273
-2.6070082222899282
-2.606666726977656
-2.605219758357465
-2.603766112108741
-2.6011426133030486
-2.597389007232282
-1.9406905296110568
-1.911886772775336
-1.8892339661291362
-1.875189056506034
-1.8610778790703917
-1.8573997319559548
-1.4273466824249355
-1.4207838233521441
-1.387930907193209
-1.3636044695853191
-1.31787462732086
-1.2558041365787511
-1.162441344841242
-0.4159840122333863
-0.3230912934062655
-0.2523881306094029
-0.18818937762852064
-0.15976876395489575
-0.009383542293841666
0.009383542293840114
0.1597687639548965
0.1881893776285198
0.2523881306094028
0.32309129340626547
0.41598401223338544
1.1624413448412432
1.2558041365787505
1.3178746273208595
1.363604469585318
1.3879309071932098
1.4207838233521437
1.4273466824249363
1.8573997319559523
1.8610778790703901
1.8751890565060327
1.8892339661291349
1.911886772775335
1.9406905296110561
2.5973890072322834
2.6011426133030517
2.6037661121087416
2.605219758357468
2.606666726977658
2.6070082222899305
