-2.701084831691778
-2.700077338477396
-2.6996009682251225
-2.69770945038962
-2.6972244981701694
-2.696162720823119
-2.1157649512083534
-2.104642001795037
-2.1018454258074333
-2.0834160083787614
-2.0814070931573685
-2.070081065601256
-1.713837699325938
-1.6873971364914784
-1.6850067106493793
-1.6365696139661627
-1.6259351315661599
-1.5803215957557735
-1.484246617712348
-1.3379803870412854
-1.3044722665801347
-1.278826258850065
-1.269070180888994
-1.2507658523657716
-1.233025330823383
0.01903471650061489
0.03762598321989909
0.04948725596218162
0.059706393480479535
0.067714266893596
0.08383695411002309
0.6309110623579149
0.6600639915203049
0.6762452777306843
0.6962586219709145
0.7198687385294715
0.7614983667869638
1.0952626041702738
1.169367689230148
1.2110395902671927
1.245295067617569
1.2672951088469147
1.2961149023273983
1.3329521054321498
1.5954107315469994
1.6153976986863403
1.6344334471017168
1.6465109088742662
1.6629635389658024
1.6802951964367365
2.119341487396978
2.1234336260808737
2.127268678083608
2.129739851492826
2.1336225620721625
2.1382019711279225
2.7071072788865314
2.7074856058444308
2.7077157438379995
2.7079998002977703
2.7083918856449882
2.708990384645581
-2.701077561280281
-2.7001276228179325
-2.6995404527321316
-2.697771234794192
-2.697172743088191
-2.696170193064684
-2.1156029222471284
-2.1063336100777716
-2.099459973285594
-2.0866815193800026
-2.0785113955708145
-2.0705673490251746
-1.7123405640652982
-1.6970204347245812
-1.6723657307823194
-1.6476682157793032
-1.6180271208209507
-1.5817543605505173
-1.4840989752784843
-1.3386243222306728
-1.3009462784356245
-1.2860729904713797
-1.261731139936136
-1.2540928757776213
-1.232711549525743
0.019017093160622577
0.037856925524477336
0.04878948069041882
0.060785729045865745
0.06706050505486187
0.08389584480197032
0.6308463622834322
0.660774377948934
0.6749117604434058
0.6973076536168407
0.7194693572093774
0.7615367298629555
1.0952586853664217
1.169406057090968
1.2108998667296385
1.2455979765517253
1.2670199335800847
1.296202562913244
1.3329418099756585
1.5954028238663072
1.6154324637334336
1.6343564051632706
1.6465794421391433
1.662942445543522
1.6802979262389295
2.1193436637827934
2.123422271971522
2.127296919840961
2.129714705284601
2.1336294319350806
2.1382011834706964
2.70710888755361
2.7074735182581615
2.707738686782384
2.7079835759085698
2.7083960045603006
2.708990026094275
-2.7009544868729742
-2.7005116806301874
-2.6989380876222455
-2.6983785763292154
-2.6967866242152128
-2.696290352108962
-2.11521525260706
-2.1081907892173337
-2.094361042650136
-2.0921749941051777
-2.075094791037272
-2.072120204364462
-1.7104892009893742
-1.7013310288749406
-1.6617234811225425
-1.6581446132689057
-1.614925133993286
-1.5826046498538517
-1.4840483353147587
-1.3386647381489944
-1.3009963855232332
-1.2857825588777976
-1.2624372289808012
-1.2535472881680996
-1.2327596108678325
0.01905380860467614
0.037396426001333534
0.05030744178453636
0.058603990363032175
0.06826792585987787
0.08377597182237005
0.6309236981091801
0.6599639780474997
0.6764146547720844
0.6961517434465153
0.7198938869355384
0.7614981581028439
1.0952602116082777
1.1693967793874447
1.2109259636483185
1.2455463138289047
1.2670684214188266
1.2961843974702847
1.3329449794973582
1.5954032095037611
1.6154250891673685
1.6343852466500697
1.6465459568036451
1.6629564605101679
1.6802955051894846
2.1193389903877384
2.1234489946019584
2.127225702573067
2.1297817420028204
2.133608920741407
2.1382038259828997
2.7071114693299134
2.707457087416276
2.7077771408882905
2.7079534663458937
2.708402056352789
2.7089894788241424
-2.700969079985645
-2.700482317266136
-2.69900412141324
-2.6983120183865212
-2.6968159894412174
-2.696276281285807
-2.1154144435764817
-2.107368181507514
-2.097486184313898
-2.0888404042134954
-2.0769370242910035
-2.071110612442838
-1.7126825616581818
-1.6956159980243815
-1.6751068653190853
-1.6442157607863674
-1.6204306104316355
-1.5810580242432564
-1.4841957405481547
-1.338022772178346
-1.3044841844275352
-1.2782154306781994
-1.2698625720194852
-1.2504861497182045
-1.233077807587787
0.01907163522339308
0.037192015400887686
0.05125407923366664
0.05743903474158552
0.0687340383598081
0.08371475336506055
0.6309893234971121
0.659339043853245
0.6777666510859484
0.6950187003341349
0.7202726055294425
0.7614596126457284
1.0952641307382722
1.1693584371107277
1.2110658762625168
1.2452441605775297
1.2673427847638277
1.2960965823805437
1.3329552707092434
1.5954111183249526
1.6153903615120642
1.634462537048193
1.646477187405175
1.6629775050086966
1.6802927734526933
2.1193368254096616
2.123460542921589
2.1271983630019724
2.1298058956202572
2.1336019380705444
2.1382046112345843
2.7071098040049613
2.7074674008680564
2.707751603836997
2.707973910187962
2.7083981410406404
2.7089898392186833
-2.7009690821198613
-2.7004823128114928
-2.699004130760754
-2.6983120089640273
-2.696815993895567
-2.6962762792268715
-2.115414498931789
-2.1073679139407284
-2.097486844663614
-2.088839653208332
-2.0769375664969902
-2.071110373004674
-1.7126836819050173
-1.6956116006730633
-1.6751136182098207
-1.6442084563103014
-1.6204353722934834
-1.5810570316051504
-1.4841957995678823
-1.3380238379127374
-1.3044764820209795
-1.2782570314195654
-1.2698177364517862
-1.2504981328694658
-1.2330756964793812
0.019051451655260926
0.03741585889643006
0.05025401990678554
0.05865220073555052
0.06825694274361066
0.08377508450015105
0.6311019748762201
0.6582588312419652
0.6812258121072171
0.6917013741286686
0.7212267676672022
0.7613296512113445
1.0953350156553288
1.1683845107071098
1.2170110008044235
1.2344830117115113
1.2799112010701938
1.2885206555212043
1.3336897385757573
1.5946498715583222
1.6201556493860978
1.627148844298624
1.6523135190228901
1.6601645780668859
1.6805726534552632
2.1192433924851004
2.1242087487653607
2.1258972779308603
2.130898305906591
2.133108052062537
2.138252398167503
2.707105678114429
2.7074996816914756
2.7076923864125333
2.708014580204605
2.708387635707532
2.708990737026727
-2.701084832790442
-2.700077329921172
-2.699600978308729
-2.6977094401040502
-2.697224506953028
-2.696162719699765
-2.115764996526068
-2.1046411339946354
-2.101846480416421
-2.083413749525622
-2.0814092608491284
-2.0700809245370015
-1.7138386868234103
-1.687354883167856
-1.6850510923844253
-1.6365541874030038
-1.625948764550083
-1.5803201328229148
-1.4842468191432059
-1.3379791803565808
-1.304477823404547
-1.278807101665286
-1.2690890325934778
-1.2507610929774509
-1.2330259848238527
0.019034322346475903
0.03762704290078619
0.04949241626708705
0.059687922375470284
0.06772952653808152
0.08383433622195008
0.6310352957128972
0.6587837905141051
0.6795086072319518
0.6932617736174347
0.7208859480400709
0.7613691829752709
1.0953313909793707
1.1684147769198945
1.2168130375315185
1.2347362381515732
1.2795829342972889
1.2887766778007608
1.3336798264065584
1.5946501170344252
1.6201727044611216
1.6271214202988098
1.6523469935441653
1.6601390836720857
1.68057485366793
2.119247594493513
2.1241548261822927
2.1259717302666394
2.130843176916811
2.1331409519486115
2.138249895505849
2.707103261344511
2.707528846919192
2.707650965649824
2.7080356507103853
2.70838069102393
2.7089912835094574
-2.7010775624192203
-2.7001276157632788
-2.699540461393426
-2.6977712259799027
-2.697172750319988
-2.696170191901607
-2.115602974634624
-2.1063332324932103
-2.099460619373977
-2.086680725769606
-2.078512060322684
-2.0705671568732487
-1.7123431049399542
-1.6970117278286263
-1.6723829785334783
-1.6476480487157041
-1.618040014327221
-1.581750102430649
-1.4840996961197035
-1.338616684975093
-1.3010163765695362
-1.285954525742165
-1.261892867282128
-1.2539792667443934
-1.232719164291083
0.019070971447022047
0.03719664059040811
0.05124225713541841
0.057445581064548515
0.06873672695735586
0.08371337554326477
0.6311149293461972
0.6581841602998818
0.68144009528458
0.6915325656901192
0.7212425309185883
0.7613301881628507
1.0953330877889849
1.1684071770919522
1.2168266372881391
1.2347362168632086
1.2795333573140364
1.2888212236056749
1.3336773436504
1.594643417572154
1.6202568860193165
1.6270195628562563
1.6524104666307198
1.6600974966284756
1.6805773237285857
2.119249558267074
2.124133266588598
2.12600086538884
2.130823456825504
2.133151878265609
2.1382491500093828
2.7071047519934837
2.7075092042825855
2.7076780512895224
2.708022627111307
2.708385128848377
2.708990935632018
-2.7009544892383386
-2.7005116760445396
-2.698938098734969
-2.6983785651455388
-2.6967866287600044
-2.6962903498553965
-2.115215318542874
-2.1081905451356078
-2.0943633790457565
-2.0921725838965033
-2.0750955792336683
-2.0721196680081424
-1.7104932908965123
-1.701322997290087
-1.6618074604020412
-1.658058414499314
-1.6149348953237845
-1.582600681130814
-1.4840489134744832
-1.338659235994439
-1.3010449556239498
-1.285699502573855
-1.2625384120658294
-1.2534807106420764
-1.2327647841871505
0.019088298549164908
0.03700738951518894
0.05259431699218511
0.05591546161530087
0.06914833833622501
0.08365173951788953
0.6311826072106758
0.6576968008211438
0.6839511902097117
0.6891529059743287
0.7215703137208884
0.7612904649070431
1.0953367127920102
1.168376924161482
1.2170247760077046
1.2344827420838964
1.2798587054040282
1.2885681762128944
1.3336872588982973
1.5946431719767884
1.6202392949298745
1.6270474790259837
1.6523766978409802
1.6601233277243133
1.6805751250470724
2.1192453474125146
2.1241856120746543
2.125927798322449
2.1308783492828325
2.1331194134755944
2.1382516547812003
2.707107217672857
2.7074860203951205
2.7077150968371595
2.708000163467437
2.7083918134206666
2.7089903873640626
-2.7009544883016616
-2.700511677860453
-2.6989380943343804
-2.698378569574226
-2.6967866269602747
-2.696290350747804
-2.115215291643157
-2.1081906449504504
-2.0943624194107975
-2.0921735747020436
-2.075095252764409
-2.072119890444918
-1.7104908450475211
-1.7013278662670885
-1.6617539076913277
-1.6581137006876083
-1.6149281580360475
-1.5826035572961112
-1.4840484286975657
-1.3386648470679545
-1.300993091655905
-1.2857897673889431
-1.2624254180614494
-1.253555846367758
-1.2327588197841137
0.019044323918806873
0.0375029036978186
0.049920056224646354
0.05909528867373866
0.06804230686532435
0.08380068361091499
0.6310251392663129
0.6589185965096334
0.6790183737406705
0.6937731349460063
0.7207131293067793
0.761396684913424
1.0953061282469994
1.1687679732241594
1.2142030177170213
1.238802795591812
1.2742874730041849
1.2925603531193497
1.333404248062827
1.5949305651898427
1.6178276198551662
1.6302204337347912
1.6500810104847599
1.661480807818051
1.6804671713778259
2.11928128303115
2.1238323750914896
2.126457220330462
2.130462741421342
2.1333415334576475
2.138233022389647
2.707108901308361
2.707473416344691
2.7077389031144428
2.707983410657192
2.708396045524518
2.7089900222081
-2.700969081274715
-2.700482314575528
-2.699004127059168
-2.6983120126953115
-2.6968159921316466
-2.696276280042207
-2.1154144746168995
-2.107368032223452
-2.0974865503519764
-2.0888399904587773
-2.076937320329599
-2.0711104823183897
-1.712682574612274
-1.6956162502746268
-1.6751058269717125
-1.6442182130082543
-1.620428144710112
-1.5810589677921494
-1.4841954555131307
-1.3380275954836063
-1.3044560271363541
-1.2783486911238267
-1.269723508024405
-1.2505212751742296
-1.2330719478402234
0.019027494573033106
0.037715243715939456
0.049211041982482044
0.06010467894375377
0.06748892808085834
0.0838581839766956
0.6309598912248207
0.6594925788322253
0.6775972918187975
0.6950042164770682
0.7203557237388863
0.7614355498977402
1.0953023466345753
1.1687980987750963
1.2140765817124946
1.2389742211842654
1.274150029724354
1.292630922175826
1.3333995499389077
1.5949382086464212
1.6177777009879768
1.6302935036441708
1.6500240590008406
1.6615095936601676
1.680464579783373
2.119279252155061
2.123847883198224
2.12643247449659
2.130482126414428
2.1333326583319665
2.1382337810941787
2.707107301215816
2.707485418542094
2.7077160837169414
2.7079995652044517
2.70839195174659
2.70899037873141
-2.7010848323553733
-2.700077333309481
-2.6996009743155795
-2.697709444177184
-2.6972245034749713
-2.6961627201446148
-2.115764979155476
-2.1046414652102996
-2.1018460784026383
-2.0834146035135563
-2.0814084421531525
-2.070080977446934
-1.7138386217958008
-1.6873552033752393
-1.6850510044974514
-1.636552161751212
-1.6259510202795124
-1.5803196403837372
-1.4842469961960023
-1.3379759551277615
-1.3044968498693958
-1.2787264288356808
-1.2691746571286668
-1.250736290087227
-1.233029952756566
0.019064656936844275
0.037269526153538096
0.05086554903236932
0.05790218345970223
0.06856630124614856
0.08373734063296025
0.6310387654396228
0.6588306422127653
0.6792071779907036
0.6936389176973984
0.7207323630372875
0.7613972616184459
1.0953043525704358
1.168784993094291
1.2141180903363342
1.2389338255973112
1.2741534751601578
1.2926406910810393
1.3333964075426317
1.5949385655813626
1.6177854786825678
1.630273589363588
1.6500510322603938
1.6614922271309898
1.6804668052770384
2.1192836227464458
2.1238115818168186
2.1264943239566962
2.130428780914021
2.1333586405404383
2.1382312257117997
2.7071047993481594
2.707508780531992
2.7076786085049083
2.708022396116285
2.7083851799442145
2.708990934711739
-2.701077561968201
-2.7001276185569454
-2.6995404579635296
-2.6977712294703875
-2.6971727474561717
-2.696170192362186
-2.1156029560414127
-2.106333365421301
-2.099460393368258
-2.0866809999272222
-2.0785118326234433
-2.0705672221191516
-1.7123428271420431
-1.6970125765362025
-1.6723816247795527
-1.6476492554389413
-1.6180395226994733
-1.5817501561929725
-1.4840997308541113
-1.3386158041415848
-1.3010253073990237
-1.2859387911468119
-1.2619152404454839
-1.2539634300456235
-1.232720291644872
0.01908168293761975
0.03708031260806989
0.05195788233195013
0.056623188330034366
0.06898494586504748
0.083677537107342
0.6311049740799064
0.6583058002240767
0.6808280872231873
0.692173254668667
0.721074606123538
0.7613582123708351
1.0953081346034548
1.1687548935405123
1.2142448836837072
1.238762097176141
1.274290777211859
1.2925701806028098
1.3334011073837864
1.5949309221040138
1.6178354890510007
1.6302004989952972
1.6501080277961047
1.6614633278607611
1.6804693952263166
2.11928566335576
2.12379657407264
2.1265188839612525
2.1304092961169174
2.133367293422055
2.138230464788884
2.707106346327904
2.707493409607468
2.707702511697024
2.708008336758984
2.708389514722974
2.708990580042953
-2.7010775608292588
-2.7001276256115334
-2.699540449302298
-2.697771238284613
-2.697172740224443
-2.696170193525266
-2.1156029036533806
-2.106333742988232
-2.0994597472866436
-2.0866817935179456
-2.0785111678964476
-2.070567414277275
-1.712340286082314
-1.697021283059457
-1.6723643763527938
-1.647669423257351
-1.6180266296405494
-1.5817544143443623
-1.4840990100128255
-1.338623442197523
-1.3009553165911432
-1.2860572206136494
-1.2617540213701741
-1.2540764602653331
-1.2327126745581238
0.019027626066801667
0.03771833502848562
0.04919253372324758
0.060145852696875585
0.0674591690506032
0.08386205815425019
0.6308369472127692
0.6609666642472523
0.6745066898824715
0.6977074918843494
0.7192647921443713
0.7615641210028797
1.095233863216751
1.1697862479926417
1.2092654671775345
1.251748126456888
1.26071132578042
1.297940062277486
1.3326388304221748
1.595738142216413
1.6141523144474708
1.6381994421735655
1.6430147825994814
1.663728826849553
1.6801805054586738
2.119383862772546
2.1232192742086293
2.1280689884723425
2.128978891050364
2.133775719405754
2.138181440748521
2.7071105737731025
2.7074624704884687
2.707763177930881
2.707964799944956
2.708400009568736
2.7089896674511613
-2.7009544859362795
-2.7005116824461113
-2.6989380832215017
-2.698378580758046
-2.696786622415473
-2.6962903530013813
-2.1152152257062613
-2.1081908890285646
-2.0943600809565335
-2.09217598696642
-2.075094464466865
-2.0721204269100166
-1.710486751572816
-1.7013359000996815
-1.6616672902497638
-1.658202536201728
-1.6149183984139697
-1.5826075270424966
-1.484047850541765
-1.3386703456611733
-1.300944099357677
-1.2858729483438363
-1.262323076990528
-1.253623874550979
-1.2327536549030698
0.019010301990035405
0.03795131671716466
0.048530094993366614
0.06124718359463955
0.0667474482190247
0.0839192373868987
0.6307735864650094
0.6618185487041038
0.6731254305770804
0.6986911145391214
0.7188363729120103
0.761601842093238
1.0952297887181794
1.169824780984043
1.2091522754072273
1.252251389366568
1.2602462570258006
1.2979850553448709
1.3326342139213023
1.5957384395414824
1.6141466490872256
1.6382634258594488
1.6429464614273732
1.6637409568193797
1.6801780464645906
2.1193789687208615
2.1232429865471687
2.127923861691166
2.1291209240108633
2.1337572921115977
2.138184143580727
2.7071132545119414
2.7074471682016323
2.707809925655916
2.707925285427857
2.7084059548315977
2.708989110528357
-2.7009690791404894
-2.7004823190301783
-2.6990041177115756
-2.698312022117882
-2.6968159876772946
-2.696276282101154
-2.115414419260813
-2.107368299782965
-2.097485889975272
-2.088840741485281
-2.0769367781221133
-2.0711107217717464
-1.712681454050051
-1.6956206459020884
-1.67509907423607
-1.6442255164328554
-1.6204233856165986
-1.5810599605968432
-1.4841953964941006
-1.338026530269831
-1.3044637469049005
-1.2783079100327284
-1.2697675480430322
-1.2505092522620918
-1.2330740567257028
0.01904752805750616
0.037473316649961966
0.050004772011249414
0.05900580277065018
0.06807468539193973
0.08379946427806745
0.6308502375826883
0.6608404490710177
0.6746968413627853
0.6976001729870506
0.7192951185061977
0.7615639582259945
1.0952316226380128
1.1698093738876207
1.2091973613815787
1.2520315969793274
1.2604539705341675
1.2979630160488012
1.332636917684042
1.5957475758968724
1.6141140270817065
1.6384408243016197
1.6427766033596025
1.6637598105982017
1.6801751709045276
2.1193767049251115
2.1232532395032884
2.1278757740793286
2.129166450680973
2.133751061049645
2.138184946392754
2.707111520993238
2.7074568364055676
2.7077777070993587
2.7079530570915296
2.708402099684079
2.7089894778835255
-2.7010848312567055
-2.700077341865576
-2.6996009642320904
-2.6977094544626246
-2.697224494692239
-2.6961627212679686
-2.115764933837342
-2.1046423327751658
-2.101845024023841
-2.0834168605744683
-2.0814062762561107
-2.070081118514478
-1.7138376342858888
-1.6873974490470691
-1.685006630488685
-1.6365675937599715
-1.6259373818380243
-1.5803211032672135
-1.484246794764664
-1.337977162271631
-1.3044913036355232
-1.2787458583144227
-1.2691555415997038
-1.250741030705924
-1.2330292980063204
0.01906505433449946
0.037268492692815854
0.05085739346143988
0.05792069881083637
0.06855388700374017
0.08374003467517961
0.6309144900156468
0.6601259367395271
0.6760101290733587
0.6965718416310743
0.7196981298192341
0.761526061541077
1.0952356975621067
1.1697708866713046
1.2093107576147222
1.2515491815474398
1.2608980417327675
1.2979179244598997
1.3326415321205913
1.5957472773752832
1.6141196698067055
1.6383719395203002
1.6428498152395334
1.6637477127477736
1.6801776319985606
2.119381586211363
2.1232294020724627
2.1280085363828856
2.1290368366949206
2.1337695691649
2.1381822461003432
2.7071089020528314
2.707473479302315
2.707738674041261
2.707983647899973
2.7083959629691905
2.708990032891731
