-2.4415334963875606
-2.437293258199463
-2.43274236753936
-2.427859852605729
-2.4226286522670843
-2.416752104838707
-2.4108371788631655
-2.4045491235029632
-2.3978822878634256
-2.3908415476964806
-2.383436535074789
-2.3728895427491885
-2.364424796927431
-2.355581969502812
-2.3464140146358248
-2.336989348150542
-2.320515887237342
-2.3127733705589018
-2.3050313393034205
-2.2973519997264873
-2.289808757195314
-2.2824491362968433
-2.2748968230717206
-2.2681240990490705
-2.261813430362629
-2.256064449746442
-2.250969438274202
-2.0387557556483293
-2.0336436753034617
-2.0277723228104643
-2.0211962838143123
-2.0139846192414717
-2.0040447227002938
-1.9962517683320815
-1.9880849730345433
-1.979651111997124
-1.9710937270126174
-1.962570667181099
-1.9515319659769683
-1.9426744073585238
-1.9343745255333922
-1.926858951035045
-1.920325890211062
-1.6767568669702515
-1.6639738588955835
-1.6520142129185837
-1.6419773188683473
-1.6359902183342574
-1.6263278163395414
-1.6224177290927224
-1.6217481250748804
-1.621063172784993
-1.6199465577625305
-1.6189356567073183
-1.5530502890181817
-1.5525228778131035
-1.5518602217339494
-1.551043895159815
-1.5507245981317468
-1.5104235380284345
-1.5089566692919418
-1.5078468801985054
-1.505787240543066
-1.5037486575449248
-1.4969653496042707
-1.4936520076398785
-1.4923836032180566
-1.4915925932995535
-1.4909982121934406
-1.4900240285338688
-0.6064580684085471
-0.6050031609032261
-0.6014690130668594
-0.5949179413054663
-0.5860218706915847
-0.5689411104507401
-0.5579846246080207
-0.5530251249979496
-0.5515822056949722
-0.5503664917033354
-0.5494684238127311
-0.47688390551812704
-0.47516939074850173
-0.4746176380837584
-0.47269730875667404
-0.470496299381705
-0.3191025123874936
-0.3129217577260885
-0.30852674139027175
-0.3064477990327237
-0.29826274074143383
-0.2701630891508371
-0.244367562927896
-0.23761227481718025
-0.22403991609457158
-0.22027149477033517
-0.20943875376766663
-0.10559680136828296
-0.09693898896968334
-0.09416781317514669
-0.07816662690101109
-0.07086633916041142
-0.02494006443571165
-0.0032158727227679274
0.00977487620663112
0.015167517477491012
0.024677512869273707
0.031191012120079527
0.14444566714356386
0.14713826787695367
0.15234708084222762
0.15303777399279336
0.15619452555220706
0.3547696340942553
0.35810847962319947
0.36129719731699184
0.36191571460789396
0.3696058077818795
0.3786624472749655
0.3876103789866671
0.3919286299471792
0.39428168592160723
0.39664695763456015
0.4000377880998177
1.064098934246002
1.070216072314128
1.0746436973228757
1.0764934409246865
1.0778960943409182
1.1000281032279002
1.1082458350372562
1.1114510389891785
1.1160583737572922
1.1203989580892881
1.125805444913229
1.1417577846130083
1.1453322622321038
1.1468174806391682
1.1487375079935658
1.151989173824321
1.4906577472780649
1.491933251231472
1.492786657818378
1.4937928803720333
1.4961317193330617
1.5104281920127907
1.5141156116266075
1.5167267380601541
1.517583730787868
1.5186914000357445
1.5201237783032429
1.705279395646916
1.7079099751850921
1.7107557143503154
1.7136181067275909
1.7172065620045267
1.734807388985804
1.740170158479031
1.7500901990058186
1.7654669300814418
1.7855945568174878
1.808950499411316
1.8345125632548358
1.8595193627157394
1.883478945213437
1.9053872654305826
1.9244108612064377
2.8863685869629623
2.900247787081696
2.9148297017745644
2.9297860550299175
2.9448082875710946
2.9596167704191934
2.973960054881209
2.9876154617044617
3.000376962266104
3.0120344243146424
3.022328288905047
3.037010505366454
3.046327276545528
3.054519292066986
3.061548146924242
3.0672481530952336
3.072665628152561
3.074782175010646
3.0765276069205023
3.077106390507095
3.0792459147807776
3.0793140577071205
3.0813565328406916
3.0816282174812346
3.082398096403853
3.082644382461829
3.082917991804564
-2.4415334963875646
-2.4372932581994635
-2.432742367539361
-2.4278598526057236
-2.4226286522670852
-2.4167521048387064
-2.4108371788631686
-2.404549123502965
-2.3978822878634225
-2.3908415476964837
-2.3834365350747895
-2.3728895427491916
-2.364424796927429
-2.355581969502814
-2.3464140146358257
-2.3369893481505453
-2.320515887237342
-2.312773370558902
-2.305031339303426
-2.297351999726479
-2.2898087571953427
-2.282449136296818
-2.2748968230717406
-2.268124099049063
-2.261813430362642
-2.2560644497464377
-2.250969438274203
-2.038755755648329
-2.0336436753034577
-2.0277723228104834
-2.0211962838142563
-2.0139846192415445
-2.004044722700208
-1.996251768332144
-1.988084973034575
-1.97965111199702
-1.971093727012736
-1.9625706671810246
-1.9515319659769972
-1.942674407358513
-1.9343745255333904
-1.926858951035047
-1.9203258902110618
-1.6767568669702528
-1.6639738588955406
-1.6520142129174153
-1.6419773189443554
-1.6359902177797818
-1.6263278506357037
-1.622415052487763
-1.6217549910980205
-1.6210575145156334
-1.6199482959508906
-1.6189353535562703
-1.553054960715388
-1.5525066080668186
-1.5518824226564947
-1.551020134900013
-1.5507377559980156
-1.5104170511865749
-1.5089910660369295
-1.5077984568149194
-1.5058197209129232
-1.5037351404224792
-1.4969713912801739
-1.4936153846248126
-1.492479120863592
-1.491457256499412
-1.4910758591521147
-1.490018331819443
-0.6064580685400304
-0.6050031605534195
-0.6014690135978006
-0.5949179403853299
-0.5860218725860713
-0.5689410807017161
-0.5579857621184362
-0.5529988907804908
-0.5516494513688185
-0.5502957584884893
-0.5494970370430662
-0.47688338013329634
-0.47517066714590933
-0.474617474449086
-0.4726964188146945
-0.47049660145365035
-0.31910366760873954
-0.31290943101000857
-0.30857111265755865
-0.3064105642848049
-0.29826696667757857
-0.2701628927604184
-0.24436634778403218
-0.23761450429115094
-0.22403721497761475
-0.22027315294110478
-0.20943879296853432
-0.10559730022445518
-0.0969305230487187
-0.09417790018665788
-0.07816159501597393
-0.07086939980111434
-0.024939713569654468
-0.0032157382677030066
0.009770855675550817
0.01517329967919966
0.024674491364323887
0.03119194064818706
0.14444622615208877
0.14713677596431823
0.15235608091336694
0.1530290293309231
0.15619520291640004
0.3547690238930183
0.35811450694918684
0.3612492499092023
0.3619609151998049
0.36960164145847485
0.37866558522523297
0.38760350911689523
0.39194443674701307
0.39426603331660715
0.39665249281754444
0.40003732665731284
1.0640989545423463
1.0702155614992757
1.0746494013186372
1.076481803336738
1.0779026586486642
1.1000276068577226
1.1082328507153696
1.1114950910646175
1.1159865474604262
1.120461704432955
1.1257801810830617
1.1417980759337638
1.1451736414694378
1.147004981231575
1.1486675626683618
1.1519935802019683
1.4906568001374005
1.4919413339266412
1.4927718425279044
1.493802106160948
1.4961300828114508
1.510429851951255
1.5141054234843472
1.516792209603282
1.517498615188919
1.5187241130542501
1.5201193280130216
1.7052793956410728
1.7079099752149947
1.710755714290163
1.7136181067799714
1.7172065619875538
1.7348073889874478
1.7401701584779103
1.7500901990059803
1.7654669300814319
1.7855945568174896
1.8089504994113164
1.8345125632548358
1.8595193627157411
1.8834789452134386
1.905387265430583
1.9244108612064363
2.8863685869629623
2.9002477870816947
2.914829701774561
2.9297860550299184
2.944808287571094
2.959616770419193
2.973960054881209
2.9876154617044604
3.000376962266102
3.0120344243146446
3.0223282889050473
3.037010505366453
3.046327276545527
3.0545192920669875
3.061548146924243
3.0672481530952322
3.0726656281525626
3.074782175010646
3.0765276069205014
3.077106390507095
3.0792459147807785
3.0793140577071227
3.081356532840692
3.0816282174812337
3.082398096403852
3.08264438246183
3.0829179918045626
-2.441533496387568
-2.4372932581994644
-2.432742367539351
-2.4278598526057307
-2.422628652267085
-2.416752104838709
-2.4108371788631704
-2.4045491235029632
-2.3978822878634225
-2.3908415476964784
-2.383436535074789
-2.372889542749191
-2.3644247969274304
-2.355581969502812
-2.346414014635826
-2.336989348150544
-2.3205158872373484
-2.3127733705588818
-2.3050313393034587
-2.2973519997264376
-2.289808757195374
-2.2824491362967954
-2.2748968230717495
-2.2681240990490585
-2.2618134303626407
-2.256064449746437
-2.2509694382742027
-2.038755755648327
-2.0336436753034572
-2.0277723228104936
-2.021196283814263
-2.013984619241512
-2.004044722700316
-1.9962517683319356
-1.9880849730348074
-1.9796511119968334
-1.9710937270128246
-1.9625706671810086
-1.9515319659769852
-1.9426744073585274
-1.9343745255333842
-1.9268589510350453
-1.9203258902110623
-1.6767568669702508
-1.6639738588956061
-1.6520142129160054
-1.6419773189181095
-1.635990218281718
-1.6263277721462805
-1.6224241523169483
-1.6217289365466112
-1.621081075032464
-1.6199400813412153
-1.6189370403932573
-1.553042976557466
-1.5525455306635287
-1.5518297846192637
-1.5510737731819613
-1.5507098164377837
-1.5104285667151698
-1.5089283763501198
-1.5078851475127848
-1.5057633984910992
-1.5037585148414419
-1.4969617096053747
-1.4936702962741861
-1.4923291826987273
-1.4916567460504764
-1.4909702009784318
-1.4900266409654408
-0.6064580679270716
-0.605003161974709
-0.6014690119852955
-0.5949179421702886
-0.5860218704345596
-0.5689410912966287
-0.557985684891349
-0.5529979224816493
-0.5516535016065512
-0.5502896435580922
-0.5495001381845809
-0.47687791342077346
-0.4752158338705407
-0.4745679846835293
-0.47270796559880995
-0.47049484406717346
-0.3191014392070777
-0.31293341936709335
-0.3084811035421285
-0.3064874357370056
-0.298257793736608
-0.2701636984325636
-0.24436914445490598
-0.23760681015605778
-0.22405821831875852
-0.22025479115299318
-0.20944079741363122
-0.10559961781581709
-0.09690979479396995
-0.09419923438613127
-0.07815625797580518
-0.07087179973600023
-0.024940069109544303
-0.003213501606707082
0.00976259312852767
0.015181804271473986
0.02467174978274328
0.031192548571569764
0.1444465107808379
0.14713614325566984
0.1523585875767021
0.15302675491870654
0.15619531921559374
0.3547669657556161
0.3581301993151035
0.3611641127452282
0.36203636844370224
0.36959617820542073
0.37866823174131986
0.38759985530874375
0.391950948155477
0.3942605508474617
0.39665407922792584
0.4000372315450662
1.0640989302903412
1.0702163311381612
1.0746391436157143
1.076504615535472
1.0778888807268094
1.100037563105092
1.1081069588937686
1.1117844801694265
1.1156819246175242
1.1206475204900674
1.1257202922911802
1.1418488519646435
1.1450245800316936
1.1471817905007766
1.1485910669331338
1.151997272161125
1.4906505843452833
1.4919932462694612
1.4926892979473558
1.493845638509508
1.4961231442246203
1.5104332776814517
1.5140874167849214
1.516944767165056
1.5173217165548742
1.5187699294317671
1.5201126879451219
1.7052793956093535
1.7079099753490001
1.7107557140640097
1.7136181069489795
1.7172065619412575
1.7348073889898512
1.7401701584765128
1.7500901990061413
1.7654669300814245
1.7855945568174882
1.8089504994113164
1.8345125632548362
1.8595193627157416
1.8834789452134375
1.9053872654305837
1.924410861206438
2.8863685869629623
2.9002477870816947
2.91482970177456
2.9297860550299184
2.9448082875710972
2.9596167704191934
2.9739600548812084
2.9876154617044604
3.000376962266102
3.0120344243146433
3.0223282889050473
3.0370105053664536
3.046327276545527
3.0545192920669884
3.0615481469242427
3.0672481530952336
3.072665628152562
3.0747821750106454
3.0765276069205014
3.077106390507097
3.079245914780778
3.0793140577071223
3.0813565328406938
3.0816282174812324
3.0823980964038533
3.0826443824618295
3.082917991804564
-2.4415334963875654
-2.437293258199461
-2.4327423675393614
-2.427859852605732
-2.422628652267085
-2.4167521048387077
-2.41083717886317
-2.4045491235029615
-2.397882287863422
-2.390841547696477
-2.3834365350747904
-2.3728895427491903
-2.3644247969274366
-2.355581969502809
-2.346414014635828
-2.336989348150543
-2.320515887237351
-2.3127733705588818
-2.3050313393034534
-2.2973519997264513
-2.28980875719535
-2.282449136296826
-2.2748968230717295
-2.268124099049069
-2.2618134303626403
-2.2560644497464426
-2.2509694382742023
-2.03875575564833
-2.03364367530346
-2.02777232281047
-2.0211962838143163
-2.013984619241439
-2.0040447227004026
-1.9962517683318688
-1.9880849730347891
-1.9796511119969389
-1.971093727012704
-1.9625706671810845
-1.9515319659769559
-1.942674407358534
-1.9343745255333842
-1.926858951035047
-1.920325890211061
-1.6767568669702493
-1.6639738588956492
-1.6520142129171718
-1.6419773188420987
-1.6359902188361952
-1.626327737845668
-1.6224267083683892
-1.6217218357230956
-1.6210870553161838
-1.6199383741057474
-1.6189373459353769
-1.5530378477161166
-1.5525607883563788
-1.5518076230299196
-1.5510960579834856
-1.550699563894149
-1.510434825229264
-1.5088894762205227
-1.5079370333189726
-1.5057317352428754
-1.5037724807432598
-1.4969556270471707
-1.493702973734136
-1.4921866588088255
-1.4918157345930876
-1.4909196062949157
-1.4900326297327962
-0.606458067795586
-0.6050031623245152
-0.6014690114543545
-0.5949179430904256
-0.5860218685400705
-0.5689411210455132
-0.5579845473183609
-0.5530242256945439
-0.5515865313098254
-0.5503603676742911
-0.5494711897430354
-0.4768784456376674
-0.4752146567499483
-0.47456803150850635
-0.47270886522138167
-0.4704945430154596
-0.319100281629776
-0.3129455326339602
-0.30843377715349674
-0.30652782308878795
-0.298253586104287
-0.2701638948437901
-0.24437035784424369
-0.23760458098723133
-0.22406090087904243
-0.22025315297975834
-0.20944075821939226
-0.10559911972539417
-0.09691839518921465
-0.09418901389567148
-0.0781612911247815
-0.07086873607002951
-0.024940419962712165
-0.003213636292889694
0.00976660124278535
0.01517603279786731
0.02467477282164788
0.031191620416225967
0.14444595156822337
0.14713763509690028
0.15234952770572593
0.15303555951795939
0.15619464198934002
0.3547675738992575
0.35812406942848035
0.3612029973492393
0.36200032867410303
0.36960035002436936
0.3786650939415679
0.38760671467055813
0.39193509391320897
0.39427624959849245
0.3966485567206174
0.40003769306990294
1.0640989099945866
1.070216842393706
1.0746335266132725
1.0765163472706956
1.0778821348586143
1.1000380605784097
1.108118317925653
1.111737222861342
1.115754509921978
1.1205879859079095
1.1257464065216067
1.1418067212281129
1.1451628310416835
1.1470061655921195
1.1486713228362393
1.1519928969189968
1.4906515078837814
1.4919837256625141
1.4927047491632008
1.4938372196537317
1.496124799390352
1.5104316118502776
1.5140974045480609
1.516841283888331
1.5174416523702072
1.5187405047363198
1.5201172477126357
1.7052793956151968
1.7079099753190947
1.71075571412416
1.7136181068965974
1.7172065619582293
1.7348073889882074
1.7401701584776317
1.7500901990059774
1.7654669300814352
1.7855945568174891
1.8089504994113161
1.834512563254836
1.8595193627157411
1.8834789452134386
1.905387265430582
1.9244108612064368
2.8863685869629623
2.9002477870816974
2.914829701774562
2.9297860550299193
2.9448082875710964
2.959616770419196
2.9739600548812084
2.987615461704461
3.0003769622661003
3.012034424314643
3.0223282889050442
3.037010505366454
3.0463272765455276
3.0545192920669875
3.0615481469242427
3.0672481530952322
3.0726656281525617
3.0747821750106463
3.076527606920502
3.0771063905070966
3.079245914780778
3.079314057707122
3.0813565328406924
3.08162821748123
3.082398096403852
3.0826443824618295
3.0829179918045635
-2.4425478006432955
-2.4383815393214037
-2.4339104252630235
-2.4291125739984185
-2.4239699183973897
-2.418171392165428
-2.412349975764587
-2.406156711768672
-2.399584341197352
-2.3926362941972457
-2.385320448072639
-2.3749415005289842
-2.366578220118505
-2.3578254508218963
-2.3487330584325212
-2.3393650418442835
-2.3224439382819666
-2.314710937610877
-2.306963636273495
-2.2992620993120974
-2.2916774490920773
-2.284253110462
-2.276650552484207
-2.269777872632602
-2.2633422912725094
-2.2574437411544253
-2.2521771714573013
-2.037551554592629
-2.032245179485431
-2.02619190162325
-2.0194499801715877
-2.01209176807242
-2.0021413941763755
-1.9942419472723336
-1.9859963995112286
-1.9775171429068585
-1.9689544995273867
-1.96047336083286
-1.9492782732581326
-1.9405379979596113
-1.9324137117355877
-1.9251268145635048
-1.9188653426102655
-1.67352428863146
-1.6608751857717752
-1.649263274535924
-1.640009090234886
-1.6353536102796076
-1.6259336469473604
-1.6221411238980885
-1.6219775006333625
-1.6209876125167013
-1.6199566162555767
-1.617702371164347
-1.553082683235106
-1.5524376507131639
-1.5517348479217512
-1.5509671364220083
-1.5504466418995673
-1.5104379719594654
-1.5089801626164436
-1.5074810786450306
-1.5052275188982143
-1.5036763867441993
-1.4969496705226608
-1.4936833312231246
-1.492506962140566
-1.4913290984797973
-1.4906880245007352
-1.4899944317353315
-0.6065410348683473
-0.6053155004906815
-0.6026565526172103
-0.5968067502055554
-0.5884049039041249
-0.5708521192981716
-0.5600416636634014
-0.5528681416405542
-0.5525322010238749
-0.5503036527196389
-0.5495399863390307
-0.47686799149440023
-0.4752335963415893
-0.47455226655631455
-0.4726731507881929
-0.47049117158034104
-0.3190681968354486
-0.3138396786794167
-0.3092463654649563
-0.30593879153597403
-0.29831279725695065
-0.2701604576865955
-0.24446352097845278
-0.23739395393393772
-0.22479955133544074
-0.21964204907101448
-0.2095219811450175
-0.10598976994687281
-0.10065578981805566
-0.08939441055011887
-0.08148314954339207
-0.06942912418444756
-0.02536141325206912
-0.0009508522650073237
0.005351920786995433
0.019817015310436545
0.02303596986173156
0.031822010530882114
0.14417994070632498
0.14813757596350471
0.15095251266632562
0.15435988080231275
0.1558547211106337
0.3547434936512132
0.3585012688869452
0.3598357312576971
0.36222598861997213
0.3677863861631194
0.3781884618612007
0.3870931114178237
0.3909070715958774
0.3939069759487589
0.3961320284334219
0.3985700556607756
1.06578695833399
1.0714018793794504
1.075449272104765
1.0762539921029994
1.0779296850561566
1.1017045674539547
1.1091009062251251
1.1127816869414833
1.1163898377686758
1.1222979109764812
1.12575840047093
1.1418965444369829
1.1448509443311363
1.1473898208948141
1.1486216743570266
1.1524657783774759
1.4906508865483703
1.4920421755480364
1.4931500123894852
1.4938132983612284
1.4973317048700236
1.5106644132799552
1.5147024398240578
1.5169264939118037
1.5176108330368292
1.5187155126309764
1.520120709022431
1.7058680766084586
1.7086207116384993
1.7114574308343014
1.7144026821110168
1.7183600052590817
1.7358087205456352
1.7421569940033
1.7534271127590775
1.7701063333828302
1.7911952832115954
1.8150933336477788
1.8407999812791132
1.8656499296260005
1.889183530661966
1.9104428788879795
1.928632234086725
2.883047789185812
2.896699036141881
2.911136542428933
2.9260291746698974
2.941062416135617
2.9559491179970747
2.9704304123376124
2.9842775108036257
2.997281512759352
3.0092362467953797
3.0199010365738035
3.0345091158409336
3.044102407303396
3.0525783482111275
3.0599039277614257
3.0659766413053067
3.071539441154772
3.0753308452997317
3.0756586512237303
3.07768588594242
3.0787337403109816
3.0796535922664865
3.0813060485811015
3.0816474807421117
3.0824565371423684
3.082575667040923
3.08292039203977
-2.4425478006432946
-2.4383815393214032
-2.433910425263021
-2.429112573998416
-2.4239699183973893
-2.4181713921654295
-2.412349975764589
-2.4061567117686646
-2.399584341197354
-2.392636294197247
-2.385320448072639
-2.374941500528984
-2.3665782201185044
-2.357825450821895
-2.348733058432518
-2.3393650418442826
-2.322443938281959
-2.3147109376108945
-2.306963636273467
-2.2992620993121284
-2.291677449092055
-2.284253110462016
-2.276650552484204
-2.269777872632601
-2.2633422912725085
-2.2574437411544213
-2.252177171457305
-2.0375515545926257
-2.0322451794854297
-2.026191901623252
-2.0194499801715713
-2.0120917680724717
-2.002141394176244
-1.9942419472725474
-1.985996399511009
-1.9775171429069975
-1.968954499527343
-1.9604733608328437
-1.9492782732581586
-1.9405379979595911
-1.9324137117356004
-1.925126814563503
-1.9188653426102706
-1.6735242886314674
-1.66087518577138
-1.6492632745487605
-1.6400090900288258
-1.635353610682983
-1.6259336812135348
-1.6221203959327586
-1.6220026304605508
-1.6209813121625452
-1.619958583161149
-1.6177022682762865
-1.5530821387377494
-1.5524392473625648
-1.551733259102183
-1.550967701574207
-1.5504466137947612
-1.5104315634874064
-1.5090080383641709
-1.5074367919608298
-1.5052729809094139
-1.5036513773902125
-1.4969584344231701
-1.4936367081888116
-1.4925919656690818
-1.4912189250000447
-1.4907654732528917
-1.4899823784385218
-0.6065410353588611
-0.6053154992801718
-0.6026565539398865
-0.5968067488544622
-0.5884049056958834
-0.5708521013631673
-0.5600420020913831
-0.5527879566674325
-0.5526244955181933
-0.5502768658178787
-0.5495543425948965
-0.4768654835700316
-0.4752494159390355
-0.47453558228442994
-0.4726770149809398
-0.47049067960496394
-0.31906967570033146
-0.3138267923747499
-0.3092849313655216
-0.30590384533847464
-0.2983213276106485
-0.2701589328442864
-0.2444672615901306
-0.23739081034964213
-0.22479668181270882
-0.21964602697331975
-0.20952105451275535
-0.10598801102406508
-0.10065989274965075
-0.08938874585042858
-0.08148723372929347
-0.06942840419711177
-0.02536104166382235
-0.0009546308845540108
0.005357292964035875
0.01981016660118721
0.023041256363969552
0.03182164819113417
0.14417975572593716
0.14813830441407763
0.15095164764330576
0.1543603817117822
0.1558545412430123
0.35474622932440925
0.3584558873878183
0.3599115529656476
0.362186107744146
0.36779447380301983
0.378185945622511
0.38709708208847965
0.3909013008065532
0.3939115213327453
0.39613020938273596
0.3985702630379619
1.0657870018504978
1.0714004650697337
1.075485399762876
1.076204666135163
1.077944650289063
1.1016927809114163
1.10924141291748
1.1124553750601627
1.1167112053949522
1.1220756303446642
1.1258634598867916
1.1418378138376633
1.144989413403393
1.1472253706470523
1.1487021212109119
1.1524630924896238
1.4906541160273743
1.4920201000939173
1.493208783396241
1.493770902971914
1.4973344080931126
1.5106614689464728
1.5147262119076614
1.516803086681001
1.5177725640375643
1.5186491019276172
1.5201277353403182
1.7058680766252508
1.7086207115658072
1.7114574309532151
1.7144026820276144
1.7183600052800265
1.73580872054464
1.7421569940037822
1.753427112759032
1.7701063333828326
1.791195283211595
1.8150933336477781
1.840799981279114
1.8656499296260005
1.8891835306619662
1.9104428788879804
1.9286322340867232
2.8830477891858126
2.896699036141883
2.911136542428931
2.9260291746699
2.941062416135618
2.955949117997075
2.970430412337611
2.984277510803624
2.99728151275935
3.009236246795382
3.0199010365738044
3.0345091158409336
3.044102407303398
3.052578348211127
3.0599039277614244
3.0659766413053062
3.071539441154772
3.0753308452997326
3.0756586512237303
3.077685885942419
3.0787337403109802
3.0796535922664847
3.0813060485811
3.081647480742111
3.082456537142368
3.082575667040923
3.082920392039772
-2.4425478006432964
-2.4383815393214054
-2.4339104252630173
-2.4291125739984145
-2.4239699183973897
-2.41817139216543
-2.4123499757645868
-2.406156711768668
-2.3995843411973583
-2.3926362941972474
-2.3853204480726413
-2.3749415005289833
-2.3665782201185044
-2.357825450821895
-2.3487330584325203
-2.3393650418442853
-2.3224439382819573
-2.314710937610888
-2.306963636273485
-2.2992620993121062
-2.291677449092086
-2.284253110461986
-2.276650552484225
-2.26977787263259
-2.263342291272513
-2.257443741154418
-2.252177171457304
-2.0375515545926257
-2.032245179485426
-2.026191901623272
-2.019449980171526
-2.012091768072526
-2.002141394176199
-1.9942419472725392
-1.9859963995111138
-1.9775171429068292
-1.9689544995274977
-1.9604733608327596
-1.9492782732581833
-1.940537997959588
-1.9324137117355966
-1.9251268145635005
-1.9188653426102684
-1.673524288631472
-1.6608751857713013
-1.6492632745456772
-1.6400090901631459
-1.6353536102575859
-1.6259336517600709
-1.622144731961605
-1.6219726333466542
-1.6209896035269424
-1.619955814660973
-1.6177024362592722
-1.553069797497179
-1.5524822383840093
-1.5516656909245
-1.5510230328116645
-1.5504281998463831
-1.510443403755711
-1.5089559191081543
-1.5075177453027682
-1.5051911074320574
-1.5036967018462402
-1.4969433428430527
-1.4937129131145925
-1.4924479515218823
-1.4913961594840532
-1.4906465782142544
-1.4900028155550564
-0.6065410336434155
-0.6053155032417343
-0.6026565501493334
-0.5968067518530773
-0.5884049028270996
-0.5708521150012643
-0.5600418801996422
-0.5528011798997547
-0.5526106281114551
-0.5502777705506807
-0.5495541921435951
-0.47685782799470683
-0.47529731971652867
-0.47448235664137045
-0.4726922920541764
-0.4704883795389998
-0.31906874781503125
-0.3138338108981423
-0.309265438874038
-0.3059210088236199
-0.2983171664614968
-0.2701599021025202
-0.2444629537309188
-0.23739637389468946
-0.22479445763302175
-0.2196459526231205
-0.20952153754379368
-0.10598805406086023
-0.10065865043384505
-0.08939382738804978
-0.08148140734315704
-0.069430527488684
-0.025360568769227456
-0.0009549762088289142
0.0053564654202976165
0.019815892703309145
0.023035723015139228
0.03182234467733631
0.14418010958086946
0.14813639091022593
0.1509546440500115
0.15435767133075465
0.15585581469602422
0.3547453567430458
0.358474564173891
0.3598767331991925
0.36220760961698484
0.3677886133214256
0.37818899970287717
0.38708932027065146
0.3909157577338862
0.3938972164789553
0.3961371844481415
0.3985692178082178
1.0657870362368012
1.0713995657236306
1.07550677200388
1.076177215888923
1.077951705623451
1.1016925160061233
1.109224753528266
1.1125104043505791
1.116633404615697
1.122154880189082
1.1258193543980883
1.1418860195109592
1.1448622233141745
1.1473900858728465
1.1486176140997773
1.1524663078491688
1.4906536450174086
1.492023704064555
1.4931974141999413
1.4937797363359033
1.4973337279092809
1.5106628931694146
1.5147127290384153
1.5168734192950983
1.5176748113853114
1.5186933989770552
1.5201230000308092
1.7058680766221066
1.7086207115823837
1.7114574309210124
1.714402682053981
1.718360005272089
1.7358087205453334
1.7421569940033774
1.7534271127590855
1.770106333382829
1.7911952832115965
1.8150933336477775
1.8407999812791156
1.8656499296259985
1.889183530661966
1.9104428788879804
1.9286322340867232
2.883047789185812
2.8966990361418814
2.911136542428932
2.926029174669899
2.9410624161356163
2.955949117997075
2.97043041233761
2.9842775108036257
2.9972815127593493
3.0092362467953815
3.019901036573803
3.034509115840933
3.0441024073033947
3.0525783482111293
3.0599039277614253
3.065976641305305
3.0715394411547723
3.075330845299732
3.07565865122373
3.0776858859424188
3.0787337403109816
3.0796535922664874
3.081306048581102
3.0816474807421104
3.0824565371423676
3.0825756670409223
3.082920392039771
-2.442547800643295
-2.438381539321404
-2.4339104252630213
-2.4291125739984216
-2.423969918397389
-2.418171392165431
-2.4123499757645908
-2.4061567117686655
-2.3995843411973534
-2.3926362941972483
-2.3853204480726413
-2.3749415005289856
-2.3665782201185053
-2.3578254508219008
-2.3487330584325243
-2.33936504184428
-2.322443938281965
-2.314710937610874
-2.3069636362735135
-2.2992620993120685
-2.291677449092113
-2.284253110461976
-2.2766505524842287
-2.269777872632588
-2.263342291272514
-2.2574437411544213
-2.2521771714573062
-2.0375515545926284
-2.032245179485429
-2.026191901623267
-2.019449980171547
-2.0120917680724717
-2.0021413941763315
-1.9942419472723212
-1.9859963995113343
-1.977517142906688
-1.968954499527543
-1.960473360832772
-1.9492782732581613
-1.9405379979596067
-1.9324137117355895
-1.9251268145635065
-1.918865342610267
-1.6735242886314639
-1.660875185771698
-1.6492632745328424
-1.640009090369203
-1.635353609854214
-1.625933617491733
-1.6221597998805806
-1.6219530632993917
-1.6209959866176276
-1.6199538652425591
-1.6177025391922497
-1.553070385199471
-1.5524807364032165
-1.5516672528398037
-1.5510223656405686
-1.550428219000801
-1.51044958979854
-1.5089260739083699
-1.5075627213564275
-1.505145056475678
-1.503723794226423
-1.4969344898028196
-1.493753148063513
-1.492354444793548
-1.4914979315780383
-1.4905905737912224
-1.4900168147642818
-0.6065410331528996
-0.6053155044522437
-0.6026565488266589
-0.5968067532041746
-0.5884049010353382
-0.5708521329361643
-0.560041541744761
-0.5528748800563393
-0.5525247992338016
-0.5503045615162119
-0.5495398510508229
-0.47686038956573895
-0.4752833094332911
-0.4744972740058871
-0.47268833440151786
-0.470488868920766
-0.31906726752692144
-0.313846639536145
-0.3092266007429213
-0.3059562714499882
-0.2983086509436995
-0.27016142691750133
-0.24445920886252878
-0.23739952180022528
-0.22479732828383017
-0.21964197346106049
-0.20952246432619948
-0.10598981276631503
-0.10065454668528893
-0.08939948799014204
-0.08147732780407194
-0.06943124796211243
-0.0253609403739394
-0.0009511975341131676
0.005351093731851445
0.01982276049977238
0.023030417055152384
0.03182270686130276
0.14418029462985194
0.14813566336035888
0.15095550863290108
0.15435717044811595
0.1558559940076436
0.35474262503368553
0.35852178258535033
0.3597998445624099
0.3622467392258672
0.3677805038850682
0.3781915160395825
0.3870853645323122
0.39092154257101924
0.39389265720169403
0.39613898791571783
0.39856900994535444
1.0657869927183503
1.0714009784145109
1.075468181485152
1.0762287971550846
1.0779369495597706
1.1017043030003346
1.1090864550445168
1.1128421142978393
1.116307720035746
1.1223777038299279
1.1257104747106728
1.1419475479053043
1.1447301965270806
1.147566137364845
1.148516328811949
1.1524689783503705
1.490650421190797
1.4920459761880847
1.4931397449810326
1.4938208295151902
1.4973310227962529
1.5106658417019052
1.514689430559881
1.5170326317301792
1.5174838999680054
1.518752835498851
1.5201158452930237
1.7058680766053134
1.7086207116550758
1.7114574308020982
1.7144026821373846
1.7183600052511419
1.7358087205463293
1.7421569940028956
1.7534271127591317
1.7701063333828284
1.7911952832115965
1.8150933336477781
1.8407999812791134
1.8656499296259996
1.8891835306619664
1.9104428788879808
1.928632234086721
2.883047789185812
2.896699036141882
2.911136542428933
2.926029174669897
2.9410624161356167
2.9559491179970734
2.970430412337612
2.9842775108036244
2.9972815127593497
3.009236246795379
3.0199010365738044
3.034509115840934
3.044102407303396
3.0525783482111257
3.0599039277614257
3.065976641305306
3.0715394411547723
3.075330845299733
3.0756586512237316
3.0776858859424197
3.07873374031098
3.0796535922664856
3.081306048581102
3.0816474807421117
3.0824565371423684
3.0825756670409232
3.08292039203977
-2.443544611534896
-2.439450748805446
-2.4350580433753652
-2.43034372482234
-2.4252887427167376
-2.4195675609449263
-2.413839180787493
-2.4077405792556132
-2.401262885531072
-2.3944081180981205
-2.3871824311170777
-2.3769665884620776
-2.3687072460701475
-2.3600476382729516
-2.3510347827284783
-2.3417286576236354
-2.3243675811810505
-2.3166474385300826
-2.308898749486275
-2.301179459761155
-2.293558417973941
-2.2860748892432294
-2.27842548092131
-2.2714589499241504
-2.2649047352558314
-2.2588626431469367
-2.2534296057197314
-2.0362978465162396
-2.0307998861667156
-2.0245683758285526
-2.0176650972908803
-2.0101657017048566
-2.000209792330755
-1.9922096760604961
-1.983893087941245
-1.975377827810256
-1.966821037179012
-1.958394307105735
-1.9470482836037444
-1.9384401577769355
-1.9305053899820823
-1.9234590861866268
-1.9174776533850404
-1.6703107899621286
-1.6578388325796636
-1.6466513223790893
-1.6383779811790167
-1.6349704903806452
-1.6257125577435432
-1.622292435840357
-1.6215164152261272
-1.6210484557508
-1.6199672213618286
-1.6164987123144292
-1.55311279483161
-1.552320697869016
-1.5516217983215657
-1.5509409786602861
-1.5500729929318937
-1.510471615498855
-1.5089577954103401
-1.5070103907360466
-1.504822655675654
-1.5036450081860684
-1.496941766719909
-1.493617790163807
-1.492666813178379
-1.4913973632517399
-1.4902746572419792
-1.4896510820020483
-0.6066239259686205
-0.6053865169805556
-0.6036437469124488
-0.5985351663612523
-0.5906936007786618
-0.5727467726716685
-0.5622514059110446
-0.5541598248287848
-0.5522899746394346
-0.5503304505875071
-0.549629863659284
-0.4767679476522382
-0.475640750226585
-0.47405154206177424
-0.4728709233114287
-0.47044027765747026
-0.3193831229525061
-0.31390740163183367
-0.31117260379236544
-0.3038444514151514
-0.29924496384202814
-0.26993072867807477
-0.24589294000661172
-0.23358825178837408
-0.22927917428636815
-0.21721669846966504
-0.21008614387772778
-0.10731315349994616
-0.10110345082686589
-0.08681355525721526
-0.08403936773529581
-0.0689092578218933
-0.025477347384134066
-0.0006738529850270354
0.005307562549402689
0.018790139868902787
0.024462739951900077
0.03247325264108272
0.14417320957529103
0.14938676987334526
0.14998107862311455
0.15478373051296257
0.1556412878447464
0.35481600492549825
0.3581254927575841
0.3593617599007069
0.3623788169777908
0.3656550387428447
0.37699956951436264
0.3871097339285575
0.3898360040446673
0.39344705376687616
0.3955251621816276
0.39774479433753945
1.067243059728438
1.0725229408517571
1.0756350619649273
1.0763499056408457
1.077888461467968
1.1035410277200188
1.1097868339719401
1.1139382934656903
1.1170144016702739
1.1241970828646468
1.1257608373183796
1.1419077679570415
1.1449003317641442
1.1470939032031506
1.1492012745029019
1.1529623448625643
1.4906694085184982
1.4920288658196375
1.493517810176804
1.4940542052147112
1.4986568240956095
1.5110258056103905
1.5153093971330722
1.5169568992026867
1.5176812434570044
1.5187698840324064
1.5201131246626023
1.7065063068801611
1.7093364439703624
1.7121607955888882
1.7152486963692084
1.7196589938954907
1.7370121584954712
1.744462094304526
1.7571098587403153
1.775023977350213
1.796970960183883
1.8213105541250423
1.8470763594389006
1.8716972470547077
1.8947451955515489
1.915305945534266
1.9326201076916476
2.8797969313583383
2.8931994226568736
2.907471742836574
2.922280948935397
2.937307181869595
2.952256023225489
2.9668610321678623
2.980886841519836
2.9941206262364672
3.0063579613260085
3.0173721260949726
3.031939985778073
3.0418076761029313
3.0505656917376602
3.0581831740715435
3.0645920276209884
3.0703477868104905
3.074725458233949
3.075915982218115
3.078068876990605
3.078242827243982
3.0798799848141503
3.081073864879057
3.081928326464811
3.0822216248518157
3.082711227404
3.0828760219947697
-2.4435446115348953
-2.439450748805446
-2.4350580433753675
-2.430343724822337
-2.4252887427167376
-2.4195675609449223
-2.413839180787493
-2.407740579255614
-2.4012628855310725
-2.394408118098119
-2.3871824311170813
-2.376966588462076
-2.3687072460701466
-2.3600476382729476
-2.35103478272848
-2.3417286576236354
-2.324367581181049
-2.3166474385300946
-2.308898749486253
-2.3011794597611788
-2.2935584179739057
-2.2860748892432587
-2.278425480921291
-2.2714589499241584
-2.2649047352558287
-2.258862643146932
-2.2534296057197327
-2.03629784651624
-2.03079988616672
-2.024568375828536
-2.0176650972909096
-2.010165701704827
-2.0002097923307502
-1.9922096760605872
-1.9838930879410581
-1.9753778278104819
-1.966821037178832
-1.9583943071058185
-1.9470482836037295
-1.9384401577769401
-1.930505389982086
-1.923459086186621
-1.917477653385041
-1.670310789962126
-1.6578388325789035
-1.646651322446862
-1.6383779786181802
-1.6349704980007085
-1.6257122827437762
-1.6223041364866795
-1.6214736320995111
-1.6210846550370066
-1.6199623147817708
-1.6164987719592199
-1.553111512071317
-1.5523267858550573
-1.5516117078599194
-1.5509476043796362
-1.550071652479703
-1.510467653220915
-1.5089741679715802
-1.5069757683899367
-1.50487745788193
-1.5036096566557635
-1.4969518490287061
-1.4935545738763307
-1.492759457800447
-1.4913392305121784
-1.4903046138629907
-1.48964250883565
-0.606623927280326
-0.6053865129693698
-0.6036437509695948
-0.5985351638180337
-0.5906936031572377
-0.5727467558382379
-0.5622515879756581
-0.5541550057384814
-0.5523021144973385
-0.5503122741563157
-0.5496405531810634
-0.47676691361554285
-0.47564328473770956
-0.4740488720271681
-0.47287215112044434
-0.4704402191421869
-0.3193825907809083
-0.31390853756301534
-0.31117380353918217
-0.3038381437323882
-0.2992500494766517
-0.26992899565474526
-0.24590022978710754
-0.23355960214504098
-0.2293056545283709
-0.21721169790043357
-0.21008716557443705
-0.10731390652106682
-0.10110260045389882
-0.08680813312583084
-0.08404601105307268
-0.06890798646228077
-0.025477761512039246
-0.0006733267173222082
0.005307932287781386
0.01878757651963183
0.024465200596376732
0.03247271576906509
0.14417290710027758
0.1493962374735439
0.14997070673896726
0.1547873104625752
0.15563891478647784
0.3548176342862616
0.3580967614285836
0.35940809540013635
0.36234806216677307
0.3656679453803257
0.37699677293493383
0.3871198652555345
0.38982025009149224
0.3934604334710406
0.3955175382376621
0.3977460724240141
1.0672430038146696
1.0725247805405735
1.0756092161303914
1.0763830354091235
1.0778793064520902
1.1035409065525421
1.1098022579304054
1.11386702265081
1.1171066276953574
1.1240503053395516
1.125876887939988
1.141855159837941
1.1450373965057545
1.1469640898546956
1.1492437296377076
1.1529598026630727
1.4906696621841378
1.4920273242877384
1.4935238010466991
1.4940492200895028
1.4986571853181674
1.5110244361502814
1.5153314142400176
1.5168615755538262
1.5177968669349542
1.5187234354168475
1.5201185467012535
1.7065063068818922
1.709336443961246
1.712160795605621
1.715248696356461
1.7196589938990643
1.737012158495175
1.7444620943046734
1.7571098587402956
1.7750239773502146
1.796970960183884
1.8213105541250412
1.8470763594388995
1.8716972470547086
1.8947451955515515
1.915305945534266
1.9326201076916507
2.8797969313583383
2.89319942265687
2.907471742836573
2.9222809489354
2.937307181869597
2.9522560232254884
2.966861032167862
2.980886841519834
2.9941206262364664
3.006357961326009
3.017372126094972
3.031939985778073
3.041807676102932
3.050565691737664
3.0581831740715417
3.0645920276209897
3.070347786810491
3.0747254582339503
3.0759159822181172
3.078068876990605
3.07824282724398
3.0798799848141494
3.0810738648790568
3.081928326464811
3.0822216248518157
3.0827112274040007
3.0828760219947693
-2.443544611534895
-2.439450748805447
-2.4350580433753746
-2.4303437248223334
-2.4252887427167367
-2.419567560944924
-2.413839180787489
-2.407740579255614
-2.401262885531062
-2.3944081180981174
-2.387182431117081
-2.376966588462077
-2.3687072460701475
-2.360047638272951
-2.3510347827284797
-2.341728657623635
-2.3243675811810434
-2.3166474385301106
-2.308898749486232
-2.301179459761207
-2.293558417973895
-2.2860748892432627
-2.2784254809212934
-2.271458949924157
-2.264904735255827
-2.258862643146932
-2.253429605719732
-2.0362978465162405
-2.0307998861667187
-2.0245683758285495
-2.0176650972908847
-2.0101657017048913
-2.000209792330615
-1.9922096760607875
-1.9838930879408818
-1.9753778278105605
-1.9668210371788462
-1.9583943071057721
-1.947048283603766
-1.93844015777691
-1.9305053899820976
-1.92345908618662
-1.9174776533850404
-1.670310789962143
-1.6578388325776454
-1.646651322495083
-1.6383779776051324
-1.6349705003190262
-1.6257122392046885
-1.622305961163296
-1.6214657438749789
-1.6210916863263427
-1.6199613694927
-1.6164987917098428
-1.5530978114019323
-1.5523840738548775
-1.551503963486691
-1.5510250023676608
-1.5500584098097172
-1.510479051275776
-1.5089287108627534
-1.507063463093308
-1.5047432788099215
-1.5036959737066775
-1.4969317496651566
-1.4936662302428116
-1.4925914874225568
-1.4914471843232333
-1.4902517111576188
-1.4896580991852637
-0.6066239238926929
-0.6053865226196173
-0.6036437420639463
-0.598535168262142
-0.5906936000081605
-0.5727467690533492
-0.5622514870163825
-0.5541568329841194
-0.5522980423087738
-0.5503175852502489
-0.5496375764360468
-0.4767541282474008
-0.47567849715506666
-0.4740004163893155
-0.47290102686766045
-0.4704373716757892
-0.31938169479081463
-0.31391428833172763
-0.3111675683055224
-0.30383940091849576
-0.2992503213036017
-0.26992864480791795
-0.24590059465523595
-0.23356177079326673
-0.2293021485711976
-0.21721358431424503
-0.21008645512389784
-0.10731225132798003
-0.10110638968935319
-0.08679557329271528
-0.08405690956773186
-0.06890758941063473
-0.025477260732235888
-0.0006781843385858285
0.00531465692368628
0.018782523644665025
0.024468347111768794
0.03247233180962133
0.14417271930881104
0.14940032848671128
0.1499664489323866
0.15478817113670046
0.15563840813454563
0.35482211895045135
0.3580390524345873
0.3594978091555073
0.36229476368310687
0.36568612527685745
0.37699447063743163
0.38712474208426484
0.3898139170564483
0.3934644901948001
0.39551562173718635
0.3977463198652715
1.0672430782222206
1.0725217760870107
1.0756592534470821
1.0763176005522006
1.0778979513498919
1.1035254849015952
1.1099385012825063
1.1135252700747325
1.1174441624455056
1.123724843800877
1.1260939094744078
1.141794005191263
1.1452011156335096
1.1468176335396911
1.1492812455741384
1.1529576973780522
1.490671478480982
1.4920178667831991
1.4935580336145258
1.4940215027222932
1.4986585318011056
1.5110216157645833
1.515372973148373
1.51673036012488
1.517971290655861
1.5186333752279704
1.5201264395996517
1.7065063068909587
1.7093364439220835
1.7121607956663591
1.7152486963170075
1.7196589939081406
1.7370121584947562
1.7444620943048406
1.757109858740284
1.7750239773502168
1.7969709601838848
1.8213105541250434
1.8470763594389004
1.871697247054708
1.8947451955515504
1.9153059455342676
1.932620107691651
2.8797969313583383
2.8931994226568745
2.907471742836575
2.922280948935399
2.937307181869595
2.9522560232254884
2.9668610321678606
2.9808868415198337
2.9941206262364717
3.006357961326008
3.0173721260949726
3.031939985778073
3.0418076761029327
3.050565691737662
3.058183174071543
3.064592027620989
3.070347786810491
3.0747254582339503
3.075915982218117
3.078068876990606
3.078242827243981
3.0798799848141516
3.0810738648790577
3.0819283264648103
3.082221624851815
3.0827112274040003
3.082876021994769
-2.4435446115348953
-2.439450748805447
-2.4350580433753697
-2.4303437248223414
-2.425288742716735
-2.419567560944926
-2.4138391807874893
-2.4077405792556146
-2.4012628855310685
-2.3944081180981205
-2.38718243111708
-2.3769665884620768
-2.368707246070145
-2.3600476382729556
-2.3510347827284823
-2.341728657623636
-2.3243675811810443
-2.3166474385301004
-2.3088987494862563
-2.301179459761164
-2.2935584179739306
-2.286074889243235
-2.2784254809213107
-2.2714589499241478
-2.264904735255835
-2.2588626431469345
-2.253429605719734
-2.0362978465162396
-2.0307998861667143
-2.024568375828561
-2.017665097290851
-2.0101657017049184
-2.000209792330617
-1.9922096760606964
-1.98389308794107
-1.9753778278103367
-1.9668210371790273
-1.9583943071056882
-1.947048283603785
-1.9384401577769093
-1.9305053899820952
-1.9234590861866214
-1.9174776533850417
-1.6703107899621472
-1.6578388325783955
-1.6466513224273094
-1.6383779801659668
-1.6349704926989628
-1.6257125142237747
-1.6222943579380933
-1.6215095781259639
-1.6210543566841544
-1.619966257866315
-1.616498732062669
-1.5530991978035449
-1.5523787608539692
-1.551515325866347
-1.551016310666272
-1.550059665699466
-1.5104828877382424
-1.5089115754908276
-1.5070970330047218
-1.5046823307140134
-1.503739398249652
-1.4969215357049561
-1.4937157688332507
-1.4925030599216773
-1.4915123198893632
-1.4902233767168152
-1.489667653509931
-0.6066239225809732
-0.6053865266307856
-0.6036437380068291
-0.5985351708053608
-0.5906935976295898
-0.5727467858866915
-0.5622513049422402
-0.5541616376138263
-0.5522858842537862
-0.5503356593399975
-0.549627021923004
-0.4767552055030158
-0.4756759915852905
-0.47400310403993257
-0.4728997097103999
-0.47043742976303876
-0.3193822273317522
-0.3139131532709621
-0.3111663657125631
-0.30384571000916755
-0.29924523588216445
-0.26993037785945506
-0.24589330501742274
-0.23359038735824833
-0.22927569953733337
-0.21721858612732722
-0.21008543386794198
-0.10731149772141622
-0.10110724063526591
-0.0868010455377371
-0.08405021631816964
-0.06890886059937548
-0.025476846586074145
-0.0006787102243485596
0.0053142863281066535
0.018785084561273913
0.02446588922879503
0.03247286880827637
0.144173021728532
0.14939072215094093
0.1499769591668969
0.15478458756019037
0.15564078526020653
0.35482047629499003
0.358064647090545
0.35945372522454105
0.3623262083190628
0.36567342633435607
0.37699726745514855
0.38711457189391363
0.38982969185461686
0.39345111068706
0.3955232633961668
0.39774504252680193
1.0672431341418342
1.072519945070638
1.0756901355383355
1.0762798015276183
1.0779067306954464
1.1035256004427547
1.1099210817364629
1.113587672876094
1.1173598992890725
1.1238449241937243
1.1260074429935176
1.1418438604398606
1.1450502346364244
1.1469615323767388
1.1492412841407489
1.1529602488554223
1.4906712231598835
1.4920193835181959
1.4935514072524136
1.4940271494715054
1.498658170890156
1.5110229813253016
1.515348859572751
1.5168060973305737
1.5178630266516404
1.5186939851029146
1.520121183648087
1.7065063068892277
1.709336443931201
1.7121607956496248
1.7152486963297573
1.7196589939045683
1.7370121584950526
1.7444620943046927
1.7571098587402985
1.775023977350215
1.7969709601838837
1.8213105541250414
1.8470763594389
1.87169724705471
1.8947451955515509
1.9153059455342678
1.9326201076916538
2.8797969313583383
2.8931994226568736
2.9074717428365737
2.9222809489353954
2.9373071818695937
2.9522560232254884
2.9668610321678597
2.9808868415198333
2.99412062623647
3.0063579613260094
3.0173721260949726
3.0319399857780733
3.041807676102931
3.050565691737661
3.058183174071544
3.064592027620989
3.070347786810491
3.0747254582339485
3.075915982218117
3.078068876990607
3.07824282724398
3.07987998481415
3.0810738648790577
3.0819283264648107
3.0822216248518157
3.082711227404
3.0828760219947693
-2.4445243525528686
-2.4405012626051015
-2.436185542624062
-2.4315535642926265
-2.426585317569557
-2.4209407692219473
-2.4153048757562408
-2.4093007274619795
-2.4029178342404447
-2.3961568355049305
-2.389022189703184
-2.378964268597726
-2.37081120431538
-2.3622476858732715
-2.3533180940052274
-2.3440787361960003
-2.3262860542193087
-2.318581986917526
-2.3108356566803328
-2.303102916089903
-2.295450357287989
-2.2879130437171757
-2.2802201407501324
-2.2731657762977013
-2.266499195614231
-2.26031970469685
-2.254725603964209
-2.0349952031095375
-2.02930863494677
-2.022902801167956
-2.0158428939131094
-2.0082079086258746
-1.9982513165060274
-1.9901567270140295
-1.9817772272714218
-1.9732357821787592
-1.9646963878600834
-1.9563369683167124
-1.944845762785676
-1.9363844895340263
-1.9286527785268508
-1.9218582694289799
-1.9161642156482683
-1.667125536038049
-1.6548794856863585
-1.6442093025516664
-1.637181771446862
-1.634719256056927
-1.6255902762163648
-1.622436817327254
-1.621431626752501
-1.6205755594228899
-1.6199989299894677
-1.6153727578536285
-1.5531287605687194
-1.5521944430013601
-1.5515052103957818
-1.5509311532187677
-1.5496470872774497
-1.5105425605122589
-1.5088568065965124
-1.5064715089560339
-1.5047444708650595
-1.5034777860124395
-1.496953893584753
-1.4935545971843467
-1.4926563754699125
-1.4915243308818023
-1.4902693609946218
-1.4888326412262052
-0.6066860232718978
-0.6053142094188102
-0.6044011450339108
-0.6000923272962505
-0.592867229833294
-0.5745487579038455
-0.5645461098510413
-0.5558579205349592
-0.5518818503100749
-0.5507231959916734
-0.5495987569514402
-0.47678538054082475
-0.4755914088581409
-0.47409107413110585
-0.47285297598702936
-0.47040403778154355
-0.3199732328450872
-0.31462956334410125
-0.3106626424422402
-0.30411018051032535
-0.29916053033293966
-0.2699334406279916
-0.24583572695260422
-0.23399659503308495
-0.22879778649286495
-0.21754259586570218
-0.21000584189607152
-0.10919948742219984
-0.09843549724457579
-0.09208760104215842
-0.07965712694953728
-0.07010184530410855
-0.02505936629156835
-0.0030238660035763346
0.01016255572486479
0.014520817359649997
0.02625243966702572
0.033352760732460816
0.14461439383574434
0.1487453955720691
0.15142915959232667
0.15376437778471663
0.15610376995336203
0.35484541425547456
0.3576638215974529
0.3588462123909868
0.36252192826671015
0.3636609801319469
0.37508711641428893
0.3875141462008818
0.38892201421159395
0.3928236778662217
0.395003443368543
0.3973082884945056
1.0685304310425099
1.0735620330911584
1.0753570738534417
1.0766102387117933
1.07785627811852
1.1053395947770548
1.11052340430151
1.1145450509204402
1.1182830624157296
1.124849907604095
1.1268860167077657
1.1417475787292635
1.1454150573621857
1.1465788322527297
1.1499933144256214
1.1534787328761347
1.4906900231765488
1.4920942913428574
1.4934154191529634
1.4949092448538581
1.5000639453403262
1.5114871077946144
1.5158922831088677
1.5168003166734907
1.5179412529930745
1.5187483755479496
1.5201182595398668
1.7071830606318232
1.710049215911208
1.7128763593058443
1.7161761491665066
1.7211250370413131
1.7384487682554246
1.747102950572857
1.7611282698808977
1.7801953170884908
1.8028953026547412
1.8275786886900687
1.8533223088841417
1.877645333838699
1.9001506671511845
1.9199654390689427
1.9363655619541014
2.876621053738842
2.8897541956168955
2.9038404301774134
2.9185461628774654
2.933546912327959
2.948541331546385
2.9632553387203147
2.9774466201893652
2.990897549380294
3.0034036180896755
3.0147480419244483
3.029303796113717
3.0394435423966772
3.0484818486299057
3.05638786476469
3.0631126453619704
3.069090372042987
3.073728082652038
3.0765128815988914
3.077331678329481
3.078768273343121
3.079745128177157
3.0811123355327887
3.081942635815896
3.0821810114382564
3.0827841329791634
3.0828029459772956
-2.4445243525528655
-2.4405012626051
-2.436185542624059
-2.4315535642926216
-2.4265853175695526
-2.4209407692219465
-2.415304875756237
-2.40930072746198
-2.4029178342404447
-2.396156835504926
-2.3890221897031823
-2.378964268597726
-2.3708112043153817
-2.3622476858732635
-2.353318094005225
-2.3440787361959994
-2.3262860542193113
-2.318581986917513
-2.3108356566803425
-2.3031029160898835
-2.295450357287991
-2.287913043717179
-2.2802201407501252
-2.273165776297707
-2.266499195614227
-2.2603197046968484
-2.254725603964205
-2.0349952031095384
-2.029308634946772
-2.022902801167949
-2.015842893913147
-2.0082079086258044
-1.9982513165061548
-1.9901567270138665
-1.9817772272715413
-1.9732357821787618
-1.9646963878599972
-1.9563369683167955
-1.9448457627856248
-1.9363844895340474
-1.9286527785268384
-1.9218582694289819
-1.916164215648269
-1.6671255360380193
-1.654879485687458
-1.644209302630722
-1.6371817655317367
-1.6347192712245888
-1.6255896444816476
-1.622451911529939
-1.6213839987786467
-1.6206314271379858
-1.6199761239780444
-1.6153728523285287
-1.5531287857384708
-1.5521944543602004
-1.5515049647303838
-1.5509314192164698
-1.549647030316359
-1.5105412804534375
-1.508862871752831
-1.506449695255747
-1.5047825867776576
-1.5034546044626138
-1.496961535309455
-1.4935023855841778
-1.4927337675450942
-1.4914835663539536
-1.4902804028709449
-1.488831636012924
-0.6066860248424714
-0.6053142007689956
-0.6044011541310454
-0.6000923239437793
-0.5928672322451919
-0.5745487428302709
-0.5645462261599824
-0.5558566036064634
-0.5518916689817518
-0.5507091855812556
-0.5496041636644475
-0.476786509296398
-0.4755871304457678
-0.47409805067574157
-0.4728485694367678
-0.4704046171005511
-0.31997266909172933
-0.3146332324526781
-0.31065683767702307
-0.3041146753960662
-0.2991587564805166
-0.2699330676009556
-0.24583989105554077
-0.2339765817363626
-0.22881961910136467
-0.21753463352387797
-0.2100081712099869
-0.10920076755045531
-0.09842798100510701
-0.09209702167958739
-0.07965254111296914
-0.07010319950088142
-0.025059842187143046
-0.003021343074534528
0.01015262924603816
0.014530099548137346
0.026250585503076
0.033353163501981434
0.14461462966763078
0.14874424052888588
0.1514309396688691
0.15376331076525077
0.1561039766426
0.35483779006695276
0.35776176660996006
0.3587153780864113
0.36265288617785035
0.3635690314034118
0.3750892598695262
0.38750652769110494
0.3889311258741848
0.3928202582964681
0.39500490989442366
0.39730810922916004
1.0685303040736824
1.0735704790718796
1.0753190051803274
1.0766624678616559
1.0778335491148072
1.1053609807581568
1.1103926208754578
1.1148848333727388
1.1179376602619469
1.1252468845175143
1.1265940029018606
1.1418097034550236
1.1452267051402945
1.146734821863277
1.1499721005630663
1.1534804881782543
1.4906890214189281
1.4920993493940657
1.493407322437168
1.4949138959938464
1.5000631156152018
1.5114901331820818
1.515815972427694
1.5170119104584532
1.5177259154448701
1.5188350880912747
1.5201087950608363
1.7071830606268874
1.7100492159319025
1.712876359275888
1.7161761491843617
1.7211250370375293
1.7384487682556002
1.747102950572798
1.7611282698809017
1.7801953170884894
1.8028953026547412
1.8275786886900687
1.8533223088841415
1.8776453338386987
1.9001506671511852
1.9199654390689422
1.9363655619541003
2.8766210537388424
2.889754195616895
2.903840430177412
2.918546162877465
2.93354691232796
2.948541331546385
2.9632553387203155
2.9774466201893657
2.990897549380293
3.0034036180896773
3.0147480419244497
3.029303796113717
3.03944354239668
3.048481848629904
3.056387864764688
3.0631126453619713
3.0690903720429863
3.0737280826520363
3.0765128815988905
3.0773316783294833
3.07876827334312
3.0797451281771577
3.0811123355327936
3.0819426358158952
3.0821810114382546
3.082784132979164
3.0828029459772956
-2.4445243525528673
-2.4405012626051
-2.436185542624063
-2.4315535642926265
-2.426585317569551
-2.4209407692219456
-2.41530487575624
-2.40930072746198
-2.402917834240448
-2.396156835504926
-2.3890221897031854
-2.3789642685977257
-2.370811204315381
-2.3622476858732675
-2.353318094005225
-2.344078736195997
-2.326286054219311
-2.3185819869175255
-2.3108356566803203
-2.3031029160899257
-2.29545035728796
-2.287913043717205
-2.280220140750112
-2.273165776297707
-2.266499195614221
-2.2603197046968515
-2.254725603964208
-2.034995203109541
-2.0293086349467755
-2.0229028011679375
-2.0158428939131614
-2.008207908625795
-1.9982513165061064
-1.9901567270140217
-1.981777227271287
-1.9732357821790225
-1.964696387859816
-1.956336968316866
-1.9448457627856166
-1.9363844895340396
-1.9286527785268488
-1.9218582694289787
-1.9161642156482737
-1.6671255360380308
-1.6548794856838573
-1.644209302964476
-1.6371817546042666
-1.6347192945474394
-1.6255890633901922
-1.6224634670702343
-1.6213445970197042
-1.6206746767032187
-1.6199612304796704
-1.61537291085815
-1.5531166821127744
-1.5522585188337634
-1.5513605707673703
-1.5510323154874897
-1.549638564390818
-1.5105531811711697
-1.5088133526513388
-1.5065850026713814
-1.5045556715770245
-1.503592410941729
-1.4969339777116009
-1.493644813350025
-1.4925127168122605
-1.4916075288013178
-1.4902514680492454
-1.488834211399474
-0.6066860183263583
-0.6053142312928129
-0.6044011249792748
-0.6000923313394149
-0.5928672288781739
-0.5745487520962574
-0.5645461784326601
-0.555856964574221
-0.5518895463135739
-0.5507120004247242
-0.5496031502678345
-0.47677709008078506
-0.47561600780418245
-0.474058656201671
-0.47287085298239545
-0.47040226970605664
-0.319970186100046
-0.31464865676458337
-0.3106330620603288
-0.3041324428000766
-0.29915181867696544
-0.2699325270085066
-0.2458450135331491
-0.23395569617805534
-0.22884049816040902
-0.2175286013312024
-0.21000962719507774
-0.10920097071359991
-0.09842834053937523
-0.09209527253758638
-0.07965507266055946
-0.07010174218326126
-0.025060115049819115
-0.003021442336035798
0.010156168332618789
0.014525674774238526
0.02625225809560776
0.03335263089732575
0.14461421546494593
0.14874690075139468
0.15142589367975304
0.15376706303749266
0.1561030244218454
0.35484081702123255
0.3577116965032377
0.35878547683377543
0.36256666932384624
0.3636337481266002
0.3750866919726552
0.38752479985021215
0.3889071053929535
0.3928325088496384
0.3949983516804083
0.3973091776435201
1.0685302130446528
1.0735755184070452
1.0752989975512957
1.0766890943691203
1.0778219153597068
1.1053601564916753
1.1104088802908483
1.1148102210276334
1.1180351422551364
1.1250701596480421
1.126739185504647
1.1417590565100508
1.1453992847349312
1.146585345671264
1.1499951043008405
1.1534783320230584
1.4906891567596534
1.4920985505006796
1.4934087652798165
1.4949129589281118
1.5000633527834575
1.5114886589970205
1.5158573766954901
1.5168808323358502
1.5178628271404309
1.5187829416335612
1.5201150984703495
1.7071830606278497
1.7100492159269887
1.712876359284285
1.716176149178445
1.721125037039086
1.7384487682554715
1.7471029505728544
1.7611282698808952
1.7801953170884899
1.802895302654741
1.8275786886900682
1.8533223088841408
1.8776453338386994
1.9001506671511856
1.9199654390689427
1.9363655619540998
2.8766210537388424
2.889754195616897
2.903840430177415
2.918546162877464
2.9335469123279587
2.9485413315463846
2.963255338720315
2.9774466201893657
2.990897549380295
3.0034036180896746
3.0147480419244475
3.029303796113717
3.039443542396679
3.048481848629904
3.0563878647646887
3.06311264536197
3.0690903720429867
3.073728082652037
3.0765128815988922
3.077331678329482
3.078768273343118
3.0797451281771595
3.081112335532791
3.081942635815894
3.082181011438254
3.0827841329791634
3.0828029459772943
-2.4445243525528655
-2.440501262605103
-2.436185542624063
-2.431553564292628
-2.426585317569551
-2.4209407692219473
-2.415304875756236
-2.4093007274619787
-2.4029178342404487
-2.3961568355049243
-2.3890221897031836
-2.378964268597728
-2.3708112043153786
-2.3622476858732644
-2.3533180940052207
-2.3440787361959994
-2.3262860542193065
-2.318581986917536
-2.310835656680303
-2.3031029160899292
-2.2954503572879577
-2.2879130437172
-2.280220140750117
-2.2731657762977036
-2.2664991956142315
-2.260319704696848
-2.2547256039642027
-2.034995203109539
-2.0293086349467706
-2.0229028011679424
-2.0158428939131214
-2.008207908625867
-1.9982513165059774
-1.9901567270141824
-1.9817772272711869
-1.9732357821790203
-1.9646963878599
-1.9563369683167822
-1.9448457627856643
-1.9363844895340125
-1.928652778526857
-1.9218582694289768
-1.916164215648272
-1.6671255360380608
-1.654879485682761
-1.6442093028854274
-1.6371817605194794
-1.6347192793797742
-1.6255896957484959
-1.6224489313237993
-1.621395557954013
-1.620616799817087
-1.6199821536312926
-1.6153728163737318
-1.5531166557149758
-1.552258518780233
-1.5513609674131559
-1.55103189004617
-1.5496386197378733
-1.5105544216533546
-1.508806983244538
-1.5066042360118879
-1.5045114145205034
-1.5036246418915995
-1.4969262070698781
-1.4936827651853157
-1.4924365027406128
-1.4916606691341117
-1.4902412661279045
-1.4888352274619925
-0.6066860167557526
-0.6053142399421507
-0.6044011158826437
-0.6000923346918936
-0.5928672264662824
-0.5745487671697794
-0.564546062121496
-0.5558582810955011
-0.5518796890711214
-0.5507260324272811
-0.5495977609429558
-0.4767759243889413
-0.475620183803804
-0.47405161446527483
-0.47287546136300274
-0.4704016930974747
-0.31997075113977214
-0.31464501916915133
-0.31063885057477864
-0.3041279398502645
-0.29915358404321285
-0.2699329000750541
-0.24584085537185443
-0.23397584927033446
-0.22881852941968298
-0.21753655593674148
-0.2100072959744773
-0.10919969066357754
-0.09843585478641122
-0.0920858526365978
-0.07965965898784519
-0.07010038867424784
-0.025059639165795518
-0.0030239650665756495
0.010166110537651003
0.014516377296890728
0.026254111766857036
0.033352227996924604
0.14461397973589377
0.14874805826458548
0.15142411451194143
0.15376812695321052
0.15610281735478454
0.35484848830259713
0.35762298507853485
0.35890818025576604
0.36244639753877184
0.3637138620749484
0.37508454766273636
0.3875326509033718
0.3888977768056085
0.3928359246386978
0.3949968734714821
0.3973093564647145
1.0685303399957478
1.0735669760319748
1.0753360580701168
1.0766372643696451
1.0778453497745148
1.1053387941500388
1.11054137279176
1.1144801421668555
1.1183722137164054
1.1247142561368098
1.1269870504340118
1.1416991651058845
1.145647249205053
1.1463680428338456
1.1500157622085017
1.153476570198797
1.4906901589798212
1.4920934990193866
1.4934168616619725
1.4949083011718187
1.5000641824353582
1.511485638357621
1.5159469313120477
1.516686597445358
1.51806733614241
1.518676685384271
1.5201243276143643
1.707183060632785
1.7100492159062892
1.7128763593142413
1.7161761491605878
1.721125037042871
1.738448768255295
1.7471029505729139
1.7611282698808899
1.7801953170884914
1.8028953026547416
1.8275786886900687
1.8533223088841406
1.8776453338386991
1.900150667151186
1.9199654390689436
1.9363655619541005
2.8766210537388424
2.8897541956168933
2.9038404301774157
2.918546162877466
2.9335469123279574
2.9485413315463855
2.9632553387203155
2.9774466201893675
2.9908975493802914
3.0034036180896746
3.0147480419244466
3.029303796113717
3.039443542396678
3.048481848629904
3.0563878647646887
3.06311264536197
3.069090372042987
3.0737280826520372
3.076512881598892
3.0773316783294824
3.07876827334312
3.079745128177157
3.08111233553279
3.0819426358158943
3.0821810114382546
3.0827841329791634
3.082802945977295
