-2.4505547335516806
-2.446568217773205
-2.44231912234714
-2.437773272617066
-2.432900630809034
-2.427673150062436
-2.4220796515935237
-2.4137493909283774
-2.407375174412882
-2.4004931503850697
-2.393125008605792
-2.3852963359077117
-2.3768472913500562
-2.3682467936190688
-2.359170940382843
-2.3498796581006
-2.3403209402274734
-2.3305678101821794
-2.3207181854027232
-2.30652909717589
-2.298611392362281
-2.2909562633403215
-2.283677532567054
-2.2768771373418177
-2.270663350304865
-2.2651363358018415
-2.0342294762843296
-2.0297707266434424
-2.0244194991905617
-2.018221816073083
-2.0112499818847924
-2.0035192036952307
-1.995328474251164
-1.9839088430992433
-1.9736599034697462
-1.9631757914636239
-1.9526493263210152
-1.9422830377393403
-1.9298204436912518
-1.9210843190596691
-1.9128970266381367
-1.9059315510640737
-1.9002221559865928
-1.8958933161402016
-1.8930100529444405
-1.6297974220484603
-1.6209325585464545
-1.6150863847854395
-1.6121730980844589
-1.6111101394018732
-1.6098385893950424
-1.6096818057252094
-1.5431384747200378
-1.5428299498130404
-1.541058596684368
-1.5368931651834408
-1.5328624763681948
-1.520964088280812
-1.519280349070621
-1.5040680244159739
-1.5030052962175102
-1.5007809239844476
-1.498673955432281
-1.498093525622363
-1.461861294191189
-1.4615993722727911
-1.4599344995772559
-1.4590872395104026
-1.4585100946878236
-1.4564880260062456
-1.4563360716487772
-0.5869699337835558
-0.582006516369562
-0.5749383171985889
-0.5670727607028696
-0.5595528567851624
-0.5529588192664686
-0.547379516273951
-0.4742301575578586
-0.47335859816837217
-0.4704567312210876
-0.46640126023483125
-0.4644294486428131
-0.4400857180624602
-0.4393126399535779
-0.4027970094057668
-0.3991645645512414
-0.3941898525189084
-0.38957319880674124
-0.3888150397372824
-0.23664052872394836
-0.23640567960543676
-0.21909524150938925
-0.21749555812138696
-0.20492190159925716
-0.19175566473429626
-0.18517728373469747
-0.11281755866987246
-0.1038916298848422
-0.09350037109755495
-0.07568840922755753
-0.07130101061535109
-0.04545243401949896
-0.043631634399780156
0.06803282670339172
0.07153005225456051
0.08180314784820732
0.08946039451080803
0.09360267141035904
0.16179878592513386
0.16220303594581514
0.1803843975128296
0.18605108402056889
0.1912714472766687
0.19651965175829228
0.1986397142838671
0.39428245097202735
0.39805639458982983
0.40015526030741133
0.4016674913170851
0.4048560090288743
0.4104906045219615
0.41650010340879756
1.0487664058981176
1.0570163348226724
1.057990687692661
1.0616893013801472
1.066169412753631
1.0731232016473569
1.0748588738612648
1.0925544632667439
1.094961300080291
1.0999093240370974
1.1075611787754724
1.1090792303458954
1.1747033759865149
1.1754270180823594
1.1826616301822526
1.185238191466908
1.1868444950236943
1.1904914473966037
1.1920662082645987
1.5345339959182798
1.5352326008605996
1.5360046966138186
1.5365617721261207
1.5368887191235796
1.5380014807184939
1.538024177243332
1.7166734750980475
1.7190531402387763
1.7210630919731782
1.721767555050673
1.7221087307898346
1.7234438918825425
1.7248493265489833
1.7466251417306211
1.7516609221143167
1.762299596528215
1.77931334239188
1.8013538813739087
1.8305806145895513
1.8556842569722563
1.8813511356558321
1.9062012313835999
1.9291747403807542
1.9494097911812411
1.9661955304024163
2.903930516301514
2.9171894322337004
2.9312866571098803
2.9458986130833975
2.9607115848000505
2.975432446341649
2.989791702333815
3.0054892760732383
3.0189719896248994
3.0316327824853655
3.04336258547524
3.054080202852633
3.063730551644296
3.072272314873123
3.0797133151837777
3.085993366392567
3.0910664304713817
3.0934703563923414
3.0943975468172664
3.098571259036029
3.09954162734408
3.1000558980596797
3.100656559777761
3.1014041460259296
3.101791939768508
3.1020212356976176
-2.4505547335516806
-2.446568217773203
-2.44231912234714
-2.4377732726170684
-2.4329006308090304
-2.427673150062434
-2.422079651593516
-2.4137493909283765
-2.4073751744128846
-2.40049315038507
-2.39312500860579
-2.3852963359077086
-2.3768472913500545
-2.3682467936190648
-2.359170940382842
-2.349879658100598
-2.3403209402274716
-2.3305678101821816
-2.320718185402727
-2.306529097175891
-2.298611392362277
-2.2909562633403238
-2.2836775325670495
-2.276877137341821
-2.2706633503048637
-2.2651363358018384
-2.0342294762843345
-2.029770726643434
-2.0244194991905853
-2.0182218160730394
-2.011249981884831
-2.003519203695247
-1.9953284742510795
-1.9839088430994043
-1.9736599034695215
-1.9631757914638268
-1.9526493263209075
-1.9422830377393252
-1.9298204436914048
-1.9210843190594074
-1.9128970266384147
-1.9059315510638586
-1.9002221559867112
-1.895893316140157
-1.8930100529444491
-1.6297974220484301
-1.6209325585532794
-1.615086384390754
-1.612173104846071
-1.6111101232726517
-1.60983864209722
-1.609681762777933
-1.543138955902197
-1.5428293175356054
-1.541058793033927
-1.5368930999328838
-1.5328624956606804
-1.5209641670855503
-1.5192802455241816
-1.5040740487881723
-1.5029932177440022
-1.5007929917107499
-1.4986584244804935
-1.4981030691148496
-1.4618460659745955
-1.4616206324525962
-1.4599084018718573
-1.4591276131360333
-1.4584881238282403
-1.4564949366019988
-1.4563308233095986
-0.5869699337836554
-0.5820065163675505
-0.5749383172168466
-0.5670727606010725
-0.5595528571151088
-0.5529588187340203
-0.5473795165932973
-0.474208328098998
-0.4733946516653002
-0.47043257969087804
-0.4664193664967319
-0.4644213627157054
-0.44008027045506487
-0.43931814840607597
-0.4027872678891104
-0.3991875567273384
-0.3941631285322845
-0.38961840386606905
-0.38878315433300986
-0.2366438697362652
-0.23640218220919315
-0.2190972148656321
-0.21749383285026894
-0.20492134643793855
-0.19175686683287888
-0.18517651952737063
-0.11281791174345719
-0.10389150043091662
-0.0934993348701837
-0.07569337160649607
-0.0712964660328015
-0.04545485021097239
-0.043629638819107065
0.06803467110056939
0.07152668745949034
0.08180681543566408
0.0894565178716456
0.09360439758478628
0.16180841044888633
0.16219295719547852
0.1803874127507924
0.1860453945266696
0.19127632338240835
0.19651672071381945
0.19864090125788866
0.3942824501723622
0.39805640438434026
0.4001552329719583
0.4016675140387103
0.4048560042444441
0.41049060495556194
0.4165001033786454
1.0487665465082356
1.0569644808443293
1.0580813315328517
1.0616062524442014
1.0662530049191112
1.0729639620224618
1.0749863033016045
1.0924675816891452
1.0950782363026423
1.0998624782115398
1.1075833078742152
1.1090662303046546
1.174696560620846
1.1754357802960478
1.1826470682886308
1.1852734635598832
1.1868177000862616
1.1904975785807064
1.1920642135769022
1.5345340821959434
1.5352320097054621
1.5360072744460522
1.5365559762912941
1.536893006326942
1.5379940631509093
1.5380310304876226
1.7166734640637278
1.719053323862003
1.7210598159552373
1.721779255104499
1.7220993202242527
1.7234448039252026
1.7248492284503452
1.7466251417218506
1.751660922120518
1.7622995965275288
1.779313342391907
1.8013538813739096
1.8305806145895516
1.855684256972256
1.8813511356558312
1.906201231383601
1.9291747403807542
1.949409791181241
1.9661955304024166
2.9039305163015134
2.917189432233704
2.9312866571098786
2.945898613083396
2.960711584800052
2.9754324463416526
2.989791702333818
3.0054892760732392
3.0189719896248985
3.0316327824853624
3.0433625854752395
3.0540802028526337
3.063730551644296
3.07227231487312
3.0797133151837772
3.0859933663925676
3.0910664304713826
3.093470356392339
3.0943975468172673
3.0985712590360275
3.0995416273440806
3.1000558980596797
3.1006565597777622
3.1014041460259305
3.1017919397685083
3.102021235697617
-2.4505547335516833
-2.446568217773203
-2.4423191223471408
-2.437773272617067
-2.4329006308090295
-2.4276731500624376
-2.4220796515935272
-2.413749390928377
-2.4073751744128846
-2.4004931503850715
-2.3931250086057885
-2.3852963359077086
-2.3768472913500553
-2.368246793619065
-2.3591709403828456
-2.349879658100597
-2.340320940227466
-2.330567810182178
-2.320718185402729
-2.3065290971758876
-2.2986113923622815
-2.290956263340323
-2.2836775325670513
-2.2768771373418177
-2.2706633503048685
-2.265136335801842
-2.034229476284328
-2.029770726643435
-2.0244194991905657
-2.0182218160731
-2.0112499818847067
-2.0035192036954257
-1.9953284742509263
-1.983908843099491
-1.973659903469527
-1.9631757914637
-1.9526493263211242
-1.9422830377391154
-1.9298204436915782
-1.9210843190593025
-1.9128970266383936
-1.9059315510639603
-1.900222155986598
-1.8958933161402227
-1.89301005294443
-1.6297974220483036
-1.6209325585659584
-1.6150863838282117
-1.612173113510095
-1.6111101033225987
-1.6098387046922187
-1.6096817120184177
-1.5431448397614234
-1.5428212863964195
-1.5410618439770116
-1.536891434167542
-1.5328634984203078
-1.5209616177995093
-1.5192829456527221
-1.5040218192016193
-1.5030877071503295
-1.5007105823896352
-1.498749794424796
-1.4980514550244977
-1.4618794335249632
-1.4615726623596796
-1.4599680386409608
-1.4590307831222666
-1.4585437604547902
-1.4564782115352797
-1.456343709684954
-0.5869699337820291
-0.5820065163779073
-0.5749383171738467
-0.5670727607341434
-0.5595528568465858
-0.5529588190244207
-0.5473795164712073
-0.474183936710945
-0.4734354526233396
-0.4704001842941186
-0.4664544578009578
-0.46440186895785696
-0.44008930367263627
-0.4393093573962922
-0.4027946938949616
-0.3991706094081995
-0.3941819822117564
-0.3895882472117826
-0.38880412456442504
-0.23664237922351125
-0.23640394321949473
-0.219078874143618
-0.21751537173862878
-0.20491535909739483
-0.19176162291667867
-0.18517426429226805
-0.11281711080734223
-0.10389443792774175
-0.09349549502135733
-0.07569983350100677
-0.07129150715848609
-0.04545558108946188
-0.04362912823246439
0.06803464777170275
0.07152702019030402
0.08180542628885587
0.08945900933766147
0.09360297402476961
0.1618126526435906
0.16218864426646773
0.1803871983443442
0.18604662068944808
0.19127458152334745
0.1965182293755641
0.19864020733733867
0.3942824495448524
0.3980564106712566
0.4001552173875054
0.40166752588036564
0.40485600221501267
0.41049060507182566
0.41650010337516824
1.0487665370509238
1.0569751000083036
1.0580603369234092
1.0616316525878708
1.066219848148187
1.0730485197628652
1.0749136164342943
1.0925659564584518
1.0949340409664363
1.0999311148146502
1.107539248676479
1.1090937503814626
1.174688666579058
1.1754457274306178
1.182634086778794
1.1853031529866092
1.1867960341378425
1.1905017731068417
1.1920629177311834
1.5345345038019835
1.5352292904683436
1.5360188996738762
1.5365323450384731
1.5369095445591567
1.5379772967247558
1.5380455623376363
1.7166735023503188
1.7190525960296443
1.721074997117668
1.7217278574945878
1.722140538537733
1.7234399035718926
1.7248498165181751
1.746625141659964
1.7516609221494284
1.7622995965257053
1.779313342391946
1.8013538813739076
1.8305806145895511
1.8556842569722547
1.8813511356558321
1.9062012313836012
1.9291747403807538
1.9494097911812442
1.9661955304024183
2.903930516301513
2.9171894322337053
2.931286657109879
2.9458986130833966
2.9607115848000505
2.975432446341649
2.9897917023338154
3.005489276073238
3.018971989624897
3.0316327824853637
3.0433625854752404
3.0540802028526346
3.0637305516442965
3.0722723148731212
3.079713315183778
3.0859933663925667
3.0910664304713804
3.0934703563923405
3.094397546817266
3.098571259036028
3.099541627344081
3.1000558980596806
3.10065655977776
3.101404146025929
3.1017919397685074
3.1020212356976176
-2.450554733551678
-2.4465682177732053
-2.442319122347139
-2.4377732726170676
-2.432900630809035
-2.4276731500624362
-2.422079651593518
-2.4137493909283774
-2.4073751744128806
-2.4004931503850684
-2.393125008605788
-2.3852963359077104
-2.376847291350059
-2.3682467936190608
-2.3591709403828456
-2.349879658100598
-2.3403209402274663
-2.3305678101821745
-2.3207181854027197
-2.3065290971758925
-2.2986113923622726
-2.2909562633403224
-2.283677532567052
-2.2768771373418137
-2.2706633503048654
-2.2651363358018393
-2.03422947628433
-2.029770726643446
-2.0244194991905404
-2.0182218160731438
-2.011249981884669
-2.0035192036954066
-1.9953284742510107
-1.983908843099331
-1.9736599034697495
-1.963175791463495
-1.9526493263212328
-1.942283037739128
-1.9298204436914255
-1.9210843190595666
-1.9128970266381173
-1.9059315510641743
-1.9002221559864805
-1.8958933161402656
-1.8930100529444212
-1.6297974220483415
-1.6209325585591357
-1.6150863842228926
-1.6121731067486564
-1.6111101194520148
-1.6098386520229844
-1.6096817549324038
-1.5431443810188343
-1.5428218969010352
-1.5410616470017078
-1.5368914993908496
-1.5328634791139695
-1.5209615387244786
-1.519283049464872
-1.5040147486191282
-1.503100412914756
-1.5006984565780257
-1.4987637570129726
-1.4980439569050137
-1.4618906641711082
-1.461555138916885
-1.4599912314132157
-1.4589858208110595
-1.4585734669624866
-1.456469910158787
-1.4563503676089242
-0.5869699337819309
-0.5820065163799233
-0.5749383171555896
-0.5670727608359369
-0.559552856516639
-0.5529588195568695
-0.5473795161518638
-0.4742077033487938
-0.4733977633392145
-0.47042419013657194
-0.4664364406133048
-0.46440971009733134
-0.44009462808225425
-0.43930397214648204
-0.40280437138840236
-0.39914758495985003
-0.3942086951486397
-0.38954061328487505
-0.3888385461859151
-0.23663899047252088
-0.23640748833763311
-0.21907685381374234
-0.21751714410363404
-0.20491591449979715
-0.19176042124384735
-0.18517502772934114
-0.11281675763788288
-0.10389456763212934
-0.09349653145183925
-0.07569488222971944
-0.07129604029668828
-0.04545316630501876
-0.0436311223850553
0.06803280349518043
0.07153038506365245
0.08180175957194886
0.08946288677150256
0.09360124598617094
0.16180281549126221
0.162198935634223
0.18038418360768174
0.18605231162146885
0.19126970457557055
0.1965211607055629
0.19863901899156144
0.39428245034451803
0.39805640087665844
0.40015524472268543
0.4016675031590873
0.4048560069994521
0.4104906046382246
0.41650010340531946
1.0487663964427267
1.0570287799089342
1.0579683149580068
1.061714833415252
1.0661361415445756
1.0732204883179333
1.0747730105026314
1.0926623455425681
1.094809027674029
1.0999766095641157
1.107517685823434
1.1091060871254748
1.174695303537846
1.1754371407051205
1.1826484652797074
1.1852672475793775
1.1868236325978934
1.1904956513184697
1.192064919126179
1.5345344172581032
1.5352298753158549
1.5360161946118411
1.5365378388457664
1.5369056868645037
1.5379808931939882
1.5380425365141688
1.7166735133857778
1.7190524127330566
1.7210785272661333
1.7217179030251557
1.7221479616871154
1.7234389791213958
1.7248499143981644
1.7466251416687364
1.751660922143228
1.762299596526391
1.7793133423919196
1.801353881373909
1.8305806145895516
1.8556842569722545
1.881351135655834
1.9062012313836025
1.9291747403807515
1.9494097911812422
1.9661955304024141
2.9039305163015134
2.9171894322337026
2.93128665710988
2.9458986130833957
2.960711584800051
2.9754324463416495
2.989791702333817
3.0054892760732397
3.0189719896248985
3.0316327824853633
3.04336258547524
3.054080202852632
3.0637305516442956
3.0722723148731195
3.0797133151837794
3.0859933663925663
3.091066430471381
3.0934703563923396
3.0943975468172664
3.0985712590360284
3.09954162734408
3.1000558980596793
3.100656559777762
3.1014041460259287
3.1017919397685065
3.102021235697618
-2.4515147265314514
-2.4475880214860104
-2.4434079128056863
-2.438939292631643
-2.4341508655504014
-2.429012978466586
-2.423513597018479
-2.415261540860369
-2.4090170691414405
-2.4022601237086674
-2.3950112937072436
-2.387295113387369
-2.378936297692282
-2.3704324265323913
-2.3614450393382747
-2.352230001580934
-2.3427320319302485
-2.333019448035973
-2.323183052217009
-2.3085399188625644
-2.3005691882438972
-2.292837898808961
-2.2854566718117213
-2.278526360103573
-2.2721558105346187
-2.2664492723335354
-2.0331987791020016
-2.0285160187697824
-2.0229471694243157
-2.016548007295839
-2.009396889289784
-2.0015215198899585
-1.9932044154796391
-1.9813795579730715
-1.9710533583563534
-1.9605407704800435
-1.9500344571923622
-1.9397425667800905
-1.9275665893133551
-1.9190311862294607
-1.9110484188250882
-1.9043794572494093
-1.8990101882758557
-1.895038590059344
-1.8925067678360263
-1.6273229703182677
-1.619188623497047
-1.6141126349128125
-1.611795884594512
-1.6109548942629923
-1.6097724201521346
-1.6096869118580004
-1.5431310994705931
-1.5427979658118238
-1.5402386367054912
-1.5358340720853014
-1.5320723727033692
-1.5203056243565978
-1.5191884729136913
-1.5040641075665007
-1.5027135303674752
-1.5008844862079787
-1.4986564675934555
-1.4980792643816285
-1.4618473647132968
-1.4615273596656633
-1.4599724851023752
-1.4590869776152318
-1.458456485969762
-1.4564685009732798
-1.4563126831741058
-0.5878656166346587
-0.5834496147091949
-0.5767946244098975
-0.5690610450319056
-0.5613319200768478
-0.5544708288184197
-0.5487295446868037
-0.47445596690973624
-0.4728844623946532
-0.47096424398919073
-0.465689419185672
-0.4649259195818546
-0.4399866540715144
-0.4394990967763278
-0.4024608890567749
-0.40016752424140306
-0.3932303220760044
-0.39068836821842745
-0.38828195544669974
-0.23754877997685273
-0.23525740981069973
-0.2216417402057333
-0.2139394196488301
-0.20717328743496494
-0.18995811369779156
-0.18627091052700273
-0.11132304126568596
-0.10700081773151675
-0.0895075210203614
-0.081163176498743
-0.06800823923115924
-0.047084370889931754
-0.042465278722057805
0.066911191082435
0.07475849591200351
0.07835928642540087
0.09127761740591513
0.0921945944718595
0.1610127442074406
0.16381191501560527
0.18242251697653733
0.18424621171510833
0.19281926635719632
0.19539983352435716
0.19897028407882678
0.3930071634752892
0.3973131231925857
0.3997983475473322
0.4012060930313751
0.4038247418397397
0.4089773062421042
0.41508329763529705
1.0518104975060099
1.0574724252629277
1.0582891760428053
1.0629288310806468
1.0668294209469096
1.0725756717019068
1.0770663142511019
1.0922760649658019
1.0964356932141008
1.0991489178407112
1.1081479652625987
1.1087747114667998
1.1745671797270338
1.1755957735467737
1.1825786011548733
1.1853072273806597
1.1869710365387878
1.1904070497510821
1.192887376203624
1.534682227969595
1.5351583221306278
1.5362560179159952
1.5365459290677426
1.5369434135516447
1.5379233029709483
1.5381421073724342
1.7171823222565252
1.7197007684880794
1.7211342806744032
1.7218050101181617
1.7221301870371386
1.723599538976962
1.7256307323554467
1.7474943853388294
1.7537157786629856
1.765982920566017
1.7844272266061199
1.807422670312789
1.836714543693199
1.8621069386697593
1.8876854713948659
1.9121571668442132
1.9345203109877012
1.9539544751201559
1.969782022338191
2.9007842440646905
2.913783483415228
2.9277015101537733
2.942214820031795
2.957005935707654
2.971775988885447
2.9862497431483965
3.0020058995498786
3.01567344071542
3.0285511093682773
3.040522295536906
3.0514991952189296
3.0614208199744466
3.070242343092407
3.077963664324711
3.0845322909268766
3.089921073988136
3.093835272320011
3.0940918879901482
3.0988438295727856
3.0990739816557777
3.100225551046235
3.10044834004467
3.10159497121794
3.101633432828611
3.102045920912573
-2.451514726531453
-2.4475880214860095
-2.4434079128056867
-2.438939292631645
-2.434150865550403
-2.429012978466587
-2.423513597018475
-2.4152615408603704
-2.4090170691414436
-2.4022601237086656
-2.3950112937072467
-2.3872951133873697
-2.378936297692281
-2.3704324265323957
-2.361445039338271
-2.3522300015809336
-2.3427320319302534
-2.3330194480359716
-2.3231830522170096
-2.308539918862566
-2.300569188243895
-2.2928378988089633
-2.2854566718117186
-2.278526360103573
-2.2721558105346134
-2.266449272333537
-2.033198779102001
-2.0285160187697775
-2.0229471694243397
-2.016548007295776
-2.0093968892899015
-2.0015215198898137
-1.9932044154797495
-1.981379557973051
-1.9710533583562497
-1.9605407704802875
-1.9500344571920385
-1.9397425667803603
-1.9275665893131937
-1.919031186229467
-1.91104841882529
-1.9043794572490873
-1.8990101882761565
-1.8950385900591673
-1.8925067678360763
-1.6273229703182182
-1.6191886235086663
-1.6141126340550302
-1.611795898681196
-1.6109548641581062
-1.609772562343073
-1.6096867865303384
-1.5431332003894107
-1.54279525896737
-1.5402396415622246
-1.5358332785644118
-1.532072874016832
-1.5203042316280013
-1.5191898790778728
-1.5040542934631618
-1.5027360068583926
-1.5008632762416012
-1.4986763903928155
-1.4980677688760726
-1.4618448307047065
-1.461531447281036
-1.4599661640601074
-1.4590969801880445
-1.4584507187007114
-1.4564707885341512
-1.456310927871874
-0.5878656166348307
-0.5834496147072454
-0.5767946244231323
-0.5690610449698569
-0.5613319202647288
-0.5544708285170717
-0.5487295448701038
-0.4744390982350574
-0.4729342299059373
-0.4709164347568779
-0.46575539477204425
-0.46487469334345555
-0.4399864085927111
-0.4394996004817043
-0.4024446603263371
-0.4001948645889551
-0.3931890800284524
-0.39073121032798325
-0.3882691466004846
-0.2375477980561931
-0.23525876762091358
-0.22164133860967847
-0.2139379223357795
-0.20717565298596186
-0.18995525161349308
-0.18627293996162228
-0.11132445350923406
-0.10699840963079152
-0.08951100747011402
-0.08115975883980064
-0.06800925443633217
-0.047084309257016885
-0.04246524020859875
0.0669112912676713
0.07475666985118871
0.07836192658085414
0.09126903841488432
0.09220227112228808
0.16101222350134575
0.16381249139152065
0.18242408841219246
0.18424377859622337
0.19282212978655072
0.19539725033072486
0.19897079582239913
0.3930071639375023
0.397313118021923
0.39979836477777325
0.40120607710808137
0.4038247454407589
0.4089773060367145
0.4150832976410079
1.0518105905152215
1.0574543515545924
1.0583169335689515
1.0628962576958378
1.066876289776951
1.0725223485470163
1.0771038692662047
1.0922019691797125
1.0966253374519166
1.0990081213770055
1.1082622430122586
1.1086773713828397
1.174572386478124
1.1755886530469521
1.1825896413239032
1.1852841067340172
1.186987456088368
1.190404158178316
1.1928878486669794
1.5346816479982006
1.535160261091969
1.5362381706699562
1.5365773722148268
1.536926270811527
1.5379281501449906
1.5381394480475232
1.7171822926607885
1.719701792102679
1.7211229670367205
1.721843133851398
1.7221006939645864
1.723601345965557
1.7256306143110702
1.7474943853602867
1.7537157786550108
1.7659829205664603
1.7844272266061079
1.8074226703127914
1.8367145436932002
1.8621069386697597
1.8876854713948656
1.9121571668442117
1.9345203109877038
1.953954475120157
1.9697820223381914
2.900784244064691
2.913783483415228
2.9277015101537724
2.9422148200317952
2.957005935707653
2.971775988885447
2.9862497431483948
3.002005899549878
3.015673440715422
3.028551109368278
3.0405222955369076
3.0514991952189305
3.061420819974446
3.0702423430924033
3.0779636643247104
3.084532290926877
3.089921073988135
3.093835272320012
3.0940918879901504
3.0988438295727856
3.0990739816557773
3.1002255510462353
3.1004483400446725
3.101594971217939
3.101633432828608
3.1020459209125706
-2.4515147265314536
-2.447588021486013
-2.4434079128056867
-2.4389392926316416
-2.4341508655503974
-2.429012978466586
-2.4235135970184754
-2.4152615408603717
-2.4090170691414428
-2.402260123708667
-2.395011293707243
-2.3872951133873688
-2.378936297692281
-2.3704324265323953
-2.361445039338272
-2.352230001580932
-2.34273203193025
-2.333019448035975
-2.323183052217007
-2.308539918862565
-2.3005691882438977
-2.292837898808961
-2.2854566718117204
-2.2785263601035752
-2.2721558105346142
-2.2664492723335345
-2.0331987791020034
-2.028516018769771
-2.0229471694243584
-2.016548007295759
-2.0093968892898926
-2.001521519889877
-1.9932044154796176
-1.9813795579732465
-1.9710533583560144
-1.9605407704804616
-1.9500344571920138
-1.9397425667802255
-1.9275665893135052
-1.9190311862289975
-1.911048418825745
-1.9043794572487598
-1.8990101882763204
-1.8950385900591222
-1.8925067678360825
-1.6273229703180647
-1.6191886235407553
-1.6141126320730699
-1.611795928548911
-1.6109548022558138
-1.6097728413171273
-1.6096865415397184
-1.5431368811885504
-1.5427904271999937
-1.5402416626636828
-1.5358313683171194
-1.5320742798811369
-1.5202982129725464
-1.5191961683158426
-1.5039833709313695
-1.5028866873440152
-1.500717447031235
-1.4988125825017058
-1.497997008638168
-1.4618773836733665
-1.4614778076000503
-1.4600372669600332
-1.4589834770856633
-1.4585190138924213
-1.456448715162673
-1.4563281960203796
-0.5878656166320817
-0.5834496147226476
-0.5767946243667067
-0.5690610451292634
-0.5613319199534784
-0.5544708288544808
-0.5487295447272875
-0.47442075368127806
-0.47298662837452243
-0.47086438443092504
-0.4658306110766562
-0.4648170696023252
-0.43999789454621413
-0.4394884420105251
-0.40244843312923473
-0.4001892228603681
-0.3931952330040958
-0.3907254850132926
-0.3882706642084574
-0.2375494002829229
-0.23525635811458154
-0.22164425728161247
-0.2139347492610073
-0.20717627500868416
-0.18995768414455386
-0.18627090489122586
-0.11132631058758043
-0.10699618289540969
-0.08951049732937819
-0.08116182518576721
-0.06800763379500786
-0.04708557029133993
-0.04246445533681504
0.06691211355010578
0.07475117080891464
0.07836801174540797
0.09125945017441907
0.09221044839596529
0.16101329574034925
0.16381099569137633
0.18243350676697231
0.18423263573356075
0.19282814918630178
0.19539264041923474
0.19897153671243667
0.39300716339428904
0.39731312561631776
0.39979833575714036
0.40120610620823904
0.4038247376983909
0.4089773066850392
0.4150832976043804
1.0518112766735366
1.057388024787441
1.0584172896296724
1.0628030567959663
1.0669859385928
1.0724250976405991
1.0771597105624964
1.0921392106035117
1.096778864599081
1.098898557222399
1.1083423575852114
1.108606300088357
1.1745679687702355
1.1755949097247298
1.1825773396609156
1.1853124665126982
1.186966075986125
1.1904084004417796
1.1928870879675901
1.5346817656343177
1.535159851966078
1.5362420095620466
1.5365700964889666
1.5369305446978008
1.5379269084344285
1.5381401441953464
1.717182284174893
1.719702047120844
1.7211204700049654
1.7218524274509373
1.7220933260493831
1.7236016898404645
1.7256305952527669
1.747494385357113
1.753715778656909
1.76598292056627
1.7844272266061174
1.8074226703127911
1.8367145436931982
1.8621069386697584
1.887685471394866
1.9121571668442139
1.9345203109877036
1.953954475120157
1.96978202233819
2.9007842440646905
2.913783483415228
2.927701510153773
2.942214820031797
2.957005935707654
2.9717759888854474
2.986249743148395
3.0020058995498786
3.0156734407154238
3.028551109368275
3.040522295536909
3.051499195218929
3.061420819974446
3.0702423430924024
3.077963664324711
3.0845322909268766
3.0899210739881355
3.0938352723200118
3.0940918879901473
3.098843829572785
3.099073981655779
3.100225551046234
3.1004483400446707
3.101594971217941
3.1016334328286086
3.1020459209125706
-2.451514726531454
-2.447588021486008
-2.4434079128056863
-2.438939292631644
-2.434150865550403
-2.4290129784665853
-2.4235135970184754
-2.4152615408603713
-2.4090170691414454
-2.402260123708664
-2.395011293707245
-2.387295113387369
-2.3789362976922814
-2.370432426532394
-2.3614450393382724
-2.3522300015809363
-2.3427320319302516
-2.333019448035972
-2.323183052217008
-2.3085399188625666
-2.3005691882438937
-2.2928378988089624
-2.2854566718117213
-2.2785263601035743
-2.2721558105346147
-2.266449272333537
-2.0331987791020016
-2.0285160187697757
-2.0229471694243317
-2.0165480072958215
-2.0093968892897727
-2.001521519890022
-1.993204415479507
-1.9813795579732663
-1.9710533583561183
-1.9605407704802171
-1.9500344571923354
-1.9397425667799537
-1.9275665893136713
-1.9190311862289917
-1.9110484188255432
-1.9043794572490815
-1.8990101882760184
-1.8950385900592959
-1.892506767836035
-1.6273229703181238
-1.619188623529138
-1.6141126329308553
-1.6117959144636895
-1.610954832361245
-1.609772699926883
-1.6096866660646858
-1.5431348369963918
-1.5427930783955341
-1.5402406570540226
-1.5358321618846782
-1.532073778215529
-1.5202996209587305
-1.5191947469103633
-1.503995142416315
-1.5028640143534178
-1.5007380239203687
-1.4987947774637944
-1.4980052585419967
-1.4618793228816025
-1.4614742125873588
-1.4600428834694346
-1.4589720009284073
-1.458527054004855
-1.456445781830472
-1.4563306045655406
-0.5878656166319091
-0.5834496147245969
-0.5767946243534704
-0.5690610451913128
-0.561331919765598
-0.5544708291558266
-0.5487295445439858
-0.47443840649770147
-0.4729378670483919
-0.4709106408674161
-0.46577246427008917
-0.46486022954724016
-0.4399981232172795
-0.4394879550938966
-0.4024645882059702
-0.40016194224475693
-0.393236336530961
-0.3906827625884757
-0.38828350581396104
-0.23755038035509343
-0.23525500205702823
-0.2216446590654526
-0.21393624731383099
-0.20717390853929027
-0.1899605435582205
-0.18626887821386576
-0.1113248999541789
-0.10699858948447989
-0.08950700993518408
-0.08116524339019014
-0.06800661887834758
-0.04708563194209226
-0.04246449384443769
0.06691201329888873
0.07475299067707594
0.07836537737208363
0.09126787780956469
0.09220292357793233
0.16101381692425368
0.16381041884605851
0.1824319143363059
0.1842350889150009
0.1928252773683217
0.1953952324234147
0.1989710254709946
0.3930071629320769
0.39731313078703046
0.3997983185272185
0.4012061221310001
0.40382473409733444
0.40897730689042894
0.41508329759866935
1.051811183562921
1.0574027216216888
1.058392562476397
1.0628347839684475
1.0669393777609477
1.0724783256895771
1.0771231042318627
1.0922104974220508
1.0965774535561963
1.0990538659340805
1.1081970840322133
1.1087347307385271
1.1745628199709768
1.175601974851595
1.1825664188742082
1.1853359392591163
1.186949193934645
1.1904112811846705
1.1928866147750437
1.5346823462018595
1.5351579143380982
1.5362605088714352
1.5365384468294385
1.536947246208101
1.537922081053932
1.538142777476121
1.7171823137699338
1.7197010226414147
1.7211316591820274
1.7218127803681704
1.7221244659105086
1.723599884732245
1.7256307133038744
1.7474943853356555
1.7537157786648865
1.7659829205658268
1.7844272266061278
1.8074226703127891
1.836714543693198
1.8621069386697597
1.8876854713948636
1.9121571668442106
1.9345203109877045
1.9539544751201574
1.9697820223381906
2.9007842440646905
2.913783483415226
2.927701510153774
2.942214820031793
2.9570059357076524
2.971775988885447
2.9862497431483934
3.002005899549879
3.015673440715423
3.0285511093682755
3.040522295536909
3.051499195218929
3.061420819974447
3.070242343092405
3.077963664324711
3.084532290926877
3.089921073988135
3.0938352723200127
3.094091887990149
3.0988438295727847
3.099073981655776
3.1002255510462353
3.1004483400446703
3.10159497121794
3.101633432828609
3.102045920912571
-2.452461274013169
-2.4485919817646953
-2.4444786363471347
-2.440085299253489
-2.435379464758081
-2.4303298862209135
-2.42492369182916
-2.4167406870287573
-2.4106269152296393
-2.403996325221191
-2.3968683487131557
-2.389266467230978
-2.3809997555509383
-2.3725947875900255
-2.3636980548633066
-2.354562591256957
-2.345129613704769
-2.3354631750256485
-2.325647699247885
-2.310560617297925
-2.3025423575482558
-2.2947410112243056
-2.287263975502036
-2.280210647019808
-2.273689833661266
-2.2678088087212815
-2.032112222676315
-2.0272058513653914
-2.0214226754718148
-2.0148271090804792
-2.0075029740786676
-1.9994891482063655
-1.9910541677330746
-1.9788261291174398
-1.9684352372214393
-1.9579061203517496
-1.9474327588181473
-1.937230452726883
-1.9253564371764182
-1.9170394531255817
-1.9092691078388033
-1.902908904588172
-1.8978881113611579
-1.8942739359580802
-1.8920852736406009
-1.625011741803169
-1.6176558600167987
-1.6133157939905216
-1.611513464871397
-1.6108061259247897
-1.609738060318616
-1.609688548627392
-1.5432360812953807
-1.5424180467255264
-1.5393044481123135
-1.534787912084496
-1.5314258188977143
-1.5198284789682297
-1.5191485338549022
-1.5039675955651284
-1.5025012268648517
-1.5009016513026232
-1.4985687436918376
-1.4980729356366869
-1.4618136234484207
-1.4614709902776322
-1.4599830860922973
-1.4591108427429003
-1.4584037742835232
-1.456462665716928
-1.4562907943063854
-0.5886249596602416
-0.5847608266464656
-0.5785670975538632
-0.5710500320906632
-0.5631877992018239
-0.5560536955110933
-0.5501013699104814
-0.4744379783428287
-0.4729853916113618
-0.4708802829556758
-0.4657538736892734
-0.46487445720236853
-0.43987290322741673
-0.43965859572856475
-0.4018013728544894
-0.4012056441861469
-0.3925611530299795
-0.3914105638813051
-0.3881250154668311
-0.2378654242935793
-0.23475210089066806
-0.222653977600733
-0.211768931333008
-0.209101845460844
-0.1885197911101025
-0.1873950884743651
-0.11035194000892234
-0.10831855671369849
-0.08793201495394072
-0.08286347803830817
-0.06781396591439594
-0.047128298857649346
-0.04246168619782522
0.06716635716212144
0.07357278712279314
0.07954236910725228
0.08818302513069212
0.09410066348657614
0.16056082400365795
0.16486256019282702
0.18367038403512892
0.1850917229763153
0.19160111266408392
0.19638549637739602
0.19870908779075483
0.39161648009638433
0.3964388545355204
0.3993801190865591
0.4008237312105794
0.4029554159783731
0.40753645875472827
0.41358334415238296
1.0543195958878706
1.0575747157025674
1.058998536015833
1.0639934881575805
1.0673707000759507
1.0723188674312782
1.0796290526363943
1.092366578290466
1.0960991610889677
1.1000708639715189
1.1077381092215313
1.1091640146829596
1.174692621373561
1.1754202849724091
1.1831346194422485
1.1844498132016001
1.1875054226941482
1.1905520016477489
1.193547503039255
1.5348851253845956
1.535047173234413
1.5361771401747268
1.5368373861612619
1.5370608578302947
1.5378605230484412
1.5382730080801137
1.7177596551141068
1.720279969691592
1.721167620108896
1.7218391250624447
1.7221582287815953
1.72385718644885
1.7266390229712503
1.7485930173533433
1.7561625454495644
1.7700624353432592
1.78982593794396
1.813656016333658
1.8429620670370521
1.8685389505611356
1.8939497652489625
1.9179804239574112
1.9396821409758132
1.9582731404808136
1.9731080431615107
2.8977149508104767
2.9104350216164843
2.924153534309531
2.9385482941852947
2.9532988495073655
2.968100907305034
2.9826732850662454
2.998482285688343
3.01232536712084
3.025412640136193
3.0376197408332626
3.0488520109284916
3.0590423279716203
3.0681417639936734
3.0761429320486666
3.082998094662969
3.088690403833316
3.093051693586282
3.0945165364007674
3.098694301966996
3.099223242752314
3.0997346465073234
3.1008080136513914
3.1013405852671405
3.1018137454760035
3.1020165094176386
-2.4524612740131677
-2.44859198176469
-2.4444786363471374
-2.44008529925349
-2.4353794647580824
-2.4303298862209153
-2.424923691829161
-2.416740687028755
-2.410626915229639
-2.4039963252211924
-2.3968683487131557
-2.3892664672309842
-2.38099975555094
-2.3725947875900255
-2.363698054863308
-2.354562591256959
-2.3451296137047675
-2.3354631750256427
-2.3256476992478867
-2.310560617297923
-2.3025423575482584
-2.2947410112243056
-2.2872639755020385
-2.280210647019809
-2.273689833661266
-2.2678088087212815
-2.0321122226763126
-2.02720585136539
-2.0214226754718108
-2.0148271090804712
-2.007502974078718
-1.999489148206243
-1.991054167733239
-1.978826129117241
-1.9684352372216478
-1.9579061203516666
-1.9474327588180136
-1.9372304527272155
-1.9253564371758463
-1.9170394531263342
-1.9092691078381485
-1.902908904588588
-1.89788811136101
-1.89427393595808
-1.8920852736406164
-1.6250117418019825
-1.617655860127794
-1.6133157886740366
-1.611513523954412
-1.6108060173371954
-1.6097386984510007
-1.609687965205086
-1.543237294889084
-1.5424159473371297
-1.5393063046319415
-1.53478556788719
-1.5314275833351496
-1.5198202577071298
-1.5191567828837684
-1.5039357277120873
-1.5025812809597718
-1.5008245919651138
-1.498639621526917
-1.4980305111884495
-1.4618223364090195
-1.4614566631278991
-1.4600015631181624
-1.4590864935173016
-1.4584163548889206
-1.4564584583013496
-1.456293908482574
-0.588624959661033
-0.5847608266412921
-0.5785670975770277
-0.5710500320097137
-0.5631877994048917
-0.5560536952189357
-0.5501013700765315
-0.4744262914284405
-0.4730168175760607
-0.4708502925876504
-0.465796220498676
-0.4648421947132277
-0.43987963436287403
-0.43965204992582574
-0.40176564784936875
-0.40124648106783994
-0.3925148204482957
-0.3914578553698203
-0.38811892624910527
-0.23786346054049304
-0.23475574943634275
-0.22264809646056644
-0.2117892478947043
-0.2090850142228558
-0.1885218212496663
-0.18739380421838306
-0.11034686065179995
-0.10832432020262857
-0.08793092327816604
-0.08286329911804419
-0.0678148549899476
-0.04712737557500569
-0.042462272217949654
0.06716548600426978
0.07357613164778422
0.07953826974655705
0.08818546708218261
0.09409985088392192
0.16056020565091791
0.16486357585717692
0.18365614093634783
0.18510899120476676
0.19159557172694996
0.1963887749308597
0.19870792450215435
0.391616480470954
0.3964388489413425
0.3993801473694908
0.4008236968928352
0.40295542822344854
0.4075364577148909
0.413583344201524
1.054316214672589
1.0576307803042635
1.0589124326790988
1.0641122538078711
1.0672280694817293
1.0724038112953669
1.0795879356253313
1.0924509373445899
1.0959728147872567
1.1001376598213588
1.1077107682763452
1.1091800035382642
1.174698657127787
1.1754126192342358
1.1831565187337507
1.1844213409303042
1.187516492419872
1.190548700842612
1.193547938611274
1.5348847434765323
1.535047753415009
1.5361758723370937
1.5368428047962686
1.5370558689362939
1.5378614353594402
1.5382727355932102
1.7177596625221054
1.7202795480698576
1.7211697644377992
1.7218343445631583
1.7221613904928177
1.7238570716365433
1.7266390264558076
1.7485930173545348
1.7561625454489709
1.7700624353433139
1.78982593794396
1.8136560163336561
1.8429620670370521
1.8685389505611383
1.893949765248963
1.9179804239574119
1.9396821409758147
1.9582731404808136
1.9731080431615104
2.897714950810477
2.9104350216164847
2.9241535343095313
2.9385482941852934
2.9532988495073638
2.9681009073050335
2.9826732850662485
2.9984822856883433
3.0123253671208414
3.025412640136191
3.0376197408332635
3.0488520109284942
3.059042327971621
3.068141763993678
3.0761429320486653
3.082998094662968
3.088690403833316
3.0930516935862813
3.0945165364007696
3.098694301966996
3.0992232427523128
3.099734646507323
3.1008080136513927
3.1013405852671396
3.101813745476003
3.1020165094176377
-2.4524612740131695
-2.4485919817646926
-2.444478636347137
-2.440085299253489
-2.4353794647580833
-2.4303298862209153
-2.4249236918291515
-2.4167406870287573
-2.4106269152296393
-2.4039963252211907
-2.3968683487131557
-2.3892664672309865
-2.38099975555094
-2.3725947875900264
-2.363698054863307
-2.354562591256963
-2.3451296137047697
-2.335463175025648
-2.3256476992478867
-2.3105606172979254
-2.302542357548264
-2.2947410112243056
-2.2872639755020385
-2.2802106470198105
-2.273689833661266
-2.267808808721282
-2.032112222676316
-2.0272058513653866
-2.0214226754718334
-2.0148271090804157
-2.007502974078816
-1.9994891482061246
-1.9910541677332922
-1.9788261291173015
-1.9684352372214315
-1.9579061203520314
-1.9474327588175984
-1.937230452727509
-1.925356437175793
-1.9170394531260648
-1.9092691078387711
-1.9029089045877692
-1.8978881113617445
-1.8942739359576446
-1.8920852736407463
-1.6250117418023837
-1.6176558601197357
-1.6133157874774338
-1.6115135458241636
-1.6108059707677738
-1.609739023264622
-1.609687666293797
-1.5432385358562306
-1.542413774784126
-1.5393083141083768
-1.5347828167410178
-1.5314298115323437
-1.5198055520837979
-1.519171825149
-1.5038312783646108
-1.5028054681280403
-1.5006042893671088
-1.498836320908459
-1.4979334804323923
-1.4618644539587733
-1.4613785797671273
-1.4601059893348045
-1.4589219205622563
-1.458519627432219
-1.456424310918059
-1.4563209004417998
-0.5886249596571397
-0.5847608266604944
-0.578567097514549
-0.5710500321741601
-0.5631877990814914
-0.5560536955969706
-0.5501013698972503
-0.4744017587644243
-0.47308147938494716
-0.47078568632128054
-0.46589291059169846
-0.46476933383195357
-0.4399162844697653
-0.43961591236230624
-0.4017797860574625
-0.4012319349610214
-0.39251104568910755
-0.3914634442920716
-0.3881176553209056
-0.23786371431240877
-0.23475517733965465
-0.22264979158434
-0.21177984699978725
-0.2090938084834198
-0.1885156350794923
-0.18739921367425108
-0.11035309860730697
-0.10831664388225672
-0.08793844905151084
-0.08285617056948565
-0.0678159939331356
-0.047127381191269
-0.04246217281588841
0.06716555489149302
0.07357512913206139
0.0795403959182111
0.088183273256143
0.09410086390887278
0.16055984176433863
0.16486401502201228
0.18365825054033777
0.1851056663808319
0.19159781061748485
0.19638688069395666
0.19870870547814218
0.3916164808008103
0.39643884506870314
0.39938016410998084
0.4008236781660872
0.4029554341073631
0.4075364573505901
0.4135833442109857
1.0543168933875329
1.0576154658632415
1.0589377091233743
1.0640654450106781
1.0672934852944354
1.072355982574288
1.079618715692768
1.0923525111702206
1.0961420001026905
1.1000329482399778
1.1077696619739943
1.1091428570286705
1.1747058007563191
1.175403807905494
1.1831762336625542
1.1843970525461676
1.1875246919659568
1.190546488668566
1.1935481985669605
1.5348828938382413
1.5350505486373938
1.5361702639967745
1.536869282167503
1.5370314878185252
1.5378650725511622
1.5382716649042452
1.717759636442552
1.7202812674883017
1.7211606592189226
1.7218564084980947
1.7221461671194431
1.7238576657604063
1.72663900364492
1.7485930173620872
1.7561625454467586
1.770062435343426
1.7898259379439532
1.813656016333656
1.842962067037055
1.8685389505611358
1.8939497652489639
1.9179804239574112
1.9396821409758158
1.9582731404808131
1.9731080431615098
2.897714950810477
2.910435021616488
2.9241535343095304
2.9385482941852956
2.953298849507366
2.968100907305034
2.982673285066247
2.9984822856883433
3.01232536712084
3.0254126401361936
3.0376197408332626
3.0488520109284942
3.05904232797162
3.068141763993675
3.0761429320486657
3.082998094662968
3.0886904038333154
3.0930516935862817
3.0945165364007714
3.0986943019669964
3.099223242752313
3.0997346465073226
3.1008080136513922
3.1013405852671405
3.101813745476005
3.1020165094176386
-2.4524612740131717
-2.448591981764694
-2.4444786363471334
-2.440085299253486
-2.435379464758087
-2.4303298862209153
-2.424923691829164
-2.4167406870287556
-2.4106269152296367
-2.403996325221189
-2.396868348713152
-2.389266467230984
-2.380999755550941
-2.3725947875900273
-2.3636980548633093
-2.354562591256958
-2.345129613704766
-2.335463175025647
-2.325647699247888
-2.3105606172979267
-2.302542357548263
-2.294741011224304
-2.287263975502036
-2.28021064701981
-2.2736898336612663
-2.267808808721285
-2.0321122226763153
-2.0272058513653817
-2.0214226754718374
-2.0148271090804206
-2.007502974078765
-1.9994891482062565
-1.9910541677331297
-1.9788261291174971
-1.9684352372212277
-1.9579061203521122
-1.9474327588177334
-1.9372304527271778
-1.9253564371763605
-1.9170394531253168
-1.909269107839435
-1.902908904587354
-1.8978881113618915
-1.8942739359576422
-1.8920852736407288
-1.6250117418035717
-1.6176558600087416
-1.6133157927939366
-1.6115134867462824
-1.6108060793558199
-1.6097383926722504
-1.6096882421704808
-1.5432373278286051
-1.5424158696743464
-1.5393064574704294
-1.5347851622041113
-1.5314280449894662
-1.5198141469701234
-1.5191632025606416
-1.5038725810671165
-1.5027262962194277
-1.5006769864621714
-1.4987757459561855
-1.4979596470288565
-1.4618581456339144
-1.4613911598919356
-1.4600897184976005
-1.4589511485046458
-1.4584993275849805
-1.4564303784923895
-1.4563159028324277
-0.5886249596563502
-0.5847608266656666
-0.5785670974913873
-0.5710500322551062
-0.5631877988784241
-0.5560536958891273
-0.5501013697312033
-0.4744142186204659
-0.47305047010670875
-0.470814712686653
-0.46585590394960386
-0.4647960305577165
-0.43991122579331843
-0.4396207856760074
-0.4018137614389897
-0.4011928459447073
-0.3925577476227738
-0.3914157951813526
-0.38812373456767757
-0.2378656775277819
-0.23475152911741357
-0.22265567066084163
-0.21175941172988239
-0.2091107605565841
-0.1885135885504247
-0.1874005144706951
-0.11035814212326282
-0.10831091599017402
-0.08793953979464711
-0.08285635082325424
-0.06781510470958546
-0.04712830444157533
-0.042461586819579934
0.0671664261133604
0.07357178584853752
0.07954449481062961
0.08818083095244274
0.09410167602652052
0.16056045998206722
0.16486299948253666
0.1836725490592586
0.18508834521261328
0.19160335099996517
0.19638360167941335
0.19870986731223908
0.39161648042624553
0.3964388506628553
0.3993801358264482
0.40082371248434717
0.40295542186239636
0.40753645839042507
0.4135833441618435
1.0543202792025772
1.057561001480957
1.0590225502510695
1.063949327364921
1.0674344312790338
1.072270014880886
1.0796596192410113
1.0922730096322966
1.096267667731237
1.099962064831381
1.1077981541926156
1.1091255569027514
1.1746996179103222
1.175411618796308
1.1831535634830932
1.1844262312878353
1.1875136807201243
1.19054979714364
1.193547763201841
1.5348832639011865
1.5350499794340737
1.5361715027069678
1.5368624838999776
1.5370378766842303
1.5378641669649127
1.5382719403224911
1.7177596290351245
1.720281692580986
1.7211585778532674
1.7218615626254334
1.7221425655496738
1.7238577803686337
1.7266390001601724
1.748593017360895
1.7561625454473508
1.7700624353433723
1.7898259379439558
1.8136560163336557
1.8429620670370546
1.868538950561136
1.8939497652489623
1.91798042395741
1.9396821409758123
1.9582731404808131
1.9731080431615087
2.897714950810477
2.9104350216164843
2.9241535343095313
2.9385482941852956
2.9532988495073633
2.9681009073050335
2.982673285066246
2.998482285688344
3.012325367120841
3.0254126401361936
3.0376197408332635
3.048852010928493
3.059042327971622
3.068141763993675
3.0761429320486675
3.0829980946629685
3.0886904038333163
3.0930516935862817
3.09451653640077
3.0986943019669946
3.0992232427523136
3.099734646507322
3.100808013651393
3.1013405852671396
3.101813745476005
3.102016509417638
-2.4533949857068236
-2.4495806866847207
-2.445531825272778
-2.4412117500214805
-2.436586802082709
-2.4316241605524316
-2.4263101356643113
-2.4181866552758233
-2.4122044396741273
-2.405701409308805
-2.398695764371473
-2.3912099189709495
-2.3830371532921624
-2.3747332693870837
-2.3659292618656096
-2.3568765220789674
-2.3475125183831365
-2.337897430852313
-2.3281099498740248
-2.312589929985173
-2.304529459410206
-2.296664004617576
-2.2890977351587387
-2.2819282807544257
-2.2752638815406327
-2.2692139030427847
-2.0309695387896305
-2.0258408385685343
-2.0198471507600946
-2.0130605890008773
-2.0055699624746146
-1.9974241047332435
-1.98888005897675
-1.976251853792612
-1.9658085246336883
-1.955274909397885
-1.9448477287499062
-1.9347511481494508
-1.9231942290719997
-1.9151139120136655
-1.9075624296090052
-1.9015224064136256
-1.8968572625435687
-1.8935983149108226
-1.8917414526082121
-1.6228774011215106
-1.6163434491457542
-1.6126792422498257
-1.61130274194796
-1.61065274167269
-1.6097473122160721
-1.6096656303326362
-1.5432327543468816
-1.5419045989948719
-1.5382851098585397
-1.533803235392329
-1.5309298934076592
-1.5195552819711142
-1.5190955769222383
-1.503840831615657
-1.502327846596464
-1.5008859103280119
-1.4984288005781043
-1.4979833523123618
-1.461762482012924
-1.4614462518982403
-1.4599573384725362
-1.459142969077687
-1.4583494908283858
-1.4564637587514058
-1.456271644590099
-0.5892533990910929
-0.5859350746102713
-0.5802398077329944
-0.5730165286350112
-0.565107047887687
-0.5577145614434789
-0.5515066943175545
-0.47420800383780687
-0.4734910657941531
-0.47038884106888096
-0.46644127776105365
-0.4643920422652256
-0.44016904880013213
-0.43938875742070177
-0.4024811597583358
-0.4003561860295451
-0.3938650799534647
-0.3901876636492036
-0.3884667862597407
-0.23750569071113692
-0.23543665893695548
-0.22125304735799292
-0.21559676433960687
-0.20596078315080665
-0.19095956204290238
-0.18556959781837862
-0.11246133678115341
-0.10478991368555073
-0.09246807298798497
-0.07757467780814796
-0.07079803522774734
-0.04552934688696315
-0.04363423936357615
0.06875990146008301
0.07039915704154417
0.08150296408863664
0.08637480999818432
0.0946093080595888
0.1609410252906393
0.16458160940816233
0.18513431026563756
0.18725488782573596
0.18990018732912534
0.19767515337300928
0.19795928309062077
0.3901311074421373
0.3954285825568219
0.39887235559746054
0.40048561588609777
0.402243746472321
0.40620120389144093
0.41203911655164777
1.0560140218041885
1.0576340960357495
1.059985844477895
1.064927271482206
1.0674838714004633
1.0729886046074333
1.082127138745567
1.092845130534089
1.0951672824262282
1.101352474022669
1.1074831083014
1.1093294548187782
1.1749693486803612
1.1751126919156876
1.1833715563289164
1.1843660723880072
1.1873880820758493
1.1911879340527254
1.1940060375837855
1.5349689850325527
1.5351201044760199
1.5359995658461343
1.5369820949880753
1.5372922140850966
1.5378971479699945
1.5384731971838153
1.7183911061573023
1.720724322102853
1.7212340650421776
1.7218446511828596
1.7221913531984183
1.7242641244733115
1.727916638253839
1.74996678536887
1.7590202610993362
1.774515001131592
1.7954783709396347
1.8200264045427001
1.8492942770351248
1.8749584665470045
1.9001270334166893
1.9236572981082536
1.9446489015519846
1.9623564454274462
1.9761662222152916
2.894727199224257
2.9071490544040657
2.9206478108637763
2.934903921876548
2.9495948642624885
2.964411357163049
2.979066209618378
2.9949210927513135
3.0089298940915676
3.022219014783021
3.0346561323044607
3.046139497280808
3.0565956306662097
3.0659710204124555
3.074251369616403
3.0813915876950007
3.0873800696930838
3.0921163377315137
3.0946407801524587
3.098504828653261
3.0991805319011974
3.099641457053922
3.1010280163367123
3.101128038723248
3.101932084262809
3.1019434628753775
-2.4533949857068214
-2.449580686684717
-2.4455318252727802
-2.4412117500214796
-2.4365868020827013
-2.4316241605524325
-2.4263101356643078
-2.4181866552758247
-2.412204439674133
-2.405701409308806
-2.39869576437147
-2.3912099189709535
-2.38303715329216
-2.3747332693870766
-2.36592926186561
-2.3568765220789687
-2.3475125183831316
-2.3378974308523093
-2.3281099498740248
-2.3125899299851715
-2.3045294594102077
-2.296664004617578
-2.2890977351587405
-2.2819282807544243
-2.2752638815406336
-2.2692139030427882
-2.0309695387896283
-2.0258408385685382
-2.019847150760074
-2.0130605890009248
-2.0055699624745436
-1.9974241047333057
-1.988880058976753
-1.9762518537924743
-1.965808524634013
-1.9552749093974136
-1.9448477287503634
-1.9347511481492186
-1.9231942290717643
-1.9151139120145388
-1.907562429607483
-1.9015224064155152
-1.8968572625418536
-1.8935983149118985
-1.891741452607876
-1.6228774011123452
-1.61634345024628
-1.6126791844800357
-1.6113032213369203
-1.6106518922873054
-1.6097499346257
-1.6096634345963674
-1.5432335114602553
-1.5419028680142706
-1.538287782790373
-1.5337981802458223
-1.5309341825525482
-1.5195245499050276
-1.5191263979562333
-1.5037579764686777
-1.5025335177366321
-1.5006937756617371
-1.4985934681126938
-1.4978869794091951
-1.4617822254740493
-1.4614140089345784
-1.4599987259192406
-1.4590915614404223
-1.4583745137351294
-1.4564548181530204
-1.456278083987095
-0.5892533990917471
-0.5859350746054002
-0.5802398077559717
-0.5730165285552702
-0.5651070480869926
-0.5577145611511792
-0.5515066944883106
-0.47419437206682347
-0.47351142807331625
-0.4703772820908953
-0.4664495468548391
-0.46438866482155033
-0.4401662268257797
-0.43939158615916557
-0.40247374769226335
-0.4003679251147834
-0.39385396028160574
-0.3902002328008844
-0.3884609397238141
-0.2375039976217433
-0.2354393797587859
-0.22124471765490036
-0.21560946063614847
-0.20595305057091112
-0.19096441865230904
-0.18556707782096463
-0.11245958060352237
-0.10479439025042205
-0.09246265369289264
-0.07758097320824903
-0.0707942332686477
-0.045529873335723114
-0.04363392266904567
0.06875993204682408
0.07039941172475277
0.08150114281705995
0.08637694683270984
0.0946086970706449
0.1609414086296761
0.1645811632479857
0.1851317958622202
0.18726145902616537
0.18989534051788834
0.19768440927050765
0.19795089275418443
0.3901311072118699
0.395428585221236
0.39887234174283964
0.40048563500140394
0.4022437381822097
0.40620120450127106
0.41203911653704783
1.0560108794586796
1.0576471769836917
1.0599627051789233
1.0649935759420153
1.0674035637609862
1.073030958574026
1.082092418931787
1.0930477333474977
1.0949262411202028
1.101441379746396
1.107419548686593
1.1093621230578656
1.1749407702009782
1.1751427362904148
1.1833500474157435
1.184391657742187
1.1873814303936694
1.191189238288338
1.1940058365619801
1.5349708821025472
1.535117286868304
1.5360021693001547
1.53697324129634
1.537301817209964
1.53789423058858
1.5384736822157994
1.7183911327729384
1.7207213752752017
1.7212430564710133
1.7218315541249025
1.722198536920448
1.724263962317412
1.7279166425309356
1.7499667853661882
1.7590202610999581
1.7745150011315636
1.7954783709396354
1.8200264045427
1.8492942770351277
1.874958466547004
1.9001270334166898
1.9236572981082563
1.9446489015519821
1.9623564454274456
1.9761662222152918
2.894727199224257
2.907149054404066
2.9206478108637746
2.93490392187655
2.9495948642624885
2.964411357163049
2.979066209618378
2.9949210927513144
3.008929894091567
3.0222190147830217
3.034656132304459
3.0461394972808087
3.0565956306662097
3.065971020412458
3.074251369616404
3.0813915876949993
3.0873800696930807
3.0921163377315133
3.094640780152458
3.0985048286532573
3.0991805319012
3.0996414570539224
3.1010280163367128
3.1011280387232474
3.101932084262808
3.1019434628753784
-2.4533949857068205
-2.4495806866847167
-2.4455318252727745
-2.441211750021481
-2.4365868020826977
-2.4316241605524325
-2.426310135664311
-2.418186655275821
-2.412204439674127
-2.405701409308806
-2.398695764371474
-2.3912099189709526
-2.3830371532921597
-2.374733269387084
-2.3659292618656074
-2.3568765220789674
-2.3475125183831325
-2.337897430852308
-2.3281099498740283
-2.3125899299851693
-2.304529459410207
-2.2966640046175733
-2.28909773515874
-2.2819282807544283
-2.275263881540631
-2.2692139030427847
-2.0309695387896283
-2.0258408385685387
-2.019847150760077
-2.0130605890008995
-2.0055699624746173
-1.9974241047331538
-1.988880058976927
-1.9762518537922986
-1.9658085246341426
-1.955274909397485
-1.9448477287499812
-1.9347511481498403
-1.9231942290708435
-1.915113912015614
-1.9075624296066784
-1.9015224064158216
-1.8968572625420108
-1.8935983149116002
-1.8917414526080072
-1.6228774011125842
-1.6163434501365033
-1.6126791912857077
-1.6113031642047064
-1.6106519932391832
-1.6097496344739204
-1.609663684231427
-1.5432342891873987
-1.5419010905349124
-1.5382905195847898
-1.533792963683645
-1.5309386542427863
-1.5194822207638068
-1.5191690200380423
-1.5035775269908078
-1.5028644411335101
-1.500400486280131
-1.4988416422173778
-1.4977803295274263
-1.4618402350740278
-1.46129980580391
-1.4601494240531125
-1.458855400617068
-1.4585266714740357
-1.456403741445636
-1.4563186653054867
-0.5892533990865805
-0.5859350746270102
-0.5802398076976324
-0.5730165286867009
-0.5651070478505185
-0.5577145614235924
-0.5515066943550903
-0.4741546178765489
-0.4735719490108111
-0.47033328084027715
-0.4665002794191164
-0.4643605180307466
-0.44018078033281954
-0.43937746108674597
-0.40248752289833684
-0.40034774799725154
-0.393867961577508
-0.39018791480900283
-0.3884658784782728
-0.2375023998990427
-0.23544185809362964
-0.22123881312797986
-0.2156174683627114
-0.20594921108336123
-0.19096573532381356
-0.1855666360390788
-0.11245897742907736
-0.10479524464648741
-0.09246283644299251
-0.07757884638533334
-0.070796210189933
-0.04552813928152632
-0.04363535324228798
0.06875563313846073
0.07040515777590267
0.08149690407788503
0.08638028605698111
0.09460815324888232
0.16094066286237316
0.16458227019740423
0.18511590640109715
0.1872917995340756
0.18987867960763927
0.19770284953034736
0.197934297016538
0.39013110746564383
0.39542858138561415
0.39887236575711826
0.4004855986522447
0.40224375572056564
0.4062012028096102
0.41203911660703907
1.0559990320088721
1.0576931398848828
1.05989329069092
1.0651596133822085
1.0672256181952808
1.073098977139462
1.0820518255035898
1.0932507956945756
1.094707285133812
1.1014925860608884
1.1073909993906978
1.1093751400690355
1.1749656617448685
1.1751163820560548
1.183375644190944
1.1843601632209972
1.1873904818286256
1.191187199257885
1.1940061862283944
1.5349704959542843
1.5351178639664842
1.5360016039612023
1.536975258304275
1.5372995749472695
1.5378949542373175
1.5384735582108537
1.718391140232696
1.720720662189611
1.7212452141899748
1.72182858476914
1.7222000848632157
1.724263931038061
1.727916643129867
1.7499667853666505
1.7590202610997692
1.7745150011315804
1.7954783709396336
1.8200264045427006
1.8492942770351253
1.8749584665470043
1.9001270334166886
1.923657298108256
1.9446489015519821
1.962356445427446
1.9761662222152918
2.894727199224257
2.907149054404062
2.9206478108637755
2.9349039218765505
2.949594864262487
2.96441135716305
2.979066209618376
2.994921092751314
3.008929894091565
3.0222190147830212
3.034656132304459
3.0461394972808096
3.05659563066621
3.0659710204124586
3.074251369616404
3.081391587694999
3.0873800696930824
3.0921163377315133
3.0946407801524582
3.098504828653258
3.099180531901199
3.099641457053922
3.101028016336708
3.101128038723245
3.101932084262809
3.101943462875379
-2.4533949857068214
-2.449580686684716
-2.445531825272774
-2.441211750021479
-2.4365868020826995
-2.431624160552433
-2.426310135664312
-2.4181866552758238
-2.4122044396741322
-2.405701409308807
-2.3986957643714706
-2.3912099189709526
-2.3830371532921624
-2.3747332693870775
-2.365929261865609
-2.3568765220789674
-2.347512518383133
-2.3378974308523066
-2.3281099498740274
-2.312589929985173
-2.30452945941021
-2.296664004617578
-2.289097735158738
-2.2819282807544248
-2.2752638815406376
-2.269213903042787
-2.0309695387896287
-2.0258408385685365
-2.019847150760096
-2.013060589000855
-2.0055699624746923
-1.9974241047330952
-1.9888800589769207
-1.9762518537924376
-1.9658085246338164
-1.955274909397958
-1.9448477287495218
-1.9347511481500717
-1.9231942290710882
-1.9151139120147418
-1.9075624296082054
-1.9015224064139324
-1.8968572625437288
-1.8935983149105262
-1.8917414526083436
-1.6228774011217524
-1.6163434490359772
-1.612679249054192
-1.6113026847109047
-1.6106528426314553
-1.6097469962840285
-1.6096658958472212
-1.5432335336293272
-1.5419028210912322
-1.5382878482299296
-1.5337980286348898
-1.530934353065833
-1.519519785329164
-1.5191313666422064
-1.5037066142425208
-1.5026463154867895
-1.5005792938735976
-1.498697673627695
-1.4978355523422235
-1.4618277016425805
-1.4613272470938854
-1.4601142216208676
-1.4589220462077572
-1.4584778952468023
-1.456418841424333
-1.456305988524793
-0.5892533990859271
-0.5859350746318818
-0.5802398076746538
-0.573016528766444
-0.5651070476512111
-0.5577145617158913
-0.5515066941843338
-0.47417067306637095
-0.4735493371752285
-0.4703447782149349
-0.46649204260953875
-0.46436375092068305
-0.4401835023798657
-0.43937473228300067
-0.40249480715622477
-0.40033611780783784
-0.3938790518463533
-0.39017533452494185
-0.3884717844649754
-0.23750409676248627
-0.23543913383869977
-0.22124716250126267
-0.21560475816409913
-0.2059569381460851
-0.19096087889017518
-0.1855691552688098
-0.11246073402949892
-0.10479076785510402
-0.09246825520745501
-0.07757254874381879
-0.07080001471009402
-0.04552761219075661
-0.043635670593527055
0.06875560218222275
0.07040490328305814
0.08149872295456811
0.08637815163086227
0.09460876440345531
0.16094027971771088
0.16458271617065506
0.18511836018051017
0.18728521833274386
0.18988359591735074
0.19769237025764871
0.19794391184714832
0.39013110769591164
0.39542857872120973
0.39887237961217736
0.400485579536726
0.4022437640104383
0.40620120219977857
0.41203911662163706
1.0560020749680386
1.0576795973412645
1.0599165553413437
1.0650843759941029
1.0673143895398507
1.0730573726709653
1.0820865214155353
1.0930036252323563
1.09499167616705
1.1014047303698673
1.1074541574234158
1.1093432205584213
1.1750153388607651
1.1750652405456885
1.1833984735619452
1.1843333098837014
1.1873970818435808
1.1911858928418102
1.1940063871222943
1.5349686121876878
1.5351206691663173
1.5359990024638501
1.5369842188334395
1.537289871908968
1.5378978623489195
1.538473072672503
1.7183911136164096
1.7207235940531003
1.7212361862337888
1.7218416404042787
1.7221929940422485
1.7242640932078706
1.7279166388527758
1.7499667853693304
1.7590202610991459
1.7745150011316095
1.7954783709396318
1.8200264045427001
1.8492942770351253
1.8749584665470038
1.900127033416691
1.9236572981082547
1.9446489015519826
1.9623564454274451
1.9761662222152918
2.894727199224257
2.9071490544040657
2.920647810863775
2.93490392187655
2.9495948642624876
2.9644113571630504
2.979066209618375
2.994921092751314
3.008929894091565
3.02221901478302
3.0346561323044607
3.0461394972808096
3.0565956306662088
3.06597102041246
3.0742513696164036
3.081391587694999
3.0873800696930793
3.092116337731514
3.0946407801524596
3.098504828653259
3.0991805319011982
3.099641457053923
3.10102801633671
3.1011280387232487
3.10193208426281
3.1019434628753784
