-2.4774052939052695
-2.468658733678002
-2.4619759563460955
-2.4565410016473557
-2.4519627742145893
-2.4476274816521113
-2.4429103837191555
-2.437640618457619
-2.4318287422862155
-2.4254965819799503
-2.4186630180745197
-2.411346330506732
-2.403566313018965
-2.395345996888626
-2.3867132734151197
-2.3777026315866805
-2.3683572072874326
-2.3587313592273307
-2.348894029212686
-2.338932984192901
-2.3289550820836538
-2.319024336616484
-2.3088363850949163
-2.29740051390007
-2.0459624327702235
-2.0368275683565153
-2.027238452557323
-2.0175213411818804
-2.007595104313753
-1.997209728092215
-1.986315292813917
-1.9750017728479192
-1.963388804708676
-1.9516008108220186
-1.93977053631987
-1.92804554442229
-1.9165943302121033
-1.905614269996585
-1.8953539887220197
-1.8863836629910116
-1.884148025812295
-1.8780367280596355
-1.8715937307668518
-1.8653886563885278
-1.8605854720387633
-1.853327859852331
-1.8421239705419696
-1.8276265069126099
-1.8088401258001456
-1.5718678250951628
-1.5519134976296494
-1.5348120222603898
-1.5198669902660025
-1.5066255924613636
-1.4947205553443932
-1.4838659555069897
-1.473980204476411
-1.4654294269897024
-1.460010050612314
-1.4555111781589087
-1.4494553933743388
-1.4477899768530818
-1.4436635049033684
-1.4406733096980358
-1.435174340702518
-1.4292415432446066
-1.4227878773272602
-1.416104843436717
-1.4092985652239745
-1.4024639725896124
-1.3956839651399044
-1.3891063847716252
-1.38319517710566
-0.5679170272153956
-0.5287100725175027
-0.5171320783067607
-0.49663904788345176
-0.4792173154983095
-0.4637566676410409
-0.445373100224155
-0.4299124991811935
-0.41463914799359425
-0.3985458087398802
-0.3849797973346658
-0.37113623916528715
-0.3576871804589874
-0.3466965994946482
-0.33553924223441417
-0.3260993384530713
-0.31420113087075585
-0.3057452070400168
-0.29120855003155943
-0.28416221768876826
-0.2706058819827267
-0.24584500199265139
-0.24383931034532685
-0.2061909975047879
-0.09280365276675852
-0.07646280855028047
-0.04125467074773661
-0.022846396103832527
-0.008195865600325604
0.0008606453977016257
0.02655135556760592
0.030071872796175816
0.061937541011641305
0.06427788672023015
0.09602040675107992
0.09846459830881771
0.12404513921229036
0.13431242942808935
0.1555752681007396
0.1742697521363953
0.19597413432055383
0.2205769774634418
0.24409930922725978
0.274489597398923
0.3018580581254394
0.3373471829950395
0.38107114061366665
0.4271099085413865
0.9125111636670733
0.9585104515453245
0.9972087266821529
1.026496902381951
1.040460957325188
1.0560087756212533
1.0655819479369468
1.0702977377054241
1.082187462114239
1.0897406191223904
1.0994616853085892
1.1100493792420794
1.117137353530056
1.1286498075776215
1.14079085907262
1.1554043710989415
1.171860168042215
1.1904334895075732
1.21131266614951
1.23483524413889
1.26151709886634
1.2922018333289655
1.3284163094570485
1.3734960737047217
1.4388199948053322
1.6596334998894073
1.6929842865630904
1.7177579497641078
1.7372962545419175
1.7531245121510624
1.7660725136357232
1.7766290611308968
1.7851355833706328
1.7920476666470404
1.7978699535552385
1.8025139167264144
1.8082213227889825
1.809788438414869
1.8248520521281864
1.8475808684493218
1.8736850328010917
1.9013730212350655
1.9292790580365018
1.9563098572791235
1.9815583610001477
2.0042514367653643
2.0238666425608893
2.041185651124584
2.0586573659369938
2.940530537363778
2.953606982209129
2.9669136416179795
2.9809570160752017
2.9954683887190297
3.010158378582071
3.0247596596831934
3.039034796469887
3.052779578239099
3.06582340707966
3.078027788741055
3.089283708599781
3.099508406178554
3.1086418222117684
3.116642750442055
3.123484332531851
3.129147362303755
3.133604086973523
3.1353163480187765
3.1367340834175197
3.1381547364378903
3.139602215016233
3.141485156109156
3.143552981467301
-2.47740529390527
-2.4686587336780024
-2.4619759563460955
-2.456541001647355
-2.4519627742145893
-2.4476274816521117
-2.4429103837191555
-2.43764061845762
-2.4318287422862133
-2.425496581979947
-2.4186630180745152
-2.4113463305067304
-2.4035663130189704
-2.3953459968886253
-2.3867132734151197
-2.3777026315866743
-2.368357207287432
-2.3587313592273293
-2.348894029212685
-2.3389329841928994
-2.3289550820836546
-2.3190243366164847
-2.3088363850949176
-2.297400513900069
-2.045962432770223
-2.0368275683565162
-2.0272384525573237
-2.0175213411818818
-2.0075951043137508
-1.9972097280922263
-1.9863152928138994
-1.975001772847947
-1.9633888047087003
-1.951600810821804
-1.9397705363205426
-1.9280455444208342
-1.9165943302141237
-1.9056142699967646
-1.895353988703912
-1.8863836632219046
-1.8841480255062573
-1.8780367282018553
-1.8715937306934805
-1.8653886564202917
-1.8605854720296038
-1.8533278598528822
-1.8421239705419734
-1.8276265069126094
-1.8088401258001454
-1.5718678250951625
-1.5519134976296902
-1.5348120222589618
-1.5198669902952473
-1.5066255920322544
-1.4947205603942382
-1.4838659015118518
-1.4739808099752887
-1.4654215088803206
-1.4600537459411906
-1.455386161876142
-1.4500422038358813
-1.446849731583947
-1.4443528902762148
-1.4403702276857377
-1.4352433028752982
-1.4292254460244445
-1.422791446781224
-1.4161041074309166
-1.4092986994526762
-1.4024639520475333
-1.3956839676143888
-1.389106384556444
-1.3831951771169078
-0.5679170272153954
-0.528710072517496
-0.5171320783068525
-0.49663904788104324
-0.4792173155298702
-0.46375666745067934
-0.44537310129425894
-0.42991249650667335
-0.4146391424084096
-0.39854592108519843
-0.3849792016556241
-0.3711384149883237
-0.3576805130656109
-0.34670957646706085
-0.33552114385974324
-0.32611549019075964
-0.31418963483168266
-0.3057530193328272
-0.2912021062772439
-0.28416739733060453
-0.2706045898421608
-0.24584599138604663
-0.2438385118511095
-0.2061909984451683
-0.09280365436715926
-0.07646280800456073
-0.04125459787614542
-0.022846922103902986
-0.008194105683709655
0.0008588539860605502
0.026553585685471007
0.03007022273889899
0.06193365298874355
0.06428202857027224
0.09601669624563729
0.09846811464200537
0.12404487990565588
0.1343125374857998
0.1555752680212537
0.17426974838766718
0.1959741354331178
0.22057697729536355
0.24409930924358295
0.27448959739893714
0.30185805812532757
0.3373471829950465
0.3810711406136668
0.42710990854138536
0.9125111636670735
0.9585104515453331
0.9972087266829361
1.026496901914146
1.040460966031231
1.056008563831712
1.0655839246531398
1.0702945032596332
1.0821926316549106
1.0897334934345166
1.0994679106585292
1.1100437897050803
1.117140797821897
1.1286490044908246
1.1407910130153072
1.1554043582562874
1.1718601667865338
1.1904334901920788
1.2113126660144318
1.2348352441557586
1.2615170988649327
1.292201833329038
1.328416309457046
1.3734960737047217
1.438819994805331
1.6596334998894073
1.6929842865630913
1.7177579497641133
1.73729625454186
1.753124512151507
1.766072513633227
1.7766290611411277
1.785135583341316
1.7920476667032093
1.797869953483729
1.8025139167779667
1.8082213227583843
1.8097884384304321
1.8248520521281963
1.84758086844932
1.8736850328010919
1.9013730212350661
1.9292790580365033
1.9563098572791244
1.9815583610001473
2.004251436765364
2.0238666425608893
2.041185651124586
2.058657365936995
2.9405305373637782
2.9536069822091284
2.966913641617979
2.980957016075202
2.9954683887190288
3.0101583785820702
3.0247596596831943
3.039034796469888
3.0527795782391
3.0658234070796624
3.0780277887410548
3.089283708599783
3.0995084061785536
3.1086418222117698
3.116642750442055
3.123484332531853
3.129147362303757
3.133604086973524
3.135316348018776
3.1367340834175206
3.138154736437891
3.139602215016233
3.1414851561091566
3.1435529814673018
-2.4774052939052718
-2.4686587336780055
-2.4619759563460972
-2.4565410016473557
-2.45196277421459
-2.4476274816521126
-2.442910383719155
-2.43764061845762
-2.4318287422862155
-2.425496581979951
-2.418663018074517
-2.411346330506733
-2.4035663130189677
-2.395345996888626
-2.3867132734151237
-2.377702631586681
-2.3683572072874317
-2.3587313592273307
-2.3488940292126856
-2.338932984192901
-2.3289550820836533
-2.319024336616485
-2.3088363850949185
-2.297400513900069
-2.0459624327702235
-2.036827568356515
-2.027238452557323
-2.017521341181882
-2.0075951043137485
-1.9972097280922247
-1.98631529281391
-1.975001772847893
-1.9633888047088328
-1.9516008108215852
-1.9397705363206723
-1.9280455444214886
-1.9165943302108568
-1.9056142700070269
-1.895353988674398
-1.886383663365857
-1.8841480253611993
-1.8780367282204575
-1.8715937307080952
-1.8653886564026179
-1.8605854720380621
-1.8533278598518028
-1.8421239705420127
-1.8276265069126054
-1.8088401258001428
-1.571867825095162
-1.5519134976297073
-1.5348120222586412
-1.5198669902998516
-1.5066255919733147
-1.4947205612009655
-1.483865889943958
-1.473980983433176
-1.465418658082655
-1.460071097279062
-1.4553288966300002
-1.4502495426026705
-1.4462912150371372
-1.4448580294891507
-1.4402258524064178
-1.435284105536191
-1.4292158235625918
-1.4227936807882404
-1.416103632333755
-1.409298788730103
-1.4024639379662736
-1.395683969369965
-1.3891063843974119
-1.3831951771256075
-0.5679170272153945
-0.528710072517506
-0.5171320783067653
-0.4966390478824003
-0.47921731551761193
-0.46375666749017513
-0.44537310159135896
-0.42991249069669596
-0.4146391904864895
-0.39854557173754385
-0.38498074531657706
-0.3711330854293178
-0.35769646246489234
-0.3466801295800836
-0.33555378544172754
-0.32610435785833897
-0.31415845960156574
-0.30579980306378374
-0.29115396947835703
-0.28420135026865323
-0.27059870110008044
-0.24584827811546484
-0.24383677045933802
-0.20619099801513913
-0.09280365315868778
-0.07646281414128872
-0.0412545465091794
-0.022847052792090553
-0.008194220896716982
0.0008593692313250237
0.026549599851060778
0.03007431837425323
0.061929307807129956
0.06428605853405653
0.09601678981872128
0.09846782687055843
0.12404509353554832
0.1343123843232341
0.15557529671920764
0.17426974249669822
0.19597413588029783
0.22057697733739534
0.24409930922633466
0.27448959740069273
0.3018580581252049
0.33734718299504596
0.38107114061366726
0.42710990854138736
0.9125111636670733
0.9585104515453162
0.9972087266868396
1.0264969013896128
1.0404609718902673
1.0560084946076984
1.06558421704457
1.0702942963609898
1.0821918784942612
1.0897355125531627
1.0994649429195893
1.110047842974813
1.1171375950858222
1.1286501171337469
1.140790667671223
1.1554044315462602
1.1718601543901757
1.190433491777203
1.2113126658690487
1.2348352441637542
1.2615170988649067
1.292201833329001
1.3284163094570496
1.3734960737047217
1.4388199948053306
1.6596334998894076
1.692984286563089
1.7177579497641133
1.7372962545418869
1.7531245121511594
1.7660725136359772
1.7766290611260798
1.7851355833970166
1.7920476665677445
1.7978699537023368
1.8025139165800597
1.8082213229269777
1.8097884383332847
1.824852052128434
1.8475808684493207
1.873685032801092
1.9013730212350666
1.929279058036503
1.9563098572791233
1.9815583610001473
2.0042514367653634
2.023866642560888
2.041185651124584
2.058657365936994
2.9405305373637782
2.953606982209128
2.966913641617978
2.980957016075202
2.995468388719029
3.0101583785820702
3.024759659683194
3.0390347964698883
3.052779578239099
3.065823407079661
3.0780277887410565
3.08928370859978
3.0995084061785536
3.1086418222117684
3.1166427504420535
3.123484332531851
3.129147362303753
3.133604086973521
3.1353163480187747
3.1367340834175206
3.1381547364378912
3.139602215016233
3.141485156109156
3.143552981467302
-2.477405293905271
-2.4686587336780037
-2.461975956346096
-2.456541001647355
-2.451962774214588
-2.4476274816521104
-2.4429103837191546
-2.437640618457619
-2.4318287422862124
-2.4254965819799477
-2.4186630180745134
-2.4113463305067335
-2.403566313018972
-2.3953459968886266
-2.3867132734151237
-2.3777026315866814
-2.36835720728743
-2.3587313592273325
-2.348894029212687
-2.3389329841929003
-2.3289550820836533
-2.319024336616484
-2.308836385094917
-2.29740051390007
-2.0459624327702226
-2.0368275683565153
-2.0272384525573224
-2.017521341181881
-2.007595104313751
-1.9972097280922159
-1.9863152928139307
-1.975001772847869
-1.9633888047088084
-1.9516008108217977
-1.9397705363199946
-1.9280455444229458
-1.9165943302088446
-1.9056142700068461
-1.895353988692503
-1.8863836631349638
-1.8841480256672365
-1.8780367280782402
-1.8715937307814676
-1.865388656370855
-1.8605854720472235
-1.8533278598512521
-1.8421239705420107
-1.8276265069126083
-1.8088401258001459
-1.5718678250951617
-1.5519134976296638
-1.534812022260067
-1.5198669902706037
-1.5066255924024192
-1.4947205561511179
-1.4838659439394009
-1.473980377994742
-1.465426593391043
-1.4600278673839626
-1.4554565374387816
-1.4497810937700029
-1.4473028702552735
-1.4440063918372346
-1.4404998587194742
-1.4352136704408296
-1.4292318467763225
-1.4227901076186111
-1.4161043681714558
-1.4092986544952002
-1.4024639585081844
-1.395683966895476
-1.3891063846125917
-1.3831951771143596
-0.5679170272153952
-0.5287100725175132
-0.5171320783066735
-0.49663904788480995
-0.47921731548605145
-0.46375666768053697
-0.44537310052125817
-0.42991249337122106
-0.4146391960715614
-0.39854545938136426
-0.38498134081312413
-0.37113090760470585
-0.3577031116802037
-0.34666712533865746
-0.33557187767086705
-0.3260882699423862
-0.3141700078849424
-0.30579194273028193
-0.2911604515485455
-0.2841961199655808
-0.27059999137267016
-0.2458472904076879
-0.24383756724360847
-0.20619099707476019
-0.09280365155828706
-0.07646281468700862
-0.04125461938156553
-0.022846526799940384
-0.008195980710059964
0.0008611605796380086
0.02654737402427094
0.03007596410210078
0.06193318166732679
0.06428193084644883
0.09602050090745459
0.09846430996409626
0.12404535284405847
0.1343122762610498
0.15557529679866725
0.1742697462454299
0.19597413476773348
0.2205769775054733
0.24409930921001158
0.2744895974006778
0.3018580581253166
0.33734718299503835
0.38107114061366754
0.4271099085413872
0.9125111636670743
0.9585104515453053
0.997208726686056
1.026496901857419
1.0404609631842068
1.0560087063908494
1.0655822400864472
1.070297531075059
1.0821867102424512
1.0897426387052958
1.0994587175995536
1.1100534338631791
1.1171341478471506
1.1286509200275898
1.140790513714268
1.1554044443886138
1.1718601556458552
1.190433491092696
1.2113126660041247
1.2348352441468842
1.261517098866314
1.2922018333289282
1.3284163094570516
1.373496073704723
1.4388199948053317
1.6596334998894064
1.6929842865630913
1.7177579497641065
1.7372962545419448
1.7531245121507164
1.766072513638473
1.7766290611158488
1.785135583426333
1.792047666511575
1.7978699537738458
1.8025139165285067
1.8082213229575756
1.8097884383177196
1.8248520521284253
1.8475808684493198
1.8736850328010919
1.9013730212350672
1.929279058036501
1.9563098572791233
1.9815583610001481
2.0042514367653643
2.0238666425608893
2.041185651124584
2.0586573659369956
2.9405305373637773
2.9536069822091284
2.966913641617979
2.9809570160752017
2.995468388719029
3.010158378582071
3.0247596596831965
3.039034796469889
3.0527795782390985
3.0658234070796606
3.0780277887410543
3.0892837085997833
3.0995084061785545
3.10864182221177
3.116642750442056
3.1234843325318495
3.1291473623037547
3.1336040869735244
3.135316348018775
3.1367340834175192
3.138154736437891
3.1396022150162324
3.1414851561091557
3.1435529814673013
-2.4784990632946697
-2.4697312649469763
-2.46301616317462
-2.457546529719441
-2.4529644623916393
-2.4487172247155256
-2.4441399097572734
-2.439009792800691
-2.433331275238505
-2.4271273371075512
-2.4204174275060444
-2.4132197555980266
-2.405553565543114
-2.397440927229594
-2.3889083618929297
-2.379988532576127
-2.3707221965530305
-2.361160627066375
-2.351368743836445
-2.3414289407827957
-2.3314392279899723
-2.3214361802516965
-2.31103449950061
-2.2991241910141413
-2.0457024489124986
-2.035907461157843
-2.0256355872545777
-2.0153865664197284
-2.005122420181027
-1.9945425616178865
-1.9835227962869892
-1.9721219181868066
-1.9604532296161585
-1.9486417431322465
-1.9368232413930684
-1.9251499401655032
-1.9137966164496325
-1.9029701047203131
-1.8929436809353555
-1.886694729544747
-1.8838974356947442
-1.8768339330449937
-1.8709827673246275
-1.864761181261988
-1.8602573307446744
-1.8533198101995636
-1.8421238873307086
-1.827626506123811
-1.8088401257957099
-1.571867826939349
-1.5519135658163783
-1.5348130597813279
-1.5198756546335332
-1.5066694749949765
-1.494861436812469
-1.4841652441373006
-1.4744162738895503
-1.4657259231199322
-1.4590383449865068
-1.455403957164633
-1.4499017238921068
-1.4471314645866584
-1.4435707655685193
-1.4401891941256963
-1.4347116892264353
-1.428830228083004
-1.4224700051833874
-1.4158942842286502
-1.4091845349707832
-1.4024162884639617
-1.39566934183372
-1.3891032842670952
-1.3831947658038628
-0.5707500580667481
-0.5311336844438633
-0.5178415490069647
-0.49669818198521554
-0.48073515880935264
-0.46379244047745705
-0.4456514901432813
-0.430824831156045
-0.4143994814572418
-0.39903102803530427
-0.3854089633619417
-0.3709115198722409
-0.3579742320018262
-0.34744172852586436
-0.33336189662938287
-0.3288536378230528
-0.3115125404760257
-0.308419624029619
-0.2897920392272
-0.2853074090959785
-0.27045839819064393
-0.24596712066652685
-0.2437497837828229
-0.2061925940242997
-0.09280428989380413
-0.07646024030307709
-0.04130706098283864
-0.022397405017731447
-0.009801753345995355
0.0030919280803484933
0.021775994034042113
0.03527439494742404
0.0556582510923796
0.07080638974625134
0.08950396185492743
0.10492516820446324
0.12016581928103251
0.13743094081182927
0.15358366642752844
0.17563804576538367
0.1949480346820152
0.22096328670484974
0.2439182730505036
0.27373553004541923
0.3025808961780023
0.3355841218003713
0.3797628105288586
0.4269922165341272
0.9130597832952044
0.9603695990021526
0.9999470983899581
1.0265125303598337
1.0414185318257487
1.0552160246011013
1.065578155323989
1.0726569745411074
1.0784247749743925
1.0948154690430474
1.095183552649267
1.111212346113556
1.1166099033108452
1.1286215241496416
1.140826469182017
1.1553897108593632
1.1718630366770042
1.1904329637100914
1.2113127178122591
1.2348352390551538
1.2615170990342488
1.2922018333253276
1.3284163094564507
1.3734960737047408
1.4388199948053324
1.6596334998894156
1.6929842865644422
1.7177579498497582
1.7372962576018003
1.753124580537985
1.7660735484403407
1.7766397459209293
1.7852029283542643
1.7922727868552764
1.7983076811319398
1.802680381020954
1.8081288550205143
1.8115807509390816
1.8300953541903369
1.853869973143329
1.8805176076152406
1.908375658539328
1.9361569026819503
1.9628213185759305
1.9874982696742929
2.009437738212901
2.0281288483451507
2.044391068803693
2.060624329610767
2.9377020411087633
2.9504437762846134
2.963511200782888
2.9773907016324834
2.9918127877097023
3.0064842250129344
3.021131195087978
3.0355083357413597
3.0494029983994517
3.062636264858981
3.07506182815019
3.0865635890656336
3.09705254644778
3.1064633128690127
3.114750353408106
3.121883716840702
3.1278431785325767
3.1326060383982766
3.135890569360097
3.136120266726392
3.138064626068923
3.139479223681396
3.141389827759067
3.1435123269066803
-2.4784990632946706
-2.4697312649469767
-2.463016163174622
-2.457546529719444
-2.4529644623916402
-2.448717224715526
-2.4441399097572742
-2.439009792800691
-2.4333312752385035
-2.427127337107554
-2.4204174275060453
-2.413219755598024
-2.4055535655431095
-2.39744092722959
-2.3889083618929297
-2.37998853257613
-2.3707221965530283
-2.361160627066374
-2.351368743836446
-2.341428940782797
-2.331439227989972
-2.3214361802516974
-2.3110344995006082
-2.299124191014145
-2.0457024489124978
-2.0359074611578434
-2.0256355872545773
-2.0153865664197284
-2.0051224201810265
-1.9945425616178936
-1.9835227962869588
-1.9721219181869054
-1.960453229615971
-1.9486417431324004
-1.9368232413936195
-1.9251499401621792
-1.9137966164608506
-1.9029701046896725
-1.892943681015733
-1.8866947294658793
-1.8838974356520977
-1.8768339332044943
-1.8709827671625696
-1.8647611813656808
-1.8602573307027312
-1.8533198102037731
-1.842123887330614
-1.8276265061238115
-1.8088401257957112
-1.5718678269393491
-1.5519135658164183
-1.53481305977985
-1.5198756546672414
-1.5066694744578641
-1.4948614433433787
-1.4841651772238345
-1.4744169285003617
-1.4657188531553091
-1.4591039707792428
-1.4552263462107482
-1.4503876893063201
-1.4461975870633854
-1.444371181127433
-1.4398959999219927
-1.4347854709551005
-1.4288121900870352
-1.422474148138725
-1.4158934102387457
-1.409184696580095
-1.402416263541378
-1.3956693448569153
-1.3891032840011435
-1.3831947658179984
-0.5707500580667477
-0.5311336844438621
-0.5178415490070044
-0.4966981819830891
-0.48073515883699963
-0.4637924402343871
-0.44565149215068933
-0.4308248230679813
-0.41439949925379926
-0.39903108932597187
-0.38540824199325824
-0.3709158017211828
-0.3579567333152252
-0.3474792353143966
-0.33323015414325513
-0.3289869263379732
-0.3114066684723807
-0.30850246668271764
-0.28979587217819874
-0.28529976149586833
-0.27046031926209985
-0.24596602122939834
-0.24375061885528074
-0.20619259395527104
-0.0928042917378841
-0.0764602336263172
-0.04130709648791445
-0.02239739853462187
-0.009801368562324164
0.003090990505020707
0.021777640878235516
0.035272675022024025
0.055659456448906734
0.07080568290310033
0.08950404239175419
0.10492538693330221
0.12016558532117327
0.1374310612371689
0.15358362732168784
0.17563805135663055
0.19494803407642636
0.2209632866642893
0.24391827306880545
0.2737355300435162
0.3025808961781226
0.3355841218003705
0.3797628105288577
0.42699221653412683
0.9130597832952055
0.9603695990021737
0.9999470983843721
1.0265125308647332
1.0414185250503238
1.0552160811142957
1.0655779623308606
1.0726570124618036
1.0784252357892656
1.0947781054972605
1.0952217639217177
1.1112082654030544
1.1166135358350597
1.1286205130975664
1.1408267812449855
1.15538964453074
1.1718630477567742
1.190432962308431
1.2113127179386556
1.2348352390484536
1.2615170990342386
1.292201833325362
1.328416309456449
1.3734960737047417
1.4388199948053313
1.6596334998894173
1.6929842865644416
1.7177579498497597
1.7372962576017807
1.7531245805382156
1.7660735484386432
1.7766397459294871
1.7852029283252384
1.7922727869211073
1.7983076810267786
1.8026803811099077
1.8081288549812027
1.8115807509507618
1.8300953541903051
1.853869973143331
1.88051760761524
1.9083756585393283
1.9361569026819507
1.9628213185759302
1.9874982696742922
2.0094377382129003
2.028128848345149
2.044391068803693
2.060624329610768
2.9377020411087638
2.950443776284614
2.963511200782888
2.977390701632484
2.9918127877097023
3.0064842250129344
3.0211311950879782
3.0355083357413584
3.0494029983994517
3.0626362648589813
3.075061828150192
3.0865635890656313
3.097052546447781
3.1064633128690073
3.114750353408105
3.121883716840703
3.127843178532577
3.1326060383982806
3.135890569360098
3.136120266726394
3.138064626068923
3.1394792236813958
3.1413898277590673
3.14351232690668
-2.478499063294669
-2.4697312649469785
-2.463016163174622
-2.4575465297194428
-2.4529644623916407
-2.448717224715526
-2.444139909757274
-2.4390097928006917
-2.4333312752385035
-2.4271273371075517
-2.420417427506043
-2.4132197555980244
-2.4055535655431153
-2.397440927229595
-2.388908361892928
-2.3799885325761267
-2.370722196553029
-2.3611606270663725
-2.3513687438364457
-2.341428940782798
-2.3314392279899736
-2.3214361802516965
-2.3110344995006087
-2.299124191014142
-2.045702448912497
-2.0359074611578434
-2.0256355872545773
-2.0153865664197275
-2.0051224201810216
-1.9945425616179024
-1.9835227962869408
-1.972121918186895
-1.9604532296161299
-1.9486417431318055
-1.9368232413950606
-1.925149940159965
-1.9137966164606657
-1.902970104710469
-1.8929436808433469
-1.8866947302500876
-1.8838974348048354
-1.876833933551819
-1.8709827669869967
-1.8647611814210883
-1.8602573306920769
-1.8533198102032498
-1.8421238873306989
-1.8276265061238084
-1.8088401257957105
-1.5718678269393505
-1.5519135658164336
-1.534813059779446
-1.5198756546742251
-1.506669474377872
-1.4948614440548855
-1.4841651711994588
-1.4744169889774776
-1.465718048557546
-1.459113043933498
-1.4551961600732528
-1.4504709746704418
-1.445886564715937
-1.4446766060763108
-1.43982042441238
-1.4348107612656618
-1.4288051277619835
-1.4224760455026404
-1.4158929548699486
-1.409184790628021
-1.4024162476529456
-1.3956693469345673
-1.3891032838067219
-1.3831947658288548
-0.5707500580667472
-0.5311336844438699
-0.5178415490069468
-0.49669818198370874
-0.4807351588359306
-0.4637924402093721
-0.44565149261130144
-0.430824819737379
-0.414399522762494
-0.39903093760460323
-0.3854089309861157
-0.37091271618985167
-0.3579685055557664
-0.3474539643167535
-0.3333239497723878
-0.32889012894628317
-0.31148936195735627
-0.3084374290246711
-0.2897885861904306
-0.28531074369866877
-0.27045752772097076
-0.24596825501303632
-0.2437488492403049
-0.20619259737324283
-0.09280429448835852
-0.07646022965411681
-0.04130704473772154
-0.022397907717442465
-0.009800041697346027
0.003089480683885204
0.021778796543971964
0.03527217824815207
0.05565904500009485
0.07080649197160128
0.0895032205818572
0.10492600454669429
0.12016531941573527
0.137431118250856
0.1535836252265543
0.17563804810126413
0.1949480352250529
0.2209632865156771
0.24391827308426856
0.2737355300435614
0.30258089617801354
0.335584121800379
0.37976281052885763
0.42699221653412617
0.9130597832952043
0.9603695990021839
0.9999470983858534
1.0265125304026503
1.0414185358043304
1.055215908590272
1.0655794031237331
1.0726525501287418
1.078430185695962
1.0947044263237309
1.095295635493534
1.1112030426130042
1.1166173844032896
1.1286198075410339
1.1408269136837752
1.1553896341485657
1.1718630464125208
1.1904329629492327
1.2113127178157574
1.2348352390635304
1.261517099033002
1.2922018333254253
1.3284163094564478
1.3734960737047406
1.4388199948053317
1.6596334998894176
1.6929842865644402
1.7177579498497637
1.7372962576017417
1.753124580538494
1.766073548437178
1.7766397459350103
1.7852029283108193
1.7922727869465294
1.7983076809954377
1.8026803811309706
1.8081288549748025
1.8115807509521253
1.8300953541903056
1.8538699731433295
1.8805176076152403
1.9083756585393281
1.9361569026819498
1.9628213185759311
1.9874982696742935
2.009437738212901
2.028128848345149
2.044391068803694
2.0606243296107682
2.9377020411087633
2.950443776284614
2.9635112007828877
2.9773907016324843
2.991812787709703
3.0064842250129344
3.021131195087978
3.035508335741358
3.049402998399451
3.0626362648589818
3.0750618281501905
3.086563589065633
3.097052546447779
3.1064633128690113
3.114750353408105
3.121883716840701
3.1278431785325775
3.1326060383982783
3.1358905693600976
3.136120266726393
3.1380646260689224
3.139479223681397
3.141389827759066
3.14351232690668
-2.4784990632946693
-2.469731264946977
-2.4630161631746197
-2.4575465297194428
-2.452964462391641
-2.448717224715526
-2.4441399097572742
-2.439009792800692
-2.4333312752385057
-2.427127337107553
-2.420417427506046
-2.413219755598029
-2.405553565543117
-2.397440927229597
-2.3889083618929328
-2.3799885325761276
-2.3707221965530345
-2.361160627066375
-2.351368743836447
-2.3414289407827984
-2.331439227989974
-2.3214361802516947
-2.311034499500609
-2.2991241910141422
-2.0457024489124986
-2.0359074611578434
-2.025635587254576
-2.0153865664197292
-2.0051224201810225
-1.9945425616178973
-1.9835227962869733
-1.9721219181867977
-1.9604532296163188
-1.9486417431316523
-1.936823241394507
-1.925149940163296
-1.913796616449439
-1.9029701047411056
-1.8929436807629676
-1.8866947303289583
-1.8838974348474848
-1.8768339333923232
-1.8709827671490573
-1.8647611813173985
-1.8602573307340224
-1.8533198101990414
-1.8421238873307948
-1.8276265061238086
-1.8088401257957099
-1.571867826939351
-1.5519135658163932
-1.5348130597809218
-1.5198756546405183
-1.506669474914984
-1.4948614375239784
-1.4841652381131032
-1.4744163343873995
-1.4657251223514611
-1.459047940540383
-1.4553753985803537
-1.45001107759371
-1.446937554618961
-1.443745029485064
-1.4401004007897305
-1.4347360850834798
-1.4288231082675666
-1.4224718990245842
-1.415893828672897
-1.4091846290109462
-1.4024162725753035
-1.3956693439113685
-1.389103284072675
-1.383194765814719
-0.5707500580667473
-0.53113368444387
-0.517841549006906
-0.49669818198583365
-0.4807351588082824
-0.46379244045244084
-0.44565149060389775
-0.4308248278254469
-0.4143995049659889
-0.3990308763102358
-0.3854096522388753
-0.37090843130678075
-0.3579859605535434
-0.3474163808217667
-0.33345094323727226
-0.32876157251814797
-0.3115913533752449
-0.308358607487436
-0.28978472875533823
-0.28531841465107827
-0.27045560770681987
-0.2459693528219522
-0.2437480158238698
-0.20619259744227245
-0.09280429264427799
-0.0764602363308726
-0.04130700923226296
-0.022397914206381816
-0.009800426564052762
0.00309041826618099
0.021777149640433462
0.03527389831699669
0.05565783969295207
0.07080719877726993
0.08950314002441155
0.10492578581627961
0.12016555338218113
0.13743099782659657
0.15358366433244944
0.17563804251001403
0.19494803583063858
0.22096328655623723
0.24391827306596667
0.2737355300454637
0.3025808961778941
0.3355841218003792
0.3797628105288576
0.42699221653412683
0.9130597832952058
0.9603695990021641
0.9999470983914398
1.0265125298977507
1.0414185425797788
1.0552158520807413
1.0655795962013228
1.0726525118987318
1.078429724880956
1.094731212592587
1.0952680009233082
1.111207118854575
1.1166137569782053
1.1286208187475737
1.1408266016319264
1.155389700477417
1.1718630353327488
1.190432964350894
1.2113127176893612
1.2348352390702333
1.2615170990330131
1.2922018333253915
1.3284163094564503
1.3734960737047424
1.4388199948053322
1.659633499889418
1.6929842865644404
1.717757949849763
1.7372962576017608
1.7531245805382643
1.7660735484388765
1.7766397459264534
1.7852029283398467
1.7922727868806996
1.7983076811005994
1.8026803810420178
1.808128855014115
1.8115807509404454
1.8300953541903415
1.8538699731433295
1.8805176076152395
1.9083756585393268
1.93615690268195
1.9628213185759298
1.9874982696742924
2.0094377382129007
2.0281288483451494
2.044391068803692
2.060624329610767
2.9377020411087633
2.950443776284614
2.9635112007828885
2.977390701632484
2.991812787709702
3.0064842250129336
3.0211311950879782
3.035508335741361
3.0494029983994513
3.0626362648589796
3.075061828150191
3.0865635890656358
3.097052546447781
3.1064633128690073
3.1147503534081045
3.1218837168407028
3.1278431785325793
3.1326060383982806
3.135890569360098
3.1361202667263917
3.1380646260689224
3.139479223681396
3.1413898277590664
3.14351232690668
-2.4795818479694023
-2.4707950991150676
-2.4640480395804945
-2.4585417276224115
-2.4539449709760337
-2.4497722284367196
-2.4453333144766454
-2.4403446724374867
-2.4348009895218197
-2.4287264745054298
-2.4221413464412933
-2.4150638844116132
-2.4075128933604106
-2.3995095823089563
-2.391079207145932
-2.382252726001674
-2.373068667711829
-2.3635754148126833
-2.3538341235872804
-2.343922147713367
-2.3339288939152274
-2.3238632851656953
-2.3132627665072785
-2.3009064845983636
-2.0453736312272883
-2.0348979333518913
-2.023978629269932
-2.013221048637787
-2.002620134970149
-1.9918458442604365
-1.9807062320007485
-1.9692252918182704
-1.9575086800028065
-1.9456821566865987
-1.9338849126097053
-1.9222741866302322
-1.9110315703137546
-1.9003749870436129
-1.8906349071473472
-1.8889037673251652
-1.882146307574199
-1.8759434186614543
-1.8704855610947657
-1.8641248704805276
-1.8598532293578713
-1.8533125176616554
-1.8421238327817056
-1.827626505701838
-1.8088401257935902
-1.5718678274372833
-1.5519135874516143
-1.5348134423726936
-1.51987937324494
-1.5066916220382887
-1.4949458760807715
-1.4843775572757711
-1.474782042951194
-1.4661341230054326
-1.4587779428873875
-1.454636777452319
-1.4501765955852113
-1.4469384353656
-1.4432608751583507
-1.4397631822674872
-1.4342669487326538
-1.4284605382553075
-1.4221990782701177
-1.4157288307514082
-1.409103413083751
-1.4023859375847008
-1.395661024273142
-1.3891017058960424
-1.383194578729648
-0.573326169828286
-0.5339676448788319
-0.5180243443338645
-0.4971923990620424
-0.48205800340074545
-0.46358307853440783
-0.44645950335852863
-0.4312347057884178
-0.4142535782735527
-0.39983013636931053
-0.38533540762123153
-0.37091351860738614
-0.35880689845359076
-0.3463974983529343
-0.3360844663331258
-0.3251721541169406
-0.3171082409133301
-0.3029460072466192
-0.29430540927089854
-0.2823600558365354
-0.2711766259025258
-0.2454008996241908
-0.24423504799317158
-0.20619191797823405
-0.09280918675761712
-0.07644376467823864
-0.04149862919276822
-0.020573697326808353
-0.013438045790402888
0.009626269237096603
0.014255631649507492
0.04407615036239174
0.047042178561639884
0.07947375961298885
0.08137789677612821
0.11038055819805824
0.1158814150407143
0.1389013885922311
0.15293641947072875
0.1755345356186085
0.19529161658195227
0.22018025554809093
0.24473046743363028
0.2724363818294477
0.30350282814975066
0.33415697652241333
0.37811591816250395
0.4267207666743539
0.9138419680339104
0.9626206661383682
1.0027349762575164
1.025695819238232
1.0430741466921871
1.0545821356300284
1.0649520153300078
1.0745082350574624
1.0776157912534976
1.0906289541371483
1.100082985274723
1.108122219181942
1.118577011554621
1.1279885732002335
1.1409574433425254
1.155364966877132
1.1718652674026684
1.1904326760620312
1.2113127042318237
1.2348352395639748
1.26151709860903
1.292201833335901
1.328416309455457
1.3734960737047297
1.4388199948053322
1.6596334998894773
1.692984286570143
1.7177579501212081
1.737296265763786
1.7531247450125165
1.7660757805570373
1.7766593261039243
1.785302127235485
1.7925354110584621
1.7987686466852209
1.8034845926495673
1.8068051359357076
1.8155267563151263
1.8356582516620654
1.8603356570722682
1.8874240810733895
1.915372314134915
1.9429641327412528
1.9692080046352347
1.9932662836655766
2.0144090415653624
2.032135854813002
2.0473242521305792
2.0623423937114933
2.934961067168306
2.947351273440093
2.960161461155445
2.9738582890043386
2.9881726712466974
3.002808400417384
3.0174857043582146
3.0319515540981734
3.0459849212685493
3.0593984932638243
3.0720379973785117
3.083780053860174
3.094529202584854
3.104214493780278
3.112785801242868
3.1202097312465056
3.1264643648061083
3.1315296374335007
3.1353524425624872
3.136421743467145
3.137813412222861
3.139355594061868
3.1412729619993702
3.143456841139053
-2.4795818479694054
-2.4707950991150724
-2.4640480395804967
-2.458541727622411
-2.453944970976035
-2.449772228436721
-2.445333314476645
-2.4403446724374858
-2.434800989521819
-2.4287264745054276
-2.4221413464412906
-2.415063884411611
-2.407512893360414
-2.399509582308954
-2.391079207145932
-2.3822527260016733
-2.3730686677118276
-2.363575414812684
-2.3538341235872795
-2.3439221477133687
-2.3339288939152283
-2.3238632851656953
-2.3132627665072776
-2.3009064845983636
-2.0453736312272883
-2.034897933351892
-2.0239786292699318
-2.0132210486377864
-2.0026201349701536
-1.9918458442604285
-1.9807062320007496
-1.969225291818361
-1.9575086800023942
-1.9456821566877687
-1.9338849126075366
-1.9222741866310409
-1.911031570330028
-1.9003749869178694
-1.89063490928138
-1.8889037646569544
-1.8821463086638361
-1.8759434179875556
-1.870485561358135
-1.864124870460682
-1.8598532293365984
-1.8533125176681327
-1.8421238327813905
-1.8276265057018437
-1.8088401257935918
-1.5718678274372806
-1.5519135874516576
-1.5348134423712685
-1.519879373277491
-1.5066916214924777
-1.4949458830951727
-1.484377483869733
-1.4747827294662001
-1.466127620746937
-1.4588461016042493
-1.4543719658303262
-1.4507650830958854
-1.4458935490557634
-1.4441855398976167
-1.4394233161993775
-1.4343605357056581
-1.4284363949737389
-1.4222047872072094
-1.4157276241295071
-1.4091036318942685
-1.4023859049399916
-1.3956610280925907
-1.3891017055700805
-1.3831945787466307
-0.5733261698282868
-0.5339676448788316
-0.518024344333884
-0.4971923990608374
-0.48205800341514354
-0.4635830783526705
-0.44645950506947324
-0.4312346965552789
-0.4142536244276649
-0.3998300075190611
-0.3853354578099987
-0.3709154538232763
-0.35879593429552875
-0.3464384347096477
-0.335993580953295
-0.3253222811584413
-0.31697507843702727
-0.3030277624233225
-0.29425538172408294
-0.28237174753368866
-0.27117544405103494
-0.24539866288370424
-0.24423710481593572
-0.206191914051839
-0.0928091846296257
-0.07644376810283579
-0.041498664793231645
-0.020573043522346367
-0.013439065771874049
0.009628686959775893
0.014253459772567556
0.04407553260757018
0.047043201035512024
0.07946882392637088
0.08138281914500974
0.11037973947349351
0.1158820327270169
0.1389013544718105
0.15293641777950687
0.17553453938539645
0.19529161538072523
0.22018025570618807
0.24473046742011043
0.2724363818293711
0.30350282814985935
0.33415697652240245
0.3781159181625046
0.4267207666743546
0.9138419680339098
0.9626206661383586
1.0027349762546924
1.0256958196141823
1.0430741312501575
1.054582301973158
1.0649509482354724
1.074515729044913
1.0776072490966209
1.0906338268037055
1.100076915518963
1.1081268406649543
1.118574918532027
1.1279893072661462
1.1409573325483926
1.1553649753522142
1.1718652687688769
1.1904326754687224
1.2113127043429912
1.2348352395505455
1.261517098610115
1.2922018333358447
1.3284163094554577
1.373496073704729
1.4388199948053315
1.6596334998894768
1.6929842865701423
1.7177579501212066
1.7372962657638134
1.7531247450123446
1.7660757805578746
1.7766593261010344
1.7853021272423277
1.792535411047483
1.7987686466976953
1.803484592640428
1.8068051359387476
1.8155267563150919
1.8356582516620636
1.8603356570722673
1.8874240810733884
1.9153723141349148
1.9429641327412541
1.9692080046352354
1.9932662836655781
2.0144090415653624
2.032135854813002
2.04732425213058
2.062342393711494
2.934961067168306
2.947351273440093
2.960161461155445
2.9738582890043386
2.988172671246697
3.0028084004173827
3.0174857043582146
3.0319515540981774
3.04598492126855
3.059398493263822
3.0720379973785152
3.0837800538601754
3.0945292025848548
3.104214493780275
3.1127858012428686
3.1202097312465056
3.1264643648061083
3.131529637433499
3.135352442562487
3.1364217434671464
3.1378134122228607
3.1393555940618674
3.1412729619993702
3.1434568411390535
-2.4795818479694076
-2.4707950991150733
-2.4640480395804967
-2.458541727622413
-2.453944970976035
-2.4497722284367227
-2.4453333144766463
-2.440344672437488
-2.434800989521822
-2.4287264745054298
-2.4221413464412964
-2.4150638844116177
-2.407512893360413
-2.3995095823089567
-2.3910792071459337
-2.3822527260016764
-2.3730686677118324
-2.3635754148126837
-2.3538341235872804
-2.3439221477133687
-2.3339288939152274
-2.3238632851656957
-2.313262766507277
-2.3009064845983644
-2.045373631227289
-2.0348979333518926
-2.02397862926993
-2.013221048637786
-2.0026201349701522
-1.9918458442604443
-1.9807062320006938
-1.9692252918184912
-1.957508680002236
-1.945682156687474
-1.9338849126101094
-1.9222741866211936
-1.9110315703583955
-1.9003749868533453
-1.8906349091628976
-1.8889037650598504
-1.882146308041287
-1.8759434187684965
-1.870485560756249
-1.864124870775256
-1.8598532292140357
-1.8533125176791492
-1.842123832781249
-1.827626505701841
-1.8088401257935933
-1.571867827437283
-1.5519135874516579
-1.5348134423711557
-1.5198793732818208
-1.5066916214121773
-1.4949458840613008
-1.4843774750735863
-1.4747827996742564
-1.4661270346539295
-1.458851721922347
-1.454347510764138
-1.4508129383052517
-1.4457521528125186
-1.4443232845371106
-1.4393888355672775
-1.4343731430828963
-1.4284325101347959
-1.4222059508184546
-1.4157273146334404
-1.4091037020120396
-1.402385892100299
-1.3956610298960292
-1.3891017053900958
-1.3831945787572424
-0.5733261698282857
-0.5339676448788373
-0.5180243443338018
-0.4971923990618754
-0.4820580034145112
-0.4635830782679349
-0.44645950629208025
-0.43123468865820713
-0.4142536715585941
-0.3998298293839432
-0.38533593994382653
-0.37091445010866125
-0.3587969769446144
-0.34643899895542857
-0.33599043835405046
-0.3253259322220411
-0.3169746771011973
-0.3030233836026577
-0.2942605403713474
-0.28236933646095885
-0.27117601555078547
-0.2453990649039515
-0.24423670542762738
-0.20619191652689095
-0.09280918766351831
-0.07644375782093098
-0.04149871964758968
-0.020572955130412532
-0.013438906462450365
0.009625749733360703
0.014256825378884293
0.044068955034816344
0.0470495336999763
0.07946563757421074
0.081385607159255
0.11038011202101078
0.1158816084515913
0.13890146003357723
0.15293637365086238
0.17553454516654118
0.19529161471936832
0.22018025567851754
0.24473046743616025
0.27243638182733204
0.30350282814996643
0.3341569765224031
0.378115918162503
0.4267207666743534
0.9138419680339097
0.9626206661383812
1.0027349762461313
1.025695820028744
1.0430741223798161
1.0545823563504635
1.064950806658326
1.074515451862384
1.0776080325035662
1.0906322151314283
1.1000801054407052
1.10812351860916
1.1185770893059932
1.1279882470968674
1.1409576065078804
1.1553649152760552
1.1718652786619739
1.1904326742292906
1.211312704453032
1.23483523954491
1.2615170986100832
1.2922018333358767
1.3284163094554569
1.3734960737047304
1.438819994805332
1.659633499889476
1.6929842865701439
1.7177579501212075
1.7372962657637987
1.7531247450124963
1.7660757805568432
1.7766593261058097
1.785302127227497
1.7925354110786533
1.7987686466504353
1.803484592686194
1.8068051359191908
1.8155267563159296
1.8356582516620559
1.8603356570722684
1.8874240810733898
1.9153723141349166
1.942964132741254
1.9692080046352356
1.9932662836655786
2.0144090415653624
2.032135854813003
2.047324252130579
2.0623423937114933
2.934961067168306
2.947351273440093
2.9601614611554443
2.9738582890043386
2.988172671246695
3.0028084004173845
3.017485704358214
3.0319515540981743
3.0459849212685515
3.0593984932638234
3.072037997378513
3.083780053860175
3.0945292025848525
3.104214493780279
3.112785801242867
3.1202097312465047
3.126464364806109
3.1315296374335
3.1353524425624855
3.136421743467146
3.13781341222286
3.1393555940618683
3.14127296199937
3.143456841139054
-2.4795818479694076
-2.47079509911507
-2.464048039580497
-2.4585417276224115
-2.453944970976036
-2.449772228436722
-2.4453333144766454
-2.4403446724374867
-2.4348009895218197
-2.4287264745054284
-2.422141346441296
-2.4150638844116106
-2.4075128933604137
-2.399509582308955
-2.3910792071459297
-2.3822527260016764
-2.373068667711832
-2.363575414812683
-2.3538341235872817
-2.343922147713366
-2.333928893915228
-2.323863285165694
-2.313262766507277
-2.3009064845983613
-2.0453736312272883
-2.0348979333518917
-2.0239786292699327
-2.0132210486377873
-2.002620134970148
-1.9918458442604516
-1.9807062320006943
-1.9692252918183992
-1.957508680002645
-1.9456821566862983
-1.933884912612273
-1.9222741866203812
-1.9110315703421221
-1.900374986979088
-1.8906349070288597
-1.8889037677280616
-1.8821463069516455
-1.8759434194423952
-1.8704855604928787
-1.8641248707951008
-1.8598532292353087
-1.8533125176726688
-1.8421238327815603
-1.8276265057018333
-1.8088401257935887
-1.5718678274372822
-1.5519135874516143
-1.5348134423725794
-1.5198793732492695
-1.5066916219579896
-1.4949458770469035
-1.4843775484799129
-1.4747821131823842
-1.4661335390963077
-1.4587838800993236
-1.4546155339015703
-1.450233818118392
-1.446851493784974
-1.4433384719088929
-1.4397220691552286
-1.4342790276289634
-1.4284566127439453
-1.4222002389820936
-1.4157285210821147
-1.4091034831937246
-1.4023859247447672
-1.395661026076574
-1.3891017057160566
-1.383194578740259
-0.5733261698282862
-0.5339676448788381
-0.518024344333781
-0.4971923990630783
-0.48205800340011357
-0.46358307844967406
-0.4464595045811402
-0.43123469789136104
-0.4142536254049293
-0.39982995823700174
-0.3853358897418364
-0.3709125144493429
-0.35880794035516467
-0.34639807437951825
-0.3360813563558136
-0.3251758133869948
-0.3171077744922518
-0.3029415904211795
-0.294310612994246
-0.28235765103103694
-0.2711771977410593
-0.24540130017098197
-0.24423465007796277
-0.20619192045328485
-0.09280918979150982
-0.07644375439633619
-0.041498684047545246
-0.020573608937883178
-0.013437886459336754
0.00962333497036729
0.014258994296343887
0.04406956925287638
0.04704851472708045
0.07947055800854078
0.08138070006045021
0.11038093084348717
0.11588099066745024
0.13890149415351943
0.15293637534205257
0.1755345413997558
0.19529161592059527
0.2201802555204203
0.24473046744967933
0.27243638182741065
0.3035028281498577
0.3341569765224129
0.3781159181625037
0.42672076667435455
0.9138419680339105
0.9626206661383918
1.0027349762489555
1.0256958196527923
1.0430741378217854
1.0545821900043648
1.0649518737198336
1.0745079602359717
1.07761657263277
1.0906273435910563
1.1000861765494139
1.1081188951025704
1.1185791817946535
1.1279875128201406
1.140957717294062
1.1553649068007956
1.1718652772957674
1.1904326748225995
1.2113127043418637
1.2348352395583377
1.261517098608997
1.292201833335931
1.3284163094554553
1.3734960737047308
1.4388199948053315
1.6596334998894766
1.692984286570142
1.7177579501212095
1.737296265763772
1.753124745012667
1.7660757805560048
1.7766593261086998
1.7853021272206533
1.7925354110896319
1.7987686466379615
1.8034845926953327
1.8068051359161508
1.8155267563159643
1.835658251662059
1.8603356570722673
1.8874240810733882
1.9153723141349162
1.9429641327412543
1.9692080046352352
1.9932662836655775
2.0144090415653615
2.032135854813002
2.047324252130579
2.0623423937114933
2.934961067168306
2.947351273440093
2.9601614611554443
2.973858289004339
2.9881726712466965
3.002808400417384
3.0174857043582137
3.031951554098175
3.045984921268552
3.0593984932638216
3.072037997378514
3.083780053860173
3.0945292025848548
3.104214493780277
3.1127858012428673
3.1202097312465042
3.1264643648061075
3.1315296374334998
3.135352442562485
3.1364217434671455
3.1378134122228607
3.1393555940618683
3.1412729619993702
3.1434568411390535
-2.4806532901584286
-2.471850156450511
-2.465071894667793
-2.459527741981055
-2.454907017250216
-2.4507934432296676
-2.4464900952716473
-2.4416448118264342
-2.4362375513554
-2.4302937074210016
-2.4238344915685577
-2.416878405784182
-2.4094439314299105
-2.401551518174566
-2.393225259071027
-2.38449452315144
-2.3753957523844
-2.3659746205422563
-2.3562887607058767
-2.3464107930299436
-2.336421749630423
-2.326302947005416
-2.315518761745006
-2.302745146765149
-2.0449744944451846
-2.033805780241526
-2.022269331779838
-2.0110254929377978
-2.000091289536897
-1.9891224391654272
-1.9778677548539236
-1.9663138553265824
-1.9545571998016702
-1.9427243125363918
-1.93095812455599
-1.9194212760808158
-1.908302827677308
-1.8978343208383806
-1.8914501288559442
-1.888325128322265
-1.8805749273803654
-1.8754713574326944
-1.8699539502230618
-1.8635124932866418
-1.8593543841410443
-1.8533053200256364
-1.8421237935296493
-1.8276265054636065
-1.8088401257926572
-1.5718678275545326
-1.5519135935511226
-1.534813568951864
-1.5198808103173431
-1.5067016831419278
-1.494991499165737
-1.4845145565047935
-1.4750620183313794
-1.466527861448074
-1.4590071318092757
-1.4537778617329853
-1.4500910753109837
-1.4470305156444212
-1.4428881792889627
-1.439354638479327
-1.4338484060825345
-1.4281394504523324
-1.4219780862991944
-1.4156070316211322
-1.409050075515218
-1.4023683054913203
-1.3956567590938391
-1.3891009990264689
-1.3831945078258019
-0.5756482698371691
-0.5369517668184057
-0.5179492512337085
-0.498248483979418
-0.4828477808833535
-0.4634809286532346
-0.4475340924125895
-0.43114908135125185
-0.41455893132817917
-0.40040818868117517
-0.3850669563661987
-0.3714143221542488
-0.3590983653025029
-0.34551276411208925
-0.33769910286110427
-0.3227769817381436
-0.3196644854074366
-0.30139588700346964
-0.29582576050687825
-0.2817897793844202
-0.2714036016718368
-0.24516099735222305
-0.24445683895779433
-0.2061921567375166
-0.09280870947999056
-0.07644633616602564
-0.04144858173674356
-0.02129110933104051
-0.012109504847640177
0.006197160138022917
0.01829098450461012
0.03846729160843515
0.05298103969393875
0.07284335419942753
0.08812593950811165
0.10538605470802245
0.12041895383979215
0.13642285590352202
0.15487607982705898
0.17401395185996396
0.1966131160323063
0.21887143120760172
0.2457872832338877
0.27124476032857686
0.3040180791555146
0.33335545926272253
0.3761752650092627
0.4262414001700173
0.9149077761729704
0.9652537372442983
1.005312807053379
1.0247859306891798
1.0443360912100803
1.0546882930818566
1.06481154259419
1.0721130059422461
1.0823697640492775
1.086335111538747
1.1034482309750933
1.1055856073585444
1.1188424111676176
1.1279661184701022
1.1409078015344256
1.1553747367133336
1.1718611450323708
1.1904329498051949
1.2113126123903233
1.234835239682549
1.261517097975818
1.2922018333080734
1.3284163094546486
1.3734960737046775
1.4388199948053322
1.6596334998897153
1.6929842865914146
1.7177579510256082
1.7372962892360997
1.7531251507747796
1.766080512023512
1.7766945221605126
1.7854511007027156
1.792865753625412
1.7991460678251778
1.80478240254079
1.8062008093133686
1.8199764484390915
1.841499107167022
1.866949487984619
1.8943827135399816
1.9223456180868845
1.9496863768805737
1.9754575915322987
1.9988513626450108
2.0191545031501743
2.0358752959114703
2.0499765600103057
2.063815121738472
2.932310842595419
2.9443336532175812
2.9568690447420787
2.970364484484155
2.9845525535737285
2.9991350405917876
3.013826839226894
3.0283675761604467
3.0425279446980715
3.05611219107806
3.0689579395467206
3.0809343420880393
3.091939265739419
3.101895968421447
3.110749479943346
3.118462646972084
3.1250113095293344
3.130376412406005
3.134521281199912
3.1367907877195944
3.137453137892442
3.139206429647606
3.141134508136091
3.143383549217558
-2.4806532901584264
-2.471850156450509
-2.465071894667791
-2.459527741981053
-2.4549070172502128
-2.4507934432296645
-2.446490095271646
-2.441644811826432
-2.436237551355396
-2.4302937074210003
-2.4238344915685537
-2.4168784057841766
-2.4094439314299034
-2.4015515181745624
-2.3932252590710195
-2.3844945231514396
-2.375395752384399
-2.365974620542257
-2.3562887607058762
-2.346410793029943
-2.336421749630421
-2.3263029470054137
-2.3155187617450044
-2.302745146765151
-2.0449744944451864
-2.033805780241523
-2.022269331779837
-2.0110254929377973
-2.0000912895369014
-1.989122439165404
-1.9778677548539962
-1.9663138553264556
-1.954557199801591
-1.9427243125379485
-1.930958124548854
-1.9194212761037537
-1.9083028276218876
-1.897834320851247
-1.8914501298668147
-1.888325126528833
-1.8805749296530914
-1.8754713548825994
-1.8699539517727446
-1.86351249257919
-1.8593543844066511
-1.8533053200029972
-1.8421237935297123
-1.8276265054636123
-1.8088401257926554
-1.5718678275545306
-1.5519135935511779
-1.5348135689501479
-1.5198808103525052
-1.5067016825925337
-1.4949915060294015
-1.4845144857287993
-1.4750626541110026
-1.4665224162337072
-1.4590573529420758
-1.4534365175535386
-1.4508305285206466
-1.4460058008115888
-1.4437533148731356
-1.4389821380775512
-1.4339626150843985
-1.42810726095825
-1.4219861784464782
-1.4156052622333086
-1.4090503994520331
-1.4023682575714973
-1.3956567645951041
-1.3891009985680316
-1.3831945078491188
-0.5756482698371692
-0.5369517668184051
-0.5179492512337549
-0.49824848397808
-0.4828477808949185
-0.4634809285308844
-0.44753409320878895
-0.43114907695948296
-0.4145589559743921
-0.40040809700398144
-0.3850672427106742
-0.37141387661461334
-0.35909731200577316
-0.3455275661405421
-0.33766574746497335
-0.3229382747067513
-0.3194967884222039
-0.30148606614127305
-0.29574820435771676
-0.2818085333543696
-0.2713981925263985
-0.2451631544788718
-0.24445495754291238
-0.20619215374028624
-0.0928087070435906
-0.07644634599277816
-0.041448512009555204
-0.021291361447697752
-0.012109397315550585
0.006197931671919441
0.018289623731512283
0.038468906515972706
0.052979600595164225
0.07284413601310065
0.08812564719586242
0.10538595610765424
0.12041913667156985
0.13642275175643412
0.15487611139867785
0.17401394579859208
0.1966131165116575
0.21887143123575778
0.24578728321926324
0.2712447603307706
0.30401807915541984
0.33335545926272164
0.3761752650092633
0.42624140017001594
0.9149077761729705
0.9652537372442689
1.005312807066765
1.0247859303341875
1.044336102052472
1.0546882334340666
1.0648116892526682
1.0721130200416829
1.0823681552991407
1.0863372943676632
1.103439795330771
1.1055944405910492
1.1188405551472995
1.1279670943620856
1.1409075523536574
1.1553747905787248
1.1718611361930809
1.1904329509015765
1.2113126122943212
1.2348352396873141
1.2615170979758648
1.2922018333080447
1.3284163094546504
1.373496073704676
1.43881999480533
1.659633499889715
1.6929842865914158
1.7177579510256074
1.7372962892361097
1.753125150774683
1.766080512024128
1.7766945221579098
1.7854511007101308
1.7928657536108972
1.7991460678448339
1.8047824025099817
1.8062008093338073
1.819976448438983
1.8414991071670204
1.866949487984618
1.8943827135399807
1.9223456180868832
1.9496863768805734
1.9754575915322985
1.9988513626450108
2.019154503150175
2.0358752959114708
2.049976560010308
2.063815121738475
2.932310842595419
2.9443336532175812
2.956869044742079
2.9703644844841564
2.9845525535737303
2.999135040591788
3.0138268392268928
3.028367576160448
3.0425279446980693
3.05611219107806
3.0689579395467197
3.0809343420880393
3.0919392657394162
3.101895968421446
3.110749479943346
3.1184626469720835
3.1250113095293326
3.130376412406003
3.1345212811999126
3.136790787719595
3.137453137892442
3.1392064296476065
3.1411345081360915
3.143383549217558
-2.4806532901584246
-2.471850156450509
-2.4650718946677928
-2.4595277419810526
-2.454907017250215
-2.450793443229669
-2.446490095271648
-2.441644811826434
-2.4362375513553998
-2.4302937074210007
-2.423834491568552
-2.4168784057841814
-2.409443931429908
-2.4015515181745632
-2.3932252590710257
-2.3844945231514387
-2.375395752384397
-2.365974620542256
-2.3562887607058776
-2.346410793029942
-2.3364217496304227
-2.3263029470054137
-2.3155187617450044
-2.3027451467651483
-2.044974494445186
-2.0338057802415244
-2.022269331779837
-2.011025492937796
-2.000091289536905
-1.9891224391654012
-1.9778677548539583
-1.9663138553266808
-1.9545571998008093
-1.9427243125397202
-1.9309581245471867
-1.9194212760944322
-1.9083028277052547
-1.8978343201809296
-1.8914501328278988
-1.8883251232457274
-1.8805749313637776
-1.8754713539115901
-1.8699539518637616
-1.863512492797013
-1.8593543842510722
-1.8533053200296545
-1.8421237935288963
-1.827626505463624
-1.808840125792657
-1.5718678275545321
-1.5519135935511679
-1.5348135689505429
-1.5198808103460597
-1.506701682648521
-1.4949915058605725
-1.484514483479715
-1.4750626967260492
-1.4665219430881102
-1.4590621128645695
-1.4533953062572917
-1.4509041725822265
-1.4458753489028036
-1.4438735071480198
-1.4389454034899771
-1.4339758023944953
-1.4281034699364281
-1.4219872284530966
-1.4156050036330512
-1.4090504547563447
-1.4023682477652326
-1.3956567659651926
-1.389100998429013
-1.3831945078575507
-0.5756482698371689
-0.5369517668184086
-0.5179492512336581
-0.4982484839798393
-0.4828477808861626
-0.4634809285142916
-0.4475340940647146
-0.43114906772452294
-0.4145590296062614
-0.4004077691321128
-0.3850684979232562
-0.3714104335716796
-0.35910245336654045
-0.3455287702142409
-0.3376477232892589
-0.32305741900818447
-0.3193699856878161
-0.3015554977775152
-0.29569131395768805
-0.2818206336836028
-0.2713952691845826
-0.24516317086076325
-0.244455012019345
-0.20619215234266577
-0.09280870608191735
-0.07644634581694845
-0.04144856990151252
-0.021290744296847866
-0.01211045391719732
0.006199084629257417
0.01828885091627881
0.03846871859086656
0.05298034588828259
0.07284309171710016
0.08812663937111152
0.1053853547438303
0.12041940023125856
0.1364227003295288
0.15487610809619184
0.17401395016280585
0.19661311535445433
0.2188714314281309
0.24578728320624119
0.27124476033082645
0.304018079155526
0.3333554592627114
0.3761752650092638
0.426241400170016
0.9149077761729701
0.9652537372442576
1.0053128070615192
1.024785930650675
1.044336081724077
1.0546884231293336
1.0648105168765623
1.0721158649585265
1.0823596162571798
1.08634563186952
1.1034262983445493
1.105607457995984
1.1188388259520696
1.1279677518885527
1.1409074552008225
1.1553747974091624
1.171861137542986
1.1904329503562354
1.2113126123944824
1.2348352396753839
1.2615170979768155
1.2922018333079983
1.3284163094546522
1.373496073704679
1.4388199948053315
1.6596334998897155
1.6929842865914146
1.7177579510256062
1.737296289236127
1.7531251507745798
1.7660805120245944
1.7766945221564485
1.7854511007132579
1.7928657536063413
1.7991460678493054
1.8047824025052763
1.806200809336551
1.8199764484389889
1.8414991071670237
1.8669494879846178
1.894382713539981
1.922345618086884
1.9496863768805734
1.9754575915322974
1.9988513626450082
2.019154503150174
2.03587529591147
2.0499765600103075
2.063815121738474
2.932310842595419
2.9443336532175812
2.9568690447420787
2.970364484484156
2.98455255357373
2.9991350405917876
3.0138268392268945
3.028367576160448
3.0425279446980715
3.0561121910780624
3.068957939546721
3.080934342088036
3.0919392657394162
3.101895968421446
3.1107494799433444
3.118462646972082
3.1250113095293357
3.1303764124060054
3.1345212811999135
3.136790787719593
3.137453137892442
3.1392064296476057
3.14113450813609
3.1433835492175572
-2.4806532901584273
-2.471850156450511
-2.4650718946677914
-2.459527741981052
-2.4549070172502137
-2.4507934432296676
-2.446490095271646
-2.4416448118264307
-2.4362375513553967
-2.430293707421
-2.423834491568557
-2.4168784057841775
-2.409443931429911
-2.401551518174567
-2.393225259071024
-2.384494523151439
-2.375395752384396
-2.3659746205422563
-2.356288760705878
-2.3464107930299445
-2.336421749630423
-2.3263029470054124
-2.3155187617450053
-2.3027451467651487
-2.0449744944451855
-2.0338057802415257
-2.0222693317798393
-2.0110254929377973
-2.000091289536901
-1.9891224391654267
-1.9778677548538879
-1.9663138553268074
-1.9545571998008913
-1.942724312538165
-1.930958124554329
-1.9194212760714795
-1.908302827760677
-1.897834320168061
-1.891450131817032
-1.8883251250391548
-1.8805749290910498
-1.8754713564616825
-1.869953950314075
-1.8635124935044618
-1.859354383985465
-1.8533053200522909
-1.8421237935288297
-1.827626505463615
-1.8088401257926567
-1.5718678275545332
-1.551913593551111
-1.5348135689522586
-1.5198808103108956
-1.506701683197914
-1.4949914989969073
-1.4845145542558045
-1.475062060960896
-1.4665273897730775
-1.4590120666482487
-1.4537474540664417
-1.4501734901196428
-1.4469270490902915
-1.442969683005841
-1.4393105760233416
-1.433860931599833
-1.428135605562479
-1.42197913248842
-1.415606772802051
-1.4090501308102164
-1.4023682956847843
-1.3956567604639218
-1.3891009988874499
-1.3831945078342311
-0.5756482698371691
-0.53695176681841
-0.5179492512336117
-0.4982484839811811
-0.48284778087459884
-0.4634809286366404
-0.44753409326851606
-0.4311490721163029
-0.4145590049604715
-0.40040786081429386
-0.38506821163556726
-0.37141087916046395
-0.35910350520089346
-0.34551399454997006
-0.33768114397130833
-0.32290731697474795
-0.3195265628158029
-0.3014667248218237
-0.29576734387657594
-0.28180184425741445
-0.2714006724625497
-0.24516101359132825
-0.2444568935719093
-0.2061921553398976
-0.09280870851831714
-0.07644633599019704
-0.04144863962787796
-0.021290492148475143
-0.012110561492952336
0.006198312980128065
0.018290211798726058
0.038467103768710834
0.05298178496420394
0.07284230989993769
0.08812693164245113
0.10538545333761712
0.12041921740385392
0.13642280447766567
0.15487607652458568
0.17401395622417165
0.19661311487510225
0.21887143139997303
0.24578728322086546
0.2712447603286323
0.3040180791556196
0.3333554592627115
0.37617526500926346
0.42624140017001605
0.9149077761729705
0.9652537372442882
1.0053128070481354
1.0247859310056677
1.0443360708817884
1.0546884827807084
1.0648103702576517
1.0721158507112742
1.082361218009097
1.0863434557779394
1.103434632017431
1.1055987266435467
1.1188406822462
1.1279667761730197
1.1409077043880276
1.1553747435439057
1.1718611463822748
1.1904329492598544
1.2113126124904836
1.2348352396706184
1.2615170979767676
1.2922018333080256
1.32841630945465
1.373496073704678
1.4388199948053324
1.659633499889715
1.6929842865914142
1.7177579510256058
1.737296289236117
1.7531251507746775
1.7660805120239782
1.7766945221590518
1.7854511007058445
1.7928657536208576
1.7991460678296503
1.8047824025360863
1.8062008093161128
1.8199764484390957
1.8414991071670221
1.8669494879846178
1.894382713539981
1.9223456180868836
1.949686376880574
1.9754575915322996
1.9988513626450102
2.019154503150173
2.03587529591147
2.0499765600103075
2.063815121738474
2.932310842595419
2.9443336532175812
2.956869044742079
2.9703644844841546
2.9845525535737285
2.9991350405917876
3.0138268392268954
3.0283675761604476
3.0425279446980733
3.0561121910780606
3.068957939546722
3.080934342088041
3.0919392657394185
3.1018959684214447
3.1107494799433453
3.1184626469720844
3.1250113095293317
3.1303764124060045
3.1345212811999135
3.136790787719594
3.1374531378924417
3.1392064296476057
3.1411345081360915
3.143383549217558
