-2.4836680264800406
-2.4798109741172922
-2.4757532314917423
-2.4714770598046116
-2.4669615001309517
-2.46049265719201
-2.455755004146684
-2.4505686611553275
-2.4449147731999052
-2.438784755519958
-2.432150788851562
-2.4250786997257054
-2.4175410835743736
-2.4095327960936204
-2.401126374448349
-2.3923233276941134
-2.3831609210459583
-2.373686522440894
-2.362593691791531
-2.3529393971072405
-2.3432561676895425
-2.333658672484274
-2.324285088700559
-2.043822655014626
-2.039104753703014
-2.033971880878915
-2.0286301423482875
-2.0232972914670495
-1.9950469118868677
-1.983956996741882
-1.972860054146339
-1.9619139747986991
-1.951320714073718
-1.9354138181952232
-1.92340342566106
-1.9118873290539014
-1.9010293118864223
-1.8917111924975258
-1.8817538173781374
-1.8749324114140797
-1.8720883056408253
-1.862502516221044
-1.8616196309845863
-1.860778194496746
-1.8593451371429917
-1.8590079477420098
-1.793314655136919
-1.7932594646679927
-1.793222845996259
-1.7930813519197037
-1.7928518948103782
-1.4939031102895886
-1.4937205440367147
-1.4933335076399792
-1.4924382387217192
-1.491166107206744
-1.4431870243727491
-1.44186521434378
-1.4399238979393638
-1.4361894952376133
-1.434844681666385
-1.418308069535484
-1.416392673793615
-1.414980839257897
-1.3994066385661152
-1.3980717071694937
-1.3961205838093644
-1.3935931988701478
-1.3923582404171342
-1.3615771101868828
-1.3602773549055518
-1.3594896059644719
-1.3588083468427414
-1.3586136408153315
-0.49592511785429283
-0.49077125868837773
-0.4844997495693127
-0.4778466752705813
-0.4719835947668476
-0.40801800765119606
-0.4065804348969761
-0.4041855874387725
-0.4029102616892305
-0.4018001127243756
-0.34717925254776766
-0.3442894111389805
-0.3412861850296815
-0.32195534268014003
-0.31945616718641984
-0.2951951719573286
-0.2910971466748228
-0.2883885528611033
-0.22720966878127583
-0.2206708729535507
-0.21254955317815483
-0.2017741591755584
-0.20113042954396218
-0.10301061659779497
-0.10273282906064732
-0.0899935209585627
-0.085465448700314
-0.07980430270342527
0.027983539953525732
0.03668658146670119
0.04220052203053774
0.06373339665341012
0.07059038059178165
0.10072747688248881
0.10686634077957072
0.1175136593319083
0.16324980873426714
0.17119857743027012
0.1779945180611002
0.18729442689791287
0.19440413059951175
0.3022132783225155
0.3049132972127123
0.30772653646006765
0.30841534879999083
0.310034637938544
0.9118052684564943
0.91350988166215
0.9180635788043957
0.9265756427325033
0.9383181092649411
1.0511067714498168
1.0610915885377123
1.063533548947184
1.0760430176895734
1.0762928328193497
1.1024021703526183
1.1030081603447779
1.112288254125552
1.1400317701223572
1.1476817839851725
1.151320078377722
1.1603054923297438
1.162713502084581
1.2433633738613878
1.2446527571424257
1.2453548075193879
1.2477786136189986
1.2480605472617698
1.441144002058525
1.441295917807107
1.4413613037211161
1.4416293882372828
1.4416537292075422
1.7830616740570353
1.7835299556591089
1.7838406373444287
1.7846103808132319
1.7852093050740103
1.8274500524488522
1.8298037896144925
1.8299918708949914
1.8346383699675723
1.8355909967580697
1.845698272800614
1.856960863888034
1.8782772156908816
1.9037485749102259
1.9307779749293401
1.958463245178543
1.985617937809572
2.011288779517841
2.0388927322521773
2.058412485373595
2.0747876316809024
2.0874011134248955
2.095792496404672
2.960645423024679
2.9723151301981967
2.985111684421683
2.99876841318904
3.012997432042346
3.027651602683438
3.0421833204948787
3.0564752382549574
3.070309751973116
3.0835015751865504
3.095897310406419
3.1073728529615408
3.1178311563376204
3.127198297162615
3.135418907137175
3.1424503105654336
3.148246628673072
3.15267614245258
3.156477836964549
3.1587601745441014
3.1588996608307824
3.1598800675887184
3.159880440404167
-2.4836680264800406
-2.479810974117287
-2.4757532314917436
-2.471477059804611
-2.4669615001309584
-2.4604926571920136
-2.455755004146679
-2.45056866115533
-2.4449147731999
-2.4387847555199524
-2.432150788851561
-2.4250786997257046
-2.41754108357437
-2.4095327960936217
-2.4011263744483533
-2.3923233276941134
-2.3831609210459646
-2.3736865224408934
-2.3625936917915342
-2.352939397107242
-2.3432561676895434
-2.333658672484277
-2.3242850887005626
-2.043822655014624
-2.0391047537030107
-2.0339718808789122
-2.028630142348287
-2.0232972914670486
-1.9950469118868646
-1.9839569967418795
-1.9728600541463495
-1.9619139747986625
-1.9513207140737672
-1.9354138181951779
-1.92340342566045
-1.9118873290598521
-1.9010293118503423
-1.891711192640782
-1.88175381663449
-1.8749324149513704
-1.872088301666595
-1.8625024795013998
-1.8616198074780805
-1.860777964926462
-1.8593453827392812
-1.8590077930102293
-1.7933150469003802
-1.7932579560040913
-1.7932241052927815
-1.7930811969286633
-1.7928519074053466
-1.4939049183779505
-1.4937171411405072
-1.4933355055915172
-1.4924377691593884
-1.4911661737054902
-1.4431725084268439
-1.4419084758485918
-1.43987108521136
-1.436259686040305
-1.4347966177882008
-1.4183697885861897
-1.4162295615834466
-1.4150877976285106
-1.3991873911163653
-1.398435277819271
-1.3958922461564787
-1.3937136031336765
-1.3923182233388536
-1.3615774460504608
-1.3602753545242654
-1.35949359691648
-1.3588023323349974
-1.358617331109721
-0.4959251178547218
-0.49077125868513705
-0.48449974958129444
-0.4778466752466132
-0.4719835947850443
-0.4080170879660611
-0.40658305171489095
-0.404180293087951
-0.40291544089982295
-0.40179853372544366
-0.3471774497380101
-0.34429380213030786
-0.3412833489612169
-0.32195685641016814
-0.3194547756005469
-0.2951979056979103
-0.2910908189285147
-0.288392309633674
-0.22720784996371304
-0.22067516866841008
-0.21254547508361465
-0.20178582052154215
-0.20112033166546006
-0.10299591250354775
-0.1027481047164313
-0.08999176597114214
-0.08546693619519158
-0.07980399699584216
0.027983638439925917
0.03668624765886812
0.04220077556153187
0.06373348778131653
0.0705902259206163
0.10072778532175021
0.10686598859322137
0.11751375208719074
0.16324979864373498
0.1711985826363367
0.17799452409200714
0.1872944210046893
0.19440413232476939
0.3022132783529786
0.3049132970428643
0.3077265373867697
0.30841534786604463
0.3100346380850097
0.9118052684553436
0.9135098816643314
0.918063578802795
0.9265756427333063
0.9383181092646815
1.0511067695525056
1.0610916828455155
1.06353339801743
1.0760476418169294
1.0762882132108265
1.1024072108951297
1.1030028716104383
1.1122885998370735
1.140031447097426
1.1476827656323867
1.1513192261112206
1.160305788299748
1.1627133562480727
1.2433632691118288
1.244653284935208
1.2453542794938688
1.2477790468929444
1.248060218961602
1.4411439930541174
1.4412959796651268
1.4413612380218268
1.4416294571124038
1.4416536731781004
1.7830616732779783
1.7835299594471086
1.783840633271981
1.7846103822927264
1.7852093046579944
1.8274500524738724
1.829803788957491
1.8299918715464394
1.834638369916054
1.8355909967902222
1.8456982728005367
1.8569608638880322
1.8782772156908818
1.9037485749102239
1.930777974929339
1.9584632451785429
1.9856179378095695
2.011288779517841
2.038892732252178
2.058412485373594
2.0747876316809033
2.087401113424893
2.095792496404671
2.960645423024679
2.972315130198196
2.985111684421683
2.998768413189041
3.0129974320423467
3.027651602683438
3.0421833204948805
3.056475238254956
3.0703097519731135
3.083501575186549
3.0958973104064196
3.107372852961543
3.1178311563376186
3.1271982971626153
3.1354189071371774
3.1424503105654336
3.148246628673071
3.1526761424525804
3.156477836964549
3.1587601745441023
3.1588996608307833
3.159880067588719
3.1598804404041694
-2.483668026480039
-2.4798109741172913
-2.4757532314917396
-2.4714770598046116
-2.466961500130951
-2.4604926571920096
-2.4557550041466807
-2.4505686611553315
-2.444914773199904
-2.438784755519947
-2.4321507888515606
-2.4250786997257063
-2.4175410835743736
-2.4095327960936217
-2.401126374448351
-2.392323327694112
-2.3831609210459543
-2.373686522440892
-2.3625936917915324
-2.352939397107241
-2.343256167689538
-2.333658672484272
-2.3242850887005613
-2.043822655014627
-2.039104753703012
-2.033971880878914
-2.0286301423482875
-2.0232972914670517
-1.9950469118868663
-1.983956996741879
-1.9728600541463477
-1.9619139747986873
-1.9513207140737179
-1.9354138181955076
-1.9234034256589276
-1.9118873290645773
-1.9010293118441408
-1.8917111926019596
-1.8817538173033599
-1.874932408737211
-1.8720883115037432
-1.8625019033037076
-1.8616214856315367
-1.8607763800193087
-1.8593465336481032
-1.859007120802493
-1.7933143960558648
-1.7932604049415786
-1.7932220701169088
-1.7930814551925878
-1.7928518862243195
-1.4939035141105317
-1.4937197869047407
-1.4933339526325917
-1.4924381313869466
-1.4911661228884558
-1.4431769911977226
-1.441895830885124
-1.4398857584643616
-1.4362421681368278
-1.4348080143856978
-1.4183601467670082
-1.4162560063461997
-1.4150701596735116
-1.3992157278434367
-1.3983955566314523
-1.3959109629851365
-1.393703938514578
-1.3923210008446816
-1.3615774762999422
-1.3602751529691186
-1.3594940220593568
-1.3588016440302246
-1.3586177656312142
-0.49592511785419835
-0.49077125868870775
-0.4844997495693564
-0.47784667526840435
-0.47198359476971435
-0.40801320096200777
-0.4065965558985073
-0.40413800403057176
-0.40296757248665305
-0.40177905118243595
-0.34719260564922744
-0.3442550557451499
-0.3413095789556505
-0.32194257969502826
-0.31946646472035656
-0.2952071826103838
-0.2910678089745092
-0.288406106286988
-0.22720559100004056
-0.2206796129781733
-0.2125423549577161
-0.20178955437680382
-0.20111744274452786
-0.10299391191342692
-0.10275008964895405
-0.08999213659135774
-0.0854663809814533
-0.07980419476007311
0.02798356704042941
0.036686647843755776
0.04220033488780502
0.06373387258938805
0.07058992254505808
0.1007278561966776
0.10686596124549795
0.1175137362678155
0.16324983148685124
0.17119851464483282
0.17799457395980992
0.18729440692577182
0.1944041348001349
0.3022132784989542
0.30491329644188064
0.307726539937339
0.3084153454325711
0.31003463842315093
0.9118052684548378
0.9135098816652116
0.9180635788023104
0.9265756427334152
0.9383181092647048
1.0511067667446385
1.0610917796457393
1.0635332560061257
1.0760504542502887
1.0762854303883405
1.1024075628236736
1.1030025583349257
1.1122885639246591
1.1400316606166307
1.1476819123682391
1.151320065666569
1.160305390274257
1.16271357016347
1.2433631564116399
1.2446538301398553
1.245353746402812
1.2477794512583986
1.2480599151498868
1.441143982383924
1.4412960527953518
1.4413611605126746
1.4416295379572248
1.4416536073824004
1.7830616739315226
1.7835299562306648
1.7838406367578048
1.7846103810009868
1.7852093050268494
1.8274500523962256
1.8298037912230314
1.8299918692801163
1.834638370144517
1.8355909966392827
1.84569827280145
1.856960863887992
1.8782772156908834
1.9037485749102243
1.9307779749293383
1.9584632451785426
1.985617937809571
2.0112887795178396
2.0388927322521755
2.058412485373594
2.074787631680903
2.0874011134248955
2.0957924964046715
2.960645423024679
2.9723151301981967
2.985111684421683
2.99876841318904
3.0129974320423467
3.0276516026834375
3.0421833204948783
3.0564752382549574
3.0703097519731157
3.0835015751865504
3.095897310406418
3.1073728529615408
3.1178311563376204
3.127198297162614
3.1354189071371774
3.142450310565433
3.148246628673069
3.1526761424525813
3.1564778369645494
3.1587601745441036
3.1588996608307838
3.1598800675887184
3.1598804404041667
-2.4836680264800357
-2.4798109741172905
-2.475753231491741
-2.4714770598046103
-2.4669615001309575
-2.460492657192011
-2.455755004146684
-2.4505686611553323
-2.4449147731999044
-2.4387847555199604
-2.4321507888515614
-2.4250786997257054
-2.4175410835743736
-2.4095327960936226
-2.4011263744483498
-2.3923233276941125
-2.3831609210459614
-2.373686522440895
-2.3625936917915307
-2.3529393971072423
-2.3432561676895416
-2.3336586724842734
-2.324285088700559
-2.0438226550146226
-2.0391047537030085
-2.0339718808789096
-2.0286301423482875
-2.023297291467048
-1.9950469118868677
-1.98395699674188
-1.9728600541463372
-1.9619139747987087
-1.951320714073666
-1.9354138181955547
-1.9234034256595391
-1.9118873290586234
-1.9010293118802193
-1.891711192458702
-1.8817538180470048
-1.8749324051998983
-1.8720883154779866
-1.8625019401238714
-1.8616213096148317
-1.8607766091429416
-1.8593462888203516
-1.8590072746350763
-1.7933139854870797
-1.793261799980905
-1.793220942217342
-1.7930816112102708
-1.7928518736356442
-1.4939016619370653
-1.4937232174402353
-1.4933319705668653
-1.4924386014970221
-1.491166056401974
-1.443191319049511
-1.4418523280424695
-1.4399388236836603
-1.4361710731842308
-1.4348571590252481
-1.4182974536786148
-1.4164166830323417
-1.4149666104401115
-1.3994227173944302
-1.3980408599877483
-1.3961417971924241
-1.393584062296344
-1.392361377969651
-1.361577140470397
-1.3602771545733916
-1.3594900330759145
-1.3588076791686683
-1.3586140514805434
-0.4959251178537718
-0.49077125869194604
-0.4844997495573728
-0.47784667529236935
-0.47198359475151386
-0.40801413057224684
-0.4065939569639959
-0.40414357985907173
-0.4029621821659171
-0.4017805320053028
-0.3471943766882418
-0.34425063648990867
-0.34131247487573196
-0.32194105152768093
-0.3194678709225344
-0.2952044677031602
-0.29107417216252046
-0.28840229524386046
-0.22720741174475115
-0.22067531777131907
-0.21254643118373126
-0.20177800027469708
-0.2011274328120475
-0.10300883400726324
-0.10273459598950106
-0.08999389130917466
-0.08546489371721705
-0.07980450051069528
0.027983468557398063
0.03668698168735443
0.04220008131811683
0.06373378144943749
0.07059007722757496
0.10072754775284376
0.1068663134369859
0.11751364351223205
0.16324984157746444
0.17119850943866
0.17799456792890506
0.18729441281901335
0.19440413307488114
0.30221327846849216
0.30491329661173067
0.30772653901063096
0.3084153463665208
0.3100346382766859
0.9118052684559874
0.9135098816630266
0.9180635788039087
0.9265756427326086
0.9383181092649658
1.0511067686419457
1.0610916853277264
1.0635334069448565
1.076045724333009
1.0762901557877684
1.1024025166015607
1.1030078527514215
1.1122882182109828
1.1400319836690842
1.147680931057261
1.1513209175838464
1.1603050943313395
1.1627137159582062
1.2433632611227545
1.244653301669627
1.2453542751231168
1.2477790171044367
1.2480602443511695
1.44114399138542
1.4412959908061307
1.4413612263425954
1.441629468720209
1.441653663777221
1.7830616747105847
1.7835299524427317
1.7838406408301848
1.7846103795214872
1.7852093054428628
1.827450052371205
1.8298037918800465
1.8299918686286532
1.834638370196034
1.8355909966071267
1.845698272801527
1.8569608638879953
1.8782772156908836
1.9037485749102232
1.9307779749293381
1.9584632451785422
1.9856179378095695
2.0112887795178414
2.038892732252177
2.0584124853735934
2.0747876316809024
2.0874011134248938
2.095792496404673
2.960645423024679
2.9723151301981963
2.985111684421682
2.9987684131890413
3.012997432042345
3.027651602683437
3.0421833204948805
3.0564752382549565
3.070309751973114
3.083501575186551
3.095897310406419
3.1073728529615416
3.117831156337621
3.1271982971626158
3.135418907137177
3.142450310565433
3.1482466286730713
3.1526761424525795
3.15647783696455
3.1587601745441023
3.1588996608307807
3.1598800675887175
3.159880440404169
-2.484602558008483
-2.4807934571084274
-2.4767873814467656
-2.4725676901794262
-2.468114042058511
-2.4616101751648904
-2.456980520478236
-2.4519085090247987
-2.4463726422153296
-2.4403620938861463
-2.4338444564058217
-2.4268909420507923
-2.419468265274865
-2.41156892574413
-2.403266400520487
-2.3945593540065304
-2.385482836410227
-2.376081291335582
-2.3649913022907127
-2.355359687729689
-2.345673796781018
-2.336042878635918
-2.3265989850360924
-2.0426929965770633
-2.03785255773329
-2.032647752619806
-2.0272872878950476
-2.0219923446484174
-1.9922828369098367
-1.9811777028960795
-1.970102732444675
-1.9592239327996923
-1.9487557965202895
-1.9323825997425796
-1.92046372456754
-1.909136588071807
-1.898552015147364
-1.8896794368688365
-1.8798087551175864
-1.8737650823720786
-1.872033078953677
-1.8625283372323973
-1.8616716251438123
-1.8605903529950525
-1.8591861324970242
-1.858753702652194
-1.7933105427886091
-1.793263555250132
-1.7932159878557263
-1.7930758769353132
-1.7929725533074794
-1.493945343430877
-1.49374982819803
-1.4934685115623703
-1.4926271763045844
-1.4915636072863587
-1.4434362272735612
-1.4421286489269651
-1.4404773570553233
-1.4364872803518016
-1.4351657357322047
-1.417818156054345
-1.416229620924489
-1.4148743072865204
-1.3991860429900762
-1.398073445542204
-1.3955446736810309
-1.3933786292819095
-1.3920854216792988
-1.36119301520251
-1.3600715190542343
-1.3593537820278128
-1.3587608073034927
-1.3585757397670062
-0.4970149948123489
-0.49217827718856655
-0.48614240601805564
-0.4794797952092217
-0.4733239910550633
-0.4078597819155433
-0.4070438609049389
-0.40394575373180375
-0.40346007917897214
-0.4016835520740509
-0.3473861494453488
-0.343403246960468
-0.34214763653212077
-0.32139186353516885
-0.32011211861350886
-0.2938001725433845
-0.29316033051187385
-0.2889281322562917
-0.22664468388201955
-0.2220640484556734
-0.21103451550433364
-0.20406535334854303
-0.19964276075413526
-0.1047715228072717
-0.10004673134054921
-0.09220487030609004
-0.08401521640399881
-0.08072866581676837
0.02942762915967615
0.03269244695376601
0.04589875344209058
0.05986453148244036
0.07418470805096855
0.09744675853316691
0.11186463979083211
0.1148964446336017
0.16563714945652855
0.16729474970911334
0.18199320662362095
0.18399221508458607
0.1938145845977688
0.30021492217291085
0.30544868761711297
0.3072067317431822
0.3085553908764658
0.3100695178504793
0.9120674998262513
0.9143137168337245
0.9198118244310564
0.9292847118979327
0.9414725975312019
1.0498038843423054
1.058054336925571
1.0658270886545813
1.073039650774039
1.0786068391516548
1.099936656178584
1.1062082875957457
1.111240734778378
1.1412871571522722
1.1451402977367895
1.1536785704493293
1.1581110295665835
1.1632177798858914
1.2433637444271168
1.2442493923096285
1.2456637603178324
1.247589522518343
1.2481775516976583
1.4411543737320383
1.4412578424105562
1.4414035986658442
1.4415982305688788
1.4416670182014317
1.7831468065467164
1.7833120678653458
1.7841353683950445
1.784420234398852
1.7854678613812498
1.8274709362955068
1.8290646283486032
1.831441733534906
1.8334726193400401
1.8365842286690093
1.8466257086741622
1.8617644201084576
1.8843092368869094
1.9103658048744354
1.9376894018300634
1.9653418933098679
1.9922084895901433
2.0173767189804575
2.0440271079881773
2.0628280304114304
2.0783142326960125
2.0899093998763343
2.0971916699114113
2.9579313700913437
2.969282446331795
2.9818209481253244
2.995289181149821
3.0094024562114905
3.024009665876333
3.0385636755950713
3.0529371886153545
3.0669046915998925
3.080272795083799
3.0928803058348255
3.104595962669876
3.11531635405536
3.1249621272636516
3.1334737008969453
3.140806123299629
3.146917128898602
3.15171705067606
3.155722993763062
3.158299554852765
3.1592156004546252
3.1597076421343773
3.159981138626742
-2.4846025580084885
-2.4807934571084282
-2.476787381446768
-2.472567690179423
-2.468114042058501
-2.4616101751648936
-2.4569805204782402
-2.451908509024799
-2.4463726422153314
-2.4403620938861414
-2.433844456405823
-2.426890942050791
-2.4194682652748667
-2.411568925744134
-2.403266400520486
-2.3945593540065313
-2.385482836410223
-2.376081291335585
-2.3649913022907163
-2.3553596877296865
-2.3456737967810173
-2.3360428786359186
-2.3265989850360924
-2.0426929965770633
-2.0378525577332884
-2.0326477526198063
-2.0272872878950476
-2.0219923446484174
-1.992282836909842
-1.9811777028960715
-1.9701027324446865
-1.959223932799649
-1.9487557965203688
-1.9323825997423896
-1.920463724567579
-1.9091365880767093
-1.8985520150962958
-1.8896794371588375
-1.8798087521902798
-1.8737651103051973
-1.8720330452990834
-1.8625289529084743
-1.8616702268039371
-1.86059153920007
-1.8591853403309553
-1.8587540996820653
-1.7933114807441695
-1.793260694651673
-1.7932182924571596
-1.7930753647066888
-1.792972683577597
-1.4939486162753557
-1.4937422566310314
-1.4934736134226412
-1.4926262271658937
-1.4915637533844226
-1.4434209080334592
-1.4421763520818485
-1.4404252404001776
-1.4365463707565107
-1.4351248701091008
-1.4178892922646915
-1.4160516299686217
-1.4149860435748622
-1.398933032333861
-1.3984311360383899
-1.3953442879294884
-1.3935110773465977
-1.3920453032456679
-1.361193660315451
-1.3600676870458945
-1.3593616843966005
-1.3587488679469917
-1.358582966249454
-0.49701499481264577
-0.49217827718617313
-0.48614240602736586
-0.47947979518947753
-0.4733239910713356
-0.4078525728694564
-0.4070571124362487
-0.40388313382239666
-0.40352258655847195
-0.4016776273985766
-0.34737671133534803
-0.34346232241697067
-0.3420951598732198
-0.3214336829844975
-0.32007171591521444
-0.2938498087424947
-0.29310828383467086
-0.28893193144886764
-0.22664576121513097
-0.22206248100751685
-0.21103520528941225
-0.204065344098521
-0.19964259740316911
-0.10477132858896385
-0.10004732959512788
-0.0922039632933525
-0.084016322659455
-0.08072806374946667
0.029427899690107517
0.03269200746922637
0.045899113722892966
0.05986419882206619
0.07418489060633349
0.09744669937552881
0.11186461575229238
0.11489648982173836
0.1656369705361109
0.16729494865465594
0.18199310041496652
0.1839923005631224
0.19381458180676145
0.30021492213126805
0.3054486882004617
0.30720673036432333
0.3085553919673108
0.3100695175965587
0.9120674998264726
0.9143137168333111
0.9198118244313088
0.9292847118978852
0.9414725975311656
1.049803886510193
1.0580543173046144
1.0658271624568034
1.0730395078762915
1.0786069423685667
1.0999366126076635
1.1062082833322504
1.1112407801850825
1.1412867705255283
1.145140935460244
1.1536779530370744
1.1581114731485358
1.163217688349882
1.24336387104335
1.244249101506092
1.2456640221875925
1.2475893110138792
1.24817766554868
1.4411543862129508
1.4412578077655078
1.4414036374102648
1.4415981952985097
1.4416670368915208
1.7831468054627053
1.7833120695139613
1.7841353664432225
1.7844202358909587
1.7854678612763377
1.8274709363350197
1.8290646282401537
1.8314417336771114
1.8334726192507917
1.8365842286852767
1.8466257086738938
1.861764420108464
1.884309236886909
1.9103658048744372
1.9376894018300648
1.9653418933098676
1.9922084895901422
2.017376718980458
2.0440271079881764
2.0628280304114313
2.0783142326960125
2.089909399876334
2.0971916699114126
2.9579313700913437
2.9692824463317935
2.981820948125325
2.995289181149821
3.0094024562114923
3.024009665876333
3.038563675595069
3.0529371886153553
3.0669046915998925
3.080272795083798
3.0928803058348238
3.104595962669881
3.11531635405536
3.1249621272636534
3.1334737008969413
3.140806123299631
3.1469171288986018
3.151717050676059
3.1557229937630655
3.1582995548527655
3.159215600454632
3.1597076421343777
3.159981138626742
-2.484602558008482
-2.4807934571084282
-2.4767873814467634
-2.4725676901794262
-2.4681140420585117
-2.4616101751648882
-2.4569805204782376
-2.4519085090248005
-2.446372642215332
-2.440362093886148
-2.4338444564058217
-2.426890942050791
-2.419468265274867
-2.4115689257441346
-2.4032664005204865
-2.3945593540065326
-2.3854828364102265
-2.3760812913355887
-2.3649913022907096
-2.355359687729689
-2.3456737967810226
-2.336042878635918
-2.326598985036095
-2.042692996577066
-2.03785255773329
-2.032647752619809
-2.0272872878950516
-2.0219923446484187
-1.99228283690984
-1.9811777028960689
-1.9701027324446883
-1.9592239327996623
-1.9487557965203166
-1.9323825997428068
-1.9204637245651501
-1.9091365880883222
-1.8985520150486128
-1.8896794372740011
-1.8798087523534994
-1.8737651007595306
-1.8720330598732282
-1.8625282506792287
-1.8616719574791036
-1.8605899074828258
-1.8591865977264501
-1.8587534402891595
-1.7933100898338232
-1.7932648317664657
-1.7932149782607523
-1.7930761279447704
-1.792972488331474
-1.4939460461598968
-1.4937482430957696
-1.493469560544781
-1.492626979899403
-1.4915636371004792
-1.4434300105447753
-1.4421491127378294
-1.4404539923903195
-1.4365165340604322
-1.4351446997523793
-1.417868779973168
-1.4161041797663287
-1.414952722944456
-1.3989839696225237
-1.3983686954185817
-1.3953668083588167
-1.3934972725753831
-1.3920487659605307
-1.3611937042085418
-1.3600674022580466
-1.3593622926146052
-1.358747871466872
-1.3585835954630965
-0.49701499481229755
-0.4921782771881991
-0.48614240602172404
-0.47947979519826645
-0.4733239910656771
-0.407850621402625
-0.4070610281950561
-0.40384777917817316
-0.40355935089339545
-0.40167424379140987
-0.34738673947325804
-0.3433991613895076
-0.34215142206329613
-0.32138386114482986
-0.3201203402395721
-0.2937632673706233
-0.2932000725144038
-0.2889248123385466
-0.2266412349561136
-0.22207052745802747
-0.21102682235443493
-0.20407302853635773
-0.1996397265971233
-0.10477052094041324
-0.1000491832222513
-0.09220204518199947
-0.08401798701331356
-0.08072727075245108
0.029428139288003755
0.03269166900693765
0.04589925192395514
0.05986419210645824
0.07418481427646523
0.09744683954255187
0.11186422689444714
0.11489678534612038
0.1656369407071439
0.167294973967256
0.18199312485811878
0.1839922763515359
0.1938145834367759
0.30021492213927986
0.30544868801114616
0.30720673087632205
0.30855539152193845
0.3100695177110907
0.9120674998259504
0.9143137168344042
0.9198118244303419
0.929284711898494
0.9414725975309289
1.0498038850931288
1.0580543347407438
1.0658270758661115
1.0730397270202514
1.078606743785391
1.099937028698508
1.1062074689569261
1.1112412672444485
1.1412862206925185
1.1451417257349075
1.1536773828734455
1.1581118244701054
1.1632176279940145
1.243363751484642
1.2442493841948095
1.2456637555473897
1.2475895404101744
1.2481775396548411
1.4411543754448766
1.4412578377482035
1.441403603732066
1.4415982261370361
1.4416670205165742
1.7831468042221745
1.7833120713926214
1.7841353642656315
1.7844202375435234
1.7854678611632204
1.827470936346887
1.829064628209929
1.8314417337122162
1.8334726192311523
1.836584228688197
1.84662570867388
1.8617644201084624
1.8843092368869085
1.9103658048744367
1.9376894018300648
1.9653418933098674
1.9922084895901426
2.017376718980458
2.0440271079881787
2.0628280304114304
2.0783142326960133
2.089909399876333
2.097191669911411
2.957931370091344
2.969282446331796
2.981820948125325
2.9952891811498215
3.0094024562114936
3.0240096658763336
3.0385636755950767
3.052937188615352
3.0669046915998934
3.080272795083802
3.0928803058348215
3.104595962669878
3.11531635405536
3.124962127263648
3.1334737008969467
3.140806123299632
3.146917128898607
3.15171705067606
3.1557229937630686
3.158299554852767
3.1592156004546292
3.1597076421343844
3.159981138626745
-2.484602558008486
-2.480793457108423
-2.4767873814467687
-2.472567690179428
-2.468114042058506
-2.46161017516489
-2.456980520478239
-2.451908509024803
-2.446372642215333
-2.440362093886148
-2.433844456405825
-2.426890942050793
-2.4194682652748702
-2.411568925744136
-2.403266400520489
-2.394559354006533
-2.3854828364102296
-2.376081291335586
-2.3649913022907145
-2.3553596877296874
-2.345673796781017
-2.3360428786359178
-2.3265989850360946
-2.042692996577062
-2.0378525577332893
-2.0326477526198086
-2.02728728789505
-2.0219923446484174
-1.9922828369098387
-1.9811777028960749
-1.9701027324446745
-1.9592239327997032
-1.9487557965202347
-1.932382599742995
-1.9204637245651022
-1.9091365880834201
-1.8985520150996895
-1.8896794369839973
-1.8798087552807996
-1.8737650728260353
-1.872033093528162
-1.8625276333431973
-1.8616733549132125
-1.8605887231307685
-1.859187388657996
-1.8587530452066083
-1.7933090386672979
-1.7932675232145632
-1.7932129492844069
-1.7930766458830012
-1.792972359087996
-1.4939426218541925
-1.4937558128146515
-1.493464609474231
-1.4926279314847193
-1.4915634910754012
-1.4434449209590972
-1.4421006033934018
-1.440507095505103
-1.4364560229445362
-1.435187214253986
-1.4177947027059403
-1.4162781017972705
-1.4148479959609095
-1.3992100496035207
-1.3980358050187067
-1.3955677049283541
-1.3933659998541128
-1.3920893298770383
-1.3611930592063552
-1.360071237907633
-1.3593543972469768
-1.3587598718008882
-1.3585762972499769
-0.49701499481200384
-0.4921782771905938
-0.4861424060124194
-0.479479795218013
-0.47332399104940903
-0.4078578860793918
-0.4070477400799933
-0.4039207654180726
-0.4034865082594675
-0.4016801183438877
-0.3473960757181189
-0.3433345812921036
-0.3422095026775414
-0.32133863840329796
-0.3201641481303999
-0.2936933383651157
-0.29327238093371816
-0.28892104486047776
-0.22664015467563933
-0.22207209718592144
-0.21102613277056478
-0.20407303852756073
-0.19963988967348795
-0.10477071528134434
-0.10004858504198577
-0.09220295220238087
-0.08401688101707164
-0.08072787235596303
0.029427868702663316
0.032692108541399804
0.04589889164619532
0.05986452476989218
0.07418463172035683
0.09744689870031364
0.11186425092413033
0.11489674016634396
0.16563711962129096
0.1672947750279994
0.18199323106901455
0.18399219087074745
0.19381458622777792
0.3002149221809226
0.3054486874277998
0.30720673225518064
0.3085553904310964
0.31006951796501103
0.9120674998257264
0.9143137168348151
0.9198118244300877
0.9292847118985395
0.9414725975309645
1.0498038829252452
1.0580543543618595
1.0658270020658482
1.0730398699230186
1.0786066405615562
1.0999370722737554
1.1062074732085827
1.1112412218449141
1.1412866071761871
1.1451410881185222
1.1536780002447224
1.1581113809602082
1.1632177195350721
1.2433636249264937
1.2442496750055063
1.2456634936340325
1.2475897519689063
1.2481774257279035
1.4411543629687547
1.4412578723985183
1.4414035649824752
1.4415982614164686
1.4416670018125384
1.7831468053061628
1.783312069744026
1.784135366217436
1.784420236051437
1.7854678612681314
1.827470936307374
1.8290646283183778
1.8314417335700108
1.8334726193203998
1.836584228671932
1.846625708674148
1.8617644201084558
1.884309236886909
1.9103658048744356
1.9376894018300643
1.965341893309868
1.992208489590142
2.0173767189804583
2.0440271079881773
2.0628280304114304
2.078314232696012
2.089909399876333
2.0971916699114113
2.9579313700913437
2.9692824463317935
2.9818209481253235
2.9952891811498206
3.009402456211488
3.0240096658763336
3.0385636755950713
3.0529371886153562
3.0669046915998908
3.0802727950837996
3.092880305834826
3.104595962669877
3.1153163540553583
3.1249621272636503
3.133473700896944
3.140806123299631
3.1469171288986044
3.151717050676062
3.1557229937630655
3.158299554852767
3.1592156004546235
3.159707642134383
3.159981138626743
-2.4855255209122844
-2.4817636553495586
-2.4778081989660374
-2.473643706232445
-2.4692505833609433
-2.4627020115988554
-2.458178334946372
-2.4532193292747517
-2.447800785652606
-2.4419095399758364
-2.435508024309435
-2.4286738424899452
-2.421367110459533
-2.41357806609579
-2.405381114890737
-2.3967722260714615
-2.38778437571901
-2.378459257126508
-2.3673798407841007
-2.357776490151922
-2.348094749810965
-2.3384386496402283
-2.3289342700325992
-2.041528083459319
-2.036577545155093
-2.0313138354370346
-2.025948451805056
-2.020706165690551
-1.989511747501551
-1.9784001706797134
-1.967357601519955
-1.956559072235417
-1.9462332514108038
-1.9293676741526513
-1.917559830226896
-1.906457881040795
-1.8961642440608992
-1.8878051619765754
-1.878007171909184
-1.8729043679883715
-1.872093426268628
-1.862351355228899
-1.8619418236340775
-1.860461483773704
-1.859103172869944
-1.8580999806670808
-1.793301238773078
-1.793264994401322
-1.7932149843815715
-1.7930684875083494
-1.7930422066348113
-1.4939914014570257
-1.4937737150845547
-1.4935763444037709
-1.4927711201328755
-1.491907944052717
-1.443672444202857
-1.442370392258064
-1.440983326851212
-1.4367665840780555
-1.4354922311476372
-1.4174022828079775
-1.4161245306815233
-1.4148277170851942
-1.399033886806176
-1.3980767174926159
-1.3949906196427513
-1.3931947495704955
-1.3918348101200382
-1.3608464352388294
-1.3599207776297648
-1.3592261582318725
-1.3587372539633336
-1.3585311456184976
-0.49802867929550537
-0.4935074099877594
-0.4877429068679244
-0.48114568717403694
-0.4747539526935177
-0.4077310249034089
-0.4073903860228616
-0.4042862791591277
-0.40308966027633575
-0.40181376622188564
-0.3469944895378227
-0.34470297821947715
-0.34120636097233853
-0.32301121198510685
-0.31869465138370373
-0.2956771020747863
-0.29167366564747815
-0.2899444422158247
-0.22494537979538226
-0.2244444276070903
-0.20823962483518285
-0.20692855149224085
-0.1989352282094179
-0.10541111134586462
-0.09746899995469507
-0.09515429275001365
-0.08275335198873476
-0.08164478356351737
0.02970444841971003
0.032306987779560675
0.04533286408993154
0.060683093039531996
0.07390596944073657
0.09790597680893466
0.11065806357590102
0.11581119688304663
0.16423841690938046
0.16927615889965236
0.1797345420370872
0.1861133153852754
0.19238969303849318
0.29816425684449716
0.3057381177032728
0.3061713086006338
0.3092260502539731
0.309816279164606
0.9124178418348335
0.9153264960549735
0.9218189254168054
0.9321734664188125
0.9446091799263596
1.0491099150141459
1.0553045928035993
1.0667437575580028
1.0714980128234668
1.0794741191134594
1.0989681314415316
1.1087360868163274
1.1094371596119121
1.1424427886502175
1.1437288128613732
1.1549648425610965
1.156697542021614
1.1629622157752368
1.2435019961411977
1.2436294613098613
1.2463280597223538
1.247017924789862
1.2483640399501328
1.4411892296293674
1.4411999880191075
1.4414637847133487
1.4415436969946922
1.4416812356266129
1.7831513976019417
1.7833162758421344
1.7840571308847673
1.7845815361727773
1.7856777566392013
1.8278423249060638
1.8283079549096497
1.832154839601715
1.833697978784109
1.8364995217543523
1.849079611828379
1.8669606581525096
1.8905437231129478
1.9170935319040245
1.9446196899611463
1.9721705068339705
1.9986923307995894
2.023308453621386
2.049000344750107
2.067035563730145
2.0815969133336996
2.0921473278114515
2.0983044706817466
2.9553048015558483
2.966324227509691
2.978588450022811
2.9918502868493775
3.00582961079965
3.0203722715204426
3.0349326030789343
3.0493736048071853
3.0634620111215054
3.07699632120635
3.0898074325257836
3.1017567504399195
3.112734283333693
3.1226550003331637
3.1314547712360827
3.1390857265879437
3.145506872592252
3.1506519201868657
3.154893947773346
3.157765842045074
3.159463733665824
3.159491702206197
3.1600160314918604
-2.48552552091229
-2.4817636553495563
-2.4778081989660343
-2.4736437062324512
-2.4692505833609384
-2.4627020115988536
-2.458178334946373
-2.453219329274749
-2.447800785652612
-2.4419095399758404
-2.4355080243094345
-2.428673842489945
-2.421367110459536
-2.413578066095791
-2.405381114890738
-2.3967722260714615
-2.387784375719008
-2.37845925712651
-2.3673798407841002
-2.357776490151916
-2.3480947498109637
-2.338438649640224
-2.3289342700326054
-2.04152808345932
-2.0365775451550903
-2.0313138354370315
-2.0259484518050574
-2.020706165690551
-1.9895117475015487
-1.9784001706797112
-1.9673576015199807
-1.9565590722353048
-1.946233251411036
-1.9293676741520083
-1.9175598302275874
-1.9064578810493658
-1.8961642439647157
-1.8878051625171777
-1.8780071638503195
-1.8729044972653555
-1.8720932876765706
-1.8623539142538503
-1.8619382257986374
-1.8604631335868465
-1.8591023839637404
-1.8581001754913844
-1.7933044619437475
-1.7932555371201215
-1.7932224707383968
-1.7930641752129104
-1.793045266683967
-1.4939958567807368
-1.493759417715432
-1.493587479970364
-1.4927695415129323
-1.4919082292671726
-1.443652904493778
-1.4424345530472744
-1.4409184683850211
-1.4368286312806433
-1.435449011927678
-1.4174967823091051
-1.4159011412691456
-1.414961288462323
-1.398751638797154
-1.3984360859424365
-1.394802523136385
-1.3933412243795653
-1.391796036478578
-1.3608476051673075
-1.3599145779060942
-1.3592397543925947
-1.3587185860299986
-1.358541249906089
-0.49802867929555295
-0.4935074099871271
-0.48774290687102234
-0.481145687166501
-0.47475395270049087
-0.4076893237885215
-0.40744291093104745
-0.40423571243484674
-0.4031474635586292
-0.4017956976915561
-0.34698262191881785
-0.34473042066617227
-0.34118722981879335
-0.323032647913688
-0.31867314290565524
-0.2957135182774872
-0.29158606512553686
-0.28999927547508797
-0.22497070311863285
-0.22441718256783785
-0.20826379188204863
-0.20690477972721483
-0.19893674286734475
-0.10541145219184332
-0.09746601344127766
-0.09515736504791074
-0.08275126113854538
-0.08164644728023676
0.029704236324863856
0.0323072602036426
0.04533280129545186
0.060683036617894745
0.0739060766895353
0.09790582009821017
0.11065833195726388
0.11581103412761026
0.16423842272606234
0.16927616083497699
0.17973452675104787
0.18611332861408308
0.19238968967483555
0.2981642568411744
0.3057381182780471
0.306171307912472
0.30922605060547886
0.3098162789299644
0.9124178418350883
0.9153264960543771
0.921818925417451
0.9321734664183132
0.9446091799265904
1.0491099165578899
1.0553045841449025
1.0667438488886953
1.0714978436755491
1.079474249583915
1.098967861133906
1.1087395396601392
1.1094338968224848
1.14244437276168
1.143727039999317
1.1549658778820202
1.1566966769014075
1.1629622690330488
1.2435027057755756
1.2436286772011496
1.2463283908753389
1.2470176194047535
1.2483640886635863
1.4411893356627197
1.4411998718099228
1.441463827330562
1.4415436570299398
1.4416812431499813
1.7831513982945468
1.7833162747990678
1.7840571316109688
1.784581535749815
1.7856777566864284
1.8278423248880589
1.8283079549321
1.8321548395890197
1.8336979787937044
1.8364995217529976
1.849079611828378
1.866960658152509
1.8905437231129485
1.9170935319040232
1.9446196899611483
1.9721705068339699
1.9986923307995907
2.023308453621385
2.049000344750106
2.067035563730146
2.0815969133336996
2.0921473278114524
2.0983044706817475
2.9553048015558487
2.966324227509687
2.9785884500228077
2.9918502868493775
3.005829610799649
3.0203722715204417
3.034932603078932
3.049373604807185
3.0634620111215036
3.076996321206354
3.0898074325257823
3.101756750439918
3.112734283333691
3.122655000333162
3.13145477123608
3.139085726587941
3.1455068725922497
3.1506519201868666
3.154893947773345
3.1577658420450714
3.159463733665824
3.159491702206201
3.16001603149186
-2.485525520912289
-2.4817636553495563
-2.477808198966037
-2.4736437062324503
-2.4692505833609433
-2.4627020115988567
-2.4581783349463726
-2.4532193292747535
-2.4478007856526114
-2.4419095399758426
-2.43550802430944
-2.4286738424899497
-2.4213671104595367
-2.4135780660957944
-2.405381114890735
-2.3967722260714623
-2.3877843757190127
-2.3784592571265106
-2.367379840784101
-2.357776490151921
-2.3480947498109677
-2.338438649640226
-2.328934270032605
-2.0415280834593235
-2.036577545155091
-2.031313835437031
-2.025948451805057
-2.020706165690551
-1.9895117475015511
-1.9784001706797059
-1.967357601520005
-1.956559072235271
-1.946233251410981
-1.9293676741529582
-1.9175598302217498
-1.9064578810769965
-1.8961642438411561
-1.8878051629108712
-1.8780071613354266
-1.8729045138196314
-1.8720932739067335
-1.8623532526321027
-1.8619392179709993
-1.8604625753179689
-1.8591026975065972
-1.858100089104417
-1.7933035742799455
-1.7932586514699185
-1.7932198564686126
-1.7930656619491327
-1.7930441675315554
-1.4939924812082965
-1.493770437887673
-1.4935788495823843
-1.4927707443610505
-1.491908012119932
-1.4436672102129224
-1.4423885956383906
-1.4409644743516732
-1.4367858103735875
-1.4354783746407371
-1.417447667514404
-1.4160226934349562
-1.4148865362594942
-1.3988851973632264
-1.3982799592713435
-1.3948591398778114
-1.393299040935488
-1.3918055902237887
-1.360847654484132
-1.3599142681058611
-1.3592404853923035
-1.3587174542840244
-1.3585419110343098
-0.4980286792949748
-0.49350740999007475
-0.48774290686419464
-0.48114568717473777
-0.4747539526966768
-0.40765910464100047
-0.40747869169435896
-0.40420717136396167
-0.4031798472084663
-0.4017862866730707
-0.3469860215761129
-0.34472352584508004
-0.34119132717609374
-0.3230289860281645
-0.3186769650013318
-0.2957037688738503
-0.29161239830589253
-0.28998191730587597
-0.224961454517454
-0.22442739270792847
-0.208248736488735
-0.20692006297766197
-0.1989355696427017
-0.1054112758176388
-0.0974684508384666
-0.09515457877816648
-0.0827543868502216
-0.08164384899649131
0.029704586102007133
0.03230673561898177
0.04533315774565256
0.06068268337633416
0.07390629865838824
0.09790573134162323
0.11065836866371025
0.11581103852362683
0.16423836609183162
0.1692762445569013
0.1797344723926825
0.18611335796287393
0.1923896844210545
0.2981642568234437
0.3057381197557289
0.30617130619684174
0.30922605132357006
0.3098162784673387
0.9124178418351944
0.9153264960541667
0.9218189254175885
0.9321734664183041
0.9446091799265379
1.0491099189559794
1.055304573505916
1.0667439232428497
1.071497728281914
1.0794743137712755
1.0989678302142023
1.1087393420257206
1.1094341234827492
1.142443192962751
1.143728422078773
1.1549646891511431
1.1566977315624167
1.1629621877836507
1.2435034531634914
1.2436278557597935
1.2463287049897234
1.247017336193579
1.2483641318394485
1.4411894590783265
1.4411997368728262
1.441463875413639
1.4415436120449843
1.4416812515733526
1.7831513976691102
1.7833162757449754
1.7840571309397713
1.784581536146026
1.7856777566409312
1.827842324953035
1.8283079548492025
1.8321548396468037
1.833697978745613
1.8364995217612934
1.8490796118283237
1.8669606581525098
1.8905437231129487
1.9170935319040234
1.9446196899611476
1.9721705068339708
1.99869233079959
2.023308453621386
2.0490003447501066
2.0670355637301445
2.0815969133337
2.092147327811452
2.098304470681746
2.9553048015558483
2.966324227509691
2.9785884500228095
2.991850286849379
3.0058296107996507
3.020372271520443
3.0349326030789334
3.0493736048071853
3.063462011121507
3.0769963212063516
3.0898074325257823
3.101756750439919
3.112734283333691
3.1226550003331655
3.131454771236082
3.1390857265879415
3.145506872592252
3.150651920186867
3.1548939477733438
3.15776584204508
3.159463733665823
3.1594917022061946
3.1600160314918626
-2.485525520912286
-2.4817636553495532
-2.477808198966034
-2.4736437062324472
-2.4692505833609415
-2.4627020115988563
-2.4581783349463797
-2.453219329274756
-2.4478007856526105
-2.441909539975845
-2.435508024309436
-2.4286738424899394
-2.421367110459531
-2.4135780660957895
-2.4053811148907385
-2.39677222607146
-2.3877843757190096
-2.3784592571265075
-2.3673798407840967
-2.357776490151924
-2.348094749810965
-2.3384386496402256
-2.328934270032602
-2.041528083459317
-2.0365775451550903
-2.0313138354370306
-2.025948451805055
-2.02070616569055
-1.9895117475015536
-1.978400170679707
-1.9673576015199787
-1.956559072235388
-1.946233251410747
-1.929367674153603
-1.9175598302210515
-1.9064578810684272
-1.8961642439373418
-1.887805162370269
-1.8780071693942975
-1.87290438454756
-1.8720934124938478
-1.8623506825731395
-1.8619428259236734
-1.8604609260407123
-1.8591034867220624
-1.8580998943517442
-1.793300036711819
-1.7932676906214373
-1.7932130867243046
-1.7930696814512812
-1.7930414161903212
-1.4939877532927888
-1.4937840388658756
-1.4935686761772946
-1.492772329483471
-1.491907727224208
-1.4436859215329618
-1.442321843790306
-1.4410324433047377
-1.4367213592286738
-1.435524306242076
-1.4173405355517277
-1.4162399317796657
-1.4147717467755312
-1.3990910935001482
-1.3979941675802479
-1.395043731012233
-1.3931576707343625
-1.3918455419006395
-1.3608464848316573
-1.3599204743972957
-1.3592269114943738
-1.3587361931040332
-1.3585317067534888
-0.49802867929493044
-0.49350740999071147
-0.48774290686109945
-0.4811456871822738
-0.47475395268970516
-0.407711376429415
-0.407415689395268
-0.4042599980262817
-0.4031201751252077
-0.4018038707837056
-0.34699783113994953
-0.344696093029307
-0.3412105061043253
-0.32300751662219607
-0.3186985069165761
-0.29566711195053796
-0.29169874593269557
-0.2899285783521075
-0.224935073278366
-0.2244556950707596
-0.2082240117152831
-0.20694439197642947
-0.19893405606989695
-0.10541093493249898
-0.09747143094074448
-0.09515151284086652
-0.08275646848293913
-0.08164219458695841
0.02970479827144316
0.032306463123480365
0.04533322053703076
0.06068273979530533
0.0739061914116983
0.0979058880516257
0.11065810028309789
0.11581120127951645
0.1642383602752306
0.16927624262143368
0.179734487678653
0.18611334473418337
0.19238968778472537
0.29816425682676817
0.30573811918095073
0.30617130688500943
0.30922605097206507
0.30981627870198336
0.9124178418349393
0.9153264960547642
0.9218189254169443
0.9321734664188053
0.9446091799263102
1.049109917412231
1.0553045821645888
1.0667438319084348
1.0714978974317075
1.0794741833025123
1.09896810052067
1.1087358912173926
1.1094373842381262
1.1424416121023153
1.1437301917114635
1.154963654965361
1.15669859552954
1.162962134522019
1.2435027343028893
1.2436286490848445
1.246328373601551
1.2470176418164571
1.2483640831333016
1.4411893503312192
1.4411998557936154
1.4414638327568652
1.4415436520494116
1.4416812440520164
1.7831513969765125
1.783316276788034
1.784057130213569
1.784581536568986
1.785677756593704
1.8278423249710383
1.8283079548267505
1.832154839659498
1.8336979787360184
1.8364995217626463
1.8490796118283237
1.8669606581525087
1.8905437231129487
1.917093531904023
1.9446196899611476
1.9721705068339712
1.99869233079959
2.023308453621386
2.0490003447501075
2.067035563730145
2.0815969133336996
2.092147327811451
2.0983044706817475
2.9553048015558487
2.9663242275096877
2.9785884500228086
2.99185028684938
3.0058296107996507
3.020372271520441
3.034932603078932
3.0493736048071836
3.0634620111215054
3.07699632120635
3.089807432525782
3.1017567504399195
3.1127342833336917
3.122655000333162
3.131454771236082
3.1390857265879415
3.1455068725922524
3.1506519201868657
3.154893947773345
3.15776584204507
3.159463733665825
3.1594917022062003
3.1600160314918595
-2.4864370366246313
-2.482721781574046
-2.4788159725437593
-2.4747054435226823
-2.470371473023439
-2.463768781533257
-2.4593488862160187
-2.45450139099465
-2.4491993241307686
-2.443427091105619
-2.4371413373649133
-2.430427190164392
-2.4232373417397644
-2.41555986048592
-2.407470057381098
-2.398961351554855
-2.390064777773522
-2.3808194401993443
-2.369758079274801
-2.3601883013433547
-2.3505171972913725
-2.340843781477502
-2.3312883347387845
-2.040330971472643
-2.0352829128108394
-2.0299734989071974
-2.0246172331991903
-2.01944257624498
-1.9867357504322192
-1.9756268062124938
-1.9646276627190613
-1.953923282285632
-1.9437581077680124
-1.9263731096296348
-1.9146985157109864
-1.903866088617104
-1.8938788750629667
-1.8861130042003733
-1.8763865285899082
-1.8723936472873357
-1.8721506082736936
-1.8622146887261184
-1.8619575310030005
-1.860532537843019
-1.8590678358197008
-1.8571189541698891
-1.7932911588366092
-1.793269372389955
-1.7932149159642277
-1.7930807632537191
-1.7930435560883593
-1.4940413758986777
-1.4938029773815065
-1.4936519792191678
-1.4928758172287735
-1.4921988086217275
-1.4438951689568031
-1.4426113365194937
-1.4414205894237828
-1.4370177169946576
-1.4358118023026991
-1.4170798542824172
-1.4160846961796267
-1.4148175238263598
-1.3989633086442184
-1.3980471939274959
-1.394507574622095
-1.393003923647812
-1.3916227178441276
-1.3605416511540902
-1.3598198311728718
-1.3591075528216179
-1.3587292657629662
-1.3584815598661906
-0.49896948329606244
-0.4947564129784182
-0.4892879884681493
-0.48282388532563314
-0.47626577684054466
-0.4079708911151465
-0.4072159035630092
-0.40460365044912344
-0.40262032795527186
-0.40207621394457665
-0.34657173140498704
-0.34546071637942755
-0.34086152171363826
-0.3237281729655264
-0.31839290491797917
-0.2962203413985584
-0.29318418982583827
-0.2891007711709729
-0.2264392083968146
-0.2224280496311559
-0.2108091603388715
-0.20435092233713692
-0.1994812635243338
-0.10473864022600297
-0.10004466599871432
-0.09268632903924214
-0.08541360898924044
-0.08013000430158916
0.02808539203869343
0.03628015012869725
0.04126931173786272
0.06537300967984996
0.07004150094785472
0.10178661659675417
0.10566135679433761
0.11784650850060953
0.16272352504804038
0.17341211735407447
0.175658741401619
0.1893061546954427
0.19018592856403008
0.2961470755073249
0.3040827160618073
0.3069300138964262
0.3092600732779027
0.3097374418072074
0.9128880078633332
0.9165704966638343
0.9240782764061832
0.9352006770602368
0.9476753005394923
1.0490683461689965
1.0529625510318117
1.064317373158548
1.0734841834161364
1.078306329409266
1.1001316487634036
1.1056950196263307
1.1116408891894478
1.1405740610443773
1.1465890095370934
1.1523876192384506
1.1585090100103321
1.161969039049576
1.2428864196804632
1.2441100501648563
1.246054845013003
1.2472258380108234
1.2483223904665903
1.4411596526002222
1.4412449417665525
1.4414249695448285
1.441575133716708
1.4416710930637615
1.7830649039958273
1.7835578283206999
1.7837965282394637
1.784906556043896
1.7858463248440803
1.8277635441069098
1.8286084791616437
1.8310467346842934
1.8357192858422788
1.8362728207380916
1.8526612900541466
1.8724812698651196
1.8969507325899233
1.9239054694992688
1.9515500884828745
1.9789339971233242
2.00505659031146
2.029072147000415
2.053799494902357
2.071025186873822
2.084628177856716
2.094109825511709
2.099128914729569
2.9527682958393933
2.96344408951196
2.975418462437982
2.9884562828852372
3.002283412797851
3.0167436633529867
3.0312939315349583
3.0457878268190357
3.0599845408392348
3.073674488210336
3.0866805651501013
3.0988566793636334
3.11008605255107
3.120277736931966
3.1293627483117312
3.1372897826239305
3.1440175334362763
3.1494928785901517
3.153990507823118
3.1571587006943083
3.159148085710418
3.159715520154934
3.1599829057807938
-2.48643703662463
-2.48272178157405
-2.4788159725437646
-2.4747054435226814
-2.4703714730234356
-2.463768781533259
-2.4593488862160213
-2.454501390994647
-2.449199324130769
-2.44342709110561
-2.4371413373649085
-2.4304271901643912
-2.4232373417397652
-2.415559860485917
-2.407470057381091
-2.398961351554856
-2.3900647777735213
-2.380819440199341
-2.369758079274802
-2.360188301343355
-2.350517197291373
-2.3408437814775027
-2.331288334738786
-2.0403309714726423
-2.0352829128108367
-2.0299734989071947
-2.024617233199187
-2.019442576244979
-1.9867357504322185
-1.9756268062125042
-1.9646276627190602
-1.9539232822854944
-1.9437581077685326
-1.9263731096261905
-1.9146985157248884
-1.9038660885964882
-1.8938788748539326
-1.8861130059976847
-1.8763864820918479
-1.8723951734664677
-1.872149081013369
-1.8622234037627983
-1.8619467402195093
-1.8605354093833042
-1.8590670119952653
-1.8571190282016088
-1.7932962835902042
-1.7932581678319524
-1.7932223126038458
-1.793077646888659
-1.7930453556182224
-1.4940457067565212
-1.493783691866788
-1.4936684701649483
-1.4928738352213293
-1.4921992544481406
-1.4438711200348826
-1.442693779035011
-1.441340944991689
-1.4370861259193946
-1.435763179103456
-1.417220877802786
-1.4157615213838943
-1.415004813785777
-1.3986357423671434
-1.3984426575080051
-1.3942889597981398
-1.3931948199022686
-1.3915788624814638
-1.3605438784996684
-1.3598104359243695
-1.35912992154862
-1.3587021440736908
-1.358493483681211
-0.4989694832962841
-0.49475641297708156
-0.48928798847197186
-0.48282388531933884
-0.47626577684509386
-0.4079619186498234
-0.40723237430632897
-0.404580821447083
-0.40266505534334174
-0.4020468056589389
-0.34657673245290704
-0.3454551333618379
-0.3408613590612788
-0.32373493288627514
-0.3183844916244934
-0.29625458580344327
-0.29313529288498663
-0.28911791302818085
-0.2264378698308756
-0.22242929395508534
-0.21081061776327326
-0.20434816326799343
-0.19948258377011852
-0.10473860000902929
-0.10004447913629512
-0.09268700762396209
-0.0854128312103354
-0.08013032704130861
0.028085314905106858
0.0362805917742047
0.04126884364999678
0.06537356956214684
0.07004100647542194
0.10178678250821382
0.10566123171387777
0.11784650349066902
0.16272355300112076
0.17341194953652153
0.17565889570698717
0.18930609481696226
0.19018597687745473
0.2961470755174581
0.3040827159502575
0.30693001417812926
0.30926007267547495
0.3097374422295747
0.9128880078632787
0.9165704966639495
0.9240782764061044
0.9352006770602145
0.9476753005395601
1.0490683420738005
1.052962561278113
1.0643173428951909
1.0734842711512511
1.078306253823329
1.1001316800922007
1.1056950253389495
1.111640851898845
1.1405742791522233
1.1465884479121842
1.1523882230893623
1.15850862392009
1.1619691770408742
1.2428863735968616
1.244110168731637
1.2460546604021827
1.2472259920778044
1.2483223485045774
1.4411596418427066
1.4412449655923945
1.4414249406938768
1.4415751592529487
1.4416710833101414
1.7830649041109006
1.7835578276952622
1.783796528829849
1.784906555938473
1.7858463248694874
1.8277635440896731
1.8286084791896942
1.8310467346690882
1.8357192858622697
1.8362728207224766
1.8526612900541557
1.8724812698651192
1.8969507325899229
1.9239054694992683
1.9515500884828745
1.978933997123325
2.0050565903114594
2.029072147000415
2.0537994949023575
2.0710251868738223
2.084628177856716
2.0941098255117074
2.0991289147295684
2.9527682958393933
2.96344408951196
2.975418462437985
2.988456282885238
3.002283412797853
3.0167436633529876
3.03129393153496
3.0457878268190415
3.0599845408392317
3.0736744882103393
3.086680565150098
3.098856679363638
3.110086052551074
3.120277736931969
3.1293627483117383
3.1372897826239288
3.1440175334362777
3.1494928785901526
3.1539905078231167
3.1571587006943007
3.1591480857104113
3.1597155201549305
3.1599829057807933
-2.486437036624637
-2.482721781574039
-2.4788159725437624
-2.474705443522683
-2.470371473023453
-2.463768781533257
-2.4593488862160138
-2.454501390994648
-2.449199324130769
-2.4434270911056184
-2.437141337364911
-2.43042719016439
-2.4232373417397617
-2.4155598604859163
-2.4074700573810905
-2.398961351554855
-2.3900647777735236
-2.380819440199336
-2.369758079274801
-2.360188301343355
-2.350517197291374
-2.3408437814775045
-2.3312883347387796
-2.040330971472644
-2.035282912810833
-2.029973498907192
-2.024617233199189
-2.0194425762449777
-1.9867357504322178
-1.9756268062124847
-1.9646276627191404
-1.953923282285246
-1.9437581077688635
-1.92637310962725
-1.9146985157082943
-1.9038660887140488
-1.8938788741739983
-1.8861130083380075
-1.876386457507112
-1.8723956699474833
-1.8721486014351063
-1.862222617735549
-1.8619478333969572
-1.8605349515629268
-1.859067190346649
-1.85711900643978
-1.7932983252964583
-1.793250675028856
-1.7932284746794447
-1.7930757987620152
-1.793046492766112
-1.4940407576919856
-1.493805280271894
-1.493650110120996
-1.4928760480038947
-1.4921987622738453
-1.443888142969856
-1.4426370697826276
-1.4413952806644335
-1.4370400127975669
-1.435795602273168
-1.4171400542824195
-1.415963866831668
-1.4148802507622562
-1.3988543233239374
-1.398191844186112
-1.3943985795500353
-1.3931004023366935
-1.3915979751258138
-1.3605436286131434
-1.3598114268320955
-1.3591278375662907
-1.358704636258959
-1.358492333779526
-0.4989694832952968
-0.4947564129821546
-0.4892879884599054
-0.482823885335225
-0.47626577683615945
-0.4079477455600069
-0.4072578337424296
-0.40454463092705895
-0.4027297875950422
-0.4020069574308786
-0.34659260457849245
-0.3454344628533398
-0.34086627829890526
-0.3237377059860285
-0.3183802264415886
-0.2962727016796909
-0.29310979409241883
-0.28912670658048295
-0.22643858290578806
-0.2224278541302691
-0.21081261620905378
-0.20434618363226886
-0.19948327137343613
-0.1047390767031171
-0.10004339443684306
-0.09268804604375967
-0.08541225416494194
-0.08013047417820575
0.028085239638336198
0.03628081355535702
0.041268704833418
0.06537332003188133
0.07004129858681366
0.10178628377614594
0.10566176010730373
0.11784642022795937
0.16272355892795845
0.17341196853042773
0.17565886792499338
0.18930613203483615
0.19018594526888286
0.2961470755164714
0.3040827159860579
0.3069300140635243
0.309260072965032
0.30973744201997666
0.9128880078634131
0.9165704966635905
0.9240782764065774
0.935200677059767
0.9476753005397991
1.0490683447304425
1.0529625535629512
1.0643173772478134
1.073484130872518
1.078306401419853
1.1001313258282839
1.105695638901677
1.1116405239301095
1.1405745882928717
1.1465878047319027
1.1523887897889673
1.1585083308786819
1.1619692694739812
1.2428864175548608
1.2441100509978837
1.2460548557934543
1.2472258226156132
1.2483223963575674
1.4411596514490723
1.4412449442609687
1.4414249666646088
1.4415751361619533
1.4416710921554672
1.783064904235148
1.7835578270284491
1.7837965294554536
1.7849065558298884
1.7858463248950367
1.8277635440851419
1.8286084791967496
1.8310467346657544
1.8357192858654396
1.8362728207201096
1.8526612900541561
1.8724812698651188
1.896950732589923
1.9239054694992679
1.9515500884828743
1.9789339971233246
2.0050565903114603
2.029072147000415
2.0537994949023566
2.0710251868738214
2.084628177856716
2.0941098255117083
2.0991289147295675
2.9527682958393933
2.963444089511961
2.975418462437983
2.9884562828852417
3.0022834127978504
3.0167436633529885
3.031293931534953
3.0457878268190415
3.059984540839233
3.073674488210344
3.0866805651501
3.0988566793636396
3.1100860525510754
3.120277736931963
3.1293627483117343
3.1372897826239274
3.144017533436281
3.1494928785901495
3.153990507823118
3.1571587006943016
3.1591480857104246
3.159715520154935
3.159982905780792
-2.4864370366246282
-2.482721781574043
-2.478815972543766
-2.4747054435226854
-2.4703714730234374
-2.4637687815332585
-2.4593488862160195
-2.454501390994646
-2.449199324130768
-2.4434270911056117
-2.4371413373649164
-2.430427190164394
-2.4232373417397652
-2.415559860485924
-2.407470057381097
-2.3989613515548522
-2.390064777773522
-2.380819440199341
-2.3697580792747988
-2.3601883013433533
-2.350517197291372
-2.340843781477504
-2.331288334738784
-2.040330971472643
-2.0352829128108394
-2.0299734989071974
-2.0246172331991885
-2.0194425762449772
-1.986735750432217
-1.9756268062124804
-1.964627662719145
-1.9539232822853785
-1.9437581077683415
-1.9263731096307006
-1.914698515694391
-1.903866088734667
-1.8938788743830273
-1.8861130065406997
-1.8763865040063625
-1.8723941498548948
-1.8721501226078858
-1.8622138354003084
-1.8619586897492484
-1.8605320814387492
-1.8590680144800082
-1.857118932412621
-1.793294416388376
-1.7932629962108573
-1.7932187771585462
-1.7930790596016526
-1.7930445171734557
-1.4940360368296153
-1.4938214945527282
-1.4936370653047766
-1.4928780437481852
-1.4921983178194258
-1.4439109547822027
-1.4425493588109697
-1.4414811046614238
-1.4369683711980576
-1.4358477835769392
-1.4169508359206773
-1.4162926700354088
-1.4147355242719168
-1.3990502291150813
-1.397924774009416
-1.3946002618938187
-1.3929269672456301
-1.3916445724227322
-1.3605413981815415
-1.3598207970594816
-1.3591053144297067
-1.3587317523705915
-1.3584805980588572
-0.498969483295073
-0.49475641298349526
-0.48928798845608307
-0.4828238853415182
-0.47626577683161087
-0.40795726860491405
-0.40724094972307107
-0.4045680601007608
-0.4026893609920521
-0.4020313274562726
-0.34658776610130987
-0.34543988508829926
-0.34086643910351355
-0.32373095496223425
-0.3183886317232879
-0.29623893585417593
-0.29315834267912555
-0.28910943367266123
-0.2264399208442165
-0.2224266104338196
-0.2108111596960197
-0.20434894243868487
-0.19948195047884867
-0.10473911691841292
-0.10004358136984833
-0.09268736748626896
-0.0854130318829286
-0.0801301514032647
0.02808531676901991
0.03628037188366183
0.041269172950562774
0.06537276020800309
0.0700417930009998
0.10178611790115036
0.10566188515097348
0.11784642523786244
0.1627235309748545
0.17341213635129515
0.17565871361636218
0.18930619191740986
0.19018589695134197
0.29614707550633984
0.30408271609760684
0.3069300137818213
0.30926007356746305
0.3097374415976117
0.9128880078634664
0.9165704966634761
0.9240782764066564
0.9352006770597848
0.9476753005397309
1.0490683488256483
1.0529625433166554
1.0643174075114772
1.0734840431412802
1.0783064770017017
1.1001312945023132
1.1056956331825638
1.1116405612241842
1.1405743701523925
1.1465883663115757
1.152388185983863
1.1585087169867068
1.16196913149705
1.2428864636443684
1.2441099324357487
1.2460550404315098
1.2472256685183187
1.24832243831211
1.441159662210685
1.4412449204342725
1.44142499551759
1.4415751106236872
1.4416711019058401
1.783064904120074
1.7835578276538822
1.7837965288650701
1.784906555935313
1.7858463248696286
1.8277635441023783
1.828608479168701
1.8310467346809578
1.8357192858454512
1.8362728207357255
1.8526612900541466
1.8724812698651188
1.8969507325899233
1.9239054694992677
1.9515500884828758
1.9789339971233244
2.00505659031146
2.029072147000415
2.053799494902356
2.0710251868738223
2.084628177856716
2.0941098255117083
2.0991289147295675
2.9527682958393933
2.9634440895119627
2.9754184624379842
2.988456282885241
3.0022834127978544
3.016743663352988
3.0312939315349587
3.045787826819043
3.059984540839229
3.0736744882103397
3.086680565150099
3.0988566793636374
3.1100860525510723
3.1202777369319663
3.1293627483117383
3.1372897826239265
3.144017533436279
3.149492878590151
3.15399050782312
3.1571587006943025
3.159148085710415
3.1597155201549265
3.1599829057807933
