-2.4959700932193107
-2.492420369678537
-2.488603462733323
-2.4845028092542165
-2.480094507035386
-2.4753796068425107
-2.470335351239192
-2.464949827317576
-2.4592136465189203
-2.452663897681062
-2.446250523064195
-2.4393806638225186
-2.432056580144022
-2.423482525462438
-2.4153377805407077
-2.4068047169211715
-2.397913793170892
-2.3887048764754315
-2.37922846973756
-2.3695512648634947
-2.3597543159290386
-2.3499421986498414
-2.0451223935518357
-2.0380336694369836
-2.0308621403889213
-2.0237713648399587
-2.016906980580544
-2.010462117116492
-2.0046605709151306
-1.999686184848358
-1.995737958872949
-1.9449854271217135
-1.9324529499364838
-1.9204842147679222
-1.9096191278167014
-1.8997074374599685
-1.893127686174788
-1.8886721930851436
-1.8852288136380018
-1.881535083989935
-1.8653109287721472
-1.8608583743776708
-1.8571629258274014
-1.8544207014208618
-1.7820334091683685
-1.781843481469591
-1.781116460319139
-1.7802867142137966
-1.7758210360625766
-1.7746781225554704
-1.7739209149889819
-1.7736426192218728
-1.7720998409072712
-1.4428388607385891
-1.4415833928571848
-1.4400216565013018
-1.4384125439580575
-1.4290805896705132
-1.4270569593131046
-1.4253534127005782
-1.4237744551418066
-1.422183488699727
-1.3865325875772732
-1.385775658305476
-1.3852824532751224
-1.3843889063921773
-1.343346201255487
-1.3412904180443603
-1.3400797810534468
-1.3384169024643582
-1.335810187146908
-1.3315232536014223
-1.3305346705044467
-1.329514099671504
-1.3282647346977083
-0.43662263786104316
-0.4363567837538611
-0.4355142292176642
-0.4352610990452529
-0.42413581272467576
-0.4204481184254134
-0.41343484381112006
-0.40624397739571866
-0.4029471840647373
-0.33822391202603985
-0.33654926042819117
-0.3357636246561836
-0.33463176966716646
-0.26662766836252316
-0.25910513968939425
-0.25674892653240583
-0.24625842696460729
-0.2338034348670729
-0.19644801334170436
-0.19148547554392115
-0.17820891599195668
-0.1748054465814705
-0.1076526239413224
-0.10315786221226754
-0.08638099211436696
-0.07953877716515041
-0.049262088041331496
-0.03281062690353792
-0.02462993025630333
-0.015650333152444348
-0.010017979234914825
0.10682631997343323
0.10948000151048819
0.11615308950682272
0.11957856982559086
0.20073547305142408
0.2079832724555881
0.21747492726663017
0.22180790832054215
0.23112696288093112
0.24607583253149576
0.2514009649336908
0.2526893322199037
0.2557454516894213
0.907463570589096
0.9077202444830875
0.911806476275133
0.9128449165150787
0.9170987468665039
0.9262021221405623
0.9415862880325776
0.958049756714252
0.9690541708100692
1.090839071243855
1.0938157193386386
1.104877831118641
1.114556824987971
1.158958976396003
1.1621943272298694
1.166624405454223
1.1775705208649705
1.182921377641428
1.1968362221015683
1.197507364457522
1.2043914224977568
1.2052563707266626
1.4409266452336063
1.442911560039155
1.4430155226368861
1.4460227078237884
1.4484059423561133
1.4527719220410324
1.453025805575361
1.4553453541961925
1.4558282390791117
1.850355481943642
1.8517642364886833
1.852446824556258
1.8560137009844164
1.8602458658853784
1.8627876196820004
1.8686521345457843
1.8715419727693698
1.8723248122098788
1.8958314165810468
1.913742319425535
1.9371777884620978
1.9632053522871211
1.996821511824899
2.0214292783827768
2.045950445124537
2.069096125914105
2.08993952173399
2.1077658037295053
2.121986716912882
2.1321467828289986
2.137909759999023
2.9803524766401406
2.991568197007261
3.00395133989852
3.017262623160334
3.0312303015795155
3.0455718553201407
3.060011608529408
3.0742931330227274
3.0881867293498835
3.1015503227982784
3.1141051651201677
3.1257651597523677
3.1364178412691754
3.1459969503867335
3.154411033420168
3.161626331632736
3.1676119082643592
3.172349403940673
3.1758306164884664
3.1780551372624775
3.1787631832610064
3.17902892968349
-2.4959700932193125
-2.492420369678541
-2.488603462733321
-2.484502809254214
-2.480094507035388
-2.4753796068425076
-2.4703353512391972
-2.464949827317574
-2.459213646518921
-2.452663897681065
-2.4462505230641995
-2.4393806638225115
-2.4320565801440286
-2.423482525462435
-2.415337780540708
-2.4068047169211733
-2.3979137931709005
-2.3887048764754284
-2.3792284697375576
-2.369551264863497
-2.359754315929032
-2.349942198649838
-2.0451223935518397
-2.038033669436984
-2.0308621403889213
-2.0237713648399565
-2.0169069805805435
-2.0104621171164885
-2.004660570915144
-1.9996861848483474
-1.9957379588729545
-1.9449854271217166
-1.9324529499362697
-1.920484214771947
-1.909619127767763
-1.8997074380489707
-1.8931276825710788
-1.888672202387587
-1.8852288038565688
-1.881535087710404
-1.8653109283815994
-1.8608583744361005
-1.857162926194802
-1.8544207012033467
-1.7820607983373897
-1.7817960215977118
-1.7811486207446445
-1.7802733722570558
-1.7758326215352753
-1.7746381966655018
-1.7739887006528017
-1.7736037087189072
-1.7721005583983345
-1.4428384292092737
-1.4415852922978472
-1.4400181273054378
-1.4384151154035498
-1.4290629273258308
-1.4271196067055119
-1.4252583288469889
-1.423838901913922
-1.4221686217701117
-1.3865535308201355
-1.3856757998052724
-1.3853765168869587
-1.384373764744603
-1.3433509836600985
-1.3412492996292256
-1.340148671804614
-1.33837103436774
-1.3358278129281078
-1.3315015748534966
-1.330561962598483
-1.3295027672418962
-1.3282661434514706
-0.43662732087810024
-0.4363482394817285
-0.435526076419048
-0.4352530858560721
-0.42413593039881914
-0.4204479818170498
-0.4134349186751814
-0.40624392497685335
-0.4029472078780941
-0.3382223763142695
-0.3365588291025341
-0.33575214236474354
-0.3346352201581865
-0.2666283872045858
-0.2590954878073526
-0.2567603820657617
-0.2462546094799943
-0.23380502914468393
-0.19644388579968533
-0.19149077522435007
-0.17820565608466557
-0.1748072090083727
-0.10765475249163374
-0.10315472191530368
-0.08638376150096252
-0.07953692154502744
-0.04926221380291236
-0.032810994256172864
-0.02462917028298065
-0.015650943457136395
-0.010017758553929246
0.1068263418493493
0.10947996185448373
0.11615312527478253
0.11957855177512165
0.20073547217598472
0.20798327808556505
0.21747490239545464
0.22180793625660275
0.23112695249319443
0.24607584272176244
0.2514009312798363
0.25268936146638343
0.25574544850988895
0.9074635665183935
0.907720249404915
0.9118064701716704
0.9128449226952432
0.9170987458072595
0.9262021222966421
0.9415862879984432
0.9580497567283535
0.9690541708053881
1.0908390707997562
1.093815720164005
1.1048778300894406
1.1145568259138459
1.1589588429628699
1.1621946639105507
1.1666241180591064
1.177570737774386
1.1829212082266258
1.1968368536581027
1.1975067373372386
1.2043915162913135
1.2052563088719344
1.440926646354762
1.4429114419525921
1.4430156465370472
1.4460226912363914
1.448405958687005
1.4527717742934805
1.4530259576204472
1.4553453293911274
1.4558282529083955
1.8503554819472372
1.8517642364640827
1.8524468245821748
1.8560137009754003
1.8602458658951981
1.86278761967485
1.86865213454894
1.871541972765154
1.8723248122123768
1.8958314165810477
1.913742319425535
1.9371777884620982
1.9632053522871207
1.9968215118248989
2.0214292783827763
2.0459504451245367
2.0690961259141045
2.0899395217339896
2.107765803729505
2.1219867169128817
2.132146782829
2.137909759999023
2.980352476640141
2.991568197007259
3.0039513398985154
3.0172626231603377
3.0312303015795123
3.0455718553201376
3.0600116085294036
3.074293133022726
3.0881867293498826
3.101550322798279
3.1141051651201668
3.1257651597523735
3.136417841269173
3.1459969503867335
3.1544110334201654
3.1616263316327404
3.1676119082643566
3.1723494039406726
3.175830616488463
3.1780551372624757
3.1787631832610046
3.179028929683485
-2.495970093219312
-2.492420369678542
-2.4886034627333196
-2.4845028092542227
-2.4800945070353873
-2.4753796068425094
-2.470335351239198
-2.4649498273175694
-2.4592136465189247
-2.452663897681061
-2.4462505230641964
-2.4393806638225177
-2.4320565801440206
-2.4234825254624335
-2.4153377805407112
-2.4068047169211724
-2.3979137931708956
-2.388704876475427
-2.379228469737557
-2.369551264863496
-2.359754315929034
-2.3499421986498383
-2.0451223935518352
-2.038033669436983
-2.030862140388922
-2.0237713648399573
-2.0169069805805457
-2.010462117116485
-2.0046605709151475
-1.9996861848483427
-1.995737958872956
-1.944985427121742
-1.9324529499359047
-1.9204842147747534
-1.909619127757625
-1.8997074379494931
-1.8931276841492368
-1.8886721963246815
-1.8852288121617067
-1.8815350835742688
-1.8653109307587539
-1.8608583701694232
-1.8571629296068617
-1.854420700103448
-1.782059305300442
-1.7817989353570043
-1.7811463352184724
-1.7802743455655041
-1.7758314960237307
-1.7746425711297857
-1.7739817263171773
-1.773607410327423
-1.7721004736683361
-1.442839212189815
-1.4415819306312143
-1.4400241713329274
-1.438410851367493
-1.42908777158504
-1.4270325580330496
-1.4253858093072196
-1.4237551867958507
-1.4221878688166534
-1.3865344781264408
-1.3857678069574728
-1.3852900398913084
-1.3843872794685381
-1.3433488119379575
-1.3412673531283086
-1.3401200313075043
-1.3383886983982918
-1.3358215155835076
-1.331508124305878
-1.3305541293133232
-1.3295058002394662
-1.3282657848533228
-0.4366221800110333
-0.4363575523723666
-0.43551338604688655
-0.4352616289049992
-0.4241358466302144
-0.4204480560357761
-0.4134349104075921
-0.4062438959359273
-0.4029472307991352
-0.33821004281606243
-0.33662551756813336
-0.3356714392241815
-0.33466157135966756
-0.2666300009258781
-0.25907623572268956
-0.2567823018288409
-0.24624855113424035
-0.2338070780708603
-0.19644200567984232
-0.19149243424388043
-0.1782066258569266
-0.1748061541716226
-0.10765553406407118
-0.10315381371799198
-0.08638371392831723
-0.07953723515660727
-0.04926184238659856
-0.03281185364683854
-0.024628250586791807
-0.015651382335330193
-0.01001764243406293
0.10682635430333165
0.10947994308053076
0.11615313486464929
0.11957854860037381
0.20073546821077232
0.20798329050371994
0.2174748730152556
0.2218079618838097
0.23112694713662707
0.24607584344900676
0.25140093348616244
0.2526893585916189
0.25574544906970265
0.9074635573422252
0.9077202603545663
0.9118064590111054
0.9128449334828758
0.9170987442632342
0.9262021224562279
0.9415862879795528
0.9580497567311492
0.9690541708054365
1.0908390702221815
1.0938157211281092
1.1048778292771522
1.1145568264179841
1.158958879943347
1.1621945501471724
1.1666242401366733
1.1775705930462645
1.1829213450374367
1.1968360334599426
1.197507571112367
1.2043913558021555
1.2052564183283232
1.440926658882799
1.4429104655198877
1.4430166580215011
1.4460225920779273
1.4484060386506297
1.4527712351007491
1.453026504349082
1.4553452506597588
1.4558282957189137
1.8503554819418968
1.851764236502044
1.8524468245414272
1.8560137009910693
1.8602458658758507
1.862787619690111
1.8686521345407026
1.871541972777462
1.8723248122048475
1.8958314165810493
1.9137423194255334
1.9371777884620995
1.9632053522871205
1.9968215118248986
2.0214292783827776
2.0459504451245367
2.069096125914105
2.08993952173399
2.1077658037295057
2.1219867169128825
2.132146782828999
2.1379097599990233
2.9803524766401406
2.9915681970072634
3.003951339898516
3.017262623160336
3.0312303015795163
3.0455718553201376
3.060011608529405
3.0742931330227266
3.0881867293498835
3.1015503227982784
3.1141051651201677
3.12576515975237
3.1364178412691706
3.145996950386733
3.1544110334201667
3.161626331632733
3.1676119082643543
3.1723494039406708
3.1758306164884655
3.178055137262475
3.178763183261005
3.17902892968348
-2.4959700932193094
-2.4924203696785376
-2.4886034627333196
-2.484502809254219
-2.4800945070353886
-2.4753796068425085
-2.4703353512392012
-2.464949827317571
-2.4592136465189225
-2.452663897681065
-2.4462505230641987
-2.439380663822516
-2.4320565801440264
-2.4234825254624375
-2.4153377805407072
-2.4068047169211684
-2.397913793170895
-2.3887048764754284
-2.379228469737558
-2.3695512648634955
-2.35975431592903
-2.3499421986498388
-2.0451223935518352
-2.0380336694369783
-2.0308621403889187
-2.02377136483996
-2.016906980580547
-2.0104621171164903
-2.0046605709151306
-1.9996861848483585
-1.9957379588729476
-1.9449854271217404
-1.932452949936117
-1.92048421477073
-1.9096191278065635
-1.8997074373604907
-1.893127687752929
-1.8886721870222096
-1.8852288219431523
-1.881535079853813
-1.8653109311493021
-1.8608583701109955
-1.8571629292394625
-1.8544207003209638
-1.782031237387483
-1.7818469316490775
-1.7811142741568016
-1.7802877302931666
-1.7758198755335615
-1.7746820824952803
-1.7739128212639104
-1.7736478896665364
-1.7720997564614986
-1.4428396425055745
-1.4415800233739289
-1.4400276956898357
-1.4384082934950178
-1.4291046685062925
-1.426964090485779
-1.4254812783873119
-1.4236961453043402
-1.4222035311135437
-1.3865112771140076
-1.3858458632461832
-1.3852190121250965
-1.384403445251575
-1.3433440043008953
-1.341307020200836
-1.3400517155265252
-1.3384353669833544
-1.335803983468755
-1.3315295379504413
-1.330527010892903
-1.329517229333718
-1.3282643783146546
-0.4366172033954182
-0.4363663136867414
-0.43550082590816136
-0.43527043158745227
-0.4241357289520248
-0.4204481926481626
-0.4134348355440351
-0.40624394835515826
-0.40294720698530573
-0.3382116294690384
-0.3366172526044408
-0.3356818869204951
-0.33465780081191443
-0.26662928292234134
-0.2590860617909741
-0.25677067545154353
-0.24625236513772192
-0.23380548310688545
-0.19644613637709293
-0.1914871314208442
-0.17820988433444143
-0.17480439314860977
-0.10765340642152409
-0.10315695314732083
-0.08638094436811987
-0.07953909090766634
-0.049261716627272904
-0.03281148638115121
-0.024629010526789716
-0.015650771995657467
-0.010017863096598509
0.10682633242712343
0.10947998273676131
0.11615309909669706
0.11957856665090129
0.20073546908621412
0.20798328487372506
0.21747489788616162
0.22180793394801424
0.23112695752437717
0.24607583325873758
0.2514009671401324
0.25268932934502214
0.25574545224923023
0.907463561412585
0.9077202554330815
0.9118064651144508
0.912844927302832
0.9170987453224831
0.9262021223001502
0.9415862880136884
0.9580497567170457
0.969054170810117
1.0908390706662798
1.0938157203027423
1.104877830306354
1.1145568254921099
1.1589590133821552
1.1621942134723973
1.166624527521812
1.177570376143086
1.1829215144449474
1.1968354034352562
1.1975081967015757
1.2043912620289616
1.2052564801613739
1.440926657761597
1.4429105813441456
1.4430165363831744
1.4460226086650885
1.4484060223202635
1.452771382217658
1.4530263529339797
1.4553452754618887
1.4558282818934565
1.8503554819383006
1.851764236526643
1.8524468245155084
1.8560137010000863
1.8602458658660308
1.862787619697261
1.86865213453755
1.8715419727816784
1.872324812202349
1.89583141658105
1.9137423194255359
1.9371777884620986
1.963205352287121
1.9968215118248984
2.0214292783827768
2.045950445124536
2.069096125914104
2.0899395217339887
2.1077658037295044
2.1219867169128808
2.1321467828289995
2.137909759999023
2.98035247664014
2.9915681970072634
3.003951339898518
3.0172626231603323
3.031230301579515
3.045571855320137
3.060011608529405
3.074293133022722
3.0881867293498817
3.101550322798281
3.114105165120169
3.1257651597523735
3.1364178412691706
3.1459969503867375
3.1544110334201645
3.161626331632738
3.167611908264356
3.1723494039406703
3.1758306164884647
3.1780551372624752
3.178763183261011
3.1790289296834895
-2.496817700281317
-2.493332203413174
-2.489583644639576
-2.485555473208399
-2.4812233245862534
-2.476588688181026
-2.471627984333137
-2.4663287627016484
-2.460680969924135
-2.4541961927087863
-2.4478966240935676
-2.441140899942687
-2.4339298389170625
-2.42545523501574
-2.4174113778411734
-2.4089728701255706
-2.4001680689978855
-2.3910342864478524
-2.381618955661141
-2.371985359928685
-2.3622094796710544
-2.352389968558771
-2.043366800496461
-2.036242247626941
-2.0290753362925193
-2.022031265637337
-2.0152636387414136
-2.0089461007783127
-2.003331056602949
-1.9985961283688223
-1.9949299770377134
-1.9418196403200265
-1.929391700763357
-1.917636258238652
-1.9071733148736918
-1.898090621320287
-1.8918682859118219
-1.8877583732456482
-1.8843931919212908
-1.8805047536216717
-1.8641481670896822
-1.8598497874311897
-1.8563925806417647
-1.8539030076187122
-1.7820731443194096
-1.7817266391414637
-1.781284134960092
-1.7799105497587449
-1.7762263562088125
-1.7746131480346485
-1.773936405648193
-1.7734971819482355
-1.7719177386942184
-1.4430167097912816
-1.4419316721268125
-1.4404201185712382
-1.4388139691822903
-1.4290803645893073
-1.4272135559953025
-1.4256513846493215
-1.424155104456117
-1.4225737627232449
-1.3867831049828498
-1.385768018541953
-1.385284930935531
-1.3843895692782175
-1.3427101893938822
-1.3410327664449166
-1.3398386674490537
-1.3382916542788177
-1.335805854568544
-1.3312467603027685
-1.3303282863260606
-1.3292725601612392
-1.3281292989652849
-0.4368675692604301
-0.43646967950364285
-0.43577023389892167
-0.4353758360300857
-0.4244495177362512
-0.42177117957461435
-0.41535811482651996
-0.4078233174805293
-0.40319427045485223
-0.3388870955798772
-0.33671203804411776
-0.33612154311928627
-0.33473921021857983
-0.26620112047153205
-0.2613493794885003
-0.253428323429274
-0.24860662203538028
-0.23335244333568755
-0.1982289090000897
-0.18743054867059736
-0.18258786530184526
-0.17283146130115448
-0.1097348767939875
-0.09804119107905745
-0.09233683111801612
-0.07619279048822562
-0.05111560612779651
-0.0303861008491441
-0.02866879457069652
-0.013326019821994751
-0.011196540308007576
0.10737745648353093
0.1086202706825282
0.11726564614633374
0.11858183989955963
0.19762570476537034
0.2109054449061346
0.21311210278581455
0.22506596010486654
0.22958376928439775
0.24725012238904773
0.24949309763365815
0.2540294526346474
0.255309075786642
0.907150024281605
0.9083558610258741
0.9105650023908328
0.9145329446531575
0.916843040444423
0.929562009279122
0.9458519982801045
0.9615615683771251
0.9703406531743779
1.091772764609962
1.0921575575298286
1.1017891712087464
1.1129313496412785
1.1571018481461945
1.1601636341401322
1.1698972603935454
1.1747135851165216
1.184641266519731
1.1946133009669644
1.1998180193807364
1.2032686654797984
1.2057268570518076
1.441154642919169
1.442260491490022
1.4439063931885359
1.4454838380390085
1.448784626074147
1.4520401188997047
1.4537732493834539
1.4551711992902978
1.455645732182917
1.850510435682709
1.8511497905333127
1.8535921463741367
1.8551332537605898
1.8613237030332321
1.8624144784871666
1.867239501435813
1.8718841904809982
1.8753541346954732
1.8994807684316544
1.919244273633114
1.9435123653845154
1.969923986932161
2.002889151423947
2.0276265870678007
2.0519065349283268
2.074553787281192
2.0947026767312487
2.111678633240648
2.1249227668782154
2.1340099838629842
2.138637067798062
2.977754023601002
2.988646520957505
3.0007584605755944
3.0138623110387077
3.0276922954585546
3.041966743939743
3.0564069027516063
3.0707506487653227
3.084761139232888
3.0982874461294436
3.111045398560104
3.122940620644859
3.133854376274901
3.1437111643250883
3.1524183753423043
3.1599368203950067
3.1662319949148494
3.171282641216612
3.1750782395348405
3.177616588441279
3.178902212523001
3.1789450163432855
-2.4968177002813174
-2.4933322034131766
-2.4895836446395747
-2.485555473208399
-2.481223324586245
-2.476588688181028
-2.4716279843331366
-2.4663287627016457
-2.460680969924136
-2.4541961927087863
-2.4478966240935756
-2.441140899942693
-2.4339298389170643
-2.42545523501574
-2.4174113778411757
-2.4089728701255653
-2.4001680689978793
-2.3910342864478524
-2.3816189556611405
-2.3719853599286824
-2.362209479671049
-2.352389968558774
-2.04336680049646
-2.0362422476269484
-2.0290753362925154
-2.0220312656373376
-2.015263638741416
-2.008946100778306
-2.0033310566029687
-1.9985961283687965
-1.994929977037722
-1.9418196403200279
-1.9293917007631114
-1.917636258243265
-1.9071733148109378
-1.8980906220887588
-1.8918682809470087
-1.8877583858482543
-1.8843931789407435
-1.8805047586093055
-1.8641481655364922
-1.859849789713043
-1.8563925791948523
-1.8539030079812442
-1.78209654670343
-1.781653841856919
-1.7813431146246
-1.77989872469885
-1.7762365657416608
-1.774573622209183
-1.7739927407928606
-1.7734717554574246
-1.7719183866296142
-1.4430163223968608
-1.4419331306097312
-1.4404176752269438
-1.4388156641084635
-1.4290644805317316
-1.4272722059000147
-1.4255628303936245
-1.4242133583246797
-1.422560967062744
-1.386794916632734
-1.3856951578562255
-1.3853594943692524
-1.3843760601846395
-1.3427196943072501
-1.340967292902431
-1.3399423776751196
-1.3382258071101334
-1.3358286282969911
-1.331220308586749
-1.3303615341052322
-1.3292591281860688
-1.3281312689464457
-0.43687454884548627
-0.43645169495409364
-0.4357935255274615
-0.4353634667876168
-0.4244500122294183
-0.42177060693010215
-0.4153583474344266
-0.4078232074746235
-0.40319430866409856
-0.33889054466473756
-0.33667168135684433
-0.336167507712284
-0.334730148778051
-0.26620095097711605
-0.2613503596242269
-0.2534254758237132
-0.24860903810838236
-0.23335201800678643
-0.19822864720187272
-0.1874328934637053
-0.18258514282940946
-0.17283217199317824
-0.1097348571231162
-0.09804043142726712
-0.09233800089524384
-0.07619216628764627
-0.0511161190475519
-0.03038221893922632
-0.028672579001202774
-0.013325492191292712
-0.011196865548283861
0.1073774224362012
0.10862031155239112
0.11726562468593618
0.11858185442564953
0.1976257067215486
0.21090540781694134
0.2131121455505287
0.2250659423675533
0.2295837801258408
0.24725012031280516
0.24949309877399978
0.2540294535921164
0.2553090750708078
0.90715002541291
0.9083558581899576
0.9105650053191835
0.9145329421445757
0.9168430417788446
0.9295620092203699
0.9458519982914567
0.9615615683751064
0.970340653174129
1.0917727720912491
1.092157549463027
1.1017891721681792
1.1129313491981603
1.1571018316583233
1.160163671299834
1.1698971595153551
1.1747137087823891
1.1846411845842912
1.194613411852084
1.199817871664201
1.2032687716484594
1.205726826259777
1.4411546244609788
1.442260557657272
1.4439062693654858
1.4454839479093438
1.4487845613261499
1.4520402074777325
1.4537731389361068
1.455171305996498
1.4556456783376877
1.8505104356881092
1.8511497905232766
1.8535921463890666
1.8551332537474736
1.8613237030517853
1.862414478469334
1.8672395014385577
1.8718841904801797
1.8753541346956455
1.899480768431654
1.919244273633113
1.9435123653845152
1.9699239869321605
2.0028891514239473
2.0276265870678025
2.051906534928324
2.0745537872811926
2.0947026767312473
2.111678633240647
2.124922766878216
2.1340099838629856
2.1386370677980624
2.977754023601002
2.9886465209575044
3.000758460575593
3.0138623110387126
3.0276922954585537
3.0419667439397435
3.0564069027516063
3.070750648765322
3.084761139232892
3.0982874461294414
3.1110453985601056
3.1229406206448544
3.1338543762748974
3.1437111643250835
3.152418375342305
3.1599368203950045
3.1662319949148507
3.171282641216611
3.1750782395348387
3.17761658844128
3.1789022125229995
3.178945016343287
-2.4968177002813157
-2.4933322034131717
-2.48958364463957
-2.4855554732083984
-2.4812233245862494
-2.4765886881810246
-2.471627984333132
-2.466328762701649
-2.4606809699241317
-2.4541961927087845
-2.4478966240935707
-2.4411408999426913
-2.433929838917067
-2.425455235015739
-2.417411377841172
-2.4089728701255635
-2.4001680689978877
-2.3910342864478515
-2.3816189556611396
-2.3719853599286913
-2.362209479671042
-2.3523899685587697
-2.04336680049646
-2.036242247626943
-2.029075336292518
-2.0220312656373376
-2.0152636387414202
-2.0089461007782963
-2.0033310566029776
-1.9985961283687856
-1.9949299770377245
-1.9418196403200585
-1.9293917007626722
-1.9176362582474453
-1.9071733147825696
-1.8980906221984837
-1.8918682812424428
-1.8877583833537588
-1.8843931830742648
-1.88050475626033
-1.8641481679749723
-1.8598497845879756
-1.8563925838692978
-1.8539030063221575
-1.7820907461162514
-1.7816755795995103
-1.7813242653541697
-1.7799024328935757
-1.7762325720292438
-1.774591089851093
-1.7739678830911092
-1.7734826550609526
-1.7719180747192793
-1.4430176527698548
-1.4419282625408958
-1.4404254599171231
-1.4388105240500864
-1.4291002573500726
-1.4271392442563526
-1.4257488589470033
-1.4241003183487888
-1.4225860657120029
-1.3867837463700827
-1.3857637796231728
-1.385289703088961
-1.3843883921829199
-1.3427147058849451
-1.341001981930825
-1.3398896974553038
-1.338257392540653
-1.335817969631865
-1.3312316272840705
-1.330347705170978
-1.329264458505506
-1.3281305001526018
-0.4368715316752582
-0.43645960054821414
-0.43578344293472715
-0.43536869498303604
-0.42444981819977884
-0.4217708257207108
-0.4153582651436127
-0.4078232411997897
-0.40319429860945455
-0.3388849452683135
-0.3367344708128071
-0.33609543673858766
-0.3347450384925406
-0.2662003649133177
-0.26135062334301834
-0.2534290024821651
-0.24860473298585173
-0.2333535134056965
-0.19822516159536352
-0.1874442582231032
-0.18257530257339452
-0.17283372358400811
-0.1097355757685681
-0.09803672941557821
-0.09234177261414472
-0.07619118711482879
-0.05111641528798189
-0.030382524650785687
-0.02867203920840717
-0.013326008807263789
-0.011196483521543753
0.10737746474385211
0.10862025630785056
0.11726568323909509
0.11858180875214143
0.19762570639821614
0.21090542718472183
0.2131121201484674
0.22506596230459014
0.22958376448112972
0.24725013830137899
0.24949307669873116
0.25402946613033084
0.2553090687152042
0.9071500249134887
0.9083558595210584
0.9105650037903028
0.9145329437070491
0.9168430408636494
0.9295620092863144
0.9458519982660569
0.9615615683910418
0.9703406531675082
1.0917727661132266
1.0921575559993104
1.1017891710742431
1.112931349964025
1.1571017643729078
1.1601637945814287
1.1698969554337202
1.1747139145663865
1.1846410891919665
1.1946135038452315
1.1998177695558416
1.2032688362700992
1.2057268092170128
1.4411546262185413
1.4422605502446435
1.4439062863455083
1.445483930182906
1.4487845750900654
1.4520401840843367
1.4537731711879285
1.4551712724012793
1.4556456957120496
1.8505104356917033
1.8511497905167187
1.853592146398193
1.8551332537398022
1.8613237030608045
1.862414478460961
1.867239501439654
1.8718841904799073
1.8753541346956948
1.8994807684316528
1.9192442736331137
1.9435123653845152
1.969923986932162
2.0028891514239477
2.0276265870678016
2.0519065349283245
2.0745537872811917
2.0947026767312478
2.111678633240648
2.1249227668782154
2.1340099838629856
2.1386370677980624
2.977754023601002
2.988646520957501
3.0007584605755966
3.0138623110387077
3.0276922954585537
3.041966743939744
3.0564069027516076
3.0707506487653182
3.0847611392328926
3.098287446129442
3.111045398560103
3.1229406206448553
3.1338543762748987
3.1437111643250835
3.1524183753423034
3.1599368203950062
3.166231994914849
3.1712826412166097
3.175078239534837
3.1776165884412784
3.1789022125229995
3.1789450163432846
-2.4968177002813174
-2.4933322034131713
-2.489583644639573
-2.4855554732083998
-2.4812233245862467
-2.476588688181027
-2.471627984333133
-2.466328762701656
-2.460680969924135
-2.454196192708786
-2.447896624093574
-2.4411408999426865
-2.4339298389170656
-2.425455235015739
-2.417411377841175
-2.4089728701255733
-2.4001680689978855
-2.3910342864478533
-2.38161895566114
-2.371985359928686
-2.3622094796710553
-2.352389968558769
-2.043366800496457
-2.0362422476269497
-2.0290753362925145
-2.022031265637339
-2.0152636387414167
-2.008946100778299
-2.0033310566029625
-1.9985961283688123
-1.9949299770377105
-1.941819640320055
-1.929391700762908
-1.9176362582428288
-1.9071733148453225
-1.8980906214300104
-1.8918682862072573
-1.8877583707511256
-1.8843931960548215
-1.8805047512727
-1.864148169528156
-1.8598497823061166
-1.8563925853162122
-1.8539030059596207
-1.7820657648400569
-1.7817452536216694
-1.781269905991165
-1.7799143371755715
-1.7762223000280712
-1.7746286847791017
-1.7739113929221444
-1.77351023167138
-1.7719174276852856
-1.4430180381442372
-1.4419267967809466
-1.4404279011425623
-1.4388088403332748
-1.4291150623506101
-1.4270702705273859
-1.4258409514808903
-1.4240490031944135
-1.4225997874679686
-1.3867713743160748
-1.3858218581275654
-1.3852296731038793
-1.3844027104133378
-1.3427050646995498
-1.3410633734883033
-1.3397875903176328
-1.3383256038927986
-1.3357954352937904
-1.3312574535175052
-1.3303149020737872
-1.329278075972736
-1.328128537074793
-0.4368643571841005
-0.4364775077038278
-0.43575991677090803
-0.43538157105917574
-0.42444932363758275
-0.4217713984299402
-0.4153580325407441
-0.4078233512063066
-0.4031942604005304
-0.3388814530399606
-0.3367673632210163
-0.3360565799278651
-0.33475449957334746
-0.266200534489814
-0.26134964297940905
-0.25343184646193756
-0.24860232057379095
-0.23335393884204012
-0.19822542377302663
-0.1874419227144057
-0.1825780158426014
-0.17283301243455362
-0.1097355954460339
-0.09803749017275626
-0.09234060180518175
-0.07619181124300911
-0.051115902367053795
-0.03038640468648103
-0.028668256636176025
-0.01332653628632972
-0.011196158442192938
0.10737749879398786
0.10862021543522991
0.11726570470076286
0.11858179422473646
0.19762570444204133
0.210905464274674
0.21311207738301205
0.2250659800419713
0.22958375363959757
0.247250140377647
0.24949307555835837
0.25402946517285174
0.2553090694310493
0.9071500237821865
0.9083558623569743
0.9105650008619506
0.9145329462156302
0.916843039529225
0.9295620093450623
0.9458519982547046
0.9615615683930598
0.9703406531677603
1.0917727586321895
1.0921575640658596
1.1017891701148108
1.112931350407144
1.157101780859589
1.1601637574223693
1.1698970563048472
1.1747137909070509
1.1846411711278475
1.1946133929579876
1.1998179172713808
1.2032687301042897
1.2057268400099492
1.44115464467686
1.442260484077915
1.443906410169728
1.4454838203110356
1.448784639838081
1.4520400955079
1.4537732816357603
1.4551711656990813
1.4556457495508999
1.8505104356863007
1.8511497905267533
1.853592146383259
1.8551332537529184
1.8613237030422507
1.862414478478793
1.8672395014369079
1.8718841904807244
1.8753541346955243
1.8994807684316537
1.9192442736331152
1.9435123653845148
1.9699239869321605
2.0028891514239477
2.0276265870678016
2.051906534928324
2.0745537872811926
2.094702676731248
2.1116786332406474
2.124922766878215
2.134009983862985
2.138637067798062
2.977754023601002
2.9886465209575026
3.0007584605755975
3.013862311038707
3.0276922954585554
3.041966743939745
3.056406902751602
3.0707506487653244
3.084761139232888
3.0982874461294396
3.1110453985601003
3.1229406206448593
3.133854376274897
3.1437111643250857
3.1524183753423007
3.1599368203950084
3.16623199491485
3.171282641216612
3.1750782395348387
3.1776165884412757
3.1789022125230004
3.1789450163432833
-2.4976498790830424
-2.4942275978297928
-2.490546349911156
-2.486589633944515
-2.482332634793217
-2.477777375636961
-2.4728994488540366
-2.4676858984678125
-2.462126042713548
-2.4557002498523537
-2.4495141882049705
-2.442872648743757
-2.4357750289374924
-2.4274019457476887
-2.419460272916186
-2.411118086152229
-2.4024017353817744
-2.3933461005635217
-2.3839955984607673
-2.374410461475099
-2.364661791695935
-2.3548426278043832
-2.0415984618296514
-2.034448162457442
-2.027296151600779
-2.0203098026921986
-2.0136481254943472
-2.007471529362199
-2.00205667615727
-1.997573236402546
-1.9941970330377738
-1.9386724604663463
-1.9263712794105978
-1.9148669428732679
-1.9048701406268183
-1.8966074702258031
-1.8907135115122908
-1.8868927712020025
-1.883532094675331
-1.8794083880901455
-1.8630150726248538
-1.8588946200341125
-1.8556878184567605
-1.853445728133704
-1.7820714242332751
-1.7816845494323175
-1.7812879568869562
-1.779533692549026
-1.7766340625844603
-1.7745145565820375
-1.773921335160716
-1.7733008481145947
-1.7716699346089806
-1.4431680846308987
-1.4422546439169817
-1.4408140779236844
-1.4391966848646571
-1.4290754510759833
-1.4273854074435952
-1.4259186406893358
-1.4245179997976294
-1.4228682168687947
-1.387084618362075
-1.3859090720274623
-1.385271342615564
-1.3843902371048993
-1.342154247102163
-1.340818029805175
-1.3396170012207997
-1.3382155143825536
-1.3358041403978171
-1.3310077718891349
-1.330098463108159
-1.3290474116153137
-1.3280273044713184
-0.4372517041254585
-0.4365066508061687
-0.4359651645263258
-0.4354158553827351
-0.42471959337152604
-0.4228576845972994
-0.41720240989130797
-0.4095977020327053
-0.4038104739089878
-0.3394288215015159
-0.3369839124411849
-0.33639942451196914
-0.3347214497060806
-0.2660557466987171
-0.2617536389414308
-0.25253883095398005
-0.24941057608376424
-0.23349897634702332
-0.1983341782070655
-0.18731965557215136
-0.18273458862356232
-0.1728007160766578
-0.10968398212617177
-0.09823357089639918
-0.0922824570163768
-0.07643038377195838
-0.051520829554359326
-0.03434781699533492
-0.024445934082713446
-0.015771760530726802
-0.009962573247906554
0.10632545098350825
0.11079979047546495
0.11461187038236165
0.12037775557718687
0.19537765961248116
0.2087476969202946
0.21435372726702032
0.22510326377800532
0.22945779864272753
0.24756044490860893
0.24910809556285268
0.2543850273724608
0.25497825024906845
0.906936563400929
0.9094231965275941
0.9095705653929655
0.9142549519935227
0.918676953568957
0.9333420595170033
0.9500865744154281
0.9646196339966713
0.9710160578331385
1.090914082016061
1.0935305930154517
1.0988121984476082
1.110655597847504
1.1531548056549705
1.1614145482139238
1.1706577036170283
1.1733517288278212
1.185460581543432
1.193719556619028
1.201488826510597
1.2018875429846636
1.205881100734835
1.441543701621694
1.4418240715712038
1.4445804433629386
1.444886118511076
1.4489852832775694
1.4517701566301298
1.454452827263155
1.454489903971488
1.4556512922361757
1.8506898202979125
1.8509098548051481
1.8541323416530378
1.8549176603521107
1.8600838094565837
1.8650777005321773
1.865763681450355
1.8710637944240442
1.8794307398504775
1.9037713537438323
1.9250112456037658
1.949977739876699
1.9766856027855604
2.0090337787407377
2.03379256607912
2.0577591676406213
2.0798544467331936
2.0992663788465693
2.1153579261870843
2.127598401227971
2.1355937174607242
2.1390749669518994
2.975242588934262
2.9858013605109694
2.9976277620591674
3.0105074570278556
3.024182051113447
3.038371904882531
3.052796044951852
3.06718718933953
3.081301617738521
3.0949796316149136
3.1079315770226357
3.1200546247307157
3.131223518451058
3.141354148488277
3.1503513410248263
3.1581707902316305
3.164774246633764
3.170137392932652
3.1742472545798366
3.177099718572008
3.1786977942033996
3.1790500959323373
-2.4976498790830424
-2.494227597829791
-2.4905463499111677
-2.48658963394452
-2.482332634793218
-2.477777375636963
-2.472899448854034
-2.4676858984678134
-2.4621260427135474
-2.4557002498523564
-2.449514188204969
-2.4428726487437604
-2.43577502893749
-2.4274019457476905
-2.4194602729161883
-2.4111180861522366
-2.402401735381768
-2.3933461005635235
-2.383995598460768
-2.3744104614751036
-2.364661791695944
-2.3548426278043837
-2.0415984618296545
-2.0344481624574415
-2.027296151600778
-2.0203098026922
-2.0136481254943486
-2.0074715293621903
-2.0020566761572858
-1.9975732364025223
-1.9941970330377843
-1.9386724604663421
-1.9263712794101568
-1.9148669428834109
-1.9048701404954784
-1.8966074714782706
-1.890713504664901
-1.886892785910715
-1.8835320814954024
-1.8794083926069405
-1.863015070864706
-1.8588946231698185
-1.8556878159435648
-1.8534457289418966
-1.7820959997745769
-1.781590897522638
-1.781366252977597
-1.7795203376074242
-1.7766453480764453
-1.7744694639159955
-1.773977673989684
-1.773281809274491
-1.7716705770139443
-1.443167530948345
-1.4422563876100365
-1.4408115905766636
-1.4391982527509732
-1.4290582270555525
-1.4274466963984045
-1.425829049951279
-1.4245739244928366
-1.4228575416281608
-1.3870909569894754
-1.385876395469486
-1.385307062117953
-1.384380859287099
-1.3421721605904149
-1.3407194394075856
-1.3397652337740922
-1.3381248315647645
-1.335832188986606
-1.3309778420174356
-1.3301371647452442
-1.3290307910980006
-1.3280302338536012
-0.43725441603351545
-0.4364914306540497
-0.43598669051177424
-0.43540672052767
-0.42472069456062356
-0.4228563887007583
-0.41720283186974344
-0.40959754575557417
-0.4038105206283759
-0.339430196572116
-0.3369635656950683
-0.3364228447438823
-0.33471699126216653
-0.2660587384545519
-0.26174726553721167
-0.25254910984350526
-0.24940363534110144
-0.2334988527011442
-0.19833629714541232
-0.18731130050577732
-0.18274226037218216
-0.1727994528709726
-0.10968357260636499
-0.09823573473020678
-0.09228020440678106
-0.07643100439523687
-0.051520679510797945
-0.03434770597979938
-0.0244462955769732
-0.01577141584352829
-0.009962699205250048
0.10632543797438913
0.11079983295994818
0.11461183126255489
0.12037776526371052
0.19537765990688602
0.20874769064866483
0.214353739523256
0.22510324361602863
0.2294578145221309
0.2475604196316585
0.24910812434580887
0.25438500659737456
0.2549782654921677
0.9069365635744663
0.9094231871206163
0.9095705749585962
0.914254951467148
0.918676953786987
0.9333420594807503
0.9500865744386789
0.9646196339746407
0.9710160578444083
1.090914083169909
1.093530590545327
1.0988122003224994
1.110655597090969
1.1531548176940407
1.161414494329813
1.17065796631959
1.1733514691587479
1.185460657546211
1.1937194865412366
1.2014892839618299
1.2018871078519795
1.2058811115007002
1.4415436928337548
1.441824083950535
1.4445803786145777
1.4448861847291297
1.4489852705995612
1.4517701748973473
1.4544520927461737
1.454490636909391
1.4556512831649597
1.850689820291995
1.850909854812334
1.8541323416447513
1.8549176603599944
1.8600838094549992
1.865077700536273
1.8657636814468845
1.8710637944241368
1.8794307398504748
1.9037713537438317
1.9250112456037651
1.9499777398766978
1.9766856027855613
2.009033778740739
2.0337925660791187
2.05775916764062
2.079854446733192
2.0992663788465693
2.115357926187084
2.1275984012279707
2.135593717460725
2.1390749669519
2.9752425889342624
2.9858013605109672
2.9976277620591736
3.0105074570278525
3.0241820511134483
3.0383719048825304
3.052796044951852
3.0671871893395255
3.081301617738527
3.0949796316149127
3.1079315770226317
3.1200546247307264
3.131223518451061
3.1413541484882743
3.150351341024826
3.1581707902316327
3.164774246633763
3.1701373929326566
3.174247254579838
3.1770997185720065
3.178697794203391
3.1790500959323382
-2.4976498790830437
-2.4942275978297896
-2.4905463499111615
-2.486589633944519
-2.482332634793212
-2.4777773756369608
-2.4728994488540343
-2.467685898467807
-2.462126042713545
-2.4557002498523586
-2.4495141882049665
-2.4428726487437618
-2.435775028937488
-2.4274019457476927
-2.419460272916186
-2.4111180861522348
-2.4024017353817735
-2.393346100563528
-2.3839955984607695
-2.3744104614750974
-2.364661791695938
-2.354842627804378
-2.0415984618296514
-2.034448162457443
-2.0272961516007766
-2.020309802692198
-2.0136481254943552
-2.0074715293621685
-2.0020566761573226
-1.9975732364024854
-1.9941970330377983
-1.9386724604664038
-1.9263712794091856
-1.9148669428918874
-1.9048701404492585
-1.896607471560006
-1.8907135054664361
-1.8868927824860833
-1.8835320859253213
-1.8794083904918322
-1.863015072958349
-1.8588946184828947
-1.8556878205072278
-1.8534457272358384
-1.7820959015718907
-1.781592953171312
-1.7813638105164051
-1.7795212677578907
-1.7766437400132686
-1.7744790150870446
-1.7739652814497144
-1.7732859867789204
-1.7716704038072193
-1.4431699384949654
-1.4422488468379515
-1.4408221255159344
-1.4391917836471373
-1.429115839995901
-1.4272182321729052
-1.4261320387220047
-1.4244088295871953
-1.422891577820541
-1.3870826314923124
-1.3859175018606873
-1.3852626986478709
-1.3843924320591696
-1.3421628587628247
-1.3407724082032473
-1.3396894122138527
-1.3381680745939815
-1.3358189102174842
-1.3309909263262405
-1.3301206789224773
-1.3290375702068553
-1.3280290450124757
-0.4372544843695356
-0.43649089067153835
-0.4359875640594289
-0.43540630749409576
-0.4247208373588335
-0.4228562080821763
-0.41720290061038695
-0.4095975169969597
-0.4038105297381321
-0.3394293814228232
-0.33697411581304837
-0.3364110746149621
-0.3347190296433202
-0.26605665427590186
-0.2617521583733286
-0.25253875761128025
-0.24941160318550526
-0.23349847126130024
-0.19833472270792163
-0.18731947029170873
-0.18273391607438566
-0.17280119675872554
-0.10968337368610848
-0.0982353480482744
-0.09228122506399111
-0.07643025284199106
-0.051521372556928714
-0.0343465868223024
-0.02444745818534847
-0.015770792241562005
-0.009962861611393628
0.10632542631246217
0.11079986338733831
0.11461180861081581
0.12037776904349201
0.1953776612589872
0.2087476798458223
0.21435375551892005
0.22510322757937737
0.22945782473529197
0.2475604160943467
0.24910812725106782
0.2543850072709843
0.25497826476676794
0.9069365639707789
0.9094231681602886
0.9095705941025058
0.9142549506145989
0.9186769540812028
0.9333420594529785
0.9500865744468293
0.964619633973211
0.9710160578437929
1.0909140846582868
1.0935305876467853
1.0988122021467939
1.1106555966131402
1.1531548155703697
1.1614145119614812
1.1706578315220884
1.1733516178195056
1.185460590155501
1.1937195687523774
1.2014885787103537
1.2018877886159196
1.20588109186034
1.4415436074441086
1.44182419946637
1.4445799453990016
1.4448866142575731
1.4489852123167213
1.4517702447222387
1.4544498586286538
1.4544928609912535
1.4556512552195013
1.8506898203009954
1.8509098548013396
1.8541323416586137
1.8549176603465072
1.8600838094581549
1.8650777005266685
1.8657636814552143
1.8710637944238646
1.879430739850484
1.9037713537438323
1.9250112456037647
1.9499777398766984
1.9766856027855622
2.009033778740738
2.0337925660791196
2.057759167640621
2.0798544467331923
2.099266378846569
2.115357926187084
2.1275984012279725
2.1355937174607247
2.1390749669518994
2.975242588934262
2.985801360510968
2.9976277620591705
3.0105074570278547
3.0241820511134496
3.0383719048825326
3.0527960449518523
3.0671871893395277
3.0813016177385215
3.0949796316149145
3.107931577022638
3.120054624730723
3.131223518451058
3.1413541484882748
3.150351341024823
3.1581707902316314
3.1647742466337614
3.170137392932654
3.1742472545798393
3.177099718572002
3.1786977942033903
3.1790500959323382
-2.4976498790830424
-2.4942275978297923
-2.490546349911163
-2.486589633944513
-2.482332634793215
-2.4777773756369594
-2.472899448854033
-2.4676858984678107
-2.462126042713547
-2.455700249852355
-2.4495141882049682
-2.442872648743753
-2.4357750289374853
-2.4274019457476927
-2.4194602729161843
-2.41111808615223
-2.4024017353817704
-2.3933461005635213
-2.383995598460768
-2.374410461475099
-2.3646617916959367
-2.3548426278043832
-2.0415984618296537
-2.0344481624574424
-2.027296151600776
-2.0203098026921986
-2.013648125494358
-2.0074715293621734
-2.0020566761573075
-1.9975732364025105
-1.994197033037788
-1.9386724604664105
-1.9263712794096395
-1.9148669428817462
-1.904870140580603
-1.8966074703075422
-1.8907135123138181
-1.8868927677773473
-1.8835320991052662
-1.8794083859750481
-1.8630150747184977
-1.8588946153471941
-1.8556878230204294
-1.8534457264276514
-1.782071284014116
-1.7816857495173561
-1.7812864010971723
-1.7795346306242612
-1.776632440060695
-1.7745226296901446
-1.773909997169445
-1.77330546611713
-1.7716697618629138
-1.443170486388339
-1.4422470933267073
-1.4408246146773818
-1.4391902293504375
-1.4291310583960315
-1.4271319469479409
-1.4262371441845048
-1.4243633318050613
-1.4229033135174456
-1.3870761055239342
-1.3859469428888256
-1.3852299022163814
-1.3844023096769078
-1.3421443680491285
-1.3408628004889147
-1.3395441218778312
-1.3382641627092697
-1.3357912766944815
-1.3310200059291906
-1.330082556843917
-1.3290544573714456
-1.3280261324499447
-0.437251773691012
-0.43650614411253075
-0.435966024290707
-0.4354154216148475
-0.4247197363563513
-0.42285750380206477
-0.4172024786223678
-0.4095976732731682
-0.40381048301847117
-0.3394280040277555
-0.33699370707971876
-0.3363883908026968
-0.33472350947149215
-0.2660536576414445
-0.2617585324206161
-0.2525284382885349
-0.24941858858943444
-0.23349859491376956
-0.19833260270193454
-0.18732780099726387
-0.18272626884758247
-0.1728024608719698
-0.10968378322384136
-0.09823318374386687
-0.09228347806683433
-0.07642963227200092
-0.05152152260352785
-0.03434669787526544
-0.024447096699333135
-0.015771136900440103
-0.009962735639801561
0.10632543932145919
0.11079982090253367
0.11461184773103063
0.12037775935699563
0.1953776609645772
0.20874768611742361
0.21435374326270296
0.2251032477412808
0.2294578088559769
0.2475604413711871
0.24910809846821888
0.2543850280461127
0.2549782495236254
0.9069365637972439
0.9094231775648182
0.9095705845393224
0.9142549511409748
0.9186769538631742
0.9333420594892322
0.9500865744235797
0.9646196339952425
0.9710160578325231
1.0909140835044369
1.093530590116914
1.0988122002719056
1.1106555973696757
1.1531548035313157
1.1614145658458996
1.1706575688447187
1.1733518774635163
1.1854605141529428
1.1937196388303684
1.2014881227929384
1.2018882222142397
1.205881081094157
1.4415436162250268
1.4418241870938429
1.4445800099658443
1.4448865482210953
1.4489852249945512
1.451770226454655
1.4544505145949742
1.4544922066034807
1.4556512642919606
1.8506898203069135
1.8509098547941571
1.8541323416669018
1.8549176603386237
1.86008380945974
1.8650777005225716
1.865763681458683
1.8710637944237718
1.8794307398504866
1.9037713537438319
1.9250112456037645
1.9499777398766982
1.9766856027855608
2.009033778740738
2.033792566079119
2.057759167640622
2.079854446733192
2.0992663788465684
2.1153579261870843
2.127598401227973
2.1355937174607247
2.1390749669519
2.975242588934262
2.985801360510968
2.99762776205917
3.0105074570278543
3.0241820511134505
3.0383719048825295
3.0527960449518527
3.067187189339523
3.0813016177385233
3.094979631614914
3.1079315770226352
3.1200546247307215
3.1312235184510624
3.1413541484882774
3.1503513410248227
3.1581707902316296
3.1647742466337667
3.170137392932653
3.174247254579839
3.177099718572006
3.1786977942033947
3.17905009593234
-2.4984668739574483
-2.4951068096070563
-2.4914918383047433
-2.487605545112552
-2.4834226723382704
-2.4789458813300045
-2.4741499263615925
-2.46902137697775
-2.4635489586125816
-2.4571761969678017
-2.4511032580125156
-2.444575864244057
-2.4375920093525867
-2.4293223979113203
-2.421484100828195
-2.4132398751165267
-2.4046141514499686
-2.395639492898823
-2.386357356400831
-2.3768252468883446
-2.3671095794004198
-2.3572980728439217
-2.039819912070016
-2.032653943034728
-2.025527253979646
-2.018609891414139
-2.012063695019733
-2.0060418678541354
-2.00084068069296
-1.9966199798168056
-1.9935401769395684
-1.9355485201264087
-1.9233992269616864
-1.9121896298169154
-1.9027281097089683
-1.895249275437968
-1.8896527269709233
-1.886056435810885
-1.8826320686848714
-1.8782441009087953
-1.8619169699144595
-1.8579978445068446
-1.8550492593392391
-1.853043998846286
-1.7820226385956044
-1.7817679762282486
-1.7810709466607413
-1.77918961763505
-1.7770105038308341
-1.774388427716247
-1.7738826001541927
-1.773048943887967
-1.771360379906954
-1.4433025421253214
-1.44254199319909
-1.4411975753432085
-1.4395664907230576
-1.4290795754956154
-1.4275860906442064
-1.4261714037370201
-1.4248081982282037
-1.4230819611397396
-1.3874282567865321
-1.386137689505581
-1.3853034174558856
-1.3843931238920393
-1.3417101490450256
-1.340608219269331
-1.339434932153798
-1.3381655232824392
-1.3358050086643891
-1.330796620477028
-1.3298520734175527
-1.328843247172109
-1.327957732319337
-0.43764430151273925
-0.43653956333801647
-0.4361262589351034
-0.43543992793876085
-0.4250794747749997
-0.42365454786615575
-0.41891419115800405
-0.41149132114271875
-0.4047857532912266
-0.3397554165710798
-0.3373466949548442
-0.3366491195990212
-0.33463605458471274
-0.26652522724590105
-0.25992346338352235
-0.25582081183878563
-0.24698094183351968
-0.2342875795624924
-0.19670957097064717
-0.19149789825734073
-0.1783415533774245
-0.17471843472437448
-0.10752172611885374
-0.10335140460992345
-0.08674617120680063
-0.08006634928283288
-0.05112548738345628
-0.036401794386566454
-0.01991615193317844
-0.019683609372478542
-0.009351348689205488
0.10611106690839889
0.1119079838143378
0.11344538856255915
0.12129462129232994
0.19421357411181941
0.20457523812130232
0.21807292922005506
0.22163093772183776
0.23104375649875378
0.24620668176100394
0.2509973598817064
0.2530779927471187
0.2554240486975794
0.9070439290694229
0.9084458705425627
0.911180459045008
0.9130984410726602
0.9216364917726833
0.93738504586619
0.9541883022024185
0.9671351616300307
0.971134826136773
1.0905095532451172
1.0955676355672452
1.0961064981138369
1.1079029064369712
1.1493986796502162
1.1636787425484703
1.1663081654625571
1.176525398700862
1.1839303420160703
1.1951166251508925
1.19931312491529
1.2035457561293088
1.2055355494099906
1.4414788957274245
1.442228382979575
1.4437123321843603
1.4457139740113913
1.448618841855579
1.452222923746119
1.4536733193537348
1.4549950166449057
1.4555109365682797
1.8504241419013643
1.8515485069472846
1.853191629309174
1.8560587811281481
1.8593772219295523
1.8642659435898123
1.8681555344830985
1.8699515540506337
1.8838144715917429
1.9085599730971974
1.931000732026713
1.956549576823457
1.9834713520917047
2.0152232690135743
2.0399067413683136
2.0634936169655
2.0849866242426907
2.1036213149020724
2.118796272349572
2.1300080844182294
2.1368945799091374
2.1392226120864946
2.972820050832441
2.983035753709575
2.9945631098410477
3.007202385503575
3.0207040141887678
3.0347916384182247
3.0491830069266648
3.0636062918916576
3.0778112226393883
3.0916294473123984
3.1047658113105516
3.1171088734834003
3.1285266329300008
3.138926868354188
3.148210615751797
3.1563286926476546
3.1632389240283483
3.1689137675874095
3.1733376500789463
3.1765044224859604
3.1784154907044964
3.1790781493636384
-2.4984668739574487
-2.4951068096070546
-2.4914918383047415
-2.4876055451125505
-2.4834226723382686
-2.478945881330008
-2.4741499263615925
-2.469021376977747
-2.463548958612583
-2.4571761969677994
-2.4511032580125116
-2.444575864244058
-2.437592009352586
-2.4293223979113194
-2.4214841008281947
-2.4132398751165294
-2.4046141514499646
-2.3956394928988276
-2.3863573564008314
-2.376825246888345
-2.367109579400424
-2.3572980728439226
-2.0398199120700125
-2.0326539430347283
-2.0255272539796465
-2.0186098914141404
-2.012063695019731
-2.0060418678541496
-2.0008406806929515
-1.9966199798168054
-1.9935401769395726
-1.9355485201263372
-1.9233992269618663
-1.912189629830909
-1.9027281094166073
-1.8952492783380974
-1.8896527114980002
-1.8860564660672232
-1.8826320441249809
-1.878244108592651
-1.861916967375037
-1.8579978486939484
-1.8550492562190568
-1.8530439997891626
-1.7820458877361385
-1.781723919422481
-1.7810985352814783
-1.779177741956082
-1.7770200936922635
-1.774354540091055
-1.7739211024199504
-1.7730394287985
-1.771360785218266
-1.4433015826742013
-1.44254462106632
-1.4411943480710736
-1.439568353768585
-1.4290527280248424
-1.4276722271735816
-1.426052225683578
-1.4248797727284992
-1.4230699656258006
-1.38743227751949
-1.3861202723300785
-1.385323144361944
-1.384386797512252
-1.3417376201884905
-1.3404760141244665
-1.3396232441027691
-1.3380565294051585
-1.335834994986308
-1.3307680385299323
-1.3298913670637882
-1.328823823353682
-1.3279618757816902
-0.43764496431805294
-0.43653155461092114
-0.4361373542963889
-0.4354360991010377
-0.4250805417112171
-0.4236532693611602
-0.4189145598810079
-0.4114912181641375
-0.4047857790846395
-0.3397538858346229
-0.3373586438753418
-0.3366368689952966
-0.3346378827212406
-0.2665283388042481
-0.25990592021005
-0.2558418149948068
-0.24697248126360896
-0.2342896512978635
-0.19671035881785776
-0.19149546795400946
-0.17834682221030757
-0.17471457753473543
-0.10752305822310318
-0.10334988143569068
-0.0867460785830016
-0.08006685793053393
-0.051124940311716376
-0.03640256601927383
-0.01989369506055825
-0.01970577502947251
-0.009351242263572528
0.1061110749024507
0.11190793662151381
0.11344542983385789
0.12129461931147578
0.19421357283382096
0.20457524208436065
0.21807291243146457
0.22163095502112207
0.2310437527689657
0.24620668258236136
0.2509973601729631
0.25307799170944245
0.255424049119791
0.9070439287514893
0.9084458713664163
0.9111804578306416
0.9130984418452139
0.9216364916969503
0.937385045882767
0.9541883021954733
0.967135161630669
0.9711348261382404
1.0905095519732397
1.095567659308778
1.096106475044502
1.1079029070987974
1.149398680159605
1.1636787012940792
1.1663082281991635
1.1765253414447507
1.183930401129949
1.195116537329965
1.1993132335959027
1.2035456833086013
1.2055355774593854
1.4414789255365756
1.4422283075510012
1.443712424498891
1.4457138973236694
1.448618894189815
1.4522228417814889
1.4536734299733383
1.454994922218357
1.4555109799982335
1.850424141900526
1.8515485069499538
1.8531916293058102
1.8560587811309044
1.8593772219277425
1.864265943590856
1.8681555344822738
1.8699515540510017
1.8838144715917424
1.9085599730971983
1.9310007320267135
1.9565495768234586
1.983471352091705
2.015223269013573
2.0399067413683136
2.0634936169655
2.084986624242691
2.1036213149020724
2.118796272349572
2.1300080844182303
2.136894579909137
2.1392226120864946
2.972820050832441
2.9830357537095713
2.994563109841045
3.0072023855035797
3.0207040141887695
3.0347916384182247
3.049183006926666
3.063606291891661
3.0778112226393843
3.091629447312398
3.104765811310551
3.117108873483402
3.1285266329300048
3.1389268683541913
3.148210615751795
3.1563286926476612
3.1632389240283416
3.1689137675874077
3.173337650078945
3.1765044224859613
3.178415490704497
3.179078149363637
-2.4984668739574536
-2.495106809607053
-2.491491838304742
-2.487605545112549
-2.48342267233827
-2.4789458813300107
-2.4741499263615885
-2.4690213769777545
-2.463548958612583
-2.4571761969678017
-2.451103258012513
-2.444575864244058
-2.437592009352589
-2.4293223979113203
-2.4214841008281955
-2.413239875116533
-2.4046141514499664
-2.395639492898823
-2.386357356400833
-2.3768252468883455
-2.3671095794004233
-2.3572980728439217
-2.0398199120700156
-2.032653943034735
-2.0255272539796487
-2.0186098914141386
-2.012063695019737
-2.0060418678541216
-2.0008406806930017
-1.9966199798167519
-1.9935401769395962
-1.9355485201264382
-1.9233992269595348
-1.91218962986218
-1.9027281091551675
-1.8952492795678024
-1.8896527090218997
-1.8860564662203565
-1.8826320475697012
-1.8782441060357262
-1.8619169709627952
-1.8579978405958206
-1.8550492640999878
-1.8530439968558332
-1.782050838479019
-1.7817138222237725
-1.7811050170151297
-1.7791756297108041
-1.7770213232861813
-1.7743520905324393
-1.7739234407594007
-1.773039088111111
-1.771360784498974
-1.4433054233418978
-1.4425341282752806
-1.4412069855680987
-1.4395612552348154
-1.4291369447934934
-1.4273441863891687
-1.4264645111140113
-1.4246732010705032
-1.4231092035041395
-1.3874246805202153
-1.386151768518559
-1.3852879156866456
-1.3843981144411566
-1.3417201900351177
-1.3405626150538423
-1.3395063048156255
-1.338118716583644
-1.3358182362520477
-1.330782127678361
-1.32987265121797
-1.3288326593776405
-1.327960004604284
-0.4376446903714668
-0.43653418016366397
-0.4361340905196224
-0.4354370047322569
-0.4250809172944111
-0.42365274457993085
-0.41891477201179733
-0.4114911399233255
-0.4047858015224278
-0.3397523417339908
-0.33737051943393687
-0.33662458310693855
-0.3346398349059662
-0.2665290866077052
-0.2599025030582498
-0.25584524412363435
-0.24697175294706522
-0.23428953659151086
-0.19671194127569092
-0.191493294332264
-0.17834825073767782
-0.17471384187791086
-0.1075214145091057
-0.10335225099207028
-0.08674414045940305
-0.08006811716591054
-0.051124948649228515
-0.036402273237567305
-0.019912289068867953
-0.01968727250283713
-0.009351371475754667
0.1061110625245387
0.11190803508219878
0.11344533579168793
0.12129462732165343
0.19421357302978165
0.20457524018210943
0.21807292989620675
0.22163093346366403
0.23104376053894987
0.24620667394518783
0.25099737977516895
0.25307797511779
0.2554240527373774
0.9070439288926664
0.9084458709738551
0.9111804584891102
0.9130984413889788
0.921636491760231
0.9373850458572381
0.9541883022217048
0.9671351615909429
0.9711348261632147
1.090509552946253
1.095567637527389
1.096106496616581
1.1079029061546042
1.149398684746183
1.1636785903260918
1.1663083762074922
1.1765252531221706
1.1839304711838696
1.1951164661980322
1.1993133095740052
1.2035456397572692
1.2055355929866933
1.441478922452698
1.4422283162134428
1.4437124118065592
1.4457139102253092
1.448618883023129
1.4522228639511252
1.453673397462161
1.4549949520075351
1.4555109659294074
1.8504241418999734
1.8515485069516626
1.8531916293037562
1.8560587811324534
1.8593772219268168
1.8642659435913136
1.8681555344819603
1.8699515540511322
1.883814471591742
1.9085599730971972
1.9310007320267109
1.9565495768234582
1.9834713520917042
2.0152232690135747
2.0399067413683127
2.0634936169655
2.0849866242426907
2.1036213149020724
2.118796272349572
2.1300080844182294
2.136894579909137
2.139222612086494
2.972820050832441
2.9830357537095735
2.9945631098410495
3.0072023855035788
3.020704014188767
3.034791638418224
3.0491830069266608
3.0636062918916585
3.077811222639389
3.0916294473123935
3.104765811310548
3.117108873483396
3.128526632930008
3.1389268683541878
3.1482106157518004
3.1563286926476586
3.1632389240283474
3.1689137675874055
3.173337650078944
3.1765044224859618
3.178415490704499
3.179078149363638
-2.498466873957448
-2.495106809607054
-2.4914918383047433
-2.487605545112553
-2.483422672338267
-2.478945881330011
-2.4741499263615974
-2.4690213769777536
-2.463548958612583
-2.4571761969677994
-2.4511032580125187
-2.4445758642440585
-2.4375920093525902
-2.4293223979113194
-2.4214841008281938
-2.413239875116532
-2.4046141514499673
-2.3956394928988254
-2.3863573564008336
-2.3768252468883455
-2.367109579400425
-2.357298072843926
-2.039819912070016
-2.0326539430347252
-2.0255272539796443
-2.018609891414137
-2.0120636950197426
-2.0060418678541128
-2.000840680693005
-1.9966199798167494
-1.993540176939594
-1.935548520126505
-1.9233992269593527
-1.9121896298481913
-1.9027281094475268
-1.8952492766676725
-1.889652724494833
-1.8860564359639762
-1.882632072129599
-1.8782440983518807
-1.8619169735022127
-1.8579978364087113
-1.8550492672201748
-1.8530439959129623
-1.7820289356900614
-1.7817570500326232
-1.781076931393866
-1.7791874924106035
-1.7770117297983299
-1.7743862882252068
-1.7738846410715217
-1.7730485868091916
-1.77136037918507
-1.443306364776669
-1.4425314882567564
-1.4412102244874871
-1.4395594104742933
-1.4291589718049014
-1.42718715954909
-1.426640758221846
-1.424618906079389
-1.4231225614599567
-1.387420564689967
-1.3861682088480067
-1.385268957786705
-1.3844047437581986
-1.3416907260600286
-1.340679136529203
-1.339323252785164
-1.3382394958243178
-1.3357888687313402
-1.3308098463978608
-1.329833827062532
-1.3288524488491824
-1.32795590164363
-0.43764402671798286
-0.4365420753132329
-0.4361230919922214
-0.43544085116216413
-0.42507985103091955
-0.423654022448818
-0.41891440325430224
-0.411491242899738
-0.40478577572869273
-0.33975387679638247
-0.3373589434577678
-0.33663646422121835
-0.3346379989886157
-0.2665259765720711
-0.2599200718859346
-0.25582421593822857
-0.24698021136206294
-0.23428746486090565
-0.19671115429379465
-0.1914957240896007
-0.17834298387202152
-0.1747176967835041
-0.10752008113058305
-0.10335377539554447
-0.08674423328435861
-0.08006760836437928
-0.051125495712291094
-0.03640150158683054
-0.019931641809488587
-0.019668210994248
-0.009351477909503005
0.10611105453055734
0.11190808228025503
0.11344529451509609
0.1212946293024941
0.19421357430777916
0.20457523621905505
0.2180729466849634
0.2216309161642217
0.23104376426873366
0.24620667312383335
0.25099737948390116
0.253077976155471
0.2554240523151613
0.9070439292106008
0.908445870149994
0.9111804597034763
0.9130984406164286
0.9216364918359627
0.9373850458406656
0.9541883022286525
0.9671351615903047
0.9711348261617482
1.0905095542181307
1.095567613787727
1.0961065196840447
1.1079029054927787
1.149398684236793
1.163678631575979
1.1663083134749987
1.1765253103778799
1.1839304120705547
1.195116554016777
1.1993132008946248
1.2035457125783338
1.205535564938128
1.4414788926440085
1.4422283916422063
1.4437123194919903
1.4457139869126596
1.448618830688806
1.4522229459179314
1.4536732868425715
1.4549950464357568
1.45551092249544
1.8504241419008116
1.8515485069489919
1.8531916293071198
1.8560587811296978
1.8593772219286278
1.8642659435902689
1.868155534482785
1.8699515540507647
1.883814471591744
1.9085599730971965
1.9310007320267117
1.9565495768234578
1.9834713520917042
2.0152232690135747
2.0399067413683136
2.0634936169654985
2.084986624242691
2.103621314902072
2.11879627234957
2.130008084418229
2.136894579909137
2.1392226120864946
2.9728200508324405
2.9830357537095713
2.994563109841043
3.0072023855035783
3.020704014188768
3.034791638418227
3.0491830069266643
3.063606291891662
3.077811222639387
3.0916294473123958
3.1047658113105467
3.117108873483398
3.128526632930004
3.1389268683541878
3.1482106157517973
3.1563286926476546
3.163238924028342
3.168913767587409
3.173337650078945
3.176504422485957
3.178415490704498
3.179078149363638
