-2.5097516464999314
-2.5064229511171963
-2.5027952780362965
-2.4988534032171636
-2.494583041320462
-2.489968615593294
-2.4850034848427285
-2.479674161098147
-2.4734350947595964
-2.467355471696496
-2.460906099132186
-2.4540889908467287
-2.446909414922255
-2.4392079662228596
-2.431254224750451
-2.4228983151094505
-2.414159441406449
-2.4050728153626872
-2.395678286459163
-2.3860329316059268
-2.376212307664648
-2.048267387225602
-2.0392139183296063
-2.0302947021803597
-2.0216992097765076
-2.013682641429748
-2.005497829565353
-1.9984446950443355
-1.992357937880588
-1.9863805799224528
-1.9834457163361743
-1.9813040930166428
-1.9802389094333666
-1.979848302252588
-1.9012444078676933
-1.891895750760467
-1.8835471770831111
-1.8756407838924962
-1.870174164754644
-1.865408190724429
-1.8623575550924993
-1.860373852530997
-1.7811391372132692
-1.7806450143320434
-1.7792900766658553
-1.7764586665585376
-1.775881819442699
-1.7654681336377998
-1.763186683008071
-1.7591049419663851
-1.7432896025436864
-1.7429470132880927
-1.7415067238297468
-1.7402714039068854
-1.738802645246511
-1.4045279366193923
-1.4031760197056513
-1.4015022528187253
-1.3991525558188809
-1.3963344787653278
-1.392346253447628
-1.3905279162047517
-1.3887550082923208
-1.3386507568695327
-1.3372961680944517
-1.3354043702004452
-1.3337131624426695
-1.3330575148793717
-1.306246257799901
-1.3046475324352893
-1.3034123583474069
-1.3021919702150393
-1.3005841397744125
-1.2977611772976378
-1.2970896483530665
-1.296570714530806
-0.4057238880613025
-0.40494581991605855
-0.40191287557884836
-0.3991655848981149
-0.3979761878819719
-0.3880622576772847
-0.38665955228349375
-0.3861458849478987
-0.32450574831821094
-0.3237012379837712
-0.32203164867070483
-0.3127507643737021
-0.30382135160067597
-0.2358493649092499
-0.23024861016224782
-0.2279593317756419
-0.20395070891453435
-0.19788128553588852
-0.17721813112042387
-0.16786111023846484
-0.15781591800851563
-0.11483486938177058
-0.10277767049252481
-0.09373058133267731
-0.07135124319763415
-0.0648193741211149
-0.027986218174520506
-0.022504976921869195
-0.013320693872763873
0.058140530259005674
0.07263444776672309
0.08238690153470885
0.08978913103892892
0.09352964467819266
0.19801491259367132
0.20041639664902572
0.2046577110549074
0.21472213921328542
0.21932784649287418
0.22396570354280762
0.22744235514954753
0.2290060936287783
0.8897826841566729
0.8908386870500686
0.8943185711563847
0.8984178035178527
0.9016392479583121
0.9235503701780131
0.924307664820985
0.9301726000758754
0.9509735913830037
0.9699729521961155
0.9909106079595056
1.0031819858193693
1.003634807725583
1.1467152939405125
1.1517228622368436
1.1527479226713968
1.1645635817341569
1.1784849639725001
1.1898745346912125
1.1930009961194812
1.1945740771675353
1.4326974044221679
1.4343123641582758
1.4371479749951663
1.4398848104963742
1.4445796146799306
1.4575443576063647
1.462594622201437
1.4649866401810703
1.4784491382554075
1.479960836344881
1.4846883276437752
1.4856829187659155
1.487425837376821
1.9069341112228821
1.907150147935418
1.9091873584812324
1.911004058306659
1.912163594042819
1.9134158380898847
1.9197627083554714
1.9332994947849305
1.9679393086584
1.9824151252129467
2.0032691310902755
2.027331934969536
2.0525363238316348
2.0783672172995957
2.102146172463636
2.1238296737166236
2.1427343187067085
2.158289353170343
2.170032450447506
2.177610229319346
2.180798565910946
3.00026261750331
3.0110923608185267
3.0231083882119063
3.0361011349443405
3.0498184283423635
3.063987253725007
3.0783328255531406
3.092593121657002
3.1065343497307203
3.1199316952206586
3.1326124898564944
3.144424000481711
3.1552409964629233
3.164999357404431
3.173554365732471
3.1808794080411067
3.1869323295461234
3.191684572884816
3.195118789725357
3.197226778157119
3.198007844390198
-2.50975164649993
-2.506422951117197
-2.502795278036292
-2.4988534032171623
-2.4945830413204657
-2.489968615593294
-2.485003484842729
-2.479674161098142
-2.4734350947595978
-2.467355471696504
-2.460906099132187
-2.454088990846731
-2.446909414922252
-2.4392079662228583
-2.431254224750442
-2.422898315109459
-2.4141594414064493
-2.4050728153626846
-2.3956782864591637
-2.3860329316059237
-2.3762123076646504
-2.0482673872255965
-2.039213918329603
-2.0302947021803566
-2.0216992097765094
-2.0136826414296984
-2.005497829565796
-1.9984446950413066
-1.9923579378960121
-1.986380579789979
-1.9834457168735848
-1.9813040914433881
-1.9802389121876582
-1.9798483006538201
-1.9012444078649113
-1.8918957508021044
-1.883547176790137
-1.8756407855683592
-1.870174159851712
-1.8654082002947445
-1.8623575449210796
-1.860373856614704
-1.781139775948985
-1.7806437364722976
-1.7792911856201317
-1.7764565250152542
-1.775883519366935
-1.7654680102000875
-1.7631868087774056
-1.7591049083668144
-1.743291042034926
-1.7429450265492021
-1.7415075993859048
-1.7402710250529465
-1.7388026988472702
-1.4045279534603696
-1.403175931071506
-1.401502447471233
-1.3991522787338881
-1.3963347661952248
-1.392345849298627
-1.3905283039944167
-1.3887548913209045
-1.338654107733868
-1.3372844511380824
-1.3354263564388165
-1.333679517985965
-1.3330775626155473
-1.3062227214767663
-1.3047739922969965
-1.3030576532348117
-1.3025214388043458
-1.3004854375659882
-1.2978269942215335
-1.297018163860701
-1.2965973739931014
-0.40572398024168144
-0.40494563755742763
-0.40191322707317995
-0.39916465680791274
-0.39797691119237816
-0.38806146277816955
-0.3866617596225199
-0.3861444156864281
-0.3245104120091844
-0.3236934033061136
-0.3220350360770112
-0.312750487820597
-0.3038214128283777
-0.23585112980221107
-0.2302373218292099
-0.2279699669361098
-0.20394379765455342
-0.1978888696747652
-0.17721349412081566
-0.16786490445806837
-0.1578150353222283
-0.11483386222126767
-0.1027805116662573
-0.09372811071474181
-0.0713527447397955
-0.06481841795657312
-0.027986249752208644
-0.022505004890838204
-0.01332066481806566
0.058140524817028284
0.0726344604734158
0.08238688907353461
0.08978913537127813
0.09352964475763384
0.19801490743417155
0.20041640618517148
0.20465770600566544
0.21472213807634255
0.21932785202386632
0.2239656959411891
0.22744236191943773
0.22900609073048614
0.8897826861046084
0.8908386833865519
0.8943185749479066
0.8984177996768515
0.9016392498032206
0.9235503716277601
0.9243076628258247
0.9301726006075661
0.9509735912761091
0.9699729522641259
0.9909106078899438
1.00318198643923
1.003634807148044
1.146715293758569
1.1517228645074402
1.152747920416597
1.1645635819967806
1.178484963760962
1.189874535259037
1.1930009952127572
1.1945740776215046
1.4326974172310274
1.434312326033882
1.4371480366035072
1.4398847598697226
1.444579631753081
1.4575443467093572
1.4625946431991899
1.46498662669932
1.4784491405360936
1.4799608351014533
1.4846883242756326
1.4856829224781873
1.4874258366371365
1.9069341112225653
1.9071501479358273
1.9091873584809584
1.9110040583071406
1.9121635940424009
1.9134158380900024
1.9197627083554714
1.9332994947849307
1.9679393086584005
1.9824151252129483
2.0032691310902755
2.0273319349695367
2.052536323831634
2.0783672172995957
2.1021461724636366
2.123829673716624
2.1427343187067085
2.158289353170344
2.170032450447506
2.177610229319347
2.180798565910946
3.00026261750331
3.0110923608185307
3.023108388211905
3.036101134944343
3.04981842834236
3.0639872537250064
3.0783328255531415
3.0925931216570004
3.106534349730719
3.119931695220662
3.132612489856496
3.144424000481715
3.1552409964629216
3.1649993574044273
3.1735543657324667
3.180879408041105
3.186932329546122
3.1916845728848164
3.1951187897253543
3.197226778157119
3.1980078443901863
-2.5097516464999297
-2.5064229511171945
-2.5027952780362885
-2.498853403217166
-2.494583041320462
-2.4899686155932983
-2.485003484842726
-2.479674161098142
-2.473435094759595
-2.467355471696503
-2.460906099132186
-2.454088990846733
-2.4469094149222537
-2.4392079662228587
-2.431254224750444
-2.422898315109457
-2.414159441406452
-2.405072815362686
-2.39567828645916
-2.3860329316059237
-2.376212307664649
-2.0482673872256
-2.039213918329604
-2.030294702180358
-2.021699209776517
-2.013682641429687
-2.0054978295658055
-1.9984446950418342
-1.9923579378906755
-1.9863805798595626
-1.9834457165403947
-1.9813040925336844
-1.980238910174763
-1.9798483018448378
-1.9012444078627773
-1.8918957508205003
-1.883547176730052
-1.87564078557235
-1.8701741605107813
-1.8654081978479444
-1.8623575483360923
-1.8603738550246958
-1.7811710963050942
-1.7805809666680137
-1.7793407248887019
-1.7763693759655788
-1.7759534184282664
-1.7654644081453377
-1.7631904099929232
-1.7591040054902183
-1.7433087487261918
-1.742920556088975
-1.7415180531814212
-1.740266852656407
-1.7388032451036046
-1.4045276498226784
-1.4031773315449019
-1.4014997678400944
-1.3991555154062536
-1.396331916501676
-1.3923491587430248
-1.390525360755086
-1.3887557213927673
-1.3386482586664699
-1.3373040494914825
-1.3353911772615736
-1.3337303020325602
-1.3330481836675185
-1.3062399403710796
-1.3046891638785534
-1.3033124028114313
-1.3022872610993723
-1.3005449553753314
-1.297790305017313
-1.2970578372218404
-1.296581934011708
-0.40572387839008356
-0.4049458267808215
-0.40191296081278877
-0.39916510209420636
-0.3979766558968977
-0.3880608098600722
-0.38666394257153475
-0.38614287356221827
-0.3245225651369418
-0.32367286105261744
-0.3220439368537978
-0.31274985624912466
-0.303821533754972
-0.23585329524648604
-0.2302246389620313
-0.22798146290870774
-0.20393918661009713
-0.19789318022501481
-0.17721272238704883
-0.167864437083121
-0.15781571178907558
-0.11483317208045958
-0.10278171750793413
-0.09372744757823488
-0.07135258452816491
-0.0648186467353806
-0.02798601611622483
-0.022505255672407895
-0.013320611178414153
0.05814052876990202
0.07263444199611893
0.08238692458656302
0.08978909769708196
0.0935296615077377
0.19801492077442592
0.2004163766316938
0.2046577297401424
0.21472211262016555
0.21932788499098727
0.2239656706301853
0.22744237849910037
0.22900608443134846
0.8897826832101167
0.8908386890779366
0.8943185680843984
0.8984178081483909
0.9016392449565346
0.9235503982013694
0.9243076338969892
0.9301726035320087
0.9509735911096028
0.9699729523154195
0.9909106078715052
1.0031819864599474
1.0036348071335446
1.1467152936280989
1.1517228658567022
1.1527479191297754
1.1645635820828317
1.1784849637440133
1.189874535194777
1.1930009953641216
1.1945740775332963
1.4326974027172212
1.4343123714140051
1.437147956565604
1.4398848315629575
1.4445796035491314
1.4575443765189557
1.4625945688547888
1.4649866818583437
1.4784490840762277
1.4799609039106771
1.4846882590309436
1.4856829784640129
1.487425828604722
1.9069341112230314
1.9071501479352237
1.9091873584813868
1.911004058306354
1.9121635940431074
1.9134158380897959
1.9197627083554722
1.9332994947849307
1.9679393086583992
1.9824151252129474
2.0032691310902755
2.0273319349695362
2.0525363238316343
2.0783672172995975
2.1021461724636366
2.1238296737166245
2.142734318706707
2.158289353170343
2.1700324504475046
2.177610229319346
2.180798565910946
3.00026261750331
3.0110923608185285
3.0231083882119094
3.036101134944343
3.0498184283423604
3.0639872537250064
3.0783328255531384
3.092593121657001
3.1065343497307207
3.1199316952206595
3.132612489856494
3.144424000481709
3.155240996462921
3.16499935740443
3.173554365732468
3.180879408041105
3.1869323295461234
3.191684572884815
3.1951187897253575
3.1972267781571184
3.198007844390194
-2.509751646499926
-2.5064229511171945
-2.502795278036295
-2.4988534032171654
-2.49458304132046
-2.4899686155932903
-2.4850034848427245
-2.479674161098145
-2.4734350947595978
-2.4673554716965036
-2.460906099132185
-2.454088990846728
-2.4469094149222563
-2.4392079662228605
-2.4312542247504494
-2.422898315109455
-2.414159441406447
-2.405072815362691
-2.3956782864591597
-2.3860329316059268
-2.376212307664645
-2.048267387225601
-2.039213918329605
-2.03029470218036
-2.0216992097765107
-2.0136826414297335
-2.0054978295653574
-1.9984446950448596
-1.9923579378752476
-1.9863805799920506
-1.9834457160029777
-1.9813040941069324
-1.980238907420456
-1.9798483034436214
-1.901244407865552
-1.8918957507788647
-1.8835471770230257
-1.8756407838964824
-1.870174165413709
-1.8654081882776155
-1.8623575585075087
-1.8603738509410028
-1.7811705696805022
-1.7805821898286254
-1.7793395717678022
-1.7763721794970737
-1.77595104328485
-1.765464531904622
-1.76319028391284
-1.7591040390646573
-1.7433074800456037
-1.7429223823570081
-1.7415171708331092
-1.740267228066223
-1.7388031913992454
-1.4045276329636474
-1.40317742001635
-1.4014995730498894
-1.3991557924700222
-1.396331629237194
-1.392349562061297
-1.3905249737545482
-1.3887558385800378
-1.338644848655901
-1.3373155989814047
-1.3353687567878505
-1.3337622370316002
-1.3330305062368335
-1.3062623585990922
-1.3045373995128298
-1.3036057737822497
-1.3020353629123376
-1.300653367235016
-1.2977190215642505
-1.2971325098504685
-1.2965580296298815
-0.40572378617078947
-0.4049460091665491
-0.4019126092644464
-0.3991660298388338
-0.39797593299831613
-0.3880616058823033
-0.386661745758649
-0.3861443311740167
-0.3245180974189155
-0.32368055055005773
-0.32204049871009977
-0.31275013275034486
-0.303821472523827
-0.23585153338756676
-0.23023603428819886
-0.22797071797473614
-0.20394610719186507
-0.19788558678489945
-0.1772173591982251
-0.1678606425924209
-0.15781659466157935
-0.11483417939805414
-0.10277887658946368
-0.09372991778742998
-0.07135108291050901
-0.06481960297073003
-0.027985984538473407
-0.022505227704282812
-0.013320640232534407
0.05814053421188168
0.07263442928946888
0.08238693704774469
0.08978909336469118
0.09352966142828864
0.19801492593401862
0.20041636709551006
0.20465773478933175
0.2147221137570822
0.21932787945997187
0.22396567823180302
0.2274423717292107
0.22900608732968372
0.8897826812622026
0.8908386927414399
0.8943185642928771
0.8984178119893914
0.9016392431116229
0.9235503967514992
0.924307635892274
0.9301726030003181
0.9509735912164998
0.9699729522474116
0.9909106079410693
1.0031819858400863
1.0036348077110842
1.1467152938100436
1.1517228635860994
1.1527479213845804
1.1645635818202087
1.17848496395555
1.1898745346269544
1.1930009962708445
1.194574077079327
1.4326973899088171
1.4343124095390163
1.437147894958348
1.4398848821877128
1.4445795864757265
1.457544387416098
1.4625945478576685
1.4649866953393222
1.4784490817956828
1.4799609051539577
1.484688262398702
1.4856829747521136
1.4874258293444242
1.906934111223346
1.9071501479348139
1.9091873584816617
1.9110040583058714
1.9121635940435244
1.9134158380896782
1.9197627083554725
1.933299494784931
1.9679393086584003
1.9824151252129467
2.0032691310902746
2.0273319349695362
2.052536323831635
2.078367217299596
2.102146172463636
2.123829673716624
2.1427343187067085
2.158289353170345
2.170032450447506
2.1776102293193462
2.180798565910947
3.00026261750331
3.0110923608185276
3.023108388211908
3.036101134944342
3.0498184283423586
3.063987253725008
3.07833282555314
3.092593121656998
3.106534349730721
3.1199316952206586
3.1326124898564927
3.1444240004817123
3.155240996462916
3.1649993574044273
3.173554365732466
3.1808794080411102
3.186932329546119
3.1916845728848138
3.195118789725357
3.197226778157118
3.1980078443901947
-2.5105389600841357
-2.5072825426497554
-2.503731071249196
-2.4998691216423694
-2.495682173876932
-2.4911541355806914
-2.486278547469017
-2.481041116816289
-2.4748972309966013
-2.4689100613248693
-2.462553044694996
-2.4558275191905983
-2.4487378529200643
-2.4411318595734923
-2.4332810036649883
-2.4250239900393695
-2.4163777418655776
-2.407375219233973
-2.3980529456217217
-2.388464011314858
-2.3786789362156107
-2.046001291350687
-2.0369643503887556
-2.0281080901068065
-2.0196309079283856
-2.011802645561253
-2.0036578982225057
-1.996821654090199
-1.9910235489965777
-1.9855340760869762
-1.982914595176683
-1.9809564659930838
-1.9800945876446017
-1.9797926227545406
-1.8988211263982357
-1.8897093228133692
-1.8816346623734428
-1.874102270920461
-1.869105578107755
-1.8645270813907089
-1.8617764654829114
-1.8599994598814893
-1.7811012389296657
-1.780701878229181
-1.7796319730478734
-1.7765307840555071
-1.7759751461369697
-1.7650573544889188
-1.7623447166426307
-1.7578729508825293
-1.7431970635580125
-1.742872816634139
-1.7411997949007485
-1.7399626946005926
-1.7383684822600494
-1.404865519992259
-1.4035179840411816
-1.401855795124262
-1.399786206289131
-1.3970654264323585
-1.3927692757154106
-1.3909787492854857
-1.3891897473529775
-1.3383159376570208
-1.3369840200948233
-1.3352520410466096
-1.333533876502118
-1.3329584105044106
-1.3057306810442224
-1.3045943084867533
-1.303348613422824
-1.3019728614191066
-1.3002337251057898
-1.297758254389903
-1.29701030658929
-1.2963956325838606
-0.4055876515513048
-0.40536038576456995
-0.40271241632854105
-0.39861493431955297
-0.3984814768833466
-0.3877556338543633
-0.3871818862796891
-0.3859494581166665
-0.3245512160569457
-0.3241855157578028
-0.3227110971361031
-0.3152663198863223
-0.3055277046762793
-0.23620971599441226
-0.23063303155703152
-0.22837787496746675
-0.20147721174730449
-0.20072475718070049
-0.17408027992430772
-0.17137624298389806
-0.15678721037449098
-0.11578914951990373
-0.10099903064316938
-0.09542305518732007
-0.07001877068065245
-0.06584879296576908
-0.02719908182599665
-0.02367382712106873
-0.012796735160532563
0.05741076630056039
0.06809124339469719
0.08574430814350062
0.08655724007232195
0.09424024303178519
0.19755346368511062
0.20234191707614652
0.20284784018780683
0.21676820081352582
0.2169054296292546
0.22563235595923528
0.22613280494985966
0.22928093018460166
0.8896011183036595
0.8921453629010605
0.8928201797203227
0.9000757100367975
0.900513437237581
0.9218383253207838
0.9279935709197566
0.9294408541134412
0.954587616867421
0.97550057685285
0.9951557079497287
1.0012142333512926
1.0047829957568677
1.1472333507746306
1.1495203067462723
1.1554023832339038
1.161239580686826
1.1751683835329498
1.1876680818326337
1.1938522128855749
1.1940412634316029
1.4332728581303906
1.4333591578852605
1.4373699961558282
1.4394419205026177
1.4447730160046934
1.457327489729992
1.463120298362193
1.4646112503650137
1.4785070467380952
1.47994041126391
1.4845648227535941
1.4858383186730506
1.4873363741370973
1.9067004522650794
1.9077477337733821
1.90848387560714
1.9114887185728051
1.9125003454331309
1.9136819434719183
1.9226792524846856
1.93743678006446
1.9707501985564386
1.9871760254076114
2.0090801535502836
2.0335894475042546
2.0588398694543186
2.0844657926648553
2.10779245229337
2.128840187127133
2.146956861866692
2.1615982868750954
2.1723285469482883
2.1788243578327458
2.1808981808676564
2.9977593030347505
3.0082667745787117
3.0200037286882746
3.03277465281658
3.046335946779318
3.0604178681202843
3.0747445167582548
3.0890495946183476
3.1030937339077056
3.1166429332738734
3.1295183088319054
3.1415599129220393
3.1526358730765565
3.1626748730442285
3.171528940087196
3.1791660143939104
3.185540131382252
3.1906195701471476
3.1943843882987246
3.1968242687176143
3.1979367669015546
-2.5105389600841344
-2.507282542649757
-2.5037310712491956
-2.4998691216423685
-2.4956821738769324
-2.491154135580692
-2.486278547469014
-2.481041116816293
-2.4748972309965978
-2.468910061324864
-2.4625530446949933
-2.455827519190593
-2.448737852920061
-2.4411318595734888
-2.4332810036649932
-2.4250239900393646
-2.416377741865579
-2.4073752192339803
-2.3980529456217226
-2.3884640113148525
-2.378678936215612
-2.0460012913506893
-2.036964350388759
-2.0281080901068074
-2.019630907928392
-2.011802645561172
-2.0036578982233735
-1.996821654083336
-1.9910235490359762
-1.9855340757194597
-1.982914596678235
-1.9809564609662922
-1.9800945973426165
-1.979792616915944
-1.8988211263954897
-1.8897093228569621
-1.8816346620334057
-1.8741022731369703
-1.8691055714242268
-1.864527095638337
-1.8617764492588134
-1.859999466626937
-1.7811123426240156
-1.780680874302902
-1.779646065257161
-1.7765098006294957
-1.775992207454065
-1.7650562038840556
-1.762345927628045
-1.7578725804048718
-1.743205953410258
-1.7428614212654097
-1.74120387301674
-1.7399609582690914
-1.7383686862179424
-1.4048655009078093
-1.403518051112005
-1.401855716706282
-1.3997862136757688
-1.3970654988741997
-1.392769071845083
-1.3909789812632731
-1.3891896697204098
-1.3383199802379326
-1.3369692428256057
-1.3352781286756137
-1.333492211949397
-1.3329847451657022
-1.3056832476465103
-1.3047509861841156
-1.3030504174166118
-1.302232461742594
-1.3001364643719013
-1.2978269544301821
-1.2969487509918607
-1.296415077336926
-0.40558911771050704
-0.40535856992823693
-0.40271326655308476
-0.3985938265700669
-0.3985022402414948
-0.3877506882565308
-0.3871882127383047
-0.3859479210490467
-0.32453080393053507
-0.32421222158675206
-0.32270440059690747
-0.31526678735757396
-0.30552763943910305
-0.2362092317228449
-0.2306356588753887
-0.22837559472720065
-0.20147509776930725
-0.20072738232147733
-0.1740733839014403
-0.1713837077709167
-0.15678614885263562
-0.11578955951283126
-0.10099858025414694
-0.09542306820454358
-0.07001980976006933
-0.06584784280605063
-0.0271995825496142
-0.023673324136669574
-0.012796795202243801
0.05741076015319671
0.06809125805974311
0.0857440884959008
0.08655746079337903
0.09424023332175252
0.1975534560053785
0.20234208417874827
0.20284767415801863
0.21676894997712
0.2169046773501437
0.22563245219244818
0.2261327146854686
0.22928093393705223
0.8896011194590752
0.892145348039624
0.8928201954971564
0.9000756801382584
0.9005134653850004
0.9218383230376734
0.9279935798372141
0.9294408470920099
0.9545876169604596
0.9755005768137516
0.9951557079791328
1.0012142333349696
1.0047829957572116
1.1472333510897033
1.1495203061605428
1.1554023837073328
1.1612395804580713
1.1751683835603786
1.1876680818495775
1.1938522124542355
1.1940412638445863
1.4332732026114217
1.4333587928342792
1.4373700706228891
1.439441850088375
1.4447730374191814
1.4573274665491847
1.4631203880466148
1.4646111747644452
1.4785070982032218
1.4799403488513159
1.484564869568039
1.4858382787290347
1.4873363824137367
1.9067004522650433
1.9077477337735775
1.9084838756069242
1.9114887185730376
1.9125003454328826
1.913681943471991
1.9226792524846856
1.9374367800644587
1.9707501985564386
1.9871760254076096
2.009080153550284
2.0335894475042555
2.0588398694543186
2.0844657926648558
2.1077924522933706
2.1288401871271345
2.1469568618666917
2.161598286875096
2.172328546948288
2.178824357832748
2.1808981808676573
2.997759303034751
3.0082667745787175
3.0200037286882755
3.032774652816581
3.0463359467793145
3.0604178681202785
3.074744516758255
3.0890495946183485
3.1030937339077043
3.116642933273875
3.129518308831906
3.141559912922037
3.152635873076558
3.1626748730442262
3.171528940087193
3.1791660143939118
3.1855401313822527
3.1906195701471494
3.1943843882987233
3.1968242687176143
3.197936766901555
-2.5105389600841326
-2.5072825426497576
-2.503731071249197
-2.499869121642366
-2.495682173876932
-2.4911541355806914
-2.4862785474690168
-2.481041116816292
-2.474897230996599
-2.4689100613248676
-2.462553044694993
-2.4558275191905934
-2.4487378529200607
-2.4411318595734923
-2.433281003664987
-2.4250239900393713
-2.4163777418655763
-2.4073752192339684
-2.3980529456217226
-2.3884640113148534
-2.3786789362156044
-2.0460012913506893
-2.036964350388756
-2.0281080901068083
-2.019630907928399
-2.011802645561124
-2.003657898223604
-1.9968216540831887
-1.9910235490287935
-1.9855340758610989
-1.982914595941792
-1.9809564638527457
-1.9800945913996413
-1.979792620574428
-1.8988211263933281
-1.8897093228807844
-1.8816346619115931
-1.8741022735652257
-1.8691055708491262
-1.864527095462086
-1.8617764504307965
-1.8599994658754058
-1.7811709714593666
-1.7805530077675282
-1.7797364126178077
-1.7763879359560673
-1.7760937928881249
-1.7650531354195662
-1.7623489007729547
-1.7578717684153011
-1.7432206426763226
-1.7428422329417685
-1.7412111441745408
-1.7399579034578192
-1.7383690458196734
-1.4048651629697138
-1.4035196556384335
-1.401852424384275
-1.3997899953452988
-1.3970627173958357
-1.3927720516061326
-1.3909762648583617
-1.3891904323534645
-1.3383119219306863
-1.336997629822605
-1.3352291328862866
-1.3335657546040283
-1.3329398378618345
-1.305730186822886
-1.3046009912348107
-1.303329327446005
-1.3019959034839668
-1.3002191068137217
-1.297772480456975
-1.2969965122631857
-1.2963998829013046
-0.4055880569704524
-0.4053598831119985
-0.402712657050829
-0.39860940749804774
-0.3984869106420499
-0.38775382489704696
-0.3871842422620643
-0.38594886035656356
-0.32457859503447717
-0.32414787084989777
-0.3227220575774672
-0.31526549033335216
-0.3055278448844136
-0.23620987343827043
-0.23062961544485774
-0.22838187154077014
-0.2014124298389295
-0.20079117619337913
-0.17405382186950763
-0.17140277791285505
-0.15678459278022028
-0.11578919045105242
-0.10100121750703782
-0.09542039266713714
-0.07002168111781834
-0.0658463816764922
-0.027199720978347622
-0.023673231658105174
-0.012796787109528638
0.05741075459330669
0.06809126637935707
0.0857440545112255
0.08655749103389151
0.09424023364057607
0.19755345395260876
0.20234211030611757
0.202847650093168
0.21676882609961778
0.21690480408552257
0.22563241568632852
0.22613275011325218
0.2292809321408662
0.8896011202501004
0.8921453389052239
0.8928202049129085
0.9000756675679793
0.9005134769404486
0.9218383230824442
0.9279935786083494
0.9294408482573842
0.9545876168912899
0.975500576878713
0.9951557078170019
1.001214233573342
1.0047829956463394
1.1472333506419459
1.1495203070666087
1.1554023827821853
1.161239581042362
1.1751683833600923
1.187668082074072
1.193852210076928
1.194041266080239
1.433273504370063
1.4333584740291025
1.4373701276774926
1.4394417995394388
1.4447730503307734
1.4573274579585611
1.4631204127402355
1.4646111557397885
1.478507100300527
1.4799403476291875
1.4845648672926028
1.4858382814215882
1.4873363816723784
1.9067004522650137
1.9077477337737092
1.9084838756067841
1.911488718573179
1.912500345432737
1.913681943472034
1.922679252484685
1.937436780064459
1.9707501985564386
1.987176025407611
2.009080153550284
2.033589447504255
2.0588398694543186
2.084465792664855
2.1077924522933693
2.1288401871271336
2.14695686186669
2.161598286875095
2.1723285469482865
2.1788243578327484
2.1808981808676573
2.997759303034751
3.0082667745787117
3.020003728688273
3.032774652816582
3.046335946779312
3.0604178681202816
3.074744516758255
3.089049594618349
3.103093733907708
3.1166429332738703
3.129518308831904
3.1415599129220384
3.1526358730765556
3.162674873044229
3.1715289400872018
3.179166014393908
3.185540131382255
3.190619570147153
3.194384388298724
3.196824268717613
3.1979367669015533
-2.510538960084135
-2.507282542649756
-2.5037310712491987
-2.499869121642369
-2.495682173876934
-2.4911541355806928
-2.4862785474690163
-2.481041116816288
-2.4748972309966044
-2.46891006132486
-2.462553044694997
-2.455827519190596
-2.4487378529200567
-2.441131859573495
-2.433281003664985
-2.4250239900393717
-2.416377741865582
-2.407375219233966
-2.3980529456217234
-2.388464011314857
-2.378678936215609
-2.046001291350688
-2.036964350388757
-2.0281080901068034
-2.0196309079283936
-2.0118026455612026
-2.003657898222739
-1.9968216540900516
-1.9910235489893957
-1.985534076228613
-1.982914594440238
-1.9809564688795016
-1.9800945817014548
-1.979792626413229
-1.898821126396076
-1.8897093228371875
-1.8816346622516322
-1.874102271348721
-1.8691055775326544
-1.8645270812144519
-1.8617764666548882
-1.8599994591299716
-1.7811635599849716
-1.7805729312778855
-1.7797198413901365
-1.7764205973978873
-1.7760649208991843
-1.7650542880729407
-1.762347687824597
-1.7578721386792635
-1.7432126486311819
-1.7428527610055446
-1.7412070498546102
-1.7399596277395513
-1.7383688416118168
-1.4048651820752807
-1.4035195886776892
-1.4018525027705084
-1.3997899878032947
-1.3970626449570664
-1.392772255003771
-1.390976033278794
-1.3891905101133342
-1.3383077772299217
-1.3370120566075765
-1.3352024773302456
-1.3336035149540797
-1.33291842793409
-1.3057706610989195
-1.304402769170805
-1.3036158601214727
-1.3017850867632845
-1.300326641807105
-1.2976977952318307
-1.2970633485146124
-1.296382251636115
-0.40558657408934295
-0.4053617155221456
-0.40271180675859597
-0.39862648304076803
-0.3984701796963813
-0.387758707769007
-0.38717797398881054
-0.38595040197478
-0.32459378822610446
-0.32412613759926956
-0.32272900020300876
-0.31526502312629506
-0.30552791012751984
-0.23621035743371369
-0.23062697564617876
-0.22838416451039606
-0.2014150200969528
-0.20078807496609244
-0.17406081904640924
-0.17139521223915496
-0.15678565386898713
-0.11578878042517687
-0.10100166773953706
-0.09542037985153909
-0.0700206427804789
-0.06584733108169494
-0.02719922028583132
-0.023673734610948426
-0.012796727067918364
0.05741076074066275
0.06809125171431417
0.0857442741415449
0.08655727033012092
0.09424024335060999
0.19755346163232437
0.2023419431871218
0.2028478161393667
0.2167680783038836
0.21690555499678668
0.22563231946629994
0.22613284036445438
0.229280928388404
0.889601119094687
0.8921453537662533
0.8928201891364775
0.9000756974649361
0.9005134487946127
0.9218383253655563
0.9279935696909061
0.9294408552788038
0.9545876167982545
0.9755005769178111
0.995155707787598
1.0012142335896654
1.0047829956459957
1.147233350326874
1.1495203076523384
1.1554023823087571
1.1612395812711174
1.1751683833326643
1.1876680820571304
1.1938522105082559
1.1940412656672656
1.4332731573264659
1.433358841642224
1.4373700532077693
1.439441869956641
1.4447730289164111
1.4573274811392933
1.4631203230536383
1.4646112313426103
1.4785070488352732
1.4799404100419158
1.4845648204782957
1.4858383213654807
1.4873363733957188
1.906700452265055
1.9077477337735138
1.9084838756070002
1.9114887185729468
1.9125003454329836
1.9136819434719596
1.9226792524846856
1.9374367800644603
1.97075019855644
1.98717602540761
2.0090801535502836
2.033589447504255
2.058839869454319
2.084465792664856
2.107792452293369
2.1288401871271327
2.146956861866691
2.1615982868750967
2.172328546948287
2.178824357832747
2.1808981808676573
2.997759303034751
3.008266774578717
3.0200037286882737
3.032774652816582
3.046335946779316
3.060417868120281
3.0747445167582543
3.0890495946183476
3.1030937339077105
3.1166429332738756
3.1295183088319014
3.1415599129220397
3.1526358730765556
3.1626748730442276
3.1715289400871978
3.179166014393911
3.1855401313822553
3.1906195701471494
3.1943843882987233
3.1968242687176134
3.1979367669015555
-2.5113088374260926
-2.508123689853046
-2.5046474564134305
-2.500864521047756
-2.4967601410395814
-2.492317688828708
-2.4875309860250425
-2.4823849054605023
-2.476336299165058
-2.470441524787408
-2.464176943789693
-2.4575432693231183
-2.4505440291540888
-2.4430296206110516
-2.435282361148562
-2.427125423668352
-2.4185735525102343
-2.409657571777965
-2.40041085388629
-2.390882725266842
-2.3811389573280404
-2.0437351790437566
-2.03472596791189
-2.0259452606683244
-2.0176021687137835
-2.0099839723630284
-2.00186668127727
-1.995262890367554
-1.9897777593999475
-1.9847602404512854
-1.9824741305293467
-1.9806667295111764
-1.9799874174762364
-1.9797262215796987
-1.8964538014392858
-1.887587546960454
-1.8797979817564523
-1.8726754002249777
-1.8681590783252437
-1.8637278771821626
-1.8612567292249997
-1.8596615844288416
-1.7810475927683667
-1.7807132495276798
-1.7798656528821244
-1.7765682833959335
-1.7760291285646215
-1.7645444671320647
-1.7613857149502876
-1.7565675319880045
-1.7431125470042736
-1.7427950026027688
-1.7408920030087938
-1.7396209095306512
-1.737903011467458
-1.4052098323048632
-1.4038532328061402
-1.4021891850449517
-1.4003741220156518
-1.3977836879636454
-1.3931941626442834
-1.3914296044992187
-1.3896289515897897
-1.3379804832636457
-1.3366928118172763
-1.3351413251765796
-1.3334030195657367
-1.332869576332823
-1.3053873610960696
-1.3045709894188102
-1.3033260938923552
-1.3016574277116977
-1.2999515196021139
-1.2977607418391155
-1.2969277636188499
-1.2962120365022098
-0.4056352138291182
-0.4053659240543875
-0.4034582811527003
-0.3993094320264273
-0.39808237696055354
-0.3877484931943719
-0.3872074458744785
-0.38599476876013017
-0.3255226160308034
-0.32383617120731817
-0.32311569084260944
-0.3175868048612958
-0.30770659853928317
-0.23568751928447737
-0.23273359001806807
-0.2272547185921817
-0.2043008789574194
-0.19737167818973136
-0.17800759542354855
-0.16647397674427342
-0.15867664756058858
-0.11351468981170812
-0.10710739594746148
-0.0896714513568708
-0.07535414294134175
-0.0620620151088484
-0.030407382626803852
-0.01928871177896239
-0.014133850317764918
0.058268446098850527
0.06385940461299078
0.08228637850453759
0.0891835016788656
0.09383397165041399
0.1978372591788618
0.20085208367676752
0.20419811501184998
0.2146965470033443
0.2191287453618745
0.22417157834520882
0.22730108139314237
0.229106145812846
0.8898591053355737
0.8913476559163176
0.894067500218417
0.8981837689732517
0.9020255684137275
0.9210875606109429
0.927765690938281
0.9325007446370237
0.9592543019884491
0.9809038477655949
0.9986098167271529
0.9988600677588129
1.0050567282928875
1.1478963025719195
1.1484687394774298
1.156602867172731
1.1598157604204082
1.1716795530756396
1.1851029714608892
1.1930799314361493
1.194439479463476
1.4327454243296183
1.4342307312166636
1.4356004040270365
1.4412836854957736
1.4437132741623
1.4584525233259888
1.460978758431361
1.4659514186292368
1.4775273525899788
1.4814612925156923
1.4833668927032848
1.4866640519909602
1.4869362568449809
1.9066449220054609
1.9078544944054645
1.90859530948784
1.9107456710543078
1.9130278223456103
1.9149597962116027
1.9259122134364883
1.9418553384912962
1.9741391547431246
1.9922728471452436
2.015049035081787
2.0398908211192044
2.065105622754862
2.0904705518940028
2.1132956390459747
2.1336668862849595
2.1509617898145525
2.1646622205950203
2.1743593363821043
2.1797612935874646
2.180719270028588
2.995341198550812
3.0055183678810944
3.0169639282256413
3.0294976950365573
3.042886031430279
3.056863727914741
3.071154757284269
3.085489217312639
3.099622707174693
3.113311911596433
3.126371879360046
3.1386353478603994
3.1499636375467177
3.160278164143156
3.1694273695671393
3.177373616406713
3.184066958629192
3.1894723568635777
3.1935671401411727
3.1963387659561646
3.1977829608250765
-2.5113088374260935
-2.508123689853046
-2.5046474564134256
-2.500864521047759
-2.4967601410395757
-2.492317688828706
-2.487530986025041
-2.4823849054605023
-2.4763362991650606
-2.4704415247873994
-2.464176943789692
-2.45754326932312
-2.4505440291540865
-2.4430296206110524
-2.435282361148561
-2.4271254236683553
-2.418573552510232
-2.409657571777964
-2.4004108538862936
-2.390882725266838
-2.3811389573280404
-2.043735179043757
-2.034725967911887
-2.0259452606683204
-2.0176021687137924
-2.0099839723629587
-2.0018666812784627
-1.9952628903555287
-1.989777759485099
-1.984760239483741
-1.9824741345891552
-1.9806667130201703
-1.9799874501356307
-1.979726202244813
-1.8964538014345909
-1.887587547027987
-1.8797979812688936
-1.872675403234203
-1.8681590701525013
-1.863727894407239
-1.861256709327588
-1.8596615926921995
-1.7810379906391705
-1.7807281348890753
-1.779859952310776
-1.7765673126046937
-1.7760306346821502
-1.7645438292763989
-1.7613865200491885
-1.7565671805427272
-1.7431255518612712
-1.7427788591854534
-1.740897342043803
-1.7396185018125228
-1.7379032849229987
-1.4052097274487663
-1.4038537206026607
-1.40218817704073
-1.4003751443815702
-1.3977831471730915
-1.3931945195549025
-1.39142933135322
-1.389629011230872
-1.337985730314128
-1.3366725538641306
-1.3351747328030508
-1.3333497785689274
-1.332904446465962
-1.3052810164989777
-1.3047990746994542
-1.3030561720067293
-1.301884144705316
-1.2998354520359108
-1.297841538032813
-1.2968683550204652
-1.2962281549041703
-0.405637751393803
-0.40536250932691986
-0.40345981650172924
-0.399306268650997
-0.3980851613876668
-0.38773692861149506
-0.38722234452588244
-0.3859911543580674
-0.32551988624434697
-0.3238512720366555
-0.3231022650208065
-0.3175880145205027
-0.3077064392444462
-0.23568905111267224
-0.2327312357377393
-0.22725540583976087
-0.2043031140942086
-0.1973683683036564
-0.1780109659971494
-0.16647003888696973
-0.15867846777216615
-0.11351515546591988
-0.10710648473471271
-0.08967230030780547
-0.07535346860104473
-0.062062267612321795
-0.030407373314752455
-0.019288659968054674
-0.014133893094719746
0.05826845457623758
0.06385939517203677
0.08228637939989625
0.08918350468233051
0.09383396938178887
0.19783726124141252
0.2008520797853528
0.20419811634434434
0.2146965517546379
0.2191287362076105
0.22417158859282824
0.22730107312379227
0.2291061487406996
0.8898591043827443
0.8913476584010274
0.8940674973913605
0.8981837710946972
0.9020255675451143
0.9210875606090039
0.9277656911743337
0.9325007444204574
0.9592543020415394
0.980903847678811
0.9986098226091309
0.9988600618113583
1.005056728416866
1.1478963050843347
1.148468736498099
1.1566028689016161
1.1598157589593074
1.1716795533507498
1.1851029713137335
1.1930799316651923
1.1944394793055966
1.4327454092397378
1.434230786059635
1.4356003527736627
1.4412837167087915
1.4437132525787055
1.4584525372275237
1.4609787420578113
1.4659514234867819
1.4775273515734588
1.481461292444637
1.4833668939678502
1.4866640477719526
1.4869362603723273
1.9066449220054718
1.9078544944054106
1.908595309487902
1.9107456710542812
1.9130278223456247
1.9149597962116007
1.9259122134364879
1.9418553384912964
1.9741391547431248
1.9922728471452427
2.0150490350817876
2.0398908211192044
2.0651056227548614
2.0904705518940028
2.113295639045976
2.1336668862849595
2.150961789814552
2.1646622205950203
2.174359336382104
2.1797612935874655
2.1807192700285873
2.995341198550812
3.0055183678810993
3.0169639282256386
3.029497695036561
3.042886031430278
3.056863727914742
3.07115475728427
3.0854892173126367
3.099622707174693
3.1133119115964334
3.1263718793600432
3.1386353478603977
3.1499636375467133
3.160278164143156
3.169427369567135
3.177373616406708
3.1840669586291885
3.1894723568635883
3.193567140141169
3.1963387659561677
3.197782960825077
-2.511308837426089
-2.5081236898530457
-2.5046474564134282
-2.5008645210477596
-2.496760141039576
-2.4923176888287117
-2.48753098602504
-2.4823849054605067
-2.4763362991650566
-2.4704415247874034
-2.464176943789693
-2.457543269323121
-2.450544029154089
-2.4430296206110507
-2.435282361148564
-2.4271254236683566
-2.4185735525102356
-2.409657571777964
-2.4004108538862936
-2.3908827252668434
-2.3811389573280435
-2.0437351790437575
-2.03472596791189
-2.025945260668323
-2.017602168713806
-2.0099839723628397
-2.001866681279467
-1.9952628903495373
-1.9897777595078527
-1.9847602394095887
-1.9824741345575982
-1.9806667142494019
-1.979987446877383
-1.979726204361868
-1.8964538014328471
-1.8875875470400194
-1.8797979812477674
-1.87267540305153
-1.8681590711368512
-1.8637278913667834
-1.861256713454107
-1.859661590813327
-1.7811323160218042
-1.7805172160384344
-1.779997948700215
-1.7764483676873495
-1.7761289748910016
-1.7645409756182457
-1.7613893981910222
-1.756566222012439
-1.743144494690626
-1.7427550360223198
-1.7409054832170723
-1.7396149936964282
-1.737903668035269
-1.405209317476912
-1.4038557335700594
-1.4021836765548272
-1.4003801469447463
-1.3977800740823385
-1.3931974201241581
-1.3914266581469819
-1.3896297522915244
-1.3379753847062124
-1.3367108233136131
-1.3351127517593921
-1.3334417368271372
-1.3328465087397114
-1.305396409171547
-1.3045492858528316
-1.3033454075479247
-1.3016492629904997
-1.2999523077513715
-1.2977636483530723
-1.2969246003556505
-1.2962130221452919
-0.4056375945677592
-0.4053627188593021
-0.4034597275939373
-0.3993064321542418
-0.3980850211033414
-0.3877374760914718
-0.38722164332935616
-0.38599132112181506
-0.3255217820435583
-0.3238416492687437
-0.32311058183094654
-0.31758734226699803
-0.3077065253390969
-0.2356863377493933
-0.2327361708271093
-0.22725290866014275
-0.20430274680371327
-0.19736996747020957
-0.17800730601561002
-0.16647586449142893
-0.15867512312772922
-0.11351681410993983
-0.1071047317437681
-0.08967252439770564
-0.07535379826501817
-0.0620619557569508
-0.03040760494361572
-0.01928833476136932
-0.014134058058285506
0.05826844423568735
0.06385941182881416
0.08228635731917817
0.0891835309866889
0.09383395892758808
0.19783725221611856
0.2008521067915133
0.2041980920219244
0.21469657414600662
0.21912870813333873
0.22417161076451822
0.22730105815513602
0.22910615356201158
0.8898591057898118
0.8913476544960557
0.8940675023922915
0.8981837665370911
0.9020255698381012
0.9210875594831581
0.9277656929976449
0.9325007434458515
0.9592543021016129
0.9809038476376559
0.9986098232925393
0.998860061148063
1.005056728416536
1.1478963068169206
1.148468734486576
1.1566028697454176
1.159815758343318
1.1716795534054827
1.185102971318353
1.193079931626812
1.1944394793357846
1.4327454262975965
1.4342307211966543
1.4356004159897298
1.4412836706768868
1.443713287049781
1.4584524978299969
1.4609787946865174
1.4659514025287204
1.4775273695605295
1.481461246687859
1.483366936656454
1.4866639938758675
1.4869363032262828
1.906644922005458
1.9078544944054907
1.9085953094878083
1.9107456710543256
1.9130278223456005
1.9149597962116065
1.9259122134364883
1.941855338491297
1.974139154743124
1.9922728471452436
2.015049035081787
2.039890821119203
2.0651056227548614
2.0904705518940028
2.113295639045974
2.133666886284959
2.1509617898145525
2.16466222059502
2.1743593363821048
2.179761293587465
2.180719270028588
2.9953411985508085
3.0055183678810984
3.0169639282256417
3.029497695036563
3.0428860314302844
3.0568637279147453
3.07115475728427
3.0854892173126363
3.0996227071746962
3.113311911596436
3.1263718793600472
3.1386353478604008
3.1499636375467195
3.1602781641431594
3.1694273695671384
3.1773736164067095
3.184066958629192
3.1894723568635843
3.1935671401411683
3.196338765956164
3.1977829608250787
-2.5113088374260917
-2.5081236898530452
-2.5046474564134265
-2.5008645210477556
-2.4967601410395805
-2.492317688828709
-2.4875309860250425
-2.4823849054605054
-2.476336299165057
-2.4704415247873985
-2.4641769437896883
-2.457543269323117
-2.4505440291540865
-2.443029620611049
-2.4352823611485634
-2.427125423668353
-2.418573552510235
-2.4096575717779665
-2.4004108538862896
-2.390882725266839
-2.3811389573280466
-2.043735179043751
-2.034725967911887
-2.025945260668321
-2.0176021687137986
-2.009983972362913
-2.001866681278272
-1.9952628903615583
-1.9897777594227009
-1.984760240377151
-1.98247413049779
-1.9806667307403318
-1.9799874142176108
-1.9797262236971989
-1.896453801437541
-1.8875875469724857
-1.8797979817353243
-1.8726754000422905
-1.8681590793095884
-1.8637278741416732
-1.8612567333515253
-1.859661582550001
-1.7811372760679594
-1.7805032627826134
-1.7800073464712391
-1.776450211828241
-1.776126608253003
-1.764541614466274
-1.7613885922351085
-1.756566573275491
-1.7431331243405694
-1.7427695804188812
-1.740900127708284
-1.7396173827338903
-1.737903394243466
-1.4052094224810834
-1.4038552470500127
-1.40218468661855
-1.400379122293615
-1.3977806138161686
-1.393197063817455
-1.3914269306523823
-1.3896296925450429
-1.3379699575385386
-1.3367303351540942
-1.3350787833474336
-1.3334880244765333
-1.3328200789690179
-1.3054650190353607
-1.3042754096831253
-1.3036594612243735
-1.3014445823600067
-1.3000830208391554
-1.2976767566233838
-1.2969914382523808
-1.2961982819281337
-0.4056350532073773
-0.40536613728720705
-0.40345819231287483
-0.39930959487961576
-0.39808223735135395
-0.3877490128534549
-0.3872067706186573
-0.38599493740629404
-0.32552449863748056
-0.32382622290203333
-0.323124345903048
-0.3175861330817388
-0.3077066846396011
-0.23568480187685031
-0.23273852811493634
-0.22725222246178522
-0.20430051107618122
-0.19737327766482224
-0.1780039339291551
-0.16647980184657962
-0.15867330519986955
-0.11351634877489217
-0.10710564267019926
-0.08967167540680608
-0.07535447259890331
-0.06206170326788918
-0.030407614256327452
-0.019288386575671865
-0.014134015277518359
0.05826843575834059
0.06385942126972406
0.08228635642380978
0.08918352798320901
0.09383396119622871
0.1978372501535914
0.20085211068293374
0.2041980906894002
0.21469656939466236
0.2191287172876077
0.22417160051688295
0.22730106642452017
0.22910615063418785
0.8898591067426435
0.8913476520113452
0.894067505219346
0.8981837644156423
0.9020255707067129
0.9210875594850964
0.9277656927615908
0.9325007436624195
0.9592543020485231
0.9809038477244422
0.9986098174105285
0.9988600670955478
1.0050567282925595
1.1478963043044859
1.1484687374659264
1.1566028680165323
1.1598157598044203
1.171679553130373
1.1851029714655115
1.1930799313977656
1.1944394794936624
1.4327454413881926
1.4342306663570368
1.4356004672391818
1.4412836394644402
1.4437133086326608
1.4584524839289337
1.4609788110596498
1.465951397671118
1.477527370577056
1.481461246758881
1.4833669353919041
1.4866639980935534
1.4869362997002677
1.9066449220054489
1.907854494405544
1.908595309487745
1.9107456710543527
1.9130278223455877
1.91495979621161
1.9259122134364888
1.9418553384912967
1.9741391547431248
1.992272847145243
2.015049035081787
2.0398908211192035
2.0651056227548614
2.090470551894004
2.113295639045975
2.1336668862849604
2.1509617898145525
2.164662220595019
2.174359336382104
2.179761293587466
2.180719270028588
2.9953411985508067
3.005518367881099
3.016963928225641
3.02949769503656
3.0428860314302804
3.056863727914741
3.0711547572842717
3.08548921731264
3.0996227071746896
3.1133119115964347
3.126371879360043
3.1386353478603994
3.1499636375467146
3.160278164143155
3.1694273695671433
3.177373616406712
3.1840669586291916
3.1894723568635897
3.1935671401411696
3.196338765956169
3.1977829608250765
-2.5120615367001986
-2.5089466408713066
-2.505544669871803
-2.501839823548213
-2.497817147654562
-2.493459455103742
-2.488760954981495
-2.483705650796972
-2.47775233007544
-2.471949865505573
-2.4657777609294804
-2.4592361534130287
-2.452327787576998
-2.444901135482795
-2.4372580788217264
-2.4292022720108606
-2.4207463776633
-2.4119191899430406
-2.4027510941280936
-2.3932878609737447
-2.3835907840723665
-2.0414717982037334
-2.0325017295389647
-2.0238097786533564
-2.015617699832655
-2.008233605644003
-2.000127710564971
-1.993773178686456
-1.9886303244702004
-1.9840626556239547
-1.982125538884974
-1.9804319045302288
-1.979908888979309
-1.9796342121732706
-1.894144629154572
-1.885532764790498
-1.8780410598884238
-1.8713648226126125
-1.8673319845206682
-1.863007200741154
-1.8607918069734313
-1.8593558674994284
-1.7810292665278902
-1.7806577453021184
-1.7799587504829664
-1.776563961797895
-1.7760381084220795
-1.7639249833805388
-1.7603192321831382
-1.7552023799225671
-1.7430405701444536
-1.7427113744253604
-1.7405876093118997
-1.7392437261224905
-1.7374038777233387
-1.4055633118739577
-1.4041862256442397
-1.4025110273200077
-1.400906599683352
-1.3984812524818517
-1.3936208176206377
-1.3918777201400208
-1.3900712859239166
-1.3376526924437997
-1.3364257361885703
-1.3350771117084048
-1.333301283371462
-1.3327999581220342
-1.3052234293337979
-1.3045346120420402
-1.3033320383857763
-1.3012857055139124
-1.2997478813357652
-1.297759696229862
-1.2968217067040992
-1.2960349142371153
-0.4057507722119835
-0.40518924176374466
-0.40399265909229265
-0.4002462488580284
-0.397837210986983
-0.38806226820150636
-0.3867443003461115
-0.38626937432837927
-0.3264730897719973
-0.32370395997146667
-0.3233121758189009
-0.319603657956978
-0.31017379626681846
-0.23476507628788748
-0.23416248099112583
-0.2269515506112192
-0.20533404694252216
-0.19583620133118324
-0.17969991830290197
-0.16289607719108978
-0.16129250261956568
-0.11262007486864392
-0.10876371454312524
-0.08856951469341232
-0.07621359970680475
-0.061657773009218854
-0.030717700233454912
-0.017078829029901314
-0.015608748096186759
0.06039444935664842
0.060459952222582734
0.07778690924145681
0.09178455092594374
0.09231980797049093
0.19883006509273135
0.19916778077905611
0.20497101321783145
0.21363916895281307
0.22094681401782504
0.22257793011332738
0.22839328049614566
0.22848723582687425
0.8903780517956148
0.8905743222720387
0.8958489566236121
0.8965119952733226
0.9024279787253731
0.9218729547004108
0.9256681259931053
0.9375300881152084
0.9644873098544186
0.9860202174502565
0.9958130136059423
1.001615102006702
1.0044973465456053
1.1469422637003002
1.150344531675846
1.1541677411616291
1.1624123582060415
1.1681096487003864
1.1822305134140287
1.1916878319456967
1.1946960500317674
1.432520529081959
1.4339126963241122
1.435599089184612
1.4418995876693073
1.4431409814760634
1.4589377258885488
1.460401709771858
1.4660950227443679
1.4775075007948884
1.4814378633766048
1.4834409677115048
1.4862376003921562
1.4872003417982076
1.9067883865069317
1.9073312727657155
1.9096476115845602
1.9100405465559023
1.9127109058047804
1.917173007312828
1.9294548345830151
1.9465419825066894
1.9780485941434682
1.997652848469785
2.021142838861599
2.046213439885786
2.071316070760617
2.096368212080041
2.118644845396688
2.138300691095401
2.1547416394173458
2.167475372588414
2.1761209898822127
2.180263532541077
2.1804196074666793
2.9930095267881724
3.0028495936133
3.0139924035568786
3.0262743011501483
3.0394730011167344
3.053329137941166
3.067567620528548
3.0819156927352354
3.0961245250103775
3.109941415985613
3.1231755283918194
3.135652205763176
3.147225809948279
3.1578103979117054
3.1672505277811833
3.175502839137555
3.1825132292827085
3.1882431809198626
3.192667154560451
3.195770265564051
3.197546324054675
-2.5120615367001995
-2.5089466408713075
-2.505544669871803
-2.5018398235482078
-2.4978171476545663
-2.4934594551037432
-2.488760954981493
-2.483705650796971
-2.4777523300754365
-2.4719498655055676
-2.46577776092948
-2.459236153413032
-2.452327787576998
-2.4449011354827905
-2.4372580788217246
-2.429202272010861
-2.4207463776632996
-2.411919189943046
-2.402751094128089
-2.3932878609737447
-2.3835907840723607
-2.0414717982037334
-2.0325017295389607
-2.0238097786533533
-2.015617699832655
-2.0082336056439476
-2.0001277105661717
-1.9937731786713495
-1.9886303245973578
-1.984062653888797
-1.9821255458406204
-1.980431871038824
-1.979908947647505
-1.9796341816627674
-1.894144629146405
-1.8855327649271154
-1.878041058808963
-1.871364829434629
-1.8673319678598792
-1.863007234562915
-1.8607917681764548
-1.859355883266065
-1.7810106086392106
-1.780691361090222
-1.7799414967819973
-1.776572930299856
-1.7760314228885947
-1.763924906456108
-1.7603194246513523
-1.7552022282827524
-1.743049174249825
-1.7427009126333721
-1.7405908655007234
-1.7392422027004437
-1.7374040515706513
-1.4055631489368738
-1.404187046210903
-1.4025090624004544
-1.4009087083074592
-1.3984801859589104
-1.3936215843661826
-1.391877044469644
-1.3900714600320379
-1.337658184013318
-1.3364030943697756
-1.335111688577967
-1.3332483602634215
-1.3328354805449485
-1.3050313958355664
-1.3048547478229178
-1.3030906905410156
-1.3014931265650371
-1.299602290102906
-1.2978548434266017
-1.2967633249889814
-1.2960495385697004
-0.4057517088153622
-0.4051872566914052
-0.40399415151661094
-0.40024509798225527
-0.39783810341364073
-0.3880585828329658
-0.3867551960697825
-0.3862619767794929
-0.32647676343757703
-0.3236392101458961
-0.32337602105737856
-0.31960083739401984
-0.3101738457533622
-0.23479373084608657
-0.23412977120959869
-0.2269566037634375
-0.20533136846898334
-0.19583804992431808
-0.1797007059880249
-0.16288346953095828
-0.16130437329635927
-0.1126167484091573
-0.10876732350955357
-0.08856880469536929
-0.07621373622348389
-0.06165789792099584
-0.030717540647487888
-0.017079503709059602
-0.015608183844055844
0.06039540186350266
0.06045899369253233
0.07778692043122197
0.09178448358845985
0.09231986998415852
0.19883015190579784
0.19916768422306638
0.20497102920808827
0.21363915426442934
0.2209468566799566
0.22257789076293394
0.22839338005541684
0.22848714139737655
0.890378042273077
0.8905743329938696
0.8958489408752599
0.8965120109713614
0.9024279774081685
0.9218729557563392
0.9256681249226674
0.9375300883241381
0.9644873098055398
0.9860202175183664
0.9958130135238739
1.0016151020465047
1.0044973465424765
1.1469422633741546
1.1503445326722004
1.1541677402080857
1.1624123586650015
1.1681096485174176
1.1822305134167452
1.1916878319588091
1.1946960500232437
1.4325205158029162
1.4339127382035761
1.435599049013631
1.441899653507848
1.443140923996589
1.4589377845673877
1.4604016409863425
1.4660950394287255
1.4775074852417658
1.481437902120694
1.4834409301588038
1.4862376198922764
1.4872003332936357
1.9067883865069408
1.9073312727656953
1.9096476115846344
1.9100405465558317
1.912710905804786
1.9171730073128284
1.9294548345830134
1.946541982506689
1.9780485941434685
1.9976528484697849
2.021142838861599
2.0462134398857867
2.071316070760617
2.0963682120800398
2.118644845396689
2.1383006910954014
2.154741639417346
2.167475372588414
2.176120989882213
2.180263532541076
2.1804196074666775
2.9930095267881742
3.0028495936132975
3.0139924035568777
3.026274301150149
3.0394730011167344
3.0533291379411676
3.0675676205285503
3.081915692735239
3.096124525010379
3.1099414159856136
3.123175528391827
3.1356522057631766
3.1472258099482735
3.157810397911706
3.1672505277811855
3.1755028391375495
3.182513229282709
3.188243180919861
3.1926671545604517
3.195770265564052
3.1975463240546764
-2.5120615367001973
-2.5089466408713057
-2.5055446698718074
-2.501839823548208
-2.497817147654566
-2.493459455103747
-2.488760954981498
-2.483705650796971
-2.477752330075438
-2.471949865505569
-2.465777760929481
-2.4592361534130274
-2.4523277875770053
-2.4449011354827914
-2.4372580788217286
-2.429202272010855
-2.420746377663303
-2.411919189943048
-2.402751094128092
-2.393287860973746
-2.3835907840723602
-2.041471798203735
-2.0325017295389647
-2.023809778653352
-2.015617699832675
-2.0082336056437704
-2.0001277105681576
-1.9937731786550368
-1.9886303246954593
-1.984062652927197
-1.9821255491252894
-1.9804318575018285
-1.9799089701571342
-1.979634170283471
-1.894144629142097
-1.8855327649572942
-1.8780410588111538
-1.8713648281562354
-1.8673319728241335
-1.863007220435708
-1.8607917867998671
-1.8593558750532932
-1.7810884411864882
-1.780510146970049
-1.7800598974720445
-1.776496892924495
-1.7760929601081792
-1.7639230179340681
-1.760321498666149
-1.7552013325571971
-1.7430705476849013
-1.7426748579079174
-1.740598882216496
-1.73923868310205
-1.7374044270177007
-1.4055626241579249
-1.4041897471454952
-1.402502341879028
-1.40091616244401
-1.3984762202376928
-1.3936248341368123
-1.391874018774482
-1.390072292319537
-1.3376444450243083
-1.3364556418198748
-1.3350338076465786
-1.3333551074231038
-1.3327677674898752
-1.305235038260221
-1.3045101170999154
-1.3033497817401591
-1.3012794913799217
-1.2997482549525077
-1.2977627870483834
-1.2968187502529034
-1.2960357750718496
-0.4057520577536043
-0.40518648774599086
-0.403994771010972
-0.4002445402425184
-0.3978385674490987
-0.38805632414669666
-0.3867617754383512
-0.3862575492326785
-0.32647863133946003
-0.3235901060319465
-0.3234245941153324
-0.3195994773345726
-0.31017386901712535
-0.2347915334938195
-0.23413249131186573
-0.22695579025142745
-0.20533285242532062
-0.19583603888875772
-0.17970213906301657
-0.1628808229391114
-0.161306340418546
-0.11261911649482975
-0.10876441455539289
-0.08857009131471785
-0.07621281945243905
-0.06165814532734223
-0.03071756586677234
-0.017079149259129844
-0.015608502913506874
0.06039661250186101
0.060457780896293674
0.0777869235597231
0.09178449676470153
0.09231985678777388
0.19883018089601046
0.1991676530376006
0.2049710314836015
0.21363915595242922
0.22094684225250377
0.2225779061385283
0.22839332106604457
0.22848719767750789
0.8903780360105068
0.8905743399875523
0.8958489327369276
0.8965120188331062
0.9024279769253233
0.9218729557374945
0.9256681250188229
0.9375300882564614
0.9644873098577808
0.9860202173326437
0.9958130140009438
1.001615101419437
1.0044973468446496
1.1469422638286204
1.150344531096885
1.1541677419605911
1.1624123574347478
1.1681096492058924
1.1822305132781108
1.191687832051594
1.194696049979198
1.4325205039420215
1.4339127740611717
1.4355990163497192
1.4418996973981024
1.4431408872060927
1.4589378048795396
1.4604016188418398
1.4660950432799043
1.4775074843388627
1.4814379021223998
1.4834409312648353
1.4862376185138824
1.487200334015821
1.9067883865069495
1.9073312727656822
1.9096476115846825
1.9100405465557864
1.9127109058047895
1.9171730073128268
1.9294548345830131
1.946541982506689
1.9780485941434693
1.9976528484697835
2.0211428388615986
2.046213439885785
2.0713160707606173
2.0963682120800406
2.1186448453966884
2.1383006910954014
2.154741639417347
2.167475372588414
2.1761209898822123
2.180263532541077
2.1804196074666775
2.9930095267881707
3.0028495936132984
3.013992403556881
3.0262743011501487
3.039473001116736
3.0533291379411627
3.0675676205285543
3.08191569273524
3.0961245250103815
3.109941415985617
3.123175528391824
3.1356522057631775
3.1472258099482735
3.157810397911706
3.167250527781188
3.175502839137553
3.18251322928271
3.1882431809198586
3.1926671545604486
3.195770265564055
3.197546324054681
-2.512061536700201
-2.50894664087131
-2.5055446698718082
-2.501839823548212
-2.4978171476545636
-2.4934594551037446
-2.4887609549814993
-2.4837056507969724
-2.477752330075437
-2.4719498655055676
-2.4657777609294804
-2.45923615341303
-2.452327787576996
-2.444901135482793
-2.4372580788217286
-2.429202272010862
-2.4207463776632987
-2.4119191899430446
-2.402751094128094
-2.3932878609737473
-2.383590784072365
-2.0414717982037334
-2.032501729538967
-2.023809778653353
-2.015617699832677
-2.008233605643823
-2.000127710566955
-1.9937731786701367
-1.9886303245683028
-1.9840626546623457
-1.9821255421696713
-1.9804318909950929
-1.979908911491051
-1.9796342007899785
-1.894144629150263
-1.8855327648206812
-1.8780410598906179
-1.871364821334214
-1.8673319894848925
-1.86300718661363
-1.8607918255968887
-1.8593558592869648
-1.7810991702626409
-1.7804729617786772
-1.780088599167509
-1.7764853527703255
-1.7761022675115705
-1.7639230949712221
-1.7603213061414311
-1.7552014841493249
-1.743063090391772
-1.742684191553577
-1.740595618708357
-1.739240195368566
-1.7374042529744138
-1.4055627873917091
-1.4041889296712347
-1.4025043159737745
-1.400914044796757
-1.3984772834983252
-1.3936240690917248
-1.3918746927947871
-1.3900721178822044
-1.3376386836440128
-1.3364769675966992
-1.3349991750613357
-1.333399565589132
-1.3327423515770689
-1.305321410206234
-1.3041943466529133
-1.3036703661141744
-1.3010663697486773
-1.2999163950571029
-1.297664526043848
-1.296884377673993
-1.2960222302389017
-0.4057511231196288
-0.40518847208586756
-0.4039932774574495
-0.4002456913401491
-0.39783767470472314
-0.3880600284102966
-0.386751041730929
-0.38626476585837255
-0.32647496925382063
-0.3236747231916367
-0.3233408745649002
-0.3196022932965009
-0.31017381952950185
-0.2347626323489216
-0.23416544656680582
-0.22695073814359973
-0.2053355303015201
-0.1958341909307304
-0.17970135156716585
-0.16289346493959417
-0.16129443524130938
-0.1126224384258436
-0.10876081005129659
-0.08857080133830396
-0.07621268298242193
-0.06165802041155428
-0.030717725451527397
-0.017078474302641908
-0.015609067444067443
0.06039562330732287
0.060458776114024254
0.07778691236995779
0.0917845641053693
0.0923197947709255
0.1988300940667309
0.19916774960978817
0.20497101549336064
0.21363917064082233
0.2209467995910588
0.22257794548824314
0.2283932216253692
0.22848729198839757
0.8903780455323608
0.8905743292663973
0.895848948484909
0.8965120031354409
0.9024279782425281
0.9218729546815656
0.9256681260892597
0.9375300880475327
0.9644873099066594
0.9860202172645326
0.9958130140830134
1.0016151013796348
1.0044973468477763
1.1469422641547666
1.1503445301005333
1.1541677429141348
1.1624123569757887
1.168109649388864
1.1822305132753945
1.1916878320384807
1.1946960499877242
1.4325205172206201
1.4339127321808847
1.4355990565218852
1.4418996315558381
1.4431409446893646
1.4589377461989466
1.4604016876290773
1.4660950265955799
1.47750749989198
1.4814378633783327
1.4834409688175287
1.4862375990137728
1.487200342520372
1.9067883865069402
1.9073312727657021
1.9096476115846086
1.9100405465558572
1.9127109058047844
1.9171730073128275
1.9294548345830145
1.9465419825066894
1.9780485941434693
1.9976528484697837
2.021142838861599
2.046213439885786
2.071316070760618
2.096368212080041
2.1186448453966866
2.138300691095401
2.1547416394173458
2.167475372588413
2.1761209898822123
2.1802635325410766
2.1804196074666784
2.993009526788172
3.002849593613301
3.01399240355688
3.0262743011501465
3.0394730011167344
3.0533291379411676
3.067567620528551
3.0819156927352376
3.0961245250103806
3.109941415985619
3.123175528391823
3.1356522057631753
3.147225809948275
3.157810397911708
3.1672505277811833
3.1755028391375544
3.182513229282708
3.1882431809198604
3.1926671545604517
3.195770265564049
3.197546324054678
