-2.524349183822808
-2.5212295548724253
-2.517807190568528
-2.513479704667769
-2.5093938042188157
-2.5049431227237
-2.5001082587079715
-2.4949096941554796
-2.4893281363636954
-2.4833593820112516
-2.4770009967142657
-2.4702524783423687
-2.4631163111259524
-2.455598758472869
-2.447710794411929
-2.4394700579708806
-2.4309012166709922
-2.4218489377605636
-2.412527974821873
-2.4029084018316285
-2.0538208394005717
-2.0426595874976843
-2.0318232569794397
-2.0189841631585375
-2.011091187001432
-2.004410137263195
-1.9994663605594196
-1.9966844346734187
-1.9925167974719307
-1.9904035410797782
-1.9882618332516206
-1.9769729613726796
-1.9741118804902484
-1.9721755050303265
-1.9493188838998199
-1.9473842540106068
-1.9464080284625396
-1.8641819998098244
-1.8623638609728301
-1.8616918116402903
-1.7947766258787339
-1.7895162625483414
-1.7846805057710102
-1.7666998951538444
-1.7661510282626056
-1.7645210752315625
-1.7477046849238385
-1.7467189390320177
-1.741234967459157
-1.7374826528497553
-1.7361689385645143
-1.7286430990678152
-1.726686668574692
-1.7241766004941705
-1.697538249353164
-1.691705974699946
-1.6861000000667667
-1.3847974890110428
-1.3813492740005666
-1.3775407775814899
-1.3290023090828025
-1.327524005339023
-1.3269721716959122
-1.309989306468392
-1.3092788381559852
-1.3079658500885778
-1.2957971897554084
-1.2938824270757572
-1.2916663211756567
-1.2879572941367075
-1.286742949771127
-1.2800148521015888
-1.27803243772679
-1.2766922257128528
-1.2590694346182107
-1.2583396549240142
-1.258007140080239
-0.39872948888267506
-0.39869583085787796
-0.39867813465037505
-0.35086644754838936
-0.35063382257310716
-0.3505322875051201
-0.3122942284416282
-0.3104582142190924
-0.30753534761577545
-0.28278699800439505
-0.2779452852755538
-0.2765150543922706
-0.258383190412283
-0.25753335339898104
-0.2292384991194064
-0.22875344957895835
-0.22322171836175897
-0.14881738036932277
-0.14751657731761686
-0.13316282104858712
-0.12479476796837256
-0.10744618002942048
-0.10581337998440238
-0.034643631867710085
-0.03443521420133728
-0.01094275996899629
0.015350521687561899
0.022579970505762676
0.043937456805915605
0.052801877370551066
0.06439686446598554
0.09317565287233541
0.09958499217523688
0.10238906601200275
0.1554805060264598
0.15604713634580553
0.1572201033414686
0.2338542000703756
0.23396747008465685
0.23399916073932428
0.8671355987259595
0.8691571814602962
0.8713292851341596
0.8832719189454372
0.8898497156639837
0.8962356092408178
0.9111166005533267
0.9178008716379006
0.9369149264408888
0.9379375477705484
0.9532669511035023
0.9710323237582557
0.994015963294967
1.0097063572411513
1.0589314892838315
1.059207037737091
1.0622379725653206
1.1811671915799271
1.183352626572271
1.1887268303145724
1.3973074292712837
1.398465817705861
1.4008124204421648
1.4369427496846725
1.4440225470753143
1.4468453401996009
1.4643780393048613
1.4667963077651063
1.482742706677952
1.4849073278832414
1.4994990275031053
1.507205966396453
1.513457103243262
1.5154128392870272
1.539920953954423
1.5402894788743906
1.5409188502723372
1.9504979704808068
1.952502341316952
1.9558933860408068
1.98725967007803
1.9877503422370086
1.992294427240522
2.0052294015246512
2.020018251496924
2.040467403032362
2.0638345539795186
2.0885089281496203
2.1132529875762653
2.1370537872302835
2.1590620724507272
2.178557558492143
2.1948325141041627
2.207027559742519
2.218652603905781
2.224098133128853
2.225834647594973
3.020315573341958
3.0308427876729827
3.0425544676042127
3.055289087709447
3.068772830669416
3.08277324705722
3.097019183565705
3.1112454081354124
3.125204203677626
3.1386724587964085
3.151455065439727
3.163385614430474
3.174325308424796
3.1841608149718184
3.1928015838618222
3.200176774298201
3.2062319371450565
3.2109777922511564
3.2143042390181793
3.2162366633462303
-2.5243491838228085
-2.5212295548724235
-2.5178071905685293
-2.5134797046677675
-2.5093938042188126
-2.5049431227237
-2.5001082587079733
-2.4949096941554854
-2.489328136363694
-2.483359382011248
-2.47700099671427
-2.47025247834237
-2.463116311125954
-2.455598758472865
-2.4477107944119267
-2.439470057970879
-2.4309012166709993
-2.42184893776056
-2.4125279748218693
-2.4029084018316262
-2.053820839400574
-2.0426595874976887
-2.031823256979441
-2.0189841631583616
-2.011091187007953
-2.0044101371143834
-1.9994663623784423
-1.9966844296865962
-1.9925168123890244
-1.9904035209847273
-1.9882618422499683
-1.9769729591291476
-1.974111883658759
-1.9721755035864004
-1.949318884021669
-1.9473842537448476
-1.946408028615292
-1.86418199982161
-1.8623638609184705
-1.8616918116832792
-1.7947766200969015
-1.7895162993737375
-1.7846804376969136
-1.7667464937584056
-1.7660806073396973
-1.764546480668725
-1.7474991792706258
-1.746976368940146
-1.7410636738272676
-1.737805857345733
-1.735948106211553
-1.728682216520128
-1.7266579650840028
-1.7241816381565125
-1.6975382486048527
-1.6917059750107952
-1.6861000000255126
-1.384797489011508
-1.3813492739990727
-1.3775407775827864
-1.3290023029409321
-1.327524002225837
-1.3269721870987856
-1.309967905882537
-1.3093172899598167
-1.3079468370093825
-1.2958850756977143
-1.2935996040880569
-1.291966648010558
-1.2875451893388956
-1.287062895860287
-1.2799856689101645
-1.2780594133007046
-1.2766831549655775
-1.2590694824454707
-1.25833954448253
-1.2580072056914946
-0.39872949117552225
-0.3986958241545973
-0.398678139060908
-0.35086589851347544
-0.35063567950994384
-0.3505309787993555
-0.31229607076512755
-0.31045439436386674
-0.30753760875861685
-0.28277716435241135
-0.27799521479897804
-0.2764731333558651
-0.25839246168029817
-0.25752594808051427
-0.22917960186136702
-0.22881553486855805
-0.22321818634020446
-0.14882147626678938
-0.1475120419904367
-0.13316330929244247
-0.1247950121729221
-0.10744385256750232
-0.10581544481590549
-0.03463970552315374
-0.03443915399107638
-0.010942746937944104
0.015350713676139853
0.0225796943585981
0.0439377646177571
0.052801575940262115
0.06439696116646977
0.09317562665673897
0.09958502375409463
0.10238905217175542
0.15548049666627586
0.1560471495171441
0.15722009948821203
0.23385420007464766
0.23396747006812602
0.23399916075159385
0.8671355993568678
0.8691571793070594
0.8713292871420967
0.883271916275882
0.8898497211790503
0.8962356044503227
0.9111166049255591
0.9178008679047565
0.9369149360515544
0.9379375388820227
0.9532669511761696
0.9710323237979853
0.9940159632721709
1.0097063572505407
1.0589314889918717
1.0592070380489045
1.062237972544616
1.181167191579858
1.1833526265723664
1.1887268303145477
1.397307429174436
1.3984658178755163
1.4008124203638257
1.436942750243713
1.444022543029209
1.4468453445116263
1.4643780305790837
1.4667963169727523
1.482742698101398
1.4849073357395957
1.4994990263616765
1.5072059673537193
1.5134571024313972
1.515412839701869
1.5399209540006629
1.5402894788047106
1.5409188502958568
1.9504979704808068
1.9525023413169529
1.9558933860408056
1.9872596700780305
1.9877503422370082
1.992294427240521
2.0052294015246526
2.0200182514969245
2.040467403032362
2.0638345539795204
2.08850892814962
2.1132529875762676
2.1370537872302826
2.159062072450727
2.1785575584921424
2.194832514104162
2.207027559742519
2.218652603905781
2.2240981331288534
2.2258346475949735
3.0203155733419544
3.030842787672984
3.0425544676042158
3.055289087709443
3.068772830669413
3.082773247057221
3.0970191835657084
3.1112454081354124
3.1252042036776286
3.138672458796406
3.1514550654397246
3.1633856144304753
3.1743253084247978
3.184160814971813
3.192801583861821
3.2001767742982037
3.2062319371450556
3.2109777922511578
3.2143042390181766
3.216236663346229
-2.5243491838228085
-2.5212295548724284
-2.5178071905685298
-2.513479704667768
-2.509393804218828
-2.5049431227236996
-2.5001082587079777
-2.494909694155484
-2.489328136363692
-2.4833593820112476
-2.4770009967142688
-2.4702524783423696
-2.4631163111259524
-2.4555987584728616
-2.447710794411926
-2.43947005797088
-2.4309012166709967
-2.4218489377605628
-2.412527974821871
-2.402908401831631
-2.053820839400577
-2.042659587497689
-2.0318232569794437
-2.0189841631581467
-2.0110911870133568
-2.0044101370252583
-1.999466363217997
-1.996684427727401
-1.9925168168490452
-1.9904035158642848
-1.9882618441579771
-1.9769729591027392
-1.9741118835508609
-1.9721755036792263
-1.9493188839718374
-1.947384253861879
-1.9464080285455523
-1.8641819998627096
-1.8623638607505764
-1.8616918118106187
-1.7947766183578704
-1.7895163092606452
-1.7846804207815337
-1.7667566164190391
-1.7660643549506272
-1.7645530338040605
-1.747380801788979
-1.747109733472143
-1.7410101577947297
-1.737892552289523
-1.735895138249932
-1.7286928158268107
-1.7266504553939077
-1.7241829359499228
-1.6975382485432877
-1.6917059750220942
-1.6861000000258624
-1.3847974890123567
-1.3813492739962259
-1.377540777585408
-1.3290019593179354
-1.3275259856402366
-1.3269704622277547
-1.3100436492650442
-1.309176295085382
-1.3080176535167942
-1.2956808013222505
-1.29413413101697
-1.2914417430180547
-1.288154638287796
-1.2866265786286475
-1.2800251542361119
-1.2780245303877193
-1.27669459615276
-1.25906944057799
-1.258339639777832
-1.258007149448841
-0.39872948107990797
-0.3986958535827408
-0.39867811972817196
-0.3508648125122154
-0.3506392102414638
-0.3505285324565852
-0.31229900823034873
-0.3104484063319804
-0.3075410457733426
-0.28276708530947997
-0.2780377864079016
-0.2764395956537205
-0.25838518132546473
-0.2575344720919704
-0.22906536070994632
-0.22893265528088183
-0.22321471525396736
-0.14881999770606805
-0.14751395216404795
-0.133161968214937
-0.12479630238066965
-0.1074418173180159
-0.10581710768703105
-0.03464251453066067
-0.034436304995689906
-0.010942822957348256
0.015350871821013438
0.022579554690045994
0.043937752849664016
0.052801641742785795
0.06439691583687548
0.09317567168556894
0.09958494180717603
0.10238909786984682
0.15548049449130835
0.15604715236114922
0.15722009878483076
0.23385419984918604
0.2339674710861183
0.23399915995903314
0.867135599455424
0.869157179056405
0.8713292872907895
0.8832719166973313
0.8898497195734585
0.8962356065102852
0.9111166013079445
0.9178008718952697
0.9369149126755296
0.9379375617435666
0.9532669503093147
0.9710323239563579
0.9940159632432244
1.009706357257226
1.0589314890713568
1.0592070379623655
1.0622379725515858
1.1811671915797943
1.1833526265724474
1.188726830314529
1.3973074291303154
1.3984658179492224
1.4008124203330732
1.4369427501467888
1.444022544182079
1.4468453430840487
1.4643780362986731
1.4667963104549213
1.4827427078816222
1.4849073261850527
1.4994990285813372
1.5072059648331528
1.5134571053376924
1.5154128380364855
1.5399209544274215
1.540289478191763
1.5409188504874083
1.9504979704808063
1.9525023413169518
1.9558933860408048
1.9872596700780285
1.9877503422370078
1.9922944272405207
2.005229401524651
2.020018251496926
2.040467403032363
2.06383455397952
2.0885089281496207
2.113252987576266
2.1370537872302835
2.1590620724507277
2.1785575584921424
2.194832514104162
2.207027559742519
2.218652603905782
2.224098133128854
2.2258346475949735
3.0203155733419558
3.0308427876729818
3.0425544676042144
3.0552890877094425
3.0687728306694146
3.08277324705722
3.097019183565705
3.1112454081354106
3.125204203677627
3.1386724587964063
3.151455065439723
3.1633856144304753
3.1743253084247964
3.18416081497181
3.1928015838618196
3.200176774298204
3.2062319371450547
3.210977792251155
3.214304239018181
3.216236663346234
-2.524349183822806
-2.5212295548724324
-2.5178071905685298
-2.513479704667773
-2.509393804218824
-2.5049431227236987
-2.500108258707972
-2.494909694155487
-2.4893281363636985
-2.4833593820112476
-2.477000996714267
-2.4702524783423696
-2.4631163111259538
-2.4555987584728607
-2.4477107944119254
-2.439470057970879
-2.4309012166710056
-2.4218489377605597
-2.4125279748218773
-2.4029084018316307
-2.053820839400572
-2.0426595874976883
-2.0318232569794428
-2.0189841631583216
-2.011091187006838
-2.00441013717407
-1.9994663613989785
-1.9966844327142248
-1.9925168019320119
-1.9904035359593062
-1.988261835159603
-1.9769729613462694
-1.9741118803823487
-1.9721755051231515
-1.9493188838499906
-1.9473842541276387
-1.9464080283927998
-1.8641819998509208
-1.862363860804932
-1.8616918117676253
-1.7947766241397107
-1.7895162724354232
-1.7846804888555812
-1.7667122757442
-1.766132815005334
-1.7645273315880377
-1.7476568988174501
-1.7467824104466911
-1.741185447045176
-1.7375848064061319
-1.7360958701926235
-1.7286538840744317
-1.726678933462108
-1.7241778856485384
-1.6975382492915978
-1.6917059747112435
-1.6861000000671114
-1.384797489011891
-1.3813492739977231
-1.3775407775841084
-1.3290019654644507
-1.3275259886836057
-1.3269704468897534
-1.3100596417187818
-1.3091401947942307
-1.308039716976424
-1.2955440752277174
-1.2943950877839472
-1.2911830006770464
-1.2884283372513115
-1.286474003360862
-1.280053803167169
-1.277997942881667
-1.2767039762237888
-1.2590693927433145
-1.2583397501943254
-1.2580070838699928
-0.3987294787847731
-0.3986958602754218
-0.39867811533053854
-0.35086537056341244
-0.3506374214239438
-0.3505297640267444
-0.31229717534069046
-0.31045222305651915
-0.3075387783572383
-0.2827769928193861
-0.27798995244850705
-0.27647934751807735
-0.25837575114043787
-0.25754203608649584
-0.22917075638830284
-0.22882408104580146
-0.22321823776185912
-0.14881589083363267
-0.14751849840417278
-0.1331614800158194
-0.12479605821990271
-0.10744414961773237
-0.10581503799122058
-0.034646336886936066
-0.03443246919404686
-0.010942835988659765
0.015350679823903663
0.022579830845432164
0.04393744504031997
0.05280194317196643
0.06439681913539587
0.0931756979014824
0.0995849102287325
0.10238911170934994
0.155480503851402
0.15604713918990032
0.15722010263809383
0.23385419984491507
0.23396747110265212
0.23399915994676507
0.8671355988245133
0.869157181209641
0.8713292852828514
0.8832719193668858
0.8898497140583933
0.8962356113007776
0.9111165969357156
0.9178008756284085
0.9369149030652777
0.937937570631674
0.9532669502366485
0.971032323916629
0.9940159632660228
1.0097063572478369
1.0589314893633188
1.0592070376505525
1.0622379725722906
1.1811671915798625
1.183352626572354
1.1887268303145544
1.3973074292271614
1.398465817779565
1.400812420411412
1.4369427495877483
1.4440225482281872
1.4468453387720155
1.4643780450244934
1.4667963012472303
1.4827427164582467
1.4849073183286268
1.4994990297227664
1.5072059638758868
1.513457106149559
1.5154128376216438
1.5399209543811807
1.5402894782614434
1.540918850463888
1.9504979704808052
1.9525023413169513
1.9558933860408054
1.987259670078029
1.987750342237007
1.9922944272405214
2.005229401524651
2.0200182514969245
2.040467403032362
2.063834553979519
2.0885089281496203
2.1132529875762676
2.1370537872302826
2.1590620724507277
2.178557558492143
2.1948325141041614
2.207027559742519
2.2186526039057806
2.224098133128853
2.2258346475949735
3.0203155733419558
3.030842787672988
3.0425544676042158
3.0552890877094443
3.0687728306694138
3.08277324705722
3.097019183565707
3.111245408135411
3.1252042036776295
3.1386724587964028
3.1514550654397184
3.163385614430476
3.1743253084247987
3.1841608149718157
3.192801583861822
3.2001767742982037
3.2062319371450503
3.210977792251158
3.214304239018181
3.216236663346228
-2.52508446324178
-2.522036975576009
-2.5186923451989176
-2.5144449644631095
-2.510449218419329
-2.5060903520021705
-2.5013486435119545
-2.4962450536455676
-2.49075967934844
-2.484888016248656
-2.478627195167718
-2.471976104130861
-2.4649364263795315
-2.4575133879380817
-2.449716617011723
-2.4415621196042347
-2.433072489700359
-2.4241267944526914
-2.4148882852582862
-2.4053381274144865
-2.051013280485404
-2.0399099707483423
-2.0291977662244474
-2.0169187347183004
-2.009291587737911
-2.0029880007714187
-1.998566305315181
-1.9962975350765637
-1.9919660601296172
-1.9898792077469984
-1.9877394016955088
-1.9761809136892328
-1.973536744890814
-1.971841777790615
-1.9487309053488175
-1.947062350418379
-1.9462746474755261
-1.863570955372465
-1.8621207214240514
-1.861616792248509
-1.7935562911149676
-1.7881706099638948
-1.7838034729243364
-1.7667419781862441
-1.7661907094149667
-1.7641286229810058
-1.747769712071203
-1.7467236760591962
-1.7418531308720304
-1.7376188132995558
-1.7360732171680908
-1.7285461551102947
-1.7265458585578122
-1.7230771224233192
-1.6960793174078717
-1.6902703570497266
-1.6847694801812503
-1.3855783011988083
-1.3822542953651935
-1.378512673013287
-1.3297733859925938
-1.3273367700528387
-1.327093923052022
-1.3099290584819145
-1.3094052906235465
-1.3076582776731123
-1.2955752904861804
-1.2937543903519535
-1.2916935895561548
-1.2879341146857874
-1.2868127446908757
-1.279615456492842
-1.2776653708726964
-1.2764401652004476
-1.2588437594935789
-1.258224751749354
-1.2579702500491552
-0.39873407974959824
-0.3987063017672335
-0.39867630397508447
-0.35090626323395874
-0.35078919388517543
-0.3504678442831409
-0.3119468429452274
-0.3113569154927142
-0.3074481320360042
-0.2832044419963307
-0.28146962708156087
-0.2736146090539521
-0.260836992375967
-0.2556647124641468
-0.23144920181345444
-0.22816219423179676
-0.2262802460561277
-0.15019289340664946
-0.14519057203408128
-0.13532417564470045
-0.12235954552276232
-0.11015543804894275
-0.10393368881370538
-0.0377989716767996
-0.029743264520891606
-0.017179560073525574
0.01542973552839664
0.021240374038039612
0.04646390551651954
0.05021157313520891
0.06503666094927817
0.09272564797044024
0.10051693620460565
0.1017745478383915
0.15555581710458777
0.15594842757406452
0.15724362591380717
0.2338565965640358
0.2339586755719321
0.23400556911181228
0.8677127170843095
0.8680719948841427
0.8720717624110595
0.8823270085192567
0.8923493668680472
0.8942589601306944
0.9129862089093569
0.9170677494775342
0.9329223168764625
0.9439980107293466
0.9506853357414646
0.9762000269238553
0.9992783528916833
1.0107185426704401
1.058523443907586
1.060987735495731
1.0615792748753665
1.1808364393446396
1.182614700924953
1.1869592788443672
1.3972806069452464
1.3987451490317526
1.3995197171887797
1.436582535739501
1.443647436693745
1.4473862809047937
1.4628316135099726
1.4687962560954402
1.480185249453868
1.4875897211982396
1.496709344292993
1.5094702303201875
1.5112914904113328
1.5160915124671936
1.53980000628024
1.5405212915407356
1.5407461599957513
1.9508666666921013
1.95322343457924
1.9569639015151667
1.9872801903308766
1.9883617865814482
1.9943862178963827
2.0081257801287538
2.0247440199483258
2.046107282898884
2.069933417505859
2.094731296054582
2.1193271746475837
2.1427542453250137
2.1641957555954576
2.1829552450766054
2.198309509152185
2.2092519358255256
2.220386913204158
2.2248517508489365
2.2258325764723184
3.0178835309706034
3.028094323944211
3.0395242970434095
3.0520299494154677
3.065342948607247
3.0792395256709435
3.0934494139672406
3.1077046275696634
3.1217522412790593
3.1353625459203194
3.148333278815683
3.160490902390251
3.1716898864789975
3.1818107707369414
3.1907575843919664
3.1984548431375086
3.2048443906740647
3.2099297032979326
3.213602982560384
3.2158845443211646
-2.5250844632417766
-2.5220369755760106
-2.5186923451989216
-2.51444496446311
-2.5104492184193306
-2.506090352002175
-2.501348643511951
-2.4962450536455663
-2.4907596793484346
-2.484888016248657
-2.4786271951677112
-2.471976104130862
-2.4649364263795315
-2.4575133879380817
-2.449716617011725
-2.441562119604237
-2.433072489700359
-2.4241267944526905
-2.4148882852582934
-2.405338127414486
-2.0510132804854013
-2.0399099707483415
-2.029197766224447
-2.016918734717993
-2.0092915877518127
-2.0029880004077074
-1.9985663096626023
-1.9962975256424795
-1.9919660843305425
-1.989879175721679
-1.987739415707501
-1.9761809099663576
-1.9735367505248524
-1.9718417751177628
-1.9487309055189423
-1.947062350026176
-1.9462746477084865
-1.8635709553793525
-1.8621207213896298
-1.8616167922762974
-1.793556281353046
-1.7881706852071562
-1.7838033320030067
-1.766803936388595
-1.7661023197156527
-1.7641575474727405
-1.7474728859614723
-1.7470902354143885
-1.7416829434085395
-1.7378717702176527
-1.735906580331963
-1.7285729293087604
-1.7265290706603726
-1.7230788529805312
-1.696079316958471
-1.6902703572511295
-1.6847694801520032
-1.3855783011993053
-1.3822542953636838
-1.3785126730145507
-1.329773371795825
-1.3273370262581452
-1.327093678170077
-1.309917731632937
-1.3094223984995843
-1.3076513616119199
-1.2956450329409843
-1.2935277642946301
-1.2919306972941071
-1.2876259480593408
-1.287049407601466
-1.2795938658103645
-1.2776877260897084
-1.2764318151761709
-1.2588438259858798
-1.2582245778061194
-1.2579703604775694
-0.3987340950641995
-0.39870627209144616
-0.39867631833673767
-0.350905984978259
-0.35078957456906684
-0.35046774192272695
-0.3119443813080465
-0.3113599751203435
-0.30744743097244054
-0.28320793453898585
-0.281465745553105
-0.27361472741841597
-0.2608390775534808
-0.25566261944831176
-0.23145390012489628
-0.22815283784538928
-0.22628528291709385
-0.1501939497392437
-0.1451883518083205
-0.13532620794728809
-0.122358086677604
-0.11015640914517963
-0.103933313611708
-0.037798841940693245
-0.029743512773570877
-0.017179400359298738
0.015429519595047745
0.02124057118016422
0.04646395073614281
0.05021147588103995
0.06503670306043381
0.09272560420225215
0.10051709173568442
0.10177442633027756
0.15555582211214697
0.15594842149615126
0.1572436270263015
0.23385659680659018
0.23395867481024982
0.23400556963096683
0.8677127165944086
0.868071995445347
0.8720717623445523
0.8823270082824398
0.8923493707481704
0.8942589558659998
0.91298621356116
0.9170677443562101
0.9329223192185261
0.9439980083313468
0.9506853369423235
0.9762000268488453
0.9992783529168916
1.010718542661351
1.0585234438968154
1.0609877355498305
1.061579274832117
1.1808364393447401
1.1826147009248247
1.186959278844397
1.3972806069956913
1.3987451488636182
1.3995197173075153
1.4365825358137494
1.4436474359609768
1.4473862819091698
1.4628316113846278
1.468796259211529
1.4801852459965188
1.4875897246393277
1.4967093423054323
1.5094702347272824
1.5112914860817146
1.5160915130604198
1.539800006079999
1.5405212922355014
1.5407461594966985
1.9508666666921022
1.9532234345792419
1.9569639015151667
1.9872801903308763
1.9883617865814485
1.9943862178963836
2.0081257801287533
2.024744019948326
2.0461072828988836
2.069933417505859
2.094731296054583
2.1193271746475837
2.142754245325013
2.164195755595457
2.1829552450766063
2.1983095091521845
2.209251935825525
2.220386913204157
2.224851750848937
2.2258325764723184
3.017883530970603
3.028094323944212
3.03952429704341
3.052029949415469
3.0653429486072503
3.0792395256709453
3.0934494139672353
3.1077046275696616
3.1217522412790544
3.1353625459203225
3.1483332788156884
3.1604909023902508
3.1716898864789975
3.181810770736946
3.1907575843919633
3.198454843137509
3.204844390674069
3.20992970329793
3.213602982560383
3.215884544321164
-2.525084463241774
-2.5220369755760115
-2.5186923451989234
-2.514444964463107
-2.5104492184193266
-2.506090352002175
-2.501348643511952
-2.496245053645566
-2.490759679348443
-2.484888016248655
-2.4786271951677055
-2.4719761041308606
-2.4649364263795297
-2.457513387938078
-2.4497166170117235
-2.4415621196042343
-2.433072489700356
-2.4241267944526914
-2.4148882852582934
-2.4053381274144887
-2.051013280485402
-2.0399099707483432
-2.029197766224452
-2.016918734717421
-2.0092915877683426
-2.0029880001049065
-1.9985663124578092
-1.99629752037797
-1.9919660943099162
-1.989879164573256
-1.9877394197055536
-1.9761809100419052
-1.9735367500402734
-1.9718417754595627
-1.9487309053938462
-1.947062350334197
-1.946274647519924
-1.8635709554365172
-1.8621207211465884
-1.861616792462763
-1.7935562777934326
-1.78817070636094
-1.7838033011193435
-1.7668051108160123
-1.7661011091313714
-1.764157459514201
-1.7475273402335108
-1.747027363572476
-1.7417047921472288
-1.7378402906316008
-1.7359262375893645
-1.7285697444378354
-1.7265309600760887
-1.7230786769987934
-1.6960793169585193
-1.6902703572523072
-1.684769480151889
-1.3855783012001242
-1.3822542953609882
-1.3785126730169954
-1.3297732287473105
-1.3273402783138033
-1.327090480366654
-1.310008634541302
-1.3092825049546846
-1.3077064762261272
-1.2953592254725985
-1.294189693047977
-1.2913305514330535
-1.2882467993181437
-1.2866324220746286
-1.2796309884612354
-1.2776516831417626
-1.276444862182942
-1.258843764272728
-1.2582247366273072
-1.257970260321975
-0.39873407654349036
-0.39870630797439094
-0.3986763009739286
-0.3509059430982344
-0.3507896434670328
-0.3504677142930095
-0.3119558385411204
-0.31134555362120925
-0.3074510176324853
-0.2831579843097846
-0.2815309216887887
-0.2735913595822324
-0.2608575606845863
-0.25565084089015927
-0.23145626666057778
-0.22815232896597457
-0.2262842226824983
-0.150195509015276
-0.14518554047806423
-0.13532803499141283
-0.12235744376145141
-0.11015633960236541
-0.1039334774218423
-0.03779872889713165
-0.029743675765225484
-0.017179341721455365
0.015429639757306421
0.021240397720700254
0.04646437319767844
0.050211055010097434
0.06503676034041664
0.09272558841330616
0.10051712186626491
0.10177440595011464
0.1555558103743048
0.15594843623514076
0.15724362398817934
0.23385659678545834
0.23395867487826916
0.2340055695840808
0.867712720052951
0.8680719912769546
0.8720717635052021
0.8823270065859208
0.89234938208778
0.8942589447398712
0.9129862188457852
0.9170677393740531
0.9329223204133319
0.9439980076856233
0.9506853371084039
0.9762000268752334
0.9992783528927951
1.0107185426746472
1.0585234438559443
1.0609877357238728
1.0615792746979642
1.1808364393446367
1.182614700924968
1.1869592788443595
1.397280606885732
1.3987451492528362
1.3995197170234819
1.4365825362622007
1.4436474333102842
1.4473862848853756
1.4628316079550567
1.468796263371442
1.480185242708561
1.487589727265004
1.4967093411709573
1.5094702362531023
1.5112914847094372
1.5160915132040502
1.5398000061006838
1.5405212921564926
1.5407461595550742
1.9508666666921026
1.9532234345792412
1.9569639015151667
1.9872801903308763
1.988361786581448
1.9943862178963834
2.0081257801287524
2.024744019948326
2.046107282898885
2.069933417505859
2.0947312960545825
2.1193271746475832
2.142754245325013
2.1641957555954567
2.1829552450766063
2.198309509152186
2.2092519358255256
2.220386913204158
2.2248517508489374
2.2258325764723184
3.017883530970601
3.0280943239442113
3.0395242970434073
3.052029949415475
3.0653429486072468
3.0792395256709417
3.093449413967236
3.1077046275696647
3.1217522412790593
3.1353625459203185
3.148333278815681
3.1604909023902508
3.171689886478993
3.1818107707369427
3.190757584391966
3.198454843137508
3.2048443906740687
3.2099297032979273
3.2136029825603827
3.215884544321165
-2.5250844632417757
-2.522036975576009
-2.518692345198923
-2.5144449644631086
-2.510449218419327
-2.5060903520021762
-2.5013486435119487
-2.496245053645563
-2.49075967934844
-2.484888016248654
-2.478627195167717
-2.471976104130862
-2.464936426379528
-2.457513387938087
-2.449716617011724
-2.441562119604237
-2.433072489700359
-2.424126794452692
-2.414888285258293
-2.4053381274144914
-2.051013280485399
-2.0399099707483423
-2.029197766224452
-2.0169187347177195
-2.0092915877544457
-2.0029880004686196
-1.9985663081104057
-1.996297529812049
-1.9919660701091984
-1.989879196598456
-1.9877394056934745
-1.9761809137647741
-1.9735367444062297
-1.9718417781324165
-1.9487309052237156
-1.9470623507263956
-1.9462746472869628
-1.8635709554296225
-1.862120721181005
-1.8616167924349705
-1.7935562875553797
-1.7881706311185381
-1.7838034420401874
-1.7667434604511467
-1.7661891946481494
-1.764128531219725
-1.747790666105961
-1.7466937424487274
-1.7418743359867572
-1.7375829228686026
-1.7360984778323088
-1.7285429418705698
-1.7265477890628156
-1.7230769469363187
-1.6960793174079196
-1.6902703570509037
-1.6847694801811361
-1.385578301199631
-1.382254295362497
-1.3785126730157362
-1.3297732429482463
-1.327340028551977
-1.3270907188010572
-1.310016141429297
-1.3092686269210836
-1.3077139783721734
-1.295214934211079
-1.2944260455211414
-1.2911319898708409
-1.2884557598128106
-1.2865211529240763
-1.2796521319801255
-1.2776295250301202
-1.2764535548859444
-1.2588436977615236
-1.2582249104675234
-1.257970150015496
-0.3987340611984813
-0.39870633765546515
-0.3986762866373886
-0.3509062216269647
-0.3507892625374157
-0.35046781662611814
-0.31195818899682315
-0.3113426035746681
-0.30745172027851425
-0.28315424157475505
-0.28153504969409904
-0.2735912459647948
-0.2608554849031168
-0.2556529235747162
-0.23145157408692943
-0.22816167452511874
-0.2262791908326652
-0.15019445370310913
-0.14518776022502655
-0.13532600229337
-0.12235890247925747
-0.11015536846079481
-0.10393385265035489
-0.03779885863816963
-0.029743427509550485
-0.017179501433747187
0.015429855700374294
0.021240200569084825
0.04646432796243538
0.05021115227919379
0.0650367182297143
0.09272563218134702
0.10051696633017818
0.10177452746338858
0.15555580536710678
0.15594844231270816
0.15724362287567456
0.23385659654290536
0.23395867563995243
0.2340055690649295
0.8677127205428642
0.8680719907157383
0.8720717635717088
0.8823270068227388
0.8923493782076118
0.8942589490046157
0.9129862141939691
0.9170677444953874
0.9329223180712701
0.9439980100836234
0.950685335907547
0.9762000269502441
0.999278352867587
1.0107185426837384
1.058523443866715
1.060987735669774
1.0615792747412138
1.1808364393445359
1.1826147009250942
1.1869592788443286
1.3972806068352868
1.3987451494209715
1.3995197169047453
1.4365825361879514
1.4436474340430514
1.4473862838810012
1.4628316100803969
1.4687962602553553
1.4801852461659106
1.487589723823918
1.4967093431585163
1.5094702318459976
1.511291489039062
1.5160915126108239
1.5398000063009258
1.5405212914617281
1.5407461600541263
1.950866666692101
1.9532234345792403
1.9569639015151665
1.987280190330876
1.988361786581448
1.9943862178963825
2.0081257801287524
2.0247440199483253
2.046107282898884
2.0699334175058586
2.0947312960545825
2.119327174647584
2.142754245325016
2.164195755595458
2.1829552450766054
2.1983095091521845
2.209251935825525
2.220386913204158
2.224851750848936
2.225832576472319
3.017883530970604
3.0280943239442117
3.0395242970434104
3.0520299494154735
3.065342948607249
3.0792395256709413
3.093449413967237
3.1077046275696656
3.1217522412790566
3.1353625459203207
3.148333278815683
3.1604909023902508
3.1716898864789944
3.1818107707369445
3.190757584391963
3.1984548431375077
3.2048443906740673
3.2099297032979237
3.21360298256038
3.215884544321159
-2.5258026513550984
-2.52282581305502
-2.5195575750482684
-2.5153879501009992
-2.5114819369159904
-2.507214473976429
-2.5025654961084296
-2.4975565473953423
-2.4921670771289186
-2.4863923128743504
-2.48022898865089
-2.4736754259958866
-2.4667325594441136
-2.4594046410544057
-2.4517000319261717
-2.4436331920003793
-2.435224750058411
-2.426382483311789
-2.4172290335735154
-2.40775197683858
-2.048214925910567
-2.0371843838457604
-2.0266165867282067
-2.0149111073825465
-2.0075756692389244
-2.001684304869811
-1.9978064848548749
-1.996004304900388
-1.9914380227828306
-1.9893444678748373
-1.9872487275961321
-1.9754372162740828
-1.9730223427838676
-1.9715639813760706
-1.948214530345789
-1.9467961181783007
-1.9461737003333779
-1.8630744855031514
-1.8619349378529917
-1.8615633383468861
-1.7922501551388936
-1.7868934933841585
-1.7830897933058596
-1.766629924191058
-1.76637214784059
-1.763272083226806
-1.7479558267289437
-1.7465618479247549
-1.7425693640357234
-1.737694860994088
-1.7361786067484262
-1.728405836301468
-1.726010519154487
-1.721889743100618
-1.6946164725252915
-1.6888545148019714
-1.6834751222492617
-1.3863217632781537
-1.383132778549384
-1.3794743646393657
-1.3306074921868396
-1.3277358346996169
-1.3269252052380687
-1.3099100211352506
-1.3093790953598186
-1.3072264765216357
-1.295517491883646
-1.2936148625967234
-1.2917655470676206
-1.2878687504536033
-1.2868598778643427
-1.2791946220498767
-1.2773460947522475
-1.276210055992944
-1.25864929189097
-1.2581330109241025
-1.2579472220987158
-0.39874061643224074
-0.3987158121012384
-0.3986791299175125
-0.3510905467923014
-0.3508390140419574
-0.35040792040364227
-0.31231642742254323
-0.3111237255607046
-0.3080697011516979
-0.2848876038687832
-0.2818115488867429
-0.27225262062582134
-0.26267670756063766
-0.2544359390941323
-0.23452378206983376
-0.22901836679884846
-0.2270207134109565
-0.15123042194225972
-0.1408939738012427
-0.1396426688677753
-0.11728128839883833
-0.11510015732193905
-0.10249807996689132
-0.0390474642108277
-0.024778161699984574
-0.02261291079554479
0.008160800752984297
0.027055087657986553
0.04045017745890627
0.05607882889152776
0.06273554138418044
0.09415753749772406
0.09797823566217782
0.10307054197177248
0.15525007908789296
0.1564836189814022
0.15701015231093182
0.2338814569051674
0.23391332118948535
0.23402606470180654
0.8673403972343326
0.8687016564159733
0.8716476072306265
0.8834160434031478
0.8887948451870237
0.8988737698979957
0.9084861503905671
0.9231838941304193
0.9282072786560697
0.9468539686078966
0.9509566950279924
0.9821861274380967
1.0038004750909206
1.010371747328592
1.0585158144713238
1.060657483519738
1.062055624599689
1.180563180679467
1.1820316655984018
1.185485962884762
1.3975537190164458
1.3984478442820447
1.3987127234977574
1.4374653500861336
1.4407249413213297
1.4499727236729407
1.4601379596607358
1.4733849150919185
1.4758496671469195
1.491816157989715
1.4930193564958962
1.5086998338996676
1.511932676746273
1.515964819019804
1.5398459048155377
1.5404746169959593
1.5406508974063227
1.9513224439862544
1.9540286937622129
1.9581419454940954
1.9872901712430995
1.9893006869773382
1.9968813659318003
2.011632165705945
2.0297534136943844
2.051898202870362
2.076091755235036
2.100940034387323
2.1253275805802527
2.1483301363852414
2.1691599658186598
2.187141589962265
2.2015179404437926
2.211043865949906
2.2218711063403704
2.225378970191181
2.2257535331684495
3.015533815357411
3.025422416649145
3.0365603626768647
3.0488234108725285
3.0619496112982048
3.0757253720228808
3.0898824007374275
3.104150756097873
3.1182728111627873
3.132012518291617
3.145160535345474
3.1575361476852777
3.168986968512845
3.1793872453874488
3.188635403677334
3.1966511152041663
3.20337224423315
3.2087956013637116
3.2128146879934665
3.215445095682645
-2.525802651355097
-2.5228258130550243
-2.519557575048268
-2.515387950101003
-2.5114819369159895
-2.5072144739764277
-2.502565496108432
-2.4975565473953365
-2.4921670771289186
-2.486392312874348
-2.480228988650896
-2.4736754259958853
-2.4667325594441123
-2.4594046410544
-2.4517000319261726
-2.443633192000379
-2.4352247500584143
-2.4263824833117904
-2.4172290335735105
-2.4077519768385756
-2.0482149259105666
-2.0371843838457595
-2.026616586728207
-2.0149111073822703
-2.0075756692575437
-2.0016843042831733
-1.9978064917059428
-1.9960042928429076
-1.991438049062042
-1.9893444322362046
-1.9872487436007917
-1.9754372109490077
-1.9730223518028926
-1.9715639767953832
-1.9482145306968026
-1.946796117285306
-1.9461737008915254
-1.8630744855325967
-1.8619349377231926
-1.8615633384474461
-1.79225014334924
-1.7868936022591362
-1.7830895935811013
-1.7667373690055426
-1.766245150241569
-1.7632954061971124
-1.7476458973597166
-1.7469905797781375
-1.7423407997726166
-1.737974705462861
-1.7359934482552075
-1.7284282232986221
-1.725998504106607
-1.7218907796210063
-1.6946164721815755
-1.6888545149554248
-1.6834751222267195
-1.386321763278829
-1.3831327785474206
-1.3794743646409326
-1.3306074852411565
-1.3277358898078409
-1.3269251547271559
-1.309902380507083
-1.3093902402253237
-1.3072219789708759
-1.2955759364368045
-1.2934065167614326
-1.2919804470821221
-1.2876037874253072
-1.2870661836927424
-1.279177492993723
-1.2773656009989263
-1.2762023301806722
-1.258649380622864
-1.2581327430449338
-1.2579474039967933
-0.3987406416852855
-0.3987157695092778
-0.39867914725734555
-0.3510898688467515
-0.35084012211325843
-0.3504074889822502
-0.3123151850240647
-0.31112609400475166
-0.3080682765890219
-0.28490147389288384
-0.28178961022368154
-0.2722698038536494
-0.26266047341787974
-0.2544450013080113
-0.23451753670882688
-0.22902880032029913
-0.22701488945034676
-0.15122997137233116
-0.14090013590665437
-0.1396367749032822
-0.11728147179492182
-0.1151002453543362
-0.10249797805012852
-0.03904751019834267
-0.024777973297926033
-0.022613048800680335
0.00816075206127596
0.027055209260089638
0.04045002264113454
0.05607898998970774
0.0627354479374992
0.09415754919981617
0.09797822865347466
0.10307054121140666
0.15525008316328068
0.15648360691258947
0.1570101603484917
0.2338814570147647
0.2339133210487171
0.23402606473298027
0.867340396553792
0.868701657868957
0.8716476061172707
0.8834160454009717
0.8887948421898856
0.8988737726930452
0.9084861480264065
0.9231838969149487
0.928207276583913
0.9468539689805832
0.9509566948620524
0.9821861274157611
1.0038004751295992
1.0103717473013352
1.058515814516314
1.060657483423921
1.062055624651653
1.1805631806796202
1.1820316655981917
1.1854859628848224
1.3975537193485172
1.3984478426375646
1.3987127248143414
1.4374653492388052
1.440724942896101
1.4499727219860596
1.4601379617382357
1.473384906945185
1.4758496750686732
1.4918161497270002
1.4930193640977216
1.5086998331445336
1.511932677397994
1.5159648188868668
1.5398459047929178
1.5404746170911765
1.5406508973336959
1.951322443986255
1.9540286937622133
1.9581419454940938
1.9872901712430997
1.9893006869773384
1.9968813659317997
2.011632165705945
2.029753413694384
2.0518982028703636
2.0760917552350366
2.1009400343873232
2.1253275805802523
2.148330136385241
2.16915996581866
2.187141589962265
2.201517940443794
2.2110438659499065
2.2218711063403713
2.225378970191181
2.225753533168449
3.0155338153574096
3.025422416649146
3.0365603626768656
3.0488234108725294
3.0619496112982048
3.075725372022876
3.0898824007374266
3.104150756097877
3.118272811162787
3.132012518291619
3.1451605353454752
3.157536147685276
3.168986968512839
3.179387245387446
3.188635403677337
3.1966511152041703
3.2033722442331523
3.20879560136371
3.212814687993469
3.215445095682647
-2.5258026513550966
-2.522825813055021
-2.5195575750482653
-2.5153879501009992
-2.5114819369159824
-2.5072144739764264
-2.5025654961084287
-2.4975565473953303
-2.4921670771289217
-2.486392312874345
-2.480228988650896
-2.473675425995884
-2.4667325594441127
-2.459404641054403
-2.4517000319261735
-2.443633192000383
-2.43522475005841
-2.42638248331179
-2.417229033573512
-2.4077519768385742
-2.048214925910567
-2.0371843838457586
-2.0266165867282133
-2.0149111073810424
-2.0075756692992894
-2.001684303392766
-1.9978064999994427
-1.9960042796560291
-1.9914380713112532
-1.9893444054795477
-1.9872487542102262
-1.97543720955675
-1.9730223535253704
-1.9715639761108845
-1.9482145305133716
-1.9467961177947346
-1.9461737005610888
-1.8630744856016912
-1.861934937424218
-1.861563338677723
-1.792250136331899
-1.7868936567541556
-1.7830895063275507
-1.7667521302183409
-1.766227297953632
-1.76329878663374
-1.7476718476572062
-1.7469537097926022
-1.742367133642124
-1.7379311081041868
-1.7360241498440871
-1.728422421108305
-1.7260018648933197
-1.7218904529386538
-1.6946164723216899
-1.6888545148953173
-1.683475122234993
-1.3863217632795866
-1.3831327785450205
-1.3794743646430552
-1.3306074125697842
-1.3277366645329234
-1.3269243690552643
-1.3099848907503133
-1.309269387403618
-1.3072675656100925
-1.2952099845807679
-1.294233770702852
-1.2912536390721687
-1.28830866283029
-1.2866056073962466
-1.279218498858503
-1.2773215998249952
-1.2762193756539566
-1.2586492719962357
-1.2581330656061298
-1.2579471862711404
-0.39874063457514297
-0.3987157815060365
-0.39867914237049273
-0.3510900923590212
-0.35083975657720484
-0.35040763147559323
-0.31231606413623153
-0.31112445837233843
-0.30806923376244993
-0.28489064965907807
-0.2818073092852508
-0.27225433602315735
-0.26267699181529963
-0.2544346131328265
-0.2345281562379389
-0.22900774701824658
-0.22702758332983947
-0.15123083506497578
-0.1408829298119464
-0.13965409876355334
-0.11727341222273506
-0.11510773318457357
-0.10249757012990225
-0.039047422701761626
-0.024779046946252173
-0.022612012044546954
0.008160643096318665
0.027055323750450295
0.04044995742339775
0.05607897013402167
0.0627354839494039
0.09415748715644211
0.09797830686196086
0.10307051818095848
0.15525008502652982
0.15648360180188378
0.15701016363757878
0.23388145769261506
0.23391332018238595
0.23402606492147798
0.8673403964538434
0.868701658043477
0.8716476060473208
0.8834160450723959
0.8887948430052592
0.8988737713184582
0.908486149782017
0.9231838932943467
0.9282072798786526
0.9468539672565817
0.9509566960708641
0.9821861273687038
1.0038004751642182
1.0103717472822888
1.05851581450447
1.0606574834530893
1.0620556246344164
1.1805631806797656
1.1820316655979954
1.1854859628848713
1.3975537195005443
1.3984478419117088
1.398712725389117
1.4374653493882188
1.4407249425384279
1.4499727226236327
1.4601379605697296
1.473384913919318
1.4758496677731532
1.4918161619971293
1.4930193523698463
1.5086998352309355
1.5119326752948732
1.515964819424798
1.5398459045683284
1.5404746179584976
1.5406508966871355
1.9513224439862538
1.954028693762212
1.9581419454940934
1.9872901712431004
1.9893006869773382
1.9968813659318003
2.011632165705946
2.0297534136943827
2.051898202870363
2.076091755235035
2.1009400343873237
2.1253275805802523
2.14833013638524
2.1691599658186584
2.187141589962264
2.2015179404437935
2.2110438659499065
2.22187110634037
2.2253789701911812
2.225753533168449
3.015533815357412
3.025422416649147
3.0365603626768647
3.0488234108725294
3.0619496112982065
3.0757253720228763
3.089882400737426
3.104150756097875
3.1182728111627886
3.132012518291616
3.145160535345473
3.1575361476852777
3.1689869685128413
3.1793872453874474
3.188635403677333
3.1966511152041703
3.203372244233152
3.208795601363713
3.212814687993464
3.2154450956826484
-2.5258026513550997
-2.522825813055022
-2.5195575750482653
-2.5153879501010055
-2.511481936915984
-2.5072144739764237
-2.502565496108431
-2.497556547395341
-2.492167077128917
-2.486392312874345
-2.4802289886508984
-2.4736754259958826
-2.46673255944411
-2.4594046410544
-2.4517000319261757
-2.443633192000378
-2.435224750058415
-2.4263824833117913
-2.4172290335735096
-2.4077519768385747
-2.0482149259105675
-2.0371843838457595
-2.026616586728216
-2.0149111073813133
-2.007575669280671
-2.0016843039794048
-1.997806493148451
-1.9960042917134602
-1.99143804503251
-1.989344441117907
-1.9872487382053146
-1.9754372148818273
-1.9730223445063444
-1.971563980691566
-1.948214530162353
-1.9467961186877236
-1.9461737000029407
-1.8630744855722483
-1.8619349375540173
-1.861563338577165
-1.792250148121639
-1.7868935478831742
-1.7830897060500552
-1.766656916960954
-1.76634213822348
-1.7632753898244031
-1.747967014034664
-1.746538392891574
-1.742595630509392
-1.7376428868540283
-1.7362190771771158
-1.7284000106354482
-1.7260139259357603
-1.7218894168855228
-1.6946164726654096
-1.6888545147418677
-1.6834751222575386
-1.3863217632789109
-1.383132778546976
-1.3794743646414827
-1.3306074195163315
-1.327736609522162
-1.3269244194679344
-1.3099901950430013
-1.309260350478625
-1.3072722873293856
-1.2950504029820178
-1.2944695217872544
-1.2910866484671075
-1.2884782405154933
-1.2865204508638304
-1.2792351428279662
-1.2773022012717277
-1.276227541519999
-1.2586491832083153
-1.2581333329686089
-1.2579470049457964
-0.3987406093016812
-0.3987158241110742
-0.39867912503799613
-0.35109076861954513
-0.3508386497422053
-0.3504080633457046
-0.3123173036263599
-0.3111220919458791
-0.3080706591977443
-0.2848766421886202
-0.2818293599509844
-0.27223714859601095
-0.26269323030613007
-0.2544255752392461
-0.2345343791176494
-0.22899722448175955
-0.2270335197795728
-0.15123128546079256
-0.14087659844402142
-0.13966016212141374
-0.11727322861162943
-0.11510764542392458
-0.10249767203320131
-0.03904737671324813
-0.024779235194099237
-0.022611874194704094
0.008160691787640803
0.027055202147588494
0.0404501122422137
0.05607880903708809
0.06273557739503423
0.09415747545465461
0.09797831387035176
0.10307051894132432
0.15525008095112286
0.15648361387057946
0.15701015560015713
0.23388145758301623
0.23391332032316325
0.23402606489030553
0.8673403971343846
0.868701656590493
0.8716476071606772
0.8834160430745728
0.8887948460023972
0.8988737685234085
0.9084861521461789
0.9231838905098235
0.9282072819508083
0.9468539668838967
0.9509566962368042
0.9821861273910385
1.0038004751255396
1.0103717473095442
1.0585158144594782
1.0606574835489053
1.0620556245824517
1.180563180679614
1.182031665598206
1.1854859628848111
1.397553719168471
1.3984478435561793
1.3987127240725379
1.4374653502355457
1.4407249409636549
1.4499727243105152
1.4601379584922307
1.4733849220660953
1.4758496598513562
1.49181617026
1.4930193447678652
1.5086998359860684
1.5119326746431503
1.5159648195577335
1.5398459045909472
1.540474617863279
1.5406508967597636
1.9513224439862542
1.9540286937622129
1.9581419454940943
1.9872901712431004
1.989300686977338
1.9968813659317994
2.0116321657059455
2.029753413694383
2.0518982028703627
2.0760917552350358
2.1009400343873232
2.125327580580252
2.14833013638524
2.169159965818659
2.187141589962264
2.2015179404437926
2.211043865949906
2.2218711063403704
2.225378970191181
2.2257535331684495
3.0155338153574123
3.0254224166491457
3.0365603626768616
3.048823410872529
3.061949611298206
3.0757253720228745
3.0898824007374244
3.104150756097877
3.1182728111627878
3.13201251829162
3.145160535345475
3.1575361476852777
3.168986968512841
3.179387245387452
3.1886354036773334
3.1966511152041686
3.2033722442331523
3.208795601363707
3.2128146879934647
3.215445095682648
-2.5265041436791744
-2.5235964263287025
-2.52040320139067
-2.5163087697421838
-2.5124920640328785
-2.508315590498772
-2.5037589047147493
-2.49884425494311
-2.49355039275061
-2.4878723097589908
-2.481806380049728
-2.475350400183199
-2.4685046059545965
-2.461272335732467
-2.4536607574259603
-2.4456828733133307
-2.437357443656133
-2.428615492496144
-2.4195494774811106
-2.410148911697016
-2.0454291705179974
-2.0344872173982522
-2.0240862656766256
-2.0129666109710738
-2.0059528349387534
-2.000509059685787
-1.9971827964480953
-1.9957862950909773
-1.990920906721994
-1.9888028522810688
-1.986804366865751
-1.9747463601087707
-1.9725691948532569
-1.9713380558996085
-1.947766872322108
-1.9465800628574903
-1.9460994514612142
-1.8626771308558434
-1.8617952728215907
-1.8615260263598385
-1.7908920851509824
-1.7857244518007567
-1.7825303605098186
-1.7666649169876623
-1.7661891827093217
-1.7621453655714079
-1.7481657548415637
-1.746370663769995
-1.7432784388269877
-1.7377752577137764
-1.7364186210943946
-1.7281229123621276
-1.7252000013022872
-1.7206344572536578
-1.693156737023762
-1.6874630023659254
-1.6822204263509941
-1.3870260945163468
-1.3839814710462988
-1.380421315127584
-1.3314843312091624
-1.3283086501546904
-1.326877894778954
-1.3099539525690487
-1.3091024086588343
-1.306781493178821
-1.2955864266573867
-1.2935135477785036
-1.2918391963758953
-1.2878283954338712
-1.2868223234397071
-1.2787667281755843
-1.2770742905496688
-1.275999948124775
-1.2584841206831947
-1.2580631107299534
-1.2579354032487946
-0.3987525857189356
-0.39872343049552755
-0.39868612945176096
-0.35139305668877524
-0.3507401360843753
-0.3504339131462229
-0.31258663986042273
-0.31084240220423903
-0.30915179650245805
-0.28700407163383046
-0.2795859356860216
-0.27425672124630285
-0.26138056178147073
-0.2551904419162637
-0.2377588113178945
-0.22947060852656762
-0.22749277567219306
-0.15072708228704768
-0.14410337997601358
-0.13572680379778612
-0.12041901460745233
-0.11194092016520735
-0.10322014978846875
-0.03792057933978603
-0.02962727575172059
-0.017591613480488
0.0014356067449365802
0.02832524095602666
0.03881452260820125
0.058273217318245474
0.06108314068424373
0.09524199980086534
0.09666773530584011
0.10328465831623013
0.15522169675079903
0.15657030235695207
0.15694608171735622
0.23387505733146724
0.2339220245801212
0.23402371625570045
0.8670276343144472
0.8699973707431544
0.8704598602768909
0.8856476289174317
0.8861490411721288
0.9015090678921783
0.9065969589698472
0.9226310764915541
0.9303858875090139
0.9424687301487761
0.9578772330395137
0.9882385996475602
1.0073498216147545
1.0088139807741248
1.0588066381064272
1.0596989474599003
1.062443534822122
1.180351606015802
1.1815597903768982
1.1842945604142294
1.3976948496854151
1.3980062843605328
1.3983544231750515
1.4384008770551817
1.4395844860746272
1.4496038613804867
1.4608459481561085
1.4712292475606568
1.4782885234233112
1.4889743279408556
1.4955714000637017
1.5059600585946409
1.513983972215061
1.515056902457744
1.5400339078146108
1.5401717357279725
1.5406239571786862
1.9518678679513097
1.9549176186855228
1.9594444554355708
1.987415880622055
1.9906035147880077
1.9997734899821074
2.0156259679785733
2.0350060038941478
2.0578149011942872
2.0822898270339487
2.1071190472396477
2.131240756144268
2.153769845306377
2.173943755633487
2.1911049505289326
2.2044345466957362
2.2123195260187054
2.2231068848697864
2.2256814752687784
2.2256974608249482
3.0132670823865233
3.0228289660443317
3.0336656206004515
3.045673192741226
3.0585969669529454
3.0722350527070126
3.08632228234537
3.1005876327845923
3.114769351850149
3.1286253688446464
3.1419393773908446
3.1545234629817442
3.1662182733573103
3.176891607370932
3.186436106860927
3.1947664049596605
3.2018161465356623
3.207575853284656
3.2119395464169034
3.2149183103548595
-2.526504143679176
-2.5235964263287016
-2.520403201390669
-2.5163087697421807
-2.512492064032878
-2.50831559049877
-2.503758904714747
-2.498844254943119
-2.493550392750611
-2.4878723097589903
-2.481806380049725
-2.475350400183196
-2.4685046059545996
-2.461272335732462
-2.45366075742596
-2.4456828733133285
-2.4373574436561323
-2.4286154924961467
-2.419549477481107
-2.4101489116970174
-2.0454291705180014
-2.034487217398258
-2.0240862656766225
-2.0129666109706674
-2.005952834967901
-2.0005090587532526
-1.9971828060122165
-1.9957862815187233
-1.9909209290363923
-1.9888028212679725
-1.9868043812085074
-1.9747463545526194
-1.9725692053041235
-1.9713380502559423
-1.9477668728845157
-1.946580061256498
-1.946099452516612
-1.8626771309511057
-1.8617952723857503
-1.8615260267007925
-1.7908920718472852
-1.7857245837252862
-1.7825301424813385
-1.766716578326525
-1.7661262677258953
-1.762160801314833
-1.7479348646300183
-1.7467598578659391
-1.7430262708482358
-1.738035426506292
-1.7362397632585118
-1.7281379182215142
-1.7251928243674202
-1.7206350989946486
-1.6931567366611338
-1.6874630025348547
-1.6822204263253304
-1.3870260945172967
-1.3839814710435832
-1.38042131512972
-1.3314843241464605
-1.328308693801638
-1.3268778534886394
-1.3099502836123103
-1.3091090972735908
-1.3067772930073172
-1.295645632400438
-1.2932650975401891
-1.292095468584011
-1.2875551893879669
-1.2870346253156646
-1.2787484380897898
-1.2770965952593678
-1.2759909922201096
-1.2584842626716475
-1.2580626023421935
-1.2579357726051184
-0.3987525948609427
-0.3987234140819003
-0.3986861367239438
-0.35139278581164757
-0.3507410765889153
-0.35043324071349274
-0.3125910243765451
-0.31083178779860754
-0.30915826968218907
-0.2870044493288331
-0.27957875131622006
-0.274268627845935
-0.2613628448916562
-0.2552064487552427
-0.23774840961828794
-0.22949169611239523
-0.22747845163734007
-0.1507265062422206
-0.14410532569173262
-0.1357244519743563
-0.12042148101927919
-0.11193888186783008
-0.10322071425468121
-0.03792065774711615
-0.029627074457914654
-0.01759179777471213
0.001435701182392318
0.028325160718802242
0.03881457895701996
0.058273257108627
0.06108308940596565
0.09524212454185911
0.09666760106239967
0.10328467283410664
0.15522169566949726
0.15657030624065132
0.15694607888510836
0.23387505693561442
0.23392202515571694
0.23402371607593897
0.8670276343610694
0.8699973702418322
0.8704598607296711
0.8856476324208999
0.8861490373801036
0.9015090696719031
0.9065969568584645
0.9226310784027795
0.9303858856657423
0.9424687308559354
0.9578772328646852
0.9882385996899559
1.0073498214650434
1.0088139809033807
1.0588066381361723
1.0596989474209417
1.0624435348312415
1.1803516060155823
1.1815597903771968
1.1842945604141486
1.39769484896531
1.3980062857669933
1.398354422487833
1.4384008765870835
1.4395844867189784
1.4496038608655153
1.4608459492748935
1.471229245009757
1.4782885264702808
1.4889743250065839
1.4955714023701503
1.5059600574434424
1.5139839743438683
1.5150569008294368
1.5400339089336406
1.540171734320467
1.5406239574704106
1.9518678679513102
1.9549176186855228
1.9594444554355694
1.9874158806220543
1.990603514788008
1.999773489982106
2.0156259679785737
2.035006003894148
2.0578149011942872
2.0822898270339523
2.107119047239648
2.131240756144267
2.1537698453063743
2.173943755633486
2.191104950528932
2.2044345466957362
2.2123195260187054
2.2231068848697872
2.2256814752687784
2.2256974608249482
3.013267082386525
3.0228289660443317
3.0336656206004515
3.0456731927412295
3.0585969669529427
3.0722350527070112
3.086322282345371
3.1005876327845954
3.114769351850147
3.128625368844646
3.1419393773908433
3.15452346298174
3.1662182733573077
3.1768916073709352
3.1864361068609295
3.1947664049596654
3.2018161465356654
3.207575853284656
3.2119395464169043
3.2149183103548586
-2.526504143679172
-2.523596426328694
-2.520403201390668
-2.5163087697421798
-2.5124920640328825
-2.508315590498769
-2.5037589047147457
-2.498844254943111
-2.493550392750608
-2.48787230975899
-2.481806380049727
-2.4753504001832036
-2.4685046059546
-2.461272335732462
-2.453660757425958
-2.4456828733133316
-2.437357443656134
-2.4286154924961405
-2.4195494774811026
-2.4101489116970094
-2.0454291705179997
-2.0344872173982522
-2.024086265676641
-2.0129666109683764
-2.005952835050786
-2.0005090568881214
-1.9971828219521313
-1.99578626047179
-1.9909209562958388
-1.9888027870026583
-1.9868043956293924
-1.974746351528004
-1.9725692102901968
-1.9713380477704754
-1.9477668727813509
-1.9465800616010462
-1.9460994522757713
-1.8626771310902923
-1.8617952717693762
-1.861526027178273
-1.790892065454287
-1.7857246440353707
-1.782530046687537
-1.7667308538553606
-1.7661087104087652
-1.7621650530931166
-1.747895879204142
-1.7468115594637255
-1.7430085358116874
-1.7380399159403508
-1.7362399594220528
-1.7281365474793289
-1.7251937123762033
-1.720634986785916
-1.6931567368294307
-1.6874630024478785
-1.6822204263395968
-1.3870260945181379
-1.3839814710410518
-1.3804213151318512
-1.331484285177141
-1.3283090076258797
-1.3268775111353432
-1.3099956656595488
-1.3090324064072203
-1.3068166278385367
-1.295301273982266
-1.2941449962975013
-1.2912882452687575
-1.2882783280829444
-1.2865616622818672
-1.2787945306210666
-1.277042426699655
-1.276012621961622
-1.258484048526851
-1.258063359741371
-1.2579352244384838
-0.3987525952313689
-0.3987234133972135
-0.39868613703836603
-0.35139268237094334
-0.35074143291032683
-0.3504329868572375
-0.312591894073399
-0.31082981579937785
-0.30915938490961686
-0.28700496680103216
-0.27957635877672665
-0.27427132244398666
-0.26136122353377805
-0.25520711973482607
-0.23774938551028488
-0.22948827623058868
-0.22748102213926405
-0.15072631605882522
-0.14410549057180663
-0.13572473908508115
-0.12042047588439572
-0.11194002400737652
-0.10322029885134253
-0.03792074048810038
-0.029626982465219463
-0.0175917897874767
0.001435642067507169
0.028325311999047368
0.038814391162171974
0.05827359920450453
0.061082811676202525
0.0952421700753109
0.09666755949076365
0.1032846738763014
0.155221699555123
0.1565702905797852
0.15694609070373333
0.233875056959786
0.23392202511978027
0.2340237160876901
0.8670276340697086
0.8699973751949195
0.8704598558153632
0.885647649506196
0.8861490197551439
0.9015090728795234
0.9065969537952502
0.9226310798982024
0.9303858846144767
0.9424687310690255
0.9578772328634885
0.9882385996638666
1.0073498216539907
1.0088139807310001
1.058806638248533
1.0596989472827094
1.0624435348584262
1.1803516060158057
1.1815597903768806
1.184294560414243
1.3976948505321465
1.3980062826680313
1.3983544240236516
1.4384008740831034
1.4395844898567374
1.449603859464426
1.4608459512319256
1.4712292418088853
1.4782885295699955
1.4889743228341115
1.4955714037558554
1.5059600569702696
1.5139839749418624
1.515056900399139
1.540033908821311
1.5401717344645487
1.5406239574386456
1.9518678679513102
1.9549176186855222
1.959444455435569
1.9874158806220545
1.9906035147880081
1.9997734899821067
2.0156259679785724
2.035006003894149
2.057814901194287
2.082289827033952
2.1071190472396473
2.1312407561442677
2.1537698453063743
2.1739437556334873
2.191104950528933
2.2044345466957362
2.212319526018706
2.223106884869787
2.225681475268779
2.2256974608249482
3.0132670823865246
3.022828966044332
3.0336656206004546
3.045673192741224
3.058596966952945
3.0722350527070086
3.0863222823453693
3.100587632784598
3.114769351850154
3.1286253688446446
3.141939377390844
3.1545234629817465
3.1662182733573085
3.176891607370935
3.1864361068609277
3.1947664049596622
3.201816146535666
3.2075758532846543
3.211939546416902
3.2149183103548657
-2.526504143679174
-2.523596426328701
-2.520403201390669
-2.516308769742179
-2.5124920640328803
-2.5083155904987686
-2.503758904714748
-2.498844254943125
-2.493550392750609
-2.4878723097589908
-2.481806380049731
-2.475350400183198
-2.468504605954596
-2.4612723357324655
-2.4536607574259572
-2.445682873313329
-2.4373574436561283
-2.428615492496141
-2.4195494774811084
-2.410148911697016
-2.0454291705179943
-2.034487217398253
-2.0240862656766434
-2.01296661096878
-2.005952835021631
-2.0005090578206537
-1.997182812388259
-1.995786274043818
-1.9909209339819494
-1.9888028180155275
-1.9868043812863168
-1.9747463570841666
-1.9725691998393435
-1.971338053414103
-1.9477668722189376
-1.9465800632020323
-1.9460994512203704
-1.8626771309950305
-1.8617952722052142
-1.8615260268373193
-1.7908920787580813
-1.785724512117217
-1.782530264711494
-1.766682626547719
-1.7661682270720442
-1.7621495833931213
-1.748140942961007
-1.7464107916377716
-1.7432584138105585
-1.7377797789039944
-1.736418470637238
-1.728121539012215
-1.7252008951052653
-1.7206343451311532
-1.6931567371920657
-1.6874630022789545
-1.682220426365257
-1.387026094517188
-1.3839814710437632
-1.3804213151297102
-1.3314842922402639
-1.3283089639966494
-1.326877552407641
-1.309998816271504
-1.3090260921136274
-1.3068209663387753
-1.2951657788258388
-1.2943650318135587
-1.2911098827005385
-1.288451288115893
-1.2864763525110845
-1.278812087481779
-1.2770202227332743
-1.276022264446295
-1.2584839063105295
-1.2580638643094315
-1.2579348591297255
-0.3987525860897005
-0.398723429810689
-0.39868612976599865
-0.3513929534011473
-0.3507404936670156
-0.3504336578756633
-0.3125875167148782
-0.31084043457341065
-0.30915290020397296
-0.2870045893310636
-0.2795835500658496
-0.27425941023128
-0.26137894375931164
-0.2551911079129348
-0.23775978474016046
-0.22946714242248872
-0.22749539498192184
-0.15072689215563703
-0.14410354478980267
-0.13572709084939916
-0.12041800913009401
-0.11194206262188966
-0.10321973448388658
-0.03792066208300207
-0.02962718375747047
-0.017591605492239266
0.001435547629891314
0.028325392237867054
0.03881433481170141
0.058273559403923196
0.06108286296456197
0.09524204532654394
0.09666769374196658
0.10328465935844368
0.15522170063643428
0.156570286696301
0.15694609353575306
0.23387505735564257
0.23392202454418703
0.23402371626745058
0.8670276340230848
0.8699973756962521
0.870459855362571
0.8856476460024753
0.8861490235474191
0.9015090710997963
0.9065969559066342
0.9226310779869783
0.9303858864577461
0.9424687303618646
0.9578772330383158
0.988238599621474
1.0073498218037031
1.0088139806017464
1.0588066382187895
1.059698947321668
1.0624435348493073
1.1803516060160264
1.181559790376583
1.1842945604143236
1.397694851252261
1.3980062812615688
1.3983544247108584
1.4384008745511996
1.4395844892123877
1.4496038599793986
1.4608459501131414
1.4712292443597823
1.4782885265230263
1.488974325768382
1.4955714014494081
1.5059600581214698
1.5139839728130537
1.515056902027448
1.5400339077022853
1.5401717358720521
1.5406239571469194
1.9518678679513097
1.954917618685523
1.9594444554355692
1.9874158806220548
1.9906035147880072
1.9997734899821067
2.015625967978573
2.03500600389415
2.057814901194287
2.0822898270339514
2.1071190472396486
2.131240756144268
2.1537698453063765
2.1739437556334864
2.1911049505289326
2.204434546695736
2.2123195260187054
2.2231068848697877
2.2256814752687784
2.2256974608249487
3.0132670823865246
3.022828966044328
3.033665620600451
3.045673192741227
3.05859696695294
3.072235052707014
3.0863222823453715
3.100587632784597
3.114769351850153
3.128625368844647
3.141939377390843
3.15452346298174
3.1662182733573037
3.176891607370931
3.1864361068609304
3.1947664049596636
3.201816146535664
3.2075758532846583
3.2119395464169007
3.2149183103548635
