-2.553923287678747
-2.5512502459659356
-2.5482759795985825
-2.5449819405031264
-2.541350184506834
-2.5373638084550105
-2.5330065573422833
-2.528165228445894
-2.523002225875511
-2.517424988506778
-2.511426238565844
-2.5049730737992646
-2.4981306580394773
-2.4908570506661833
-2.483156575346013
-2.475039719492641
-2.466524068522465
-2.457636974132421
-2.0710772036283234
-2.058878216124704
-2.047025293607068
-2.035839491607374
-2.025068948288687
-2.022231810529524
-2.017903535092399
-2.013790689656851
-2.0109983675928396
-2.0095795787787747
-2.008449652727562
-1.9882306544260593
-1.987212668390389
-1.9867885027272256
-1.9835547140178815
-1.981313512806718
-1.9806451534422145
-1.979361771580731
-1.8590060184853339
-1.8586213036504045
-1.8581285487894879
-1.855441773163674
-1.8542806454668046
-1.8529670315647255
-1.8500327295684649
-1.7368395673178558
-1.7361897574471148
-1.7355714714620325
-1.7338026202650147
-1.7191219815598837
-1.7167853655506726
-1.715927646500824
-1.7102027232357369
-1.7019628613136288
-1.6939164627324792
-1.6854600064713396
-1.6003731481997667
-1.595551900974226
-1.591452131353725
-1.5883741802064106
-1.5857182208166236
-1.5844995141476188
-1.5840104584043158
-1.2592761846968716
-1.2572317939381736
-1.2550713267923115
-1.2528334836730937
-1.2476306661775605
-1.24515434449674
-1.243605586435773
-1.2209462795582529
-1.2188824406548417
-1.21757822692118
-1.2144982590730575
-1.2099294133544753
-1.2078411024888376
-1.2064671494475676
-1.1993201687430006
-1.19877135673139
-1.1979495583340256
-1.1974304482576728
-0.3184441615419885
-0.31816391322624354
-0.3161699102751875
-0.31424762129456696
-0.3085312500623163
-0.3082309206904646
-0.305307094730372
-0.25492727856352726
-0.25410419116823413
-0.2503689429227116
-0.24788423030964965
-0.1945284276116742
-0.19076932486021606
-0.18218599468018382
-0.1636233155783619
-0.14206771603883198
-0.14118795340531481
-0.12611633834296343
-0.08493743547370934
-0.07514834658235131
-0.06889311405773242
-0.06707082715237678
-0.03954428674843197
-0.03717449897014861
-0.026067335431129678
0.03406426297827407
0.04212651710421527
0.044370849112031
0.051271343148461754
0.10743412593430289
0.11198007495762048
0.1143928048534028
0.1251219798066682
0.12757121381238246
0.13176645340815835
0.1328943521938677
0.8015510308102104
0.8028299690516384
0.8069851837092252
0.8104661434601907
0.8175962259634464
0.8204133574586968
0.8246390172018658
0.8996231587156213
0.9083012635495441
0.9089961093561797
0.9216591348360548
0.9460919120162717
0.9576720436022421
0.9667614466011234
0.9775205530118817
0.9913015201549291
0.9919488685056753
1.0093354805117545
1.2460821543457674
1.2680214562606962
1.277581021995814
1.2828707346897732
1.2865404426168854
1.2910338880785477
1.2943821548935286
1.4762009366816897
1.4807804420660187
1.486062644548993
1.4996951357921773
1.5054990148058185
1.5274063416596353
1.528658157218648
1.557128572235064
1.564007873745201
1.5758881143672552
1.5893697235597744
1.6342733311584134
1.640499701258783
1.6447261786945886
1.6477658558639408
1.6530653120724246
1.654395033454718
1.6564605965381045
2.0914180587634714
2.0927593313263584
2.0991401491626487
2.1105455289224766
2.12643106090441
2.1458297442726892
2.167569922299278
2.190713779925917
2.213635989399542
2.2357325564442223
2.256186107306024
2.2747558829016783
2.290234005002476
2.3024594426072076
2.311100311511234
2.314215499578195
2.3159486892506465
2.3169452859428197
3.0606138190049896
3.070761933125388
3.0820576797329577
3.094372275325508
3.1075165958923794
3.1212575378517786
3.135336816643469
3.1494889750462765
3.163454664563797
3.176992961428756
3.1898859347153046
3.2019448616020565
3.213000003267713
3.222915709859783
3.2315779728269454
3.238894776462159
3.2447937615455826
3.2492200197656915
-2.5539232876787525
-2.5512502459659308
-2.5482759795985865
-2.5449819405031286
-2.5413501845068343
-2.537363808455008
-2.5330065573422855
-2.528165228445891
-2.5230022258755116
-2.5174249885067805
-2.511426238565837
-2.504973073799261
-2.4981306580394778
-2.490857050666189
-2.4831565753460154
-2.475039719492639
-2.466524068522472
-2.457636974132415
-2.0710772036283203
-2.058878216124711
-2.0470252936070317
-2.035839491611936
-2.0250689460416282
-2.0222318230691805
-2.017903462703233
-2.013791167426438
-2.010996227493416
-2.0095827457336126
-2.0084481946270656
-1.9882477748535716
-1.987080831715519
-1.9869108018956738
-1.9835389402545833
-1.9813389247938455
-1.9806255286788768
-1.9793641907667145
-1.8590035618390452
-1.858627067893863
-1.858124764267693
-1.8554430332375067
-1.8542795864335135
-1.852967314782965
-1.8500327222347608
-1.736825499514136
-1.736229698927995
-1.7355401592537585
-1.7338082619755757
-1.7191167459653045
-1.7168062749289925
-1.7159109938960528
-1.71020358251898
-1.7019627636856056
-1.6939164781116998
-1.6854600050774187
-1.6003731483758026
-1.5955518998893736
-1.5914521348655397
-1.588374173472012
-1.585718233354978
-1.5844994967860642
-1.5840104673594815
-1.2592762323040705
-1.2572314884781186
-1.2550721062969805
-1.2528326351960146
-1.2476319183929805
-1.245152507423448
-1.243606506111968
-1.220952563116995
-1.2188367447483575
-1.217640146649934
-1.2144585638218863
-1.2099932495769448
-1.2077392810202972
-1.2065254033984685
-1.1992418912496243
-1.198885635202497
-1.19788832915605
-1.197452587630169
-0.3184448089115864
-0.31816301194816593
-0.3161705205760903
-0.3142471072039828
-0.3085348126596623
-0.3082273419169483
-0.305307269262924
-0.2549254086274048
-0.254106791422912
-0.25036770691557875
-0.24788473608828626
-0.1945289009390751
-0.19076837016953835
-0.18218675448738852
-0.16362260771355924
-0.142083670827181
-0.1411718280655286
-0.12611699684796093
-0.08493808164722381
-0.07514048303680289
-0.06892615602750995
-0.06704427851320567
-0.03954957759013323
-0.03716951819024966
-0.026067692213429035
0.03406425788607928
0.0421266487243453
0.04437069546918465
0.05127137276750254
0.10743409987356163
0.11198017690529338
0.11439271650821425
0.1251220275306626
0.12757116664631227
0.13176647572571926
0.132894341356101
0.8015510306273412
0.8028299694300345
0.8069851831107491
0.8104661441060881
0.8175962252127533
0.8204133580913181
0.8246390170768932
0.8996231586387807
0.9083012666140321
0.9089961062001171
0.9216591350667331
0.9460919117670125
0.9576720440659074
0.9667614461729706
0.9775205532197312
0.9913015196442476
0.9919488689607076
1.0093354805111265
1.2460821543457732
1.2680214562602974
1.277581022001085
1.282870734670737
1.2865404426404772
1.2910338880653696
1.2943821548972723
1.4762009366836695
1.4807804420582518
1.4860626445589789
1.4996951357755444
1.5054990148217435
1.5274063416067793
1.5286581572692457
1.5571285722301602
1.5640078737500926
1.575888114365772
1.5893697235600388
1.6342733311582287
1.6404997012594176
1.6447261786937408
1.6477658558643042
1.6530653120728047
1.6543950334542588
1.6564605965382084
2.091418058763469
2.0927593313263606
2.099140149162648
2.110545528922476
2.1264310609044124
2.1458297442726906
2.1675699222992795
2.1907137799259155
2.2136359893995423
2.235732556444223
2.256186107306024
2.274755882901677
2.2902340050024756
2.3024594426072076
2.3111003115112334
2.3142154995781947
2.3159486892506465
2.3169452859428192
3.060613819004989
3.0707619331253895
3.082057679732959
3.0943722753255067
3.10751659589238
3.1212575378517795
3.135336816643471
3.149488975046275
3.1634546645637958
3.176992961428759
3.1898859347153006
3.201944861602057
3.2130000032677155
3.222915709859788
3.2315779728269507
3.238894776462162
3.2447937615455817
3.249220019765688
-2.5539232876787494
-2.551250245965931
-2.548275979598585
-2.5449819405031295
-2.541350184506834
-2.537363808455011
-2.5330065573422864
-2.5281652284458973
-2.523002225875511
-2.517424988506776
-2.511426238565841
-2.5049730737992677
-2.498130658039472
-2.4908570506661825
-2.48315657534601
-2.475039719492639
-2.4665240685224674
-2.457636974132418
-2.0710772036283225
-2.0588782161247092
-2.0470252936070104
-2.0358394916134572
-2.0250689457190245
-2.0222318242892436
-2.0179034606068225
-2.0137911512716236
-2.0109963892047658
-2.009582440935667
-2.0084483587484856
-1.988241261356801
-1.9871468830461319
-1.9868480019167216
-1.9835459988813402
-1.9813270203067403
-1.9806348385437593
-1.9793629852246977
-1.859018655417955
-1.8585878416192225
-1.8581526455288948
-1.8554316685145278
-1.8542904729401513
-1.8529638925798375
-1.8500328740897884
-1.7367688298916246
-1.7363558963071963
-1.7354516696672344
-1.7338279893634336
-1.7190953479542266
-1.7168848084457733
-1.7158499541890826
-1.7102070441720438
-1.7019623911893909
-1.6939165319794838
-1.6854600006939533
-1.6003731488780129
-1.5955518963232405
-1.5914521482625104
-1.5883741441321224
-1.5857182957139837
-1.5844994044133758
-1.584010516381108
-1.2592763797333137
-1.2572304659116997
-1.255074944083689
-1.252829237441785
-1.2476383765215926
-1.2451414886003123
-1.2436126504437353
-1.220888625071329
-1.219131933219401
-1.2172681065601565
-1.2146736073740747
-1.2097281426955353
-1.2080861708584578
-1.2063613761452276
-1.1993880567349873
-1.1986539334193282
-1.1980236209268487
-1.197410674033342
-0.31844550380635517
-0.318162044259292
-0.3161711704052699
-0.3142465671239004
-0.3085383139139488
-0.30822383350630067
-0.3053074399838159
-0.25492459270762574
-0.2541078920147125
-0.2503672611161605
-0.2478848954992131
-0.19452921949523547
-0.19076779899191776
-0.18218710581571895
-0.16362244164397996
-0.1420832843070769
-0.14117241621117632
-0.12611680545798096
-0.08493945013913043
-0.07513369377626833
-0.06894458708549901
-0.06703125580158797
-0.039549251174353824
-0.037170010798181045
-0.026067593970116654
0.03406420246372955
0.04212695457053364
0.044370411268299326
0.05127140369233367
0.1074341174569616
0.11198009499077725
0.11439279417165427
0.12512196464017544
0.12757123530722753
0.13176643667178303
0.13289436136200578
0.8015510306792656
0.8028299693121977
0.8069851833524742
0.8104661437920808
0.8175962257185811
0.8204133576120743
0.8246390171890179
0.8996231585232005
0.9083012699251342
0.9089961028763679
0.9216591352174283
0.9460919117341142
0.957672044028456
0.9667614462808154
0.9775205531210674
0.9913015200692841
0.9919488685728378
1.0093354805121482
1.2460821543457823
1.2680214562598122
1.2775810220058292
1.2828707346562966
1.2865404426563054
1.2910338880578256
1.2943821548991634
1.4762009366859439
1.4807804420504422
1.4860626445675966
1.4996951357661172
1.5054990148291005
1.5274063416003483
1.5286581572744953
1.5571285722316612
1.5640078737480667
1.5758881143666965
1.589369723559796
1.6342733311590696
1.640499701254642
1.644726178705018
1.6477658558537507
1.6530653120831984
1.6543950334458217
1.656460596539482
2.091418058763469
2.0927593313263593
2.099140149162647
2.110545528922476
2.126431060904411
2.1458297442726906
2.1675699222992786
2.1907137799259173
2.2136359893995428
2.2357325564442223
2.2561861073060245
2.2747558829016774
2.290234005002476
2.3024594426072063
2.311100311511234
2.314215499578195
2.315948689250646
2.3169452859428192
3.0606138190049856
3.070761933125392
3.08205767973296
3.094372275325505
3.1075165958923816
3.1212575378517817
3.1353368166434725
3.1494889750462782
3.1634546645637966
3.1769929614287573
3.1898859347153024
3.201944861602058
3.213000003267717
3.222915709859786
3.2315779728269494
3.238894776462155
3.2447937615455795
3.249220019765691
-2.5539232876787503
-2.5512502459659343
-2.5482759795985817
-2.544981940503124
-2.541350184506833
-2.537363808455014
-2.5330065573422846
-2.528165228445896
-2.5230022258755125
-2.517424988506768
-2.5114262385658384
-2.5049730737992646
-2.498130658039476
-2.490857050666185
-2.483156575346011
-2.4750397194926395
-2.4665240685224643
-2.45763697413242
-2.071077203628321
-2.058878216124705
-2.0470252936070463
-2.0358394916088964
-2.0250689479660813
-2.0222318117495957
-2.0179035329960335
-2.0137906734898974
-2.0109985287511893
-2.0095792739061755
-2.008449817488692
-1.988223657708795
-1.987248662846755
-1.9867562048315521
-1.9835617530331133
-1.981301040053686
-1.9806550774900975
-1.9793605777446606
-1.8590208119565255
-1.8585818317876923
-1.8581569724520683
-1.855430394919267
-1.8542915460950307
-1.8529636120531907
-1.8500328814261577
-1.7367887773155286
-1.7363167272188753
-1.7354765675664645
-1.7338221100241584
-1.7191007532914266
-1.7168661112611165
-1.7158642269349602
-1.7102061827533312
-1.7019624888009524
-1.693916516599833
-1.6854600020878645
-1.600373148701977
-1.5955518974080827
-1.5914521447507262
-1.5883741508666067
-1.585718283176534
-1.5844994217767459
-1.5840105074230963
-1.2592763321439981
-1.2572307717734237
-1.2550741657191316
-1.252830084792761
-1.2476371302307152
-1.2451433303110016
-1.243611719772457
-1.2208813135359273
-1.2191639715792395
-1.2172160716152813
-1.214716861008575
-1.209645385894409
-1.2081928147493772
-1.2063184389664978
-1.1994325132443575
-1.1985456529187382
-1.1981071124644704
-1.197394119054451
-0.3184448606470344
-0.31816294147665874
-0.3161705601898082
-0.3142470810039528
-0.3085348320800157
-0.30822733154087084
-0.3053072654023438
-0.2549264674312663
-0.25410528718717706
-0.2503684970236206
-0.24788438960558934
-0.19452874629316305
-0.19076875360720416
-0.18218634596507755
-0.16362314950887813
-0.1420673118670691
-0.14118855917335096
-0.12611614697511006
-0.0849388044249305
-0.07514158036337532
-0.06891198428308389
-0.06705734178541449
-0.039543958565903724
-0.03717499331869261
-0.026067237201611845
0.03406420755568476
0.04212682291532983
0.04437056494588526
0.051271374073864694
0.1074341435180973
0.11197999304827676
0.11439288251136011
0.1251219169182328
0.12757128247140642
0.13176641435461664
0.13289437219913716
0.801551030862135
0.8028299689338037
0.8069851839509513
0.8104661431461876
0.8175962264692758
0.8204133569794521
0.8246390173139879
0.8996231586000399
0.9083012668606144
0.9089961060324597
0.9216591349867492
0.9460919119833735
0.9576720435647895
0.9667614467089685
0.9775205529132184
0.9913015205799662
0.991948868117805
1.009335480512773
1.2460821543457803
1.2680214562602083
1.2775810220005595
1.2828707346753334
1.286540442632713
1.2910338880710013
1.2943821548954177
1.476200936683964
1.4807804420582085
1.4860626445576097
1.499695135782749
1.5054990148131722
1.5274063416532038
1.528658157223898
1.5571285722365633
1.564007873743174
1.5758881143681789
1.5893697235595305
1.6342733311592548
1.6404997012540088
1.6447261787058676
1.6477658558533879
1.65306531208282
1.6543950334462787
1.656460596539378
2.0914180587634688
2.092759331326361
2.0991401491626465
2.1105455289224757
2.1264310609044097
2.145829744272689
2.1675699222992777
2.190713779925916
2.21363598939954
2.2357325564442223
2.2561861073060245
2.274755882901678
2.290234005002475
2.3024594426072063
2.311100311511234
2.314215499578195
2.315948689250647
2.3169452859428206
3.0606138190049887
3.07076193312539
3.0820576797329564
3.094372275325513
3.107516595892376
3.1212575378517835
3.135336816643471
3.149488975046273
3.1634546645637878
3.1769929614287546
3.1898859347152952
3.2019448616020543
3.213000003267718
3.2229157098597856
3.2315779728269503
3.2388947764621574
3.244793761545581
3.2492200197656906
-2.554546710058091
-2.551946008545496
-2.549048810949022
-2.5458364191107563
-2.542290698077885
-2.5383945593863286
-2.53413148186138
-2.5293922781910463
-2.5243314857829646
-2.5188585636334
-2.5129657642222365
-2.5066162203315328
-2.499881754150938
-2.4927157195241283
-2.4851212264851483
-2.4771071573744043
-2.468689062285718
-2.4598916338156127
-2.0680076323673333
-2.055872589151799
-2.0441507345921064
-2.03323840633845
-2.0237209827700653
-2.02272527461075
-2.0183177444181766
-2.012973308845204
-2.011710578362786
-2.0095668333373427
-2.007632488097241
-1.988362489604636
-1.9872806447815299
-1.9867039797330048
-1.9839511141002428
-1.9814519861929991
-1.9808404151705588
-1.979608019029921
-1.8590895070504572
-1.8586133529404485
-1.8582752383799854
-1.855730414874123
-1.854406726824717
-1.853446898077452
-1.8508778101157117
-1.7368476974458191
-1.7361500033493635
-1.7356260961309524
-1.733838256189347
-1.7189464234020488
-1.7168308823916205
-1.7152770245770546
-1.7084181021535068
-1.700037886880657
-1.6918107196668972
-1.6833693427522767
-1.599113970279864
-1.5944493213461453
-1.590572712957653
-1.587829211257318
-1.5853246252683681
-1.584330099567434
-1.5839644853464128
-1.2597772529654148
-1.2577500115041365
-1.2556162349553197
-1.2532504870662975
-1.248353044908259
-1.2456858895457559
-1.243805547431989
-1.220804393314379
-1.2185723714135994
-1.2174665273858423
-1.2144991199559658
-1.2097532394150698
-1.2074693119259066
-1.2062318157982876
-1.1992984488299752
-1.1986818758955997
-1.1978108762022612
-1.1974169394456469
-0.3186836347010615
-0.3176407335617666
-0.3167030158242366
-0.3138866576909591
-0.30927167912240366
-0.3075855125367206
-0.3057079479306191
-0.25580836479157737
-0.2541344119065713
-0.249750911402453
-0.2482862485516258
-0.19365592791882968
-0.19209397857986807
-0.18155232799706014
-0.1642315592268782
-0.14764084131648633
-0.13577283557471936
-0.12761165866848245
-0.08354524214184358
-0.08090512266293752
-0.07418718792241905
-0.06440072825811936
-0.04357776329831819
-0.03283191590435118
-0.027552806458749447
0.03520509020506457
0.03893009793246622
0.047438267856357415
0.050090969335389625
0.10859532182713172
0.10977842666804544
0.11619618520240996
0.1235999477603218
0.12928077395980211
0.13043498362648195
0.13327481131890448
0.8018665974243915
0.8023273422064738
0.8076568513886465
0.8098032048149647
0.8180502009054255
0.8200518084108366
0.8246862641638752
0.9002656044659482
0.9048127449914725
0.9133310844430665
0.9197454313980381
0.9493492055662371
0.9528824972111385
0.9710875219306867
0.9751076813779745
0.9885963875791123
0.997185606321489
1.0119558010628906
1.2514794631623596
1.2732419864764546
1.277391981933812
1.2810759946477623
1.289130677212395
1.2896489451185542
1.2944306338843108
1.4758387564654571
1.4825276231093303
1.484387427366874
1.499357216848491
1.5070958856454184
1.5236268271448141
1.5330278952163674
1.553746535859016
1.5702099216777994
1.571298035681945
1.5870461664948552
1.6321325949594296
1.6418997640716742
1.6421710810583405
1.6496656491900838
1.6514300485268014
1.6554085542692858
1.6561185145642934
2.091298935596494
2.093873667248963
2.1015328874587835
2.1141288768116566
2.13099531705316
2.1510924831440743
2.1732305109780152
2.196472045165258
2.2192715588285514
2.241029487881458
2.2609556700812097
2.278908002521686
2.293610219704954
2.304966085871479
2.3126730199579453
2.3129881225651596
2.316557550635244
2.316602500016144
3.0582645513709403
3.0681137880899625
3.0791320585979305
3.091207559558097
3.1041649007348804
3.1177802396104664
3.131799832266352
3.1459586242780015
3.159994245477129
3.1736608130688237
3.186734125025008
3.1990186796000923
3.210338069918172
3.2205502340147496
3.2295353032384964
3.237195983949453
3.2434552174220403
3.2482539267428314
-2.554546710058094
-2.551946008545494
-2.5490488109490186
-2.5458364191107528
-2.5422906980778888
-2.5383945593863264
-2.5341314818613796
-2.529392278191048
-2.5243314857829655
-2.5188585636333904
-2.512965764222243
-2.506616220331536
-2.4998817541509344
-2.4927157195241225
-2.485121226485144
-2.4771071573743955
-2.468689062285721
-2.459891633815614
-2.0680076323673324
-2.0558725891518015
-2.044150734591992
-2.0332384063597635
-2.023720960639198
-2.022725315656148
-2.018317654827326
-2.0129749349150603
-2.0117076108850696
-2.009569058130315
-2.0076316499923985
-1.9883851505386492
-1.9871353896405834
-1.9868416973364975
-1.9839243584308095
-1.9814917084593457
-1.980808257340412
-1.979612112241468
-1.8590862752891189
-1.858624698928017
-1.858266167183297
-1.855732936155746
-1.8544040439980771
-1.8534480614816955
-1.8508777652272415
-1.736821498749371
-1.736230431573097
-1.7355616775973275
-1.7338487826423807
-1.718939432143732
-1.7168468533528507
-1.7152671595903752
-1.7084187199992233
-1.7000378060831531
-1.6918107314538056
-1.6833693417534061
-1.5991139706595916
-1.5944493184431427
-1.5905727248571888
-1.5878291850580173
-1.5853246900300957
-1.584329988067519
-1.5839645489081686
-1.2597773045198
-1.2577496916291593
-1.2556169997455406
-1.253249659545512
-1.2483540784354044
-1.2456846419589027
-1.2438060956821446
-1.2208119633023433
-1.2185023873687568
-1.2175570849442372
-1.2144532676147233
-1.2098157619464174
-1.2073572825512817
-1.2063026506612917
-1.199226962737532
-1.198789653785681
-1.1977325044556637
-1.1974553970753115
-0.3186836296886512
-0.3176407590641123
-0.3167029842882207
-0.3138866779885536
-0.30927164137651236
-0.3075855529124185
-0.3057079360768557
-0.25580811268688364
-0.2541349039218226
-0.24975019523170225
-0.248286727656389
-0.1936553122420533
-0.1920947061344261
-0.1815522120760329
-0.16423143386600303
-0.1476414656506186
-0.13577152688027172
-0.12761260898480153
-0.08353238556020619
-0.08092449856168049
-0.07417877981683596
-0.06440255881371428
-0.04357781161936244
-0.03283155613940098
-0.02755304023051919
0.03520523313547542
0.038929873870118155
0.04743846397059201
0.05009085786873527
0.10859525644988625
0.10977851497240523
0.116196144368411
0.12359998735875985
0.12928067822492567
0.13043506600787308
0.13327480298414648
0.8018665972720562
0.8023273424088134
0.8076568510613712
0.8098032052052498
0.818050200313096
0.8200518089852976
0.8246862640682695
0.9002656046211652
0.9048127446436731
0.9133310848364635
0.9197454311802432
0.949349205607212
0.9528824972088136
0.9710875217732587
0.9751076815408153
0.9885963875410271
0.9971856063335683
1.0119558010622816
1.2514794631623392
1.2732419864803477
1.2773919819188513
1.2810759946654502
1.2891306771314917
1.289648945195063
1.2944306338821054
1.4758387564637943
1.4825276231283593
1.484387427346742
1.499357216855701
1.5070958856397598
1.523626827146572
1.5330278952160394
1.5537465358581797
1.570209921688469
1.5712980356716293
1.5870461664951467
1.6321325949590375
1.6418997641196331
1.6421710810084373
1.6496656491998367
1.6514300485175106
1.6554085542739996
1.6561185145614357
2.0912989355964933
2.093873667248961
2.101532887458784
2.114128876811656
2.130995317053161
2.1510924831440756
2.1732305109780152
2.196472045165257
2.2192715588285536
2.241029487881459
2.260955670081209
2.278908002521687
2.2936102197049535
2.3049660858714796
2.3126730199579453
2.3129881225651587
2.316557550635244
2.316602500016146
3.058264551370938
3.0681137880899674
3.0791320585979305
3.0912075595581006
3.104164900734881
3.1177802396104672
3.131799832266352
3.1459586242780038
3.1599942454771304
3.1736608130688215
3.1867341250250085
3.1990186796000937
3.210338069918176
3.220550234014752
3.2295353032385044
3.237195983949451
3.2434552174220475
3.2482539267428368
-2.5545467100580956
-2.5519460085454937
-2.5490488109490235
-2.545836419110753
-2.5422906980778848
-2.538394559386323
-2.534131481861379
-2.5293922781910485
-2.5243314857829615
-2.5188585636334024
-2.5129657642222383
-2.5066162203315336
-2.49988175415094
-2.4927157195241194
-2.4851212264851443
-2.4771071573743977
-2.4686890622857067
-2.459891633815614
-2.068007632367332
-2.055872589151804
-2.0441507345919003
-2.0332384063701827
-2.0237209540470738
-2.0227253271110994
-2.018317637098333
-2.0129751015919752
-2.0117073721396372
-2.0095691543681253
-2.0076316419119
-1.9883779186700148
-1.9871966570966244
-1.9867817907257697
-1.983935345744432
-1.981473891490997
-1.9808229902839578
-1.9796100767429585
-1.8590990510472665
-1.8585736156420503
-1.858308626740195
-1.8557215344044684
-1.854416647781783
-1.8534424690125841
-1.8508780036360284
-1.7367800592933391
-1.7363266411612166
-1.7354933731818016
-1.733862768907553
-1.7189290835821964
-1.7168706860124576
-1.71525229988534
-1.7084197801851586
-1.700037644873916
-1.691810758734087
-1.6833693391191422
-1.5991139715348226
-1.5944493116683904
-1.5905727531680212
-1.5878291215112499
-1.5853248505799793
-1.584329708690772
-1.5839647088718443
-1.259777436548446
-1.2577487886706724
-1.2556194002881376
-1.2532467047890987
-1.2483590974031784
-1.2456771942681153
-1.24380997540119
-1.2207519867501875
-1.2188502045204848
-1.2171077039131186
-1.2146889122111852
-1.2095577497667536
-1.2077327032597764
-1.2061008069477435
-1.1993792123577098
-1.198533071899133
-1.197923329128252
-1.197379109836532
-0.31868361415902063
-0.3176407817729247
-0.31670300249161476
-0.31388660356893
-0.3092719279385523
-0.307585182800643
-0.30570806933435435
-0.2558070897961535
-0.25413679761664215
-0.2497477750842283
-0.24828828102222675
-0.19365545742438095
-0.19209441104087197
-0.1815525491268819
-0.1642308614561978
-0.14764270192533832
-0.1357696688314142
-0.12761371095329058
-0.08353097615191436
-0.08092512230131907
-0.07418049319318581
-0.06440119127134081
-0.043578609569158135
-0.032830697715633295
-0.02755344232910378
0.03520522203442946
0.03892990917737766
0.04743839113079444
0.050090908209468384
0.10859518680677738
0.1097786035984617
0.11619611432550601
0.12360000760144702
0.12928064259933156
0.13043509452413146
0.13327480061090574
0.8018665967476561
0.8023273430830785
0.8076568502736674
0.8098032060451363
0.8180501994353033
0.8200518097696231
0.8246862639595953
0.9002656045150325
0.9048127449277485
0.913331084394467
0.9197454314928052
0.9493492050006251
0.9528824978857542
0.9710875213063198
0.9751076819286082
0.9885963874898739
0.9971856063454339
1.0119558010619347
1.251479463162348
1.2732419864766134
1.2773919819352366
1.2810759946436363
1.2891306772624145
1.2896489450689432
1.2944306338864502
1.4758387564652116
1.4825276231086586
1.484387427368742
1.4993572168432627
1.5070958856526278
1.5236268271368516
1.5330278952232057
1.5537465358548406
1.5702099217092533
1.5712980356522561
1.5870461664954871
1.6321325949589367
1.6418997641253696
1.6421710810026517
1.6496656491999844
1.6514300485175908
1.6554085542737087
1.6561185145616397
2.0912989355964946
2.0938736672489613
2.1015328874587826
2.1141288768116566
2.1309953170531584
2.1510924831440756
2.173230510978015
2.196472045165258
2.219271558828552
2.2410294878814567
2.260955670081209
2.278908002521686
2.2936102197049544
2.304966085871479
2.3126730199579457
2.312988122565159
2.316557550635245
2.316602500016146
3.0582645513709403
3.068113788089964
3.0791320585979265
3.0912075595580992
3.1041649007348817
3.117780239610462
3.1317998322663545
3.145958624278002
3.159994245477135
3.1736608130688237
3.1867341250250063
3.19901867960009
3.2103380699181763
3.22055023401475
3.2295353032385
3.237195983949448
3.243455217422041
3.2482539267428407
-2.5545467100580903
-2.551946008545498
-2.549048810949029
-2.5458364191107563
-2.542290698077888
-2.5383945593863233
-2.5341314818613756
-2.529392278191047
-2.524331485782965
-2.5188585636333953
-2.5129657642222427
-2.506616220331534
-2.4998817541509344
-2.492715719524117
-2.485121226485146
-2.477107157374402
-2.4686890622857143
-2.4598916338156145
-2.068007632367336
-2.0558725891517984
-2.044150734592018
-2.0332384063488713
-2.023720976178393
-2.0227252860653513
-2.0183177266900056
-2.0129734760876135
-2.01171033925423
-2.0095669293955787
-2.0076324799929988
-1.9883545867797907
-1.9873182701913183
-1.9866682360862167
-1.9839621467452617
-1.9814325204242633
-1.9808568672949132
-1.979606017858166
-1.859101967102419
-1.8585591709851943
-1.8583211045472252
-1.8557189906441973
-1.8544193397185156
-1.8534413267154015
-1.8508780485511171
-1.7368132277058173
-1.7362520330234426
-1.7355453204277247
-1.7338519240115697
-1.718936178422832
-1.7168548508086834
-1.7152619258379356
-1.7084191619681341
-1.700037725665876
-1.6918107469470247
-1.6833693401180054
-1.5991139711550955
-1.594449314571412
-1.59057274126876
-1.5878291477113962
-1.5853247858366095
-1.5843298202551865
-1.5839646452261038
-1.2597773850114136
-1.2577491089123407
-1.2556186363057942
-1.2532475315314704
-1.2483580667758145
-1.2456784420733358
-1.243809423619501
-1.2207433086733237
-1.218892426044935
-1.2170386536274977
-1.2147408794773522
-1.2094793888938429
-1.2078391365805488
-1.2060526179584161
-1.1994215065797176
-1.1984165811505156
-1.1980228368474333
-1.1973574578964323
-0.3186836191717235
-0.31764075627055743
-0.3167030340269493
-0.313886583271292
-0.3092719656729074
-0.30758514243384044
-0.3057080811912027
-0.2558073423830612
-0.2541363053097716
-0.24974849245066533
-0.2482878005311842
-0.19365607293018136
-0.19209368365071003
-0.18155266505436646
-0.1642309868295666
-0.1476420777104994
-0.13577097770137844
-0.12761276033197796
-0.08354384650401955
-0.08090573024348481
-0.07418890297698659
-0.06439936141594166
-0.043578561274524114
-0.03283105751588243
-0.02755320850365748
0.035205079105583896
0.03893013323906503
0.04743819502163995
0.050091019670136544
0.10859525217440655
0.10977851530344
0.11619615515967112
0.12359996800295807
0.12928073832984988
0.13043501214721304
0.13327480894569954
0.8018665968999878
0.8023273428807378
0.8076568506009462
0.8098032056548549
0.8180502000276361
0.8200518091951592
0.8246862640551995
0.9002656043598175
0.9048127452755471
0.9133310840010717
0.9197454317106011
0.9493492049596514
0.9528824978880808
0.9710875214637493
0.9751076817657695
0.9885963875279629
0.9971856063333572
1.0119558010625458
1.2514794631623665
1.2732419864727216
1.277391981950202
1.2810759946259487
1.2891306773433184
1.2896489449924333
1.2944306338886553
1.4758387564668771
1.4825276230896325
1.4843874273888722
1.4993572168360534
1.5070958856582863
1.5236268271350941
1.5330278952235343
1.5537465358556761
1.5702099216985839
1.5712980356625743
1.587046166495197
1.6321325949593286
1.6418997640774111
1.642171081052557
1.6496656491902295
1.651430048526879
1.6554085542689951
1.6561185145644977
2.091298935596495
2.0938736672489635
2.1015328874587826
2.114128876811656
2.1309953170531597
2.1510924831440765
2.1732305109780143
2.196472045165258
2.2192715588285514
2.241029487881458
2.2609556700812097
2.278908002521686
2.293610219704955
2.304966085871479
2.3126730199579457
2.3129881225651596
2.3165575506352445
2.3166025000161463
3.0582645513709346
3.0681137880899607
3.0791320585979287
3.091207559558099
3.1041649007348804
3.117780239610466
3.1317998322663465
3.145958624278
3.1599942454771286
3.1736608130688264
3.1867341250250063
3.1990186796000897
3.2103380699181683
3.220550234014751
3.229535303238503
3.237195983949453
3.243455217422046
3.2482539267428363
-2.5551528010794553
-2.5526232375375244
-2.549801939520952
-2.5466700659585713
-2.543209297588563
-2.539402371444537
-2.535232509335234
-2.5305941506828957
-2.5256349795873456
-2.5202658865245215
-2.5144786787762063
-2.508232436812455
-2.501605856974537
-2.4945475920689266
-2.4870596145572295
-2.479149299863407
-2.470830290740963
-2.462124790467122
-2.0649491934018434
-2.0528920767043064
-2.0413259064815494
-2.0308221333046843
-2.0251479792515403
-2.020575627953683
-2.019417696487712
-2.012966729376088
-2.011242424408467
-2.0098621152443634
-2.0070155327201467
-1.9884393190187106
-1.9873749587970577
-1.986595092881906
-1.9843302943971062
-1.9816070655826246
-1.9809615353866825
-1.9798941882756222
-1.8591458198614226
-1.8586367407791664
-1.8583469002638107
-1.8560244342290209
-1.8544992960857907
-1.853822149282747
-1.8516267714029495
-1.7368228942598003
-1.7360731851394953
-1.7356644119016185
-1.733803789160088
-1.7187296407335853
-1.7167730824724863
-1.7143921878302895
-1.7065360333451738
-1.6980443743046973
-1.6896932031661016
-1.6813091233915871
-1.597888532999844
-1.5933956116192747
-1.5897640162001085
-1.587368092193397
-1.5849922328667745
-1.5842017928422505
-1.5839301011455003
-1.260275659920377
-1.2582584540866162
-1.2561578139999698
-1.2536773446479488
-1.249093579052217
-1.246283084251053
-1.244108185566938
-1.2206129194557773
-1.2183148610731
-1.2173715758525379
-1.2145212940211292
-1.2095393443235372
-1.2071630610252688
-1.2059625312258164
-1.199306369637182
-1.198602048306829
-1.1976953935225756
-1.197380342076643
-0.3187425940966629
-0.3174054570586217
-0.31696045984681726
-0.31377146175409293
-0.30953302267397387
-0.3070591536947047
-0.30643628030993697
-0.2566579988002103
-0.2531689804722653
-0.2509996885200023
-0.24768805910007644
-0.19521769654889157
-0.1889772068712643
-0.18388413853608415
-0.16186268751728675
-0.1522909794761957
-0.13197881199167555
-0.13026532870125018
-0.08777708234044782
-0.08040203573391724
-0.07904778829175883
-0.06345640538982993
-0.044803077586111774
-0.03087382698109125
-0.028967254789331306
0.03572484007390927
0.038126210536871985
0.047810725188773606
0.049862044038142435
0.10810706718213475
0.11056500226989997
0.1161752126824903
0.12354729788708786
0.12876243765590367
0.13084895274066533
0.13321327451087878
0.8013232000056817
0.8035255202452254
0.805862913267044
0.8120687407782404
0.8155361742148619
0.8221788133103579
0.8239153413041395
0.9020056352733852
0.9021994288511777
0.9162285903379563
0.9176368095760044
0.9487027471045475
0.9545229331209021
0.9674768799599777
0.9802015194714001
0.985381807878686
1.0018858535807165
1.0137819694638555
1.2570109043879125
1.2777247958750095
1.2779339069202453
1.2797379533384188
1.2870633949269554
1.2920191550742457
1.293816722752676
1.476467381203433
1.4796363111345092
1.4888572640623112
1.4946793879025009
1.5137031561720067
1.5184076271786768
1.5352331002073027
1.5537179191973078
1.5665031082223935
1.5757499178985497
1.5839101826182278
1.630733002333393
1.6394884361960875
1.6436676689845353
1.6494326638114432
1.651521806422389
1.6554309796934636
1.6560995341978275
2.0914776688323906
2.0953082875715205
2.1042368359345027
2.1179809777965324
2.1357622430651158
2.1564825805924146
2.1789453155314513
2.2022219129291996
2.2248413709554415
2.2462116471090185
2.26556436262326
2.2828764015983682
2.296776747015087
2.307244008771486
2.3115593067066333
2.31400609807478
2.316029683432634
2.316925498204765
3.055991211643363
3.065539063467942
3.076272829584544
3.0880981975608366
3.1008544761373744
3.114328261984551
3.1282715071452243
3.1424205376538206
3.156510649382573
3.1702914576044963
3.183532715932538
3.196032205901391
3.207606813687523
3.2181079544283793
3.227409760629475
3.23540951333865
3.242025312804074
3.2471937869454273
-2.555152801079454
-2.5526232375375253
-2.549801939520955
-2.5466700659585744
-2.5432092975885645
-2.5394023714445364
-2.5352325093352324
-2.5305941506829
-2.5256349795873443
-2.5202658865245122
-2.5144786787762023
-2.508232436812459
-2.5016058569745363
-2.4945475920689217
-2.4870596145572286
-2.479149299863409
-2.470830290740965
-2.462124790467124
-2.064949193401847
-2.0528920767043086
-2.0413259064811573
-2.0308221334168657
-2.025147975302509
-2.0205757444895407
-2.019417519329405
-2.012967997236683
-2.011238964300447
-2.0098649192211906
-2.007014954636313
-1.98846639952178
-1.987241227906113
-1.9867271452312592
-1.9842908590066266
-1.9816554967309663
-1.9809201884731709
-1.979901168283949
-1.8591473184262262
-1.8586299429701718
-1.8583527741105896
-1.8560230796815989
-1.8545010747989652
-1.8538211082607905
-1.8516268136566414
-1.7367986444821688
-1.7361625999411527
-1.735589597872288
-1.7338137723264178
-1.7187229572360707
-1.7167846460572413
-1.7143865492112471
-1.7065365356562554
-1.6980442821686952
-1.6896932188271716
-1.6813091219256466
-1.5978885334701078
-1.593395607410754
-1.5897640367666237
-1.5873680447458256
-1.584992383483737
-1.5842014850722723
-1.583930288918264
-1.2602757347768738
-1.2582579851647189
-1.256158912022843
-1.2536761034226427
-1.2490951005613637
-1.24628140252085
-1.2441088938253522
-1.2206192855684743
-1.2182347920506023
-1.217474596689703
-1.2144753432834665
-1.20960061365996
-1.2070410586403255
-1.2060445263110973
-1.199234118562862
-1.198714346452498
-1.1975706915290387
-1.197460357002846
-0.3187427814835567
-0.31740365400281556
-0.31696233989265327
-0.3137710096207995
-0.3095335447845071
-0.30705816075572395
-0.3064369388152331
-0.2566582023109008
-0.2531679776706072
-0.2510008227875424
-0.24768772092328714
-0.19521774830095778
-0.18897721055687625
-0.18388401485992836
-0.16186310440091436
-0.1522903767478338
-0.13198141975793648
-0.13026294242381448
-0.08777624750387751
-0.08041392000052099
-0.07903603111829349
-0.0634574470723699
-0.04480251514690678
-0.03087493814405908
-0.028966407653507442
0.03572492383774904
0.03812608457190894
0.04781087256938984
0.04986193818302987
0.10810709732897711
0.11056495239713701
0.11617524275241667
0.12354727966285005
0.1287624555511759
0.13084894128977223
0.13321327627524912
0.8013232000953391
0.8035255198679241
0.8058629137473111
0.8120687401700002
0.8155361748049305
0.822178812880896
0.8239153415592331
0.9020056379783754
0.9021994260402928
0.9162285915732805
0.9176368084066415
0.9487027474219991
0.9545229327195346
0.9674768801578297
0.980201519320761
0.985381807958235
1.0018858535774513
1.0137819694641155
1.2570109043878877
1.2777247966773275
1.277933905983936
1.279737953488309
1.2870633948978947
1.2920191551005586
1.2938167227395545
1.4764673812009474
1.479636311140203
1.4888572640503832
1.4946793879147335
1.5137031561525938
1.5184076271978826
1.5352331002022124
1.5537179192011485
1.5665031082184067
1.5757499179012162
1.5839101826174782
1.6307330023334723
1.639488436195787
1.6436676689848886
1.649432663811286
1.651521806422361
1.6554309796936806
1.656099534197669
2.091477668832392
2.095308287571521
2.1042368359345027
2.117980977796531
2.135762243065116
2.1564825805924146
2.1789453155314513
2.2022219129292004
2.224841370955444
2.24621164710902
2.2655643626232598
2.2828764015983674
2.2967767470150866
2.307244008771485
2.3115593067066333
2.314006098074781
2.316029683432634
2.3169254982047653
3.055991211643359
3.065539063467944
3.076272829584546
3.088098197560842
3.100854476137375
3.1143282619845527
3.1282715071452216
3.1424205376538237
3.156510649382567
3.1702914576044963
3.1835327159325355
3.196032205901391
3.207606813687522
3.218107954428383
3.2274097606294734
3.2354095133386513
3.242025312804077
3.247193786945431
-2.555152801079455
-2.5526232375375213
-2.5498019395209517
-2.5466700659585726
-2.54320929758856
-2.539402371444536
-2.5352325093352266
-2.530594150682898
-2.525634979587346
-2.5202658865245207
-2.5144786787762063
-2.5082324368124618
-2.5016058569745305
-2.494547592068919
-2.487059614557228
-2.4791492998634097
-2.4708302907409574
-2.462124790467124
-2.064949193401846
-2.052892076704305
-2.04132590648087
-2.030822133477123
-2.0251479735598
-2.0205757873038155
-2.019417457486395
-2.012968312414903
-2.0112381933287318
-2.009865485746162
-2.007014863169083
-1.9884630961805914
-1.9872641756419251
-1.9867029976436301
-1.9842984839083293
-1.9816443143373719
-1.9809301503771346
-1.9798992685120316
-1.8591598969791636
-1.8585484264032672
-1.8584267634523752
-1.8560110400330982
-1.8545167891016998
-1.853811998611541
-1.8516271973247673
-1.7367578239249468
-1.736267962961186
-1.7355118412878165
-1.7338273926916565
-1.7187153334110012
-1.7167975429803328
-1.7143804210686913
-1.7065370660084815
-1.6980441852485268
-1.6896932359272085
-1.6813091201924144
-1.5978885349113023
-1.5933955946208442
-1.5897640988324053
-1.5873679021499107
-1.5849928341187118
-1.5842005625928073
-1.583930852642878
-1.2602758592754408
-1.2582571443329689
-1.2561610459526291
-1.2536734250298738
-1.2490991868018986
-1.2462761066016785
-1.24411146213281
-1.220564269809047
-1.2186094655395672
-1.2169918732478409
-1.2147028888109754
-1.2093745345992133
-1.2074000330581227
-1.2058353400063584
-1.1993787015930606
-1.198467757243539
-1.1978112622199744
-1.1973335057905359
-0.31874258977248676
-0.3174055320207148
-0.3169603695392791
-0.3137715065738317
-0.30953292706837454
-0.30705939672913846
-0.30643610760900003
-0.2566579526718109
-0.25316929017354783
-0.25099927896423996
-0.24768820915269116
-0.19521723060828242
-0.18897872511384123
-0.18388285556949077
-0.16186330817855152
-0.15229054686588178
-0.13197690072750004
-0.13026744521275277
-0.08777007365839092
-0.08046081745110273
-0.07899359407031653
-0.06345924167772869
-0.04480215554255658
-0.03087495494207959
-0.028966469583085675
0.03572513733013247
0.038125798396390465
0.04781109777439972
0.04986178831846332
0.10810708119117216
0.11056498483164184
0.11617521351144591
0.12354730937924538
0.1287624111827485
0.1308489759066677
0.1332132693386183
0.8013232000687333
0.8035255199973426
0.8058629135583257
0.8120687404964868
0.8155361744364158
0.8221788132308596
0.8239153413370639
0.902005641754385
0.9021994221466508
0.9162285925748652
0.9176368075086864
0.9487027474468691
0.9545229327309293
0.9674768801043709
0.9802015194017325
0.9853818079054263
1.0018858535814035
1.0137819694636148
1.2570109043878417
1.2777247974121553
1.27793390513211
1.279737953616999
1.2870633948783072
1.2920191551154263
1.293816722732626
1.476467381198048
1.4796363111462603
1.488857264040683
1.4946793879230833
1.5137031561460295
1.5184076272029705
1.5352331002021091
1.5537179192002097
1.5665031082201764
1.575749917899597
1.5839101826180586
1.6307330023331885
1.6394884361976902
1.6436676689813925
1.6494326638178802
1.6515218064161845
1.6554309796975368
1.6560995341952531
2.0914776688323906
2.0953082875715188
2.104236835934504
2.117980977796533
2.1357622430651158
2.1564825805924133
2.1789453155314513
2.2022219129292
2.2248413709554433
2.2462116471090185
2.26556436262326
2.282876401598367
2.296776747015087
2.307244008771486
2.3115593067066333
2.3140060980747803
2.3160296834326326
2.3169254982047653
3.055991211643358
3.0655390634679476
3.076272829584548
3.0880981975608432
3.1008544761373718
3.1143282619845536
3.128271507145223
3.142420537653819
3.1565106493825725
3.1702914576044927
3.183532715932535
3.1960322059013926
3.2076068136875246
3.2181079544283833
3.2274097606294734
3.2354095133386522
3.2420253128040772
3.2471937869454295
-2.5551528010794518
-2.552623237537528
-2.5498019395209477
-2.546670065958572
-2.543209297588562
-2.539402371444534
-2.535232509335229
-2.5305941506828975
-2.525634979587346
-2.5202658865245136
-2.514478678776209
-2.5082324368124547
-2.5016058569745296
-2.494547592068926
-2.4870596145572343
-2.4791492998634093
-2.4708302907409565
-2.4621247904671257
-2.064949193401843
-2.052892076704308
-2.041325906481261
-2.0308221333649445
-2.0251479775088392
-2.020575670779362
-2.019417634634541
-2.012967045275915
-2.0112416550700987
-2.009862679485803
-2.0070154411802843
-1.9884356494791067
-1.9873913490173356
-1.9865776529476544
-1.9843380611608736
-1.981594668113678
-1.9809727279191105
-1.9798923471490968
-1.8591585418547534
-1.858561568769074
-1.8584144076888012
-1.8560124022941102
-1.8545150346535102
-1.8538130016208951
-1.8516271550246999
-1.736788283056253
-1.7361922673150305
-1.73556701755965
-1.7338171188356022
-1.7187220875667437
-1.7167859488953772
-1.7143860195901777
-1.7065365635785212
-1.6980442773810764
-1.6896932202660084
-1.6813091216583502
-1.5978885344410343
-1.593395598829418
-1.5897640782671631
-1.5873679496011486
-1.5849926836783885
-1.5842008713162212
-1.5839306637350454
-1.2602757844427996
-1.2582576137582067
-1.2561599488378583
-1.25367466547731
-1.2490976680315067
-1.2462777875672035
-1.2441107512432756
-1.2205570328987305
-1.2186514731701832
-1.216919666794694
-1.2147559569707809
-1.2093003080702884
-1.2075092270067496
-1.2057800555605107
-1.1994250968161002
-1.19834088308146
-1.1979258391826695
-1.1973041031351928
-0.31874240224783573
-0.3174073201661369
-0.31695850443834833
-0.31377195876894315
-0.3095324047954625
-0.3070603874685806
-0.30643545150704143
-0.2566577490979634
-0.2531702918948631
-0.25099814566526013
-0.24768854750442318
-0.1952171788451053
-0.1889787214711825
-0.18388297921653612
-0.16186289129718162
-0.15229114957559892
-0.1319742798793767
-0.13026984458453206
-0.08777091171575557
-0.08044964591786029
-0.07900463564116907
-0.06345819966631153
-0.04480271796713947
-0.030873843736640906
-0.028967316754522417
0.03572505354678925
0.038125924379435364
0.047810950374517575
0.04986189419425748
0.10810705104492511
0.11056503470402534
0.11617518344137838
0.12354732760351185
0.1287623932877835
0.13084898735716727
0.13321326757421978
0.8013231999790732
0.8035255203746433
0.8058629130780569
0.8120687411047284
0.8155361738463462
0.8221788136603196
0.8239153410819703
0.9020056390492848
0.9021994249576405
0.916228591339539
0.9176368086780491
0.9487027471294182
0.9545229331322971
0.9674768799065159
0.98020151955237
0.9853818078258758
1.0018858535846678
1.0137819694633543
1.2570109043878663
1.2777247966098306
1.277933906068427
1.2797379534671085
1.2870633949073742
1.2920191550891142
1.2938167227457482
1.476467381200534
1.4796363111405664
1.488857264052612
1.4946793879108484
1.5137031561654457
1.5184076271837643
1.5352331002072002
1.5537179191963708
1.5665031082241658
1.5757499178969283
1.5839101826188082
1.6307330023331081
1.6394884361979911
1.64366766898104
1.6494326638180357
1.6515218064162136
1.6554309796973203
1.656099534195412
2.091477668832392
2.0953082875715197
2.104236835934503
2.1179809777965324
2.1357622430651153
2.1564825805924137
2.1789453155314518
2.2022219129292
2.2248413709554438
2.2462116471090185
2.2655643626232616
2.2828764015983674
2.296776747015087
2.307244008771485
2.311559306706633
2.3140060980747803
2.316029683432633
2.316925498204767
3.055991211643361
3.0655390634679467
3.076272829584552
3.0880981975608424
3.1008544761373735
3.1143282619845527
3.1282715071452283
3.1424205376538223
3.1565106493825703
3.1702914576044963
3.183532715932533
3.1960322059013904
3.207606813687527
3.2181079544283797
3.2274097606294765
3.235409513338653
3.242025312804072
3.2471937869454366
-2.5557418656042685
-2.553282230683514
-2.550535654123604
-2.547483159120744
-2.5441062483971044
-2.540387495026045
-2.5363098724071373
-2.5317710070272623
-2.526912845659268
-2.521647067878275
-2.5159650583580504
-2.5098217725050946
-2.503302960475392
-2.496352590857076
-2.4889715697319708
-2.4811658579417526
-2.4729473101871635
-2.4643357986428707
-2.0619049536119376
-2.0499412158727024
-2.0385631860575755
-2.029072954311802
-2.026029115118213
-2.0207689455879487
-2.018790713960755
-2.0136684808327163
-2.0103955116445413
-2.009950471776095
-2.006684474242282
-1.9884627959470764
-1.9874632919911195
-1.9865189704815747
-1.9846609001476203
-1.9817595883523085
-1.9810212838962868
-1.9801978161733056
-1.8591672742011638
-1.8587159829072242
-1.8583260312832992
-1.8563143668957764
-1.8545823679924658
-1.8540884169334302
-1.8522805833198852
-1.7367594693906647
-1.7359800668927534
-1.7356838309652551
-1.7336545793018672
-1.718486201141165
-1.7165057165374247
-1.7133528377306813
-1.704577273804413
-1.6959992258789318
-1.6875753854225322
-1.6792890388841915
-1.5967006546025453
-1.5923950026914175
-1.5890366962891322
-1.5869904469770846
-1.5847187811868466
-1.5841055443981988
-1.5838978411882092
-1.2607699593687072
-1.2587581899415707
-1.2566931439274422
-1.2541046143152295
-1.2498429923773289
-1.2469313685180292
-1.2445101368130584
-1.22039171519196
-1.2180990919599497
-1.2173235747796396
-1.2145425664510994
-1.2093080923870316
-1.2068934898289652
-1.2056890745555235
-1.1993222684633635
-1.1985476539199291
-1.197620763992352
-1.1972976686244374
-0.3186164191658467
-0.3179882697364109
-0.3163250473340335
-0.3141144604278615
-0.30910659553866393
-0.307413205619127
-0.30680920813279733
-0.25696295093508914
-0.25270452303066543
-0.2517962905999127
-0.24746406662107756
-0.19554732252053658
-0.18742420218139352
-0.1853229194801062
-0.16171744357048723
-0.1521054836780577
-0.1364863053036328
-0.12728560499240946
-0.09492638399699894
-0.0834234548300305
-0.07542482125084046
-0.06643108317149536
-0.042124542953113284
-0.03489676491952444
-0.02686372827813483
0.034282341043255796
0.04105329796614352
0.044855638937400896
0.051192931616540406
0.10726801630488277
0.11303457885849519
0.11434228987035684
0.12490483058134219
0.12700333143621895
0.13206503121830587
0.13271388739066886
0.8012155078391385
0.8041793756807528
0.8051126967701113
0.8128900362269416
0.814796430170846
0.8224317342935085
0.8237694291008351
0.9002503534078702
0.9051538682840216
0.9122432687051091
0.9208706336229011
0.9460228189673151
0.9605412511995801
0.9626328522004088
0.9814950652786485
0.9863184549936217
1.0059599257329508
1.014794294335532
1.262565473662187
1.2782396984687094
1.2785839910354624
1.2826547987074581
1.2849948537185547
1.2926476195839909
1.2935988297777596
1.4774943804412262
1.4781139899392643
1.490116427805673
1.4941539497498648
1.5132236801494043
1.5206464520033958
1.5330076999378959
1.5579523812324543
1.5616762767467542
1.5799868072463457
1.580140866379463
1.6305404944583777
1.636803750543189
1.6455646558821608
1.6473253489793442
1.653083956072263
1.6544061722288512
1.656452469724927
2.091962285664637
2.09706416679955
2.107244298228217
2.122086965586682
2.140713333688355
2.1619812330354757
2.1846971591771225
2.2079481031197523
2.23033251411751
2.2512676225218966
2.26999899374247
2.2866539696377615
2.2997281517135084
2.309289123161327
2.3099417108104072
2.3150982059344147
2.3152319243097104
2.31705399072765
3.053793717763428
3.0630388171263507
3.0734821550748594
3.0850472777017397
3.0975890651723903
3.1109057020291235
3.124756016164658
3.1388787491683035
3.1530076175544295
3.166888254640562
3.1802846462348606
3.1929879542684465
3.204808342078765
3.2155906032729296
3.2252027380551542
3.233536455320132
3.2405048702788233
3.246040184742815
-2.555741865604266
-2.5532822306835143
-2.5505356541236046
-2.547483159120738
-2.544106248397103
-2.5403874950260446
-2.5363098724071325
-2.531771007027262
-2.5269128456592655
-2.5216470678782716
-2.515965058358043
-2.509821772505096
-2.50330296047539
-2.496352590857079
-2.4889715697319685
-2.481165857941752
-2.472947310187168
-2.4643357986428667
-2.0619049536119434
-2.049941215872707
-2.038563186055544
-2.029072955041534
-2.0260291104994614
-2.020769022336806
-2.01879055084066
-2.0136691171577437
-2.010388422676767
-2.0099575162930425
-2.006683941048672
-1.9884908289910488
-1.9873501182443019
-1.9866363575130694
-1.984615871828778
-1.9818023353811087
-1.9809810689279843
-1.9802080976847423
-1.8591729536568893
-1.8586953993676805
-1.8583435621916622
-1.8563088419683906
-1.8545915705321465
-1.8540817853759455
-1.8522809104407638
-1.7367457635229187
-1.7360458433266148
-1.7356268353216648
-1.7336596971844696
-1.7184827190240353
-1.716511055137933
-1.7133505678568723
-1.704577552315018
-1.6959991545592572
-1.6875754005560837
-1.6792890371438838
-1.5967006552973804
-1.5923949960693091
-1.5890367317049972
-1.5869903689530656
-1.5847190880774422
-1.5841048432951046
-1.5838982839369735
-1.260770053531543
-1.2587575868892948
-1.256694543382599
-1.2541029327103517
-1.249845073857217
-1.2469292151293496
-1.244511022910708
-1.2203905613360622
-1.2180877865359494
-1.2173459549127335
-1.214525024014448
-1.2093428983559202
-1.2068139820930925
-1.2057455377210227
-1.199268420610935
-1.1986346336387277
-1.1975267218331123
-1.1973544159525384
-0.3186171949998421
-0.3179866266921412
-0.31632680330921886
-0.31411310300428064
-0.30910901825485737
-0.3074079130846674
-0.3068125473600652
-0.25696293002099463
-0.2527042183962392
-0.25179672417266863
-0.24746395210717742
-0.19554785958930496
-0.18741986580030073
-0.18532702236274234
-0.16171656160204234
-0.15210622336469132
-0.1364863483886467
-0.12728525727307055
-0.09492768817128514
-0.0834195977649332
-0.0754291128353269
-0.06642932212629048
-0.04212490009546515
-0.03489656540326356
-0.026863740438862516
0.03428229156428651
0.04105346605007256
0.044855489986987025
0.05119296034154415
0.1072680233302355
0.11303449847772286
0.1143423727613391
0.12490478237592086
0.12700338002054154
0.13206499853247772
0.13271391013257916
0.8012155078583977
0.8041793754022002
0.8051126970961289
0.8128900357361897
0.8147964307011655
0.8224317339259486
0.8237694293624686
0.9002503532929638
0.9051538685712532
0.9122432684263467
0.9208706337425514
0.9460228189491036
0.9605412510953987
0.9626328523260529
0.9814950652291508
0.9863184550280674
1.0059599257306218
1.0147942943360837
1.2625654736623315
1.2782396981038533
1.2785839914613937
1.2826547985737684
1.2849948537987887
1.2926476195596097
1.2935988297943708
1.4774943804577252
1.4781139899203501
1.4901164278172714
1.494153949738966
1.513223680154025
1.520646451999957
1.5330076999382483
1.5579523812353255
1.5616762767434167
1.5799868072842242
1.5801408663422079
1.630540494458702
1.6368037505423083
1.6455646558873387
1.6473253489733788
1.6530839560769728
1.6544061722248702
1.6564524697255603
2.091962285664635
2.0970641667995507
2.107244298228216
2.122086965586682
2.1407133336883564
2.161981233035475
2.1846971591771225
2.207948103119753
2.2303325141175123
2.251267622521897
2.2699989937424703
2.286653969637761
2.2997281517135084
2.309289123161327
2.3099417108104077
2.315098205934414
2.31523192430971
2.3170539907276493
3.0537937177634307
3.0630388171263525
3.0734821550748594
3.085047277701739
3.097589065172388
3.110905702029122
3.1247560161646555
3.1388787491683052
3.15300761755443
3.1668882546405634
3.180284646234858
3.192987954268444
3.2048083420787705
3.215590603272926
3.225202738055156
3.233536455320129
3.2405048702788175
3.24604018474281
-2.555741865604266
-2.553282230683519
-2.550535654123598
-2.547483159120739
-2.544106248397101
-2.5403874950260477
-2.5363098724071342
-2.531771007027262
-2.5269128456592647
-2.5216470678782645
-2.5159650583580437
-2.509821772505096
-2.503302960475384
-2.4963525908570765
-2.4889715697319685
-2.481165857941751
-2.4729473101871657
-2.464335798642872
-2.06190495361194
-2.049941215872716
-2.0385631860545517
-2.0290729552816456
-2.026029109183755
-2.02076903876856
-2.0187905199967644
-2.013669198348257
-2.0103877707563678
-2.009958129914511
-2.0066839144656585
-1.9884871149508592
-1.9873687806490934
-1.9866160148602006
-1.9846238134857586
-1.9817936218810346
-1.9809896224000987
-1.9802057095240977
-1.8591930708203046
-1.8585861637534815
-1.858442084684384
-1.856289450777522
-1.8546206404547685
-1.8540617039143368
-1.8522819091292715
-1.736715261892271
-1.73614542826354
-1.7355483262068403
-1.7336694509159687
-1.7184773805115303
-1.7165190032893507
-1.7133473430107076
-1.7045779078770713
-1.6959990718083309
-1.687575416789043
-1.679289035382466
-1.5967006572614253
-1.5923949758014193
-1.5890368463870919
-1.586990108072866
-1.5847201458315312
-1.5841023811708717
-1.5838998528101902
-1.2607701909406088
-1.2587566622690167
-1.256696798953315
-1.2541000292104136
-1.2498491380709023
-1.2469245893691268
-1.2445131036840296
-1.2203327578579597
-1.2184697716489947
-1.2168511935875348
-1.2147511920224636
-1.209137964502391
-1.207145482093989
-1.2055503881439593
-1.199396486884671
-1.1984115134154003
-1.1977389435101373
-1.1972501592506684
-0.3186171866020621
-0.3179866491552973
-0.3163267658873015
-0.3141131462759612
-0.3091088789201323
-0.30740826873080096
-0.3068123109536177
-0.2569629968539024
-0.25270354517808397
-0.2517973919597285
-0.24746389172234526
-0.19554759046182296
-0.18742250031199187
-0.1853244051810409
-0.16171761361291875
-0.1521048906324381
-0.13648737336374134
-0.12728475078262486
-0.09492712668827884
-0.0834223202240733
-0.07542521397548636
-0.06643139751325308
-0.04212389005648427
-0.03489748911957722
-0.0268635017590546
0.034282318519331556
0.041053331879630825
0.04485563216748906
0.0511929243000903
0.10726804071689154
0.11303435655929404
0.11434250902811333
0.12490473731734596
0.12700342035089657
0.13206497873061582
0.13271392330765316
0.8012155079231145
0.8041793746323813
0.8051126979482854
0.8128900348719724
0.814796431559805
0.8224317334896128
0.8237694296573965
0.9002503533689515
0.9051538683412124
0.9122432687173725
0.9208706335690169
0.9460228190811374
0.9605412503033708
0.962632853061412
0.9814950651414435
0.9863184550782808
1.005959925728971
1.0147942943363546
1.2625654736622358
1.2782396985046982
1.2785839909882812
1.2826547987430585
1.284994853689066
1.292647619603154
1.2935988297636272
1.477494380443299
1.4781139899371885
1.4901164278026342
1.4941539497544922
1.5132236801409207
1.5206464520144127
1.533007699932189
1.5579523812448688
1.561676276734113
1.5799868073397567
1.580140866287838
1.6305404944587971
1.6368037505421311
1.6455646558877568
1.6473253489730393
1.6530839560768813
1.6544061722250192
1.6564524697255203
2.091962285664634
2.0970641667995493
2.1072442982282173
2.12208696558668
2.1407133336883564
2.1619812330354753
2.1846971591771234
2.2079481031197523
2.2303325141175123
2.2512676225218975
2.26999899374247
2.286653969637761
2.299728151713509
2.309289123161326
2.309941710810407
2.315098205934414
2.3152319243097104
2.31705399072765
3.0537937177634316
3.063038817126348
3.0734821550748586
3.085047277701734
3.0975890651723867
3.1109057020291258
3.1247560161646617
3.1388787491683092
3.1530076175544295
3.1668882546405674
3.180284646234859
3.192987954268443
3.2048083420787665
3.2155906032729265
3.2252027380551493
3.233536455320126
3.240504870278823
3.246040184742806
-2.5557418656042663
-2.5532822306835112
-2.5505356541236015
-2.5474831591207385
-2.544106248397105
-2.540387495026046
-2.536309872407144
-2.5317710070272645
-2.526912845659265
-2.521647067878274
-2.515965058358045
-2.509821772505096
-2.5033029604753883
-2.4963525908570805
-2.4889715697319725
-2.481165857941749
-2.472947310187168
-2.464335798642866
-2.06190495361194
-2.049941215872709
-2.0385631860565887
-2.0290729545519173
-2.026029113802515
-2.020768962021604
-2.018790683116327
-2.0136685620704973
-2.0103948794603306
-2.0099510656328863
-2.0066844476391
-1.988458648260973
-1.9874785416361527
-1.986502100996459
-1.984669160775052
-1.981750147314226
-1.9810304942217853
-1.9801955529647624
-1.8591882758601872
-1.8586234937745327
-1.8584069789311919
-1.8562949900779298
-1.8546119872665823
-1.8540677167043773
-1.8522815809190258
-1.7367315376666794
-1.7360966733811518
-1.735585829898863
-1.7336642335551091
-1.7184808865656944
-1.7165136472810025
-1.713349606362725
-1.7045776293328265
-1.69599914312602
-1.687575401655385
-1.6792890371227713
-1.596700656566589
-1.592394982423668
-1.5890368109761475
-1.586990186107175
-1.5847198401594629
-1.5841030906788716
-1.5838994004226252
-1.2607700968110644
-1.2587572660432407
-1.256695400588865
-1.2541017101127356
-1.2498470594776505
-1.2469267411387348
-1.2445122151761308
-1.2203340092523887
-1.21847347417246
-1.2168333695060933
-1.2147712965899449
-1.2090960124775272
-1.2072156405452785
-1.2055107517329695
-1.199434102501922
-1.1983123326163658
-1.1978295601918045
-1.197225326480439
-0.3186164107303649
-0.3179882922078229
-0.3163250099073936
-0.3141145037243249
-0.30910645574419415
-0.3074135581159221
-0.30680897534482976
-0.25696301776723196
-0.25270385033907994
-0.2517969578673011
-0.2474640062301072
-0.19554705331215222
-0.18742682659753682
-0.1853203124576932
-0.1617184954430338
-0.15210415108052394
-0.13648733033256763
-0.12728509846938652
-0.09492582228451218
-0.0834261751415345
-0.07542092368009132
-0.06643315963349992
-0.042123532869763614
-0.034897688689988944
-0.026863489601049652
0.034282367999058684
0.04105316380461593
0.04485578110889846
0.0511928955744188
0.10726803369144686
0.1130344369233779
0.1143424261538568
0.12490478552108335
0.1270033717682435
0.13206501141524382
0.13271390056701277
0.8012155079038574
0.8041793749109349
0.8051126976222687
0.8128900353627242
0.8147964310294823
0.8224317338571719
0.8237694293957623
0.9002503534838554
0.9051538680539813
0.9122432689961344
0.9208706334493666
0.9460228190993487
0.9605412504075521
0.9626328529357684
0.9814950651909421
0.9863184550438331
1.0059599257313
1.0147942943358046
1.262565473662089
1.2782396988695526
1.278583990562348
1.2826547988767487
1.2849948536088314
1.2926476196275325
1.2935988297470138
1.4774943804267986
1.4781139899561033
1.4901164277910375
1.4941539497653895
1.5132236801362982
1.5206464520178482
1.5330076999318352
1.5579523812419953
1.5616762767374501
1.579986807301879
1.5801408663250927
1.6305404944584714
1.6368037505430126
1.6455646558825783
1.6473253489790045
1.6530839560721708
1.6544061722290018
1.6564524697248866
2.0919622856646347
2.0970641667995498
2.1072442982282182
2.12208696558668
2.140713333688355
2.1619812330354744
2.1846971591771234
2.207948103119753
2.230332514117511
2.251267622521899
2.2699989937424703
2.286653969637761
2.299728151713508
2.309289123161326
2.309941710810408
2.3150982059344143
2.3152319243097104
2.317053990727649
3.0537937177634307
3.063038817126355
3.0734821550748577
3.0850472777017375
3.0975890651723854
3.110905702029126
3.124756016164664
3.1388787491683035
3.1530076175544317
3.1668882546405617
3.1802846462348575
3.1929879542684447
3.2048083420787723
3.215590603272924
3.2252027380551502
3.2335364553201287
3.2405048702788184
3.2460401847428084
