-2.539160395008958
-2.5189312179779613
-2.505527145755813
-1.7768211375588987
-1.7138701616059613
-1.621916830806157
-1.3312961975066397
-0.553722298375695
-0.3361046076005865
-0.1140218450941153
0.11402184509411609
0.33610460760058597
0.5537222983756951
1.3312961975066402
1.621916830806156
1.7138701616059593
1.7768211375588974
2.505527145755815
2.5189312179779617
2.5391603950089583
-2.538500865782497
-2.52069826814569
-2.5043999831060875
-1.7817353530505133
-1.7014980565811124
-1.6307644869268136
-1.329447314160448
-0.5612212048990857
-0.3082687706138338
-0.15354467243591832
0.15354467243591763
0.3082687706138335
0.5612212048990851
1.329447314160448
1.6307644869268147
1.7014980565811115
1.781735353050513
2.504399983106087
2.5206982681456878
2.538500865782498
-2.5382021553350325
-2.5213992959109333
-2.5039895285850893
-1.783481725827964
-1.6958800832469132
-1.6352039240478968
-1.3286887598073331
-0.5641011834155871
-0.2935791148511874
-0.17202032259345007
0.17202032259345285
0.2935791148511885
0.5641011834155871
1.3286887598073325
1.635203924047897
1.6958800832469112
1.7834817258279647
2.5039895285850884
2.521399295910933
2.5382021553350316
-2.5385008657824986
-2.5206982681456904
-2.5043999831060892
-1.7817353530505131
-1.7014980565811126
-1.6307644869268139
-1.3294473141604475
-0.5612212048990854
-0.308268770613833
-0.15354467243591696
0.15354467243591732
0.30826877061383307
0.5612212048990858
1.3294473141604481
1.6307644869268136
1.7014980565811115
1.7817353530505131
2.5043999831060892
2.5206982681456904
2.538500865782498
-2.5391603950089587
-2.518931217977961
-2.505527145755812
-1.7768211375588978
-1.7138701616059606
-1.6219168308061567
-1.3312961975066395
-0.5537222983756954
-0.3361046076005862
-0.11402184509411548
0.11402184509411543
0.33610460760058614
0.5537222983756944
1.3312961975066384
1.6219168308061565
1.7138701616059613
1.7768211375588985
2.505527145755813
2.5189312179779617
2.5391603950089587
-2.5397514044823843
-2.5169130373060353
-2.5069739540856775
-1.7701575838451227
-1.7264597688160723
-1.6145732069637602
-1.333171036342217
-0.5452235500551113
-0.35947861826744354
-0.07132114207333277
0.07132114207333412
0.3594786182674444
0.54522355005511
1.3331710363422173
1.6145732069637604
1.726459768816073
1.7701575838451244
2.5069739540856752
2.5169130373060353
2.5397514044823843
-2.539980063649188
-2.5159106559305537
-2.5077558089204874
-1.7662742273554086
-1.7325095784911675
-1.6118110944529445
-1.3339555651449055
-0.5413115666012129
-0.36863521590052434
-0.04752868776615175
0.04752868776615174
0.3686352159005232
0.5413115666012127
1.3339555651449053
1.6118110944529451
1.7325095784911677
1.76627422735541
2.507755808920486
2.515910655930554
2.5399800636491876
-2.5397514044823852
-2.516913037306037
-2.506973954085678
-1.7701575838451233
-1.7264597688160725
-1.6145732069637604
-1.3331710363422178
-0.5452235500551106
-0.35947861826744404
-0.07132114207333254
0.07132114207333408
0.35947861826744465
0.54522355005511
1.3331710363422171
1.6145732069637608
1.7264597688160734
1.7701575838451233
2.506973954085678
2.5169130373060358
2.539751404482385
-2.539584344285408
-2.5175473176502163
-2.5065009828296856
-1.7723935618426585
-1.7226009891670135
-1.616614168017126
-1.3326191364893518
-0.5478382788254144
-0.35287319899912956
-0.08500101938446997
0.0850010193844707
0.3528731989991288
0.5478382788254159
1.3326191364893518
1.6166141680171253
1.722600989167013
1.7723935618426576
2.5065009828296847
2.5175473176502163
2.539584344285408
-2.5389752106088834
-2.519464889299495
-2.505172906385229
-1.7783863394704211
-1.7103227671156287
-1.6243088938209744
-1.330752047044482
-0.5560077744157377
-0.32862877504374016
-0.1254049848630382
0.12540498486303736
0.32862877504374066
0.5560077744157379
1.3307520470444822
1.6243088938209742
1.7103227671156296
1.7783863394704211
2.5051729063852277
2.5194648892994937
2.5389752106088834
-2.5385008657824986
-2.520698268145691
-2.5043999831060897
-1.7817353530505136
-1.7014980565811126
-1.630764486926814
-1.3294473141604486
-0.5612212048990846
-0.30826877061383284
-0.15354467243591643
0.15354467243591852
0.30826877061383295
0.5612212048990858
1.329447314160448
1.6307644869268145
1.7014980565811118
1.7817353530505131
2.5043999831060892
2.520698268145691
2.5385008657824986
-2.538500865782498
-2.52069826814569
-2.5043999831060897
-1.7817353530505131
-1.7014980565811129
-1.6307644869268143
-1.329447314160448
-0.5612212048990844
-0.30826877061383234
-0.1535446724359167
0.1535446724359165
0.30826877061383173
0.5612212048990853
1.3294473141604481
1.6307644869268143
1.7014980565811115
1.781735353050513
2.5043999831060884
2.5206982681456913
2.538500865782498
-2.538975210608883
-2.5194648892994955
-2.5051729063852295
-1.7783863394704214
-1.7103227671156287
-1.6243088938209738
-1.330752047044482
-0.5560077744157381
-0.32862877504374005
-0.12540498486303803
0.12540498486303742
0.3286287750437402
0.5560077744157377
1.3307520470444822
1.6243088938209733
1.7103227671156265
1.778386339470421
2.5051729063852317
2.519464889299496
2.5389752106088834
-2.539584344285408
-2.5175473176502168
-2.5065009828296865
-1.7723935618426585
-1.7226009891670133
-1.6166141680171255
-1.332619136489352
-0.5478382788254142
-0.35287319899912833
-0.0850010193844694
0.08500101938447027
0.35287319899912917
0.5478382788254146
1.3326191364893518
1.616614168017125
1.7226009891670122
1.7723935618426574
2.5065009828296843
2.5175473176502168
2.5395843442854087
-2.5399800636491867
-2.5159106559305537
-2.507755808920488
-1.766274227355409
-1.732509578491168
-1.611811094452945
-1.3339555651449058
-0.541311566601213
-0.3686352159005238
-0.047528687766151906
0.047528687766152065
0.36863521590052334
0.5413115666012128
1.3339555651449078
1.6118110944529438
1.7325095784911682
1.766274227355409
2.507755808920486
2.5159106559305537
2.539980063649187
-2.539980063649188
-2.515910655930554
-2.507755808920487
-1.7662742273554084
-1.7325095784911675
-1.611811094452945
-1.3339555651449058
-0.5413115666012143
-0.36863521590052356
-0.047528687766151975
0.04752868776615222
0.36863521590052356
0.5413115666012135
1.333955565144906
1.6118110944529445
1.732509578491167
1.7662742273554084
2.5077558089204866
2.5159106559305537
2.5399800636491876
-2.539980063649188
-2.515910655930554
-2.5077558089204888
-1.7662742273554086
-1.7325095784911684
-1.6118110944529442
-1.333955565144906
-0.5413115666012126
-0.36863521590052306
-0.04752868776615079
0.04752868776615294
0.3686352159005241
0.541311566601214
1.333955565144906
1.611811094452944
1.7325095784911682
1.7662742273554084
2.507755808920488
2.515910655930553
2.5399800636491867
-2.539584344285408
-2.5175473176502163
-2.506500982829685
-1.7723935618426587
-1.7226009891670142
-1.6166141680171258
-1.332619136489352
-0.5478382788254146
-0.35287319899912883
-0.08500101938446963
0.08500101938446947
0.3528731989991285
0.5478382788254157
1.332619136489352
1.6166141680171253
1.722600989167013
1.7723935618426574
2.506500982829688
2.5175473176502177
2.539584344285407
-2.5391603950089574
-2.518931217977961
-2.505527145755813
-1.7768211375588985
-1.7138701616059606
-1.6219168308061562
-1.3312961975066395
-0.5537222983756953
-0.336104607600587
-0.1140218450941163
0.11402184509411599
0.33610460760058597
0.5537222983756954
1.3312961975066402
1.6219168308061558
1.7138701616059597
1.7768211375588994
2.5055271457558126
2.518931217977961
2.539160395008957
-2.538975210608882
-2.519464889299495
-2.5051729063852286
-1.7783863394704211
-1.7103227671156287
-1.624308893820974
-1.3307520470444816
-0.5560077744157387
-0.32862877504374155
-0.12540498486303897
0.12540498486303875
0.32862877504374005
0.5560077744157375
1.3307520470444825
1.6243088938209749
1.710322767115627
1.7783863394704216
2.5051729063852304
2.519464889299495
2.538975210608884
-2.539160395008957
-2.518931217977962
-2.505527145755814
-1.7768211375588987
-1.7138701616059613
-1.621916830806157
-1.33129619750664
-0.553722298375696
-0.3361046076005858
-0.11402184509411546
0.11402184509411584
0.33610460760058675
0.5537222983756952
1.3312961975066393
1.6219168308061567
1.71387016160596
1.7768211375588994
2.5055271457558157
2.518931217977963
2.5391603950089574
-2.5395843442854074
-2.517547317650217
-2.506500982829686
-1.7723935618426585
-1.722600989167013
-1.6166141680171258
-1.332619136489352
-0.5478382788254144
-0.3528731989991286
-0.08500101938446912
0.08500101938446938
0.3528731989991291
0.5478382788254155
1.3326191364893523
1.616614168017125
1.7226009891670107
1.7723935618426596
2.506500982829686
2.5175473176502177
2.5395843442854065
-2.539980063649187
-2.5159106559305533
-2.507755808920487
-1.7662742273554086
-1.732509578491168
-1.6118110944529445
-1.333955565144906
-0.5413115666012125
-0.36863521590052317
-0.047528687766152114
0.04752868776615159
0.3686352159005232
0.5413115666012123
1.3339555651449064
1.6118110944529436
1.732509578491167
1.766274227355408
2.507755808920489
2.515910655930555
2.5399800636491885
-2.540136775579689
-2.515076398996782
-2.5084391040852276
-1.7625540951680567
-1.737682163480736
-1.609934358284338
-1.3345132104168138
-0.5383694007434132
-0.3750449043603062
-0.01945382418628746
0.019453824186287015
0.3750449043603062
0.5383694007434139
1.3345132104168138
1.6099343582843377
1.7376821634807358
1.7625540951680563
2.5084391040852294
2.5150763989967833
2.54013677557969
-2.540136775579689
-2.515076398996783
-2.508439104085228
-1.7625540951680565
-1.7376821634807353
-1.6099343582843382
-1.334513210416814
-0.5383694007434138
-0.3750449043603058
-0.01945382418628677
0.019453824186287876
0.375044904360307
0.5383694007434136
1.3345132104168131
1.6099343582843373
1.7376821634807378
1.762554095168055
2.5084391040852276
2.5150763989967815
2.54013677557969
-2.5399800636491876
-2.5159106559305555
-2.5077558089204883
-1.766274227355409
-1.7325095784911682
-1.6118110944529445
-1.3339555651449064
-0.5413115666012129
-0.3686352159005223
-0.047528687766151746
0.04752868776615271
0.36863521590052256
0.541311566601214
1.3339555651449062
1.6118110944529442
1.7325095784911688
1.7662742273554088
2.507755808920489
2.5159106559305555
2.5399800636491885
-2.5397514044823857
-2.516913037306037
-2.5069739540856766
-1.7701575838451231
-1.726459768816073
-1.6145732069637606
-1.3331710363422176
-0.5452235500551098
-0.35947861826744343
-0.07132114207333369
0.07132114207333484
0.35947861826744293
0.5452235500551103
1.3331710363422176
1.61457320696376
1.7264597688160748
1.7701575838451233
2.506973954085678
2.5169130373060358
2.5397514044823857
-2.539584344285408
-2.517547317650217
-2.506500982829686
-1.7723935618426583
-1.7226009891670129
-1.6166141680171258
-1.3326191364893518
-0.5478382788254147
-0.3528731989991292
-0.08500101938446922
0.08500101938447034
0.35287319899912883
0.5478382788254138
1.3326191364893523
1.6166141680171249
1.7226009891670153
1.772393561842658
2.5065009828296856
2.5175473176502146
2.5395843442854096
-2.5395843442854074
-2.517547317650215
-2.5065009828296847
-1.7723935618426587
-1.7226009891670135
-1.616614168017126
-1.3326191364893523
-0.5478382788254145
-0.3528731989991281
-0.0850010193844695
0.0850010193844705
0.35287319899912734
0.5478382788254128
1.3326191364893523
1.6166141680171255
1.7226009891670138
1.7723935618426585
2.5065009828296856
2.517547317650215
2.5395843442854096
-2.539751404482385
-2.516913037306036
-2.5069739540856766
-1.770157583845123
-1.7264597688160717
-1.61457320696376
-1.3331710363422176
-0.5452235500551095
-0.35947861826744376
-0.0713211420733336
0.07132114207333311
0.3594786182674437
0.5452235500551091
1.3331710363422176
1.61457320696376
1.7264597688160734
1.7701575838451231
2.5069739540856775
2.5169130373060358
2.5397514044823857
-2.539980063649187
-2.5159106559305546
-2.507755808920488
-1.7662742273554093
-1.7325095784911686
-1.611811094452945
-1.3339555651449062
-0.5413115666012137
-0.3686352159005228
-0.04752868776615159
0.04752868776615301
0.3686352159005231
0.5413115666012134
1.3339555651449058
1.6118110944529447
1.7325095784911684
1.7662742273554095
2.5077558089204874
2.5159106559305533
2.539980063649186
-2.54013677557969
-2.5150763989967833
-2.5084391040852285
-1.7625540951680565
-1.7376821634807358
-1.6099343582843386
-1.3345132104168145
-0.5383694007434143
-0.3750449043603058
-0.019453824186287133
0.01945382418628702
0.3750449043603061
0.5383694007434139
1.3345132104168147
1.6099343582843384
1.7376821634807376
1.7625540951680567
2.5084391040852267
2.515076398996782
2.5401367755796893
-2.539980063649188
-2.515910655930554
-2.5077558089204883
-1.7662742273554086
-1.7325095784911668
-1.6118110944529445
-1.3339555651449058
-0.5413115666012127
-0.36863521590052306
-0.04752868776615143
0.04752868776615216
0.3686352159005234
0.5413115666012132
1.3339555651449053
1.6118110944529438
1.7325095784911684
1.7662742273554084
2.507755808920489
2.515910655930552
2.539980063649188
-2.539980063649188
-2.515910655930552
-2.507755808920488
-1.7662742273554088
-1.7325095784911675
-1.6118110944529445
-1.3339555651449058
-0.5413115666012138
-0.3686352159005235
-0.04752868776615103
0.04752868776615149
0.3686352159005234
0.541311566601214
1.3339555651449062
1.611811094452943
1.7325095784911708
1.7662742273554077
2.5077558089204874
2.515910655930554
2.5399800636491867
-2.5399800636491876
-2.5159106559305524
-2.5077558089204874
-1.7662742273554088
-1.7325095784911675
-1.6118110944529442
-1.3339555651449053
-0.541311566601214
-0.36863521590052384
-0.047528687766152086
0.04752868776615231
0.3686352159005232
0.5413115666012136
1.3339555651449058
1.6118110944529442
1.7325095784911668
1.7662742273554093
2.5077558089204905
2.515910655930552
2.5399800636491876
-2.5399800636491876
-2.5159106559305533
-2.5077558089204883
-1.7662742273554088
-1.7325095784911673
-1.6118110944529445
-1.3339555651449055
-0.5413115666012135
-0.3686352159005235
-0.04752868776615213
0.04752868776615135
0.36863521590052295
0.541311566601214
1.3339555651449062
1.6118110944529447
1.732509578491166
1.7662742273554088
2.507755808920489
2.5159106559305546
2.5399800636491885
-2.539980063649188
-2.515910655930554
-2.507755808920488
-1.7662742273554086
-1.7325095784911675
-1.6118110944529442
-1.3339555651449058
-0.5413115666012133
-0.36863521590052334
-0.04752868776615172
0.04752868776615305
0.36863521590052334
0.5413115666012114
1.3339555651449062
1.6118110944529451
1.732509578491169
1.7662742273554097
2.507755808920488
2.515910655930552
2.5399800636491876
-2.5399800636491876
-2.515910655930553
-2.5077558089204866
-1.7662742273554084
-1.7325095784911666
-1.6118110944529442
-1.3339555651449058
-0.541311566601213
-0.3686352159005236
-0.047528687766151906
0.04752868776615124
0.36863521590052406
0.5413115666012129
1.3339555651449058
1.6118110944529445
1.7325095784911717
1.766274227355409
2.5077558089204866
2.5159106559305506
2.5399800636491867
-2.5399800636491876
-2.5159106559305533
-2.5077558089204866
-1.766274227355409
-1.7325095784911684
-1.6118110944529442
-1.3339555651449055
-0.5413115666012132
-0.3686352159005235
-0.04752868776615131
0.04752868776615249
0.3686352159005237
0.5413115666012125
1.3339555651449044
1.6118110944529451
1.7325095784911653
1.7662742273554097
2.5077558089204888
2.515910655930554
2.5399800636491867
-2.539980063649188
-2.515910655930553
-2.5077558089204874
-1.7662742273554088
-1.7325095784911677
-1.6118110944529442
-1.3339555651449058
-0.5413115666012135
-0.3686352159005232
-0.04752868776615238
0.04752868776615021
0.368635215900524
0.5413115666012132
1.3339555651449062
1.6118110944529445
1.7325095784911697
1.7662742273554093
2.507755808920488
2.5159106559305533
2.5399800636491894
-2.5395843442854074
-2.517547317650216
-2.5065009828296856
-1.772393561842658
-1.7226009891670129
-1.6166141680171258
-1.332619136489352
-0.5478382788254156
-0.3528731989991287
-0.08500101938446951
0.0850010193844704
0.3528731989991281
0.5478382788254151
1.3326191364893512
1.6166141680171258
1.7226009891670135
1.7723935618426592
2.5065009828296834
2.5175473176502163
2.5395843442854096
-2.5395843442854082
-2.5175473176502154
-2.506500982829685
-1.7723935618426583
-1.7226009891670135
-1.6166141680171255
-1.3326191364893523
-0.5478382788254135
-0.3528731989991277
-0.08500101938446919
0.08500101938446895
0.35287319899912817
0.547838278825414
1.332619136489353
1.616614168017125
1.7226009891670142
1.7723935618426592
2.506500982829686
2.517547317650217
2.539584344285409
-2.5397514044823852
-2.516913037306037
-2.5069739540856766
-1.7701575838451227
-1.726459768816073
-1.6145732069637597
-1.3331710363422173
-0.5452235500551103
-0.3594786182674433
-0.0713211420733338
0.07132114207333427
0.3594786182674432
0.5452235500551106
1.3331710363422171
1.6145732069637608
1.726459768816076
1.7701575838451236
2.5069739540856744
2.516913037306035
2.5397514044823843
-2.539980063649187
-2.515910655930553
-2.5077558089204874
-1.7662742273554086
-1.7325095784911677
-1.611811094452945
-1.333955565144906
-0.5413115666012135
-0.36863521590052395
-0.0475286877661511
0.04752868776615214
0.3686352159005227
0.5413115666012138
1.3339555651449053
1.6118110944529438
1.7325095784911668
1.7662742273554077
2.5077558089204888
2.5159106559305524
2.5399800636491876
-2.5401367755796893
-2.5150763989967837
-2.508439104085228
-1.762554095168056
-1.7376821634807353
-1.609934358284338
-1.334513210416814
-0.5383694007434131
-0.37504490436030713
-0.019453824186286977
0.019453824186287494
0.3750449043603068
0.538369400743413
1.3345132104168151
1.609934358284338
1.7376821634807313
1.7625540951680543
2.5084391040852285
2.5150763989967886
2.540136775579689
-2.5401367755796898
-2.515076398996785
-2.508439104085228
-1.7625540951680565
-1.737682163480736
-1.6099343582843377
-1.334513210416814
-0.5383694007434138
-0.37504490436030613
-0.019453824186287202
0.019453824186287712
0.37504490436030635
0.5383694007434134
1.3345132104168143
1.6099343582843377
1.7376821634807336
1.7625540951680554
2.5084391040852303
2.515076398996787
2.5401367755796898
-2.5399800636491876
-2.515910655930553
-2.5077558089204883
-1.7662742273554084
-1.7325095784911675
-1.6118110944529447
-1.333955565144906
-0.5413115666012122
-0.36863521590052306
-0.04752868776615218
0.04752868776615199
0.3686352159005232
0.5413115666012145
1.3339555651449055
1.611811094452944
1.7325095784911677
1.766274227355409
2.507755808920487
2.5159106559305537
2.539980063649187
-2.539751404482385
-2.5169130373060358
-2.506973954085676
-1.7701575838451227
-1.7264597688160725
-1.6145732069637602
-1.3331710363422176
-0.5452235500551097
-0.359478618267443
-0.07132114207333437
0.07132114207333322
0.3594786182674429
0.5452235500551099
1.3331710363422171
1.614573206963759
1.726459768816073
1.7701575838451222
2.506973954085677
2.5169130373060344
2.5397514044823852
-2.539160395008958
-2.5189312179779635
-2.505527145755814
-1.776821137558899
-1.7138701616059615
-1.6219168308061567
-1.3312961975066397
-0.5537222983756958
-0.3361046076005861
-0.11402184509411538
0.11402184509411635
0.3361046076005863
0.5537222983756952
1.33129619750664
1.6219168308061551
1.713870161605961
1.7768211375588994
2.505527145755813
2.5189312179779613
2.5391603950089587
-2.538975210608882
-2.519464889299496
-2.5051729063852304
-1.7783863394704207
-1.7103227671156287
-1.6243088938209744
-1.3307520470444816
-0.5560077744157377
-0.3286287750437397
-0.12540498486303728
0.12540498486303894
0.32862877504374033
0.5560077744157376
1.3307520470444827
1.6243088938209724
1.7103227671156294
1.778386339470423
2.505172906385229
2.5194648892994933
2.5389752106088834
-2.539160395008957
-2.518931217977966
-2.505527145755814
-1.7768211375588987
-1.713870161605961
-1.6219168308061567
-1.3312961975066397
-0.5537222983756953
-0.33610460760058614
-0.11402184509411527
0.11402184509411596
0.3361046076005859
0.5537222983756959
1.33129619750664
1.6219168308061556
1.7138701616059622
1.7768211375588994
2.5055271457558157
2.5189312179779617
2.5391603950089596
-2.539584344285407
-2.517547317650217
-2.506500982829686
-1.7723935618426583
-1.7226009891670138
-1.6166141680171255
-1.3326191364893518
-0.5478382788254147
-0.35287319899912883
-0.08500101938446955
0.08500101938446927
0.35287319899912833
0.5478382788254144
1.3326191364893525
1.6166141680171264
1.722600989167013
1.7723935618426587
2.5065009828296843
2.5175473176502168
2.5395843442854082
-2.5399800636491885
-2.5159106559305573
-2.5077558089204897
-1.7662742273554093
-1.7325095784911675
-1.6118110944529445
-1.333955565144906
-0.5413115666012134
-0.36863521590052295
-0.047528687766151406
0.047528687766151906
0.3686352159005239
0.5413115666012133
1.3339555651449087
1.6118110944529467
1.7325095784911688
1.7662742273554102
2.507755808920485
2.5159106559305546
2.5399800636491867
-2.54013677557969
-2.515076398996783
-2.508439104085229
-1.762554095168056
-1.7376821634807358
-1.6099343582843384
-1.334513210416814
-0.5383694007434136
-0.3750449043603066
-0.01945382418628738
0.019453824186287064
0.3750449043603057
0.5383694007434133
1.3345132104168158
1.6099343582843384
1.737682163480737
1.7625540951680574
2.508439104085224
2.5150763989967846
2.5401367755796875
-2.539980063649188
-2.5159106559305533
-2.507755808920488
-1.7662742273554084
-1.732509578491167
-1.6118110944529442
-1.3339555651449062
-0.5413115666012132
-0.368635215900523
-0.04752868776615198
0.04752868776615208
0.36863521590052256
0.5413115666012128
1.3339555651449087
1.6118110944529436
1.7325095784911682
1.766274227355409
2.507755808920487
2.5159106559305524
2.5399800636491863
-2.539584344285408
-2.517547317650219
-2.506500982829685
-1.772393561842658
-1.7226009891670138
-1.616614168017126
-1.3326191364893518
-0.547838278825414
-0.35287319899912833
-0.08500101938446884
0.08500101938446958
0.3528731989991287
0.5478382788254149
1.3326191364893512
1.6166141680171273
1.7226009891670144
1.7723935618426594
2.5065009828296825
2.5175473176502203
2.5395843442854074
-2.538975210608883
-2.519464889299495
-2.5051729063852286
-1.7783863394704211
-1.7103227671156287
-1.624308893820974
-1.3307520470444814
-0.556007774415737
-0.3286287750437395
-0.1254049848630383
0.1254049848630389
0.32862877504374033
0.556007774415738
1.330752047044482
1.6243088938209744
1.7103227671156285
1.7783863394704231
2.5051729063852286
2.5194648892994933
2.538975210608885
-2.5385008657824986
-2.52069826814569
-2.504399983106089
-1.7817353530505133
-1.7014980565811129
-1.6307644869268139
-1.329447314160448
-0.5612212048990851
-0.308268770613832
-0.15354467243591685
0.15354467243591757
0.3082687706138324
0.5612212048990857
1.329447314160448
1.630764486926815
1.7014980565811124
1.7817353530505147
2.5043999831060884
2.5206982681456878
2.5385008657824977
-2.5385008657824972
-2.5206982681456904
-2.5043999831060892
-1.7817353530505133
-1.701498056581113
-1.630764486926814
-1.3294473141604481
-0.5612212048990856
-0.3082687706138325
-0.15354467243591752
0.15354467243591752
0.3082687706138329
0.5612212048990849
1.329447314160448
1.6307644869268152
1.7014980565811129
1.781735353050515
2.5043999831060897
2.52069826814569
2.538500865782498
-2.5389752106088834
-2.5194648892994946
-2.505172906385229
-1.7783863394704211
-1.7103227671156285
-1.624308893820974
-1.3307520470444814
-0.5560077744157379
-0.32862877504374033
-0.12540498486303786
0.12540498486303836
0.3286287750437399
0.5560077744157375
1.330752047044483
1.6243088938209738
1.7103227671156294
1.7783863394704211
2.5051729063852277
2.519464889299492
2.5389752106088843
-2.539584344285409
-2.517547317650215
-2.506500982829685
-1.7723935618426585
-1.722600989167013
-1.6166141680171255
-1.332619136489352
-0.5478382788254142
-0.35287319899912944
-0.08500101938447016
0.08500101938446916
0.352873198999128
0.5478382788254138
1.3326191364893538
1.616614168017127
1.7226009891670144
1.77239356184266
2.5065009828296847
2.5175473176502163
2.5395843442854056
-2.5399800636491876
-2.515910655930555
-2.507755808920489
-1.76627422735541
-1.7325095784911677
-1.6118110944529442
-1.3339555651449058
-0.5413115666012128
-0.36863521590052284
-0.04752868776615128
0.04752868776615199
0.36863521590052334
0.5413115666012133
1.333955565144906
1.6118110944529462
1.7325095784911684
1.7662742273554104
2.5077558089204874
2.5159106559305524
2.5399800636491876
-2.539980063649187
-2.5159106559305524
-2.5077558089204874
-1.7662742273554093
-1.7325095784911675
-1.611811094452945
-1.3339555651449058
-0.5413115666012133
-0.36863521590052273
-0.0475286877661521
0.04752868776615174
0.36863521590052273
0.5413115666012132
1.3339555651449073
1.611811094452945
1.7325095784911675
1.766274227355408
2.5077558089204888
2.5159106559305537
2.539980063649189
-2.5395843442854074
-2.5175473176502154
-2.506500982829685
-1.7723935618426583
-1.7226009891670129
-1.6166141680171253
-1.332619136489352
-0.5478382788254145
-0.352873198999129
-0.08500101938446951
0.08500101938446923
0.3528731989991277
0.5478382788254131
1.332619136489352
1.6166141680171255
1.7226009891670135
1.7723935618426594
2.506500982829685
2.5175473176502163
2.539584344285408
