-2.5110863830627292
-2.487106619389604
-2.467248388804812
-2.4528843836643377
-2.4408695856937617
-2.4327817323853735
-2.427163974026016
-1.698925959394163
-1.6851579609522211
-1.6676058963424376
-1.6340279598290155
-1.5855003035475776
-1.5050821752835382
-0.850007935079677
-0.6388213955502815
-0.49700179664225064
-0.38361209709607147
-0.3124059733112382
-0.2409832268771189
-0.02829038171834078
0.028290381718340647
0.24098322687711912
0.3124059733112388
0.3836120970960707
0.4970017966422498
0.6388213955502817
0.8500079350796771
1.5050821752835377
1.5855003035475774
1.6340279598290166
1.6676058963424385
1.685157960952223
1.6989259593941641
2.4271639740260156
2.4327817323853713
2.4408695856937603
2.4528843836643355
2.4672483888048107
2.4871066193896034
2.51108638306273
-2.511084470877552
-2.4871385110020214
-2.467006013895621
-2.4536119339877778
-2.439211991513024
-2.434372578890675
-2.426715560995976
-1.6999793872913214
-1.680949628080556
-1.6717804127404405
-1.6326982864592061
-1.5858443954038157
-1.5050477712698191
-0.8500183744072258
-0.6386565718294624
-0.49823550377670484
-0.3766118793842984
-0.3237673128901781
-0.23377899206794325
-0.035783857881198464
0.035783857881197485
0.23377899206794206
0.3237673128901785
0.3766118793842993
0.49823550377670395
0.6386565718294601
0.8500183744072256
1.5050477712698203
1.5858443954038193
1.632698286459209
1.6717804127404416
1.6809496280805563
1.6999793872913238
2.4267155609959743
2.4343725788906747
2.439211991513022
2.453611933987778
2.4670060138956216
2.487138511002021
2.5110844708775497
-2.5110836785328066
-2.487151655698015
-2.466901754141153
-2.453896579954125
-2.438182625004315
-2.435365225859267
-2.4265595395440225
-1.7003464877968912
-1.6766343626841145
-1.6761204974129182
-1.6321755011494625
-1.5859893357241925
-1.5050335415181826
-0.8500226977149868
-0.6385880527303759
-0.4987338257120859
-0.37298939640869755
-0.3288919955037704
-0.23108815337434677
-0.0385466353642182
0.03854663536421924
0.2310881533743465
0.3288919955037708
0.3729893964086977
0.49873382571208585
0.6385880527303759
0.8500226977149873
1.5050335415181824
1.5859893357241928
1.6321755011494612
1.676120497412912
1.6766343626841131
1.7003464877968903
2.4265595395440234
2.435365225859267
2.4381826250043206
2.4538965799541237
2.466901754141154
2.4871516556980153
2.5110836785328066
-2.511084470877551
-2.487138511002022
-2.4670060138956216
-2.4536119339877778
-2.439211991513025
-2.434372578890675
-2.4267155609959765
-1.6999793872913223
-1.6809496280805558
-1.6717804127404405
-1.6326982864592077
-1.585844395403817
-1.50504777126982
-0.8500183744072249
-0.6386565718294618
-0.49823550377670395
-0.37661187938429824
-0.32376731289017807
-0.2337789920679416
-0.03578385788119794
0.035783857881197756
0.23377899206794292
0.3237673128901787
0.3766118793842989
0.49823550377670406
0.6386565718294617
0.8500183744072245
1.5050477712698196
1.5858443954038168
1.6326982864592072
1.6717804127404385
1.680949628080554
1.6999793872913218
2.426715560995976
2.4343725788906756
2.439211991513024
2.453611933987778
2.4670060138956225
2.4871385110020214
2.51108447087755
-2.5110863830627292
-2.4871066193896048
-2.4672483888048125
-2.4528843836643377
-2.4408695856937612
-2.432781732385373
-2.4271639740260165
-1.6989259593941626
-1.6851579609522207
-1.667605896342437
-1.634027959829016
-1.5855003035475779
-1.5050821752835382
-0.8500079350796778
-0.6388213955502814
-0.497001796642249
-0.3836120970960707
-0.31240597331123793
-0.240983226877119
-0.028290381718340474
0.028290381718340814
0.2409832268771192
0.31240597331123815
0.3836120970960706
0.49700179664225014
0.6388213955502822
0.8500079350796784
1.5050821752835384
1.5855003035475768
1.634027959829015
1.6676058963424356
1.6851579609522191
1.6989259593941626
2.427163974026017
2.4327817323853744
2.440869585693764
2.4528843836643377
2.4672483888048133
2.487106619389606
2.51108638306273
-2.5110882942529384
-2.48707450167622
-2.467479084363536
-2.4520703920845626
-2.4422449699311115
-2.431375766450944
-2.4278080641313102
-1.6974228722312636
-1.688613709070976
-1.6645020852010282
-1.6354812910545873
-1.585164021083701
-1.5051166508093516
-0.8499974930080418
-0.6389853854269361
-0.4957207844135641
-0.3893105050600699
-0.3005100601044553
-0.24999701364979324
-0.018452875275725582
0.018452875275726487
0.24999701364979723
0.30051006010445647
0.3893105050600707
0.4957207844135655
0.6389853854269376
0.8499974930080418
1.5051166508093514
1.5851640210836995
1.6354812910545868
1.6645020852010277
1.6886137090709747
1.6974228722312632
2.427808064131309
2.4313757664509428
2.442244969931111
2.4520703920845603
2.467479084363534
2.4870745016762204
2.5110882942529384
-2.511089085602712
-2.487061130858302
-2.467571596777612
-2.4516937798571665
-2.4428037506253584
-2.4306967219520206
-2.428225009646391
-1.696466747529482
-1.6902301220679872
-1.6633148335578642
-1.6361312299970334
-1.5850268991824967
-1.5051309520736105
-0.8499931669561925
-0.6390530706417721
-0.49517500459074854
-0.3914424918812301
-0.29465771170364147
-0.2548791143130132
-0.012470427438805295
0.012470427438805904
0.25487911431301435
0.29465771170364163
0.3914424918812304
0.4951750045907496
0.6390530706417715
0.849993166956194
1.505130952073611
1.585026899182497
1.6361312299970339
1.6633148335578658
1.690230122067988
1.6964667475294837
2.42822500964639
2.4306967219520206
2.442803750625359
2.451693779857168
2.467571596777611
2.487061130858301
2.5110890856027126
-2.511088294252938
-2.48707450167622
-2.467479084363536
-2.452070392084562
-2.442244969931111
-2.4313757664509437
-2.42780806413131
-1.697422872231263
-1.688613709070975
-1.6645020852010282
-1.6354812910545868
-1.5851640210837004
-1.5051166508093512
-0.8499974930080413
-0.6389853854269368
-0.4957207844135653
-0.38931050506007053
-0.3005100601044562
-0.24999701364979407
-0.018452875275725887
0.018452875275725738
0.2499970136497961
0.3005100601044565
0.389310505060071
0.49572078441356493
0.6389853854269367
0.8499974930080405
1.5051166508093516
1.5851640210837001
1.635481291054586
1.6645020852010275
1.6886137090709732
1.6974228722312619
2.42780806413131
2.4313757664509446
2.442244969931113
2.452070392084562
2.4674790843635344
2.4870745016762204
2.5110882942529384
-2.511087734581245
-2.487083932399363
-2.467412626949849
-2.452320767665073
-2.441850902766026
-2.431799850927366
-2.427585255884175
-1.6979406494989644
-1.6875855840563363
-1.6653658305021932
-1.6350401731942121
-1.5852617368932451
-1.5051065457342152
-0.8500005517042819
-0.6389374395962439
-0.49610120019997583
-0.38773237770751307
-0.30419968387878704
-0.24706266005514158
-0.021753412963405678
0.021753412963404238
0.24706266005514135
0.30419968387878626
0.3877323777075127
0.4961012001999747
0.6389374395962432
0.850000551704281
1.5051065457342172
1.5852617368932465
1.6350401731942135
1.6653658305021957
1.6875855840563379
1.6979406494989657
2.4275852558841735
2.431799850927364
2.4418509027660247
2.452320767665073
2.4674126269498466
2.4870839323993637
2.511087734581247
-2.511085823099745
-2.4871159834528385
-2.4671786866522365
-2.4531045211980356
-2.4404344032222323
-2.433202233828575
-2.4270194138554495
-1.6992652116193163
-1.6840925735222958
-1.6686425515053112
-1.6336274639555075
-1.5856002539816532
-1.5050720911925946
-0.8500109929720022
-0.6387732066464854
-0.49736780971326894
-0.38173914395886305
-0.3156888949224454
-0.23874389252810646
-0.030639465374274408
0.030639465374276312
0.23874389252810743
0.31568889492244606
0.3817391439588634
0.49736780971326894
0.6387732066464865
0.8500109929720022
1.5050720911925943
1.5856002539816523
1.6336274639555075
1.6686425515053123
1.6840925735222965
1.6992652116193163
2.427019413855448
2.4332022338285753
2.44043440322223
2.4531045211980356
2.4671786866522365
2.487115983452837
2.5110858230997435
-2.5110844708775506
-2.487138511002021
-2.4670060138956216
-2.4536119339877778
-2.4392119915130244
-2.4343725788906756
-2.426715560995976
-1.6999793872913216
-1.6809496280805563
-1.6717804127404399
-1.632698286459206
-1.5858443954038164
-1.505047771269818
-0.8500183744072253
-0.6386565718294621
-0.4982355037767044
-0.37661187938429896
-0.32376731289017785
-0.23377899206794264
-0.03578385788119772
0.03578385788119876
0.2337789920679424
0.3237673128901783
0.37661187938429896
0.49823550377670417
0.6386565718294612
0.8500183744072269
1.5050477712698183
1.5858443954038175
1.6326982864592077
1.6717804127404414
1.680949628080557
1.6999793872913223
2.4267155609959747
2.434372578890674
2.4392119915130213
2.4536119339877773
2.4670060138956207
2.48713851100202
2.5110844708775497
-2.5110844708775515
-2.487138511002021
-2.4670060138956216
-2.453611933987778
-2.439211991513023
-2.4343725788906756
-2.426715560995976
-1.6999793872913214
-1.6809496280805558
-1.6717804127404405
-1.6326982864592061
-1.585844395403816
-1.505047771269818
-0.8500183744072262
-0.6386565718294615
-0.49823550377670467
-0.37661187938429974
-0.3237673128901789
-0.23377899206794242
-0.03578385788119804
0.035783857881198165
0.23377899206794192
0.32376731289017846
0.37661187938429924
0.4982355037767045
0.6386565718294612
0.8500183744072254
1.5050477712698203
1.5858443954038164
1.6326982864592074
1.6717804127404385
1.6809496280805556
1.6999793872913223
2.4267155609959756
2.434372578890675
2.439211991513026
2.4536119339877773
2.467006013895622
2.4871385110020205
2.511084470877551
-2.5110858230997457
-2.4871159834528376
-2.467178686652236
-2.453104521198035
-2.4404344032222323
-2.4332022338285744
-2.4270194138554495
-1.6992652116193168
-1.684092573522296
-1.668642551505311
-1.6336274639555075
-1.5856002539816536
-1.5050720911925937
-0.850010992972003
-0.6387732066464864
-0.49736780971326877
-0.3817391439588626
-0.3156888949224454
-0.23874389252810507
-0.030639465374275563
0.03063946537427606
0.23874389252810588
0.3156888949224458
0.38173914395886316
0.49736780971326894
0.6387732066464863
0.850010992972004
1.5050720911925937
1.585600253981653
1.6336274639555073
1.6686425515053103
1.6840925735222958
1.6992652116193157
2.4270194138554495
2.4332022338285753
2.440434403222236
2.453104521198036
2.467178686652236
2.487115983452838
2.5110858230997457
-2.5110877345812455
-2.487083932399363
-2.4674126269498484
-2.4523207676650745
-2.441850902766026
-2.4317998509273657
-2.427585255884174
-1.6979406494989642
-1.6875855840563363
-1.665365830502194
-1.6350401731942117
-1.5852617368932458
-1.5051065457342157
-0.8500005517042815
-0.6389374395962435
-0.4961012001999756
-0.3877323777075128
-0.3041996838787863
-0.24706266005514016
-0.02175341296340564
0.021753412963404394
0.24706266005514035
0.30419968387878615
0.3877323777075121
0.4961012001999753
0.6389374395962438
0.8500005517042817
1.5051065457342165
1.5852617368932458
1.6350401731942124
1.6653658305021937
1.6875855840563356
1.6979406494989635
2.427585255884175
2.431799850927366
2.441850902766027
2.4523207676650745
2.4674126269498475
2.487083932399364
2.511087734581247
-2.5110890856027113
-2.4870611308583013
-2.4675715967776126
-2.451693779857168
-2.442803750625359
-2.430696721952021
-2.42822500964639
-1.6964667475294808
-1.6902301220679865
-1.6633148335578634
-1.6361312299970323
-1.5850268991824965
-1.5051309520736111
-0.8499931669561934
-0.6390530706417722
-0.4951750045907495
-0.3914424918812301
-0.2946577117036414
-0.254879114313013
-0.012470427438805517
0.01247042743880536
0.2548791143130165
0.2946577117036424
0.39144249188123037
0.4951750045907493
0.6390530706417723
0.8499931669561925
1.5051309520736107
1.5850268991824978
1.636131229997032
1.6633148335578634
1.6902301220679852
1.6964667475294792
2.4282250096463915
2.430696721952021
2.4428037506253575
2.4516937798571687
2.4675715967776126
2.4870611308583013
2.5110890856027126
-2.5110890856027117
-2.4870611308583017
-2.467571596777612
-2.451693779857167
-2.442803750625359
-2.4306967219520206
-2.4282250096463893
-1.6964667475294817
-1.6902301220679872
-1.6633148335578636
-1.636131229997032
-1.5850268991824965
-1.5051309520736103
-0.8499931669561928
-0.6390530706417719
-0.4951750045907496
-0.3914424918812305
-0.29465771170364174
-0.2548791143130166
-0.01247042743880491
0.012470427438806268
0.25487911431301646
0.2946577117036415
0.3914424918812307
0.49517500459074987
0.6390530706417719
0.8499931669561921
1.5051309520736111
1.5850268991824976
1.636131229997032
1.6633148335578645
1.6902301220679872
1.6964667475294823
2.42822500964639
2.4306967219520206
2.442803750625357
2.4516937798571674
2.4675715967776126
2.4870611308583004
2.5110890856027126
-2.511089085602713
-2.4870611308583013
-2.467571596777612
-2.4516937798571674
-2.4428037506253593
-2.43069672195202
-2.428225009646391
-1.696466747529482
-1.6902301220679865
-1.663314833557864
-1.636131229997033
-1.5850268991824976
-1.505130952073611
-0.8499931669561921
-0.6390530706417716
-0.49517500459075
-0.39144249188123076
-0.2946577117036409
-0.2548791143130134
-0.012470427438804764
0.012470427438806482
0.25487911431301546
0.2946577117036421
0.39144249188123054
0.49517500459074876
0.6390530706417726
0.8499931669561924
1.5051309520736105
1.5850268991824972
1.6361312299970323
1.6633148335578631
1.6902301220679856
1.6964667475294801
2.42822500964639
2.4306967219520192
2.4428037506253584
2.451693779857166
2.4675715967776117
2.4870611308583004
2.511089085602714
-2.5110877345812472
-2.487083932399363
-2.467412626949848
-2.4523207676650745
-2.441850902766026
-2.4317998509273657
-2.4275852558841753
-1.6979406494989648
-1.687585584056337
-1.6653658305021941
-1.6350401731942126
-1.5852617368932462
-1.5051065457342168
-0.8500005517042803
-0.6389374395962438
-0.4961012001999751
-0.3877323777075124
-0.30419968387878654
-0.2470626600551404
-0.021753412963404686
0.021753412963405404
0.24706266005514102
0.3041996838787867
0.3877323777075123
0.49610120019997556
0.6389374395962433
0.8500005517042813
1.505106545734217
1.5852617368932462
1.6350401731942115
1.6653658305021941
1.687585584056336
1.6979406494989642
2.427585255884176
2.4317998509273653
2.441850902766026
2.4523207676650753
2.4674126269498498
2.487083932399364
2.511087734581249
-2.511086383062729
-2.4871066193896048
-2.4672483888048116
-2.4528843836643373
-2.440869585693761
-2.4327817323853727
-2.427163974026017
-1.6989259593941628
-1.6851579609522203
-1.6676058963424365
-1.6340279598290155
-1.585500303547576
-1.5050821752835382
-0.8500079350796772
-0.6388213955502817
-0.49700179664224864
-0.38361209709607147
-0.3124059733112381
-0.24098322687711926
-0.02829038171834056
0.028290381718341175
0.24098322687711846
0.3124059733112379
0.3836120970960709
0.49700179664224947
0.6388213955502823
0.8500079350796779
1.5050821752835375
1.5855003035475779
1.6340279598290168
1.6676058963424374
1.6851579609522218
1.6989259593941637
2.4271639740260147
2.4327817323853727
2.4408695856937612
2.4528843836643364
2.4672483888048107
2.487106619389603
2.511086383062728
-2.511085823099746
-2.4871159834528385
-2.467178686652237
-2.4531045211980356
-2.4404344032222327
-2.4332022338285744
-2.427019413855449
-1.6992652116193163
-1.6840925735222956
-1.6686425515053103
-1.6336274639555075
-1.5856002539816543
-1.5050720911925946
-0.8500109929720023
-0.6387732066464862
-0.4973678097132689
-0.38173914395886344
-0.31568889492244573
-0.23874389252810663
-0.03063946537427532
0.030639465374275567
0.23874389252810566
0.315688894922446
0.3817391439588639
0.497367809713268
0.6387732066464854
0.8500109929720039
1.5050720911925946
1.5856002539816538
1.633627463955507
1.6686425515053047
1.6840925735222936
1.699265211619316
2.4270194138554504
2.4332022338285757
2.440434403222233
2.453104521198037
2.467178686652239
2.48711598345284
2.511085823099747
-2.51108638306273
-2.4871066193896048
-2.4672483888048116
-2.4528843836643377
-2.440869585693761
-2.4327817323853727
-2.427163974026017
-1.6989259593941626
-1.6851579609522205
-1.6676058963424367
-1.634027959829016
-1.5855003035475768
-1.5050821752835377
-0.8500079350796774
-0.6388213955502818
-0.4970017966422499
-0.3836120970960712
-0.31240597331123865
-0.24098322687711982
-0.028290381718340803
0.028290381718340668
0.24098322687711976
0.31240597331123815
0.3836120970960717
0.49700179664224975
0.6388213955502814
0.8500079350796784
1.505082175283539
1.5855003035475779
1.6340279598290168
1.6676058963424365
1.6851579609522207
1.698925959394164
2.4271639740260156
2.4327817323853735
2.440869585693762
2.452884383664336
2.4672483888048116
2.4871066193896034
2.5110863830627292
-2.511087734581247
-2.4870839323993628
-2.467412626949849
-2.4523207676650736
-2.441850902766026
-2.431799850927366
-2.4275852558841744
-1.6979406494989646
-1.687585584056337
-1.665365830502194
-1.6350401731942132
-1.5852617368932465
-1.5051065457342172
-0.8500005517042811
-0.6389374395962437
-0.49610120019997533
-0.3877323777075132
-0.3041996838787865
-0.2470626600551412
-0.021753412963405265
0.021753412963404235
0.24706266005514008
0.304199683878787
0.38773237770751273
0.496101200199975
0.6389374395962415
0.8500005517042813
1.5051065457342163
1.5852617368932471
1.6350401731942135
1.6653658305021948
1.6875855840563367
1.6979406494989644
2.427585255884175
2.4317998509273653
2.441850902766026
2.4523207676650745
2.4674126269498484
2.4870839323993645
2.5110877345812472
-2.511089085602712
-2.4870611308583017
-2.4675715967776113
-2.4516937798571674
-2.4428037506253593
-2.43069672195202
-2.4282250096463907
-1.6964667475294817
-1.6902301220679867
-1.6633148335578642
-1.6361312299970332
-1.5850268991824976
-1.5051309520736111
-0.8499931669561924
-0.6390530706417721
-0.49517500459074915
-0.3914424918812306
-0.29465771170364186
-0.2548791143130151
-0.01247042743880505
0.012470427438805994
0.2548791143130148
0.29465771170364236
0.39144249188123076
0.4951750045907491
0.6390530706417726
0.8499931669561929
1.5051309520736114
1.585026899182497
1.6361312299970328
1.6633148335578638
1.6902301220679872
1.6964667475294817
2.428225009646391
2.43069672195202
2.442803750625358
2.451693779857167
2.467571596777613
2.487061130858301
2.511089085602713
-2.5110896450686466
-2.487051652238851
-2.4676360171212357
-2.451407346279667
-2.4432067682161374
-2.4300314460864127
-2.4287182020261358
-1.6953933850359786
-1.6917348105056318
-1.6624889272861387
-1.6366120193720923
-1.5849306797265854
-1.5051410720534026
-0.849990107691175
-0.6391008465353218
-0.49478334695665627
-0.39288985233683926
-0.2896339528345464
-0.25927604897106205
-0.005150574770696073
0.00515057477069467
0.25927604897106415
0.28963395283454685
0.39288985233683915
0.4947833469566567
0.6391008465353233
0.8499901076911749
1.5051410720534035
1.5849306797265845
1.6366120193720932
1.6624889272861394
1.691734810505633
1.6953933850359784
2.4287182020261344
2.4300314460864114
2.4432067682161374
2.4514073462796655
2.467636017121234
2.4870516522388493
2.511089645068646
-2.5110896450686475
-2.487051652238852
-2.467636017121235
-2.4514073462796664
-2.4432067682161382
-2.430031446086412
-2.4287182020261353
-1.6953933850359781
-1.6917348105056318
-1.6624889272861378
-1.6366120193720928
-1.5849306797265834
-1.5051410720534024
-0.8499901076911759
-0.6391008465353234
-0.4947833469566565
-0.39288985233683865
-0.2896339528345459
-0.2592760489710616
-0.005150574770695136
0.005150574770695512
0.2592760489710624
0.28963395283454657
0.3928898523368384
0.4947833469566558
0.6391008465353217
0.8499901076911754
1.5051410720534024
1.5849306797265836
1.6366120193720928
1.6624889272861387
1.6917348105056331
1.6953933850359812
2.428718202026133
2.430031446086412
2.4432067682161365
2.4514073462796655
2.4676360171212335
2.4870516522388515
2.511089645068645
-2.5110890856027113
-2.487061130858302
-2.4675715967776113
-2.4516937798571674
-2.4428037506253597
-2.4306967219520206
-2.42822500964639
-1.6964667475294815
-1.6902301220679867
-1.6633148335578638
-1.6361312299970323
-1.5850268991824965
-1.50513095207361
-0.8499931669561939
-0.6390530706417725
-0.49517500459074976
-0.3914424918812307
-0.29465771170364224
-0.2548791143130155
-0.012470427438805972
0.012470427438805186
0.25487911431301613
0.2946577117036421
0.3914424918812311
0.4951750045907498
0.6390530706417714
0.8499931669561942
1.505130952073611
1.5850268991824976
1.6361312299970319
1.663314833557864
1.6902301220679872
1.6964667475294826
2.4282250096463893
2.4306967219520197
2.4428037506253584
2.4516937798571665
2.4675715967776113
2.4870611308583
2.5110890856027113
-2.511088294252938
-2.487074501676219
-2.4674790843635366
-2.452070392084562
-2.442244969931111
-2.431375766450944
-2.4278080641313102
-1.6974228722312632
-1.6886137090709759
-1.664502085201029
-1.6354812910545873
-1.5851640210837006
-1.5051166508093514
-0.8499974930080408
-0.6389853854269363
-0.4957207844135647
-0.3893105050600694
-0.3005100601044562
-0.24999701364979465
-0.018452875275726307
0.018452875275726335
0.24999701364979462
0.3005100601044552
0.3893105050600702
0.495720784413565
0.6389853854269356
0.8499974930080421
1.5051166508093508
1.5851640210837001
1.635481291054586
1.664502085201028
1.688613709070975
1.6974228722312625
2.4278080641313107
2.4313757664509446
2.4422449699311133
2.4520703920845626
2.467479084363536
2.487074501676221
2.511088294252939
-2.511087734581247
-2.4870839323993637
-2.4674126269498484
-2.452320767665074
-2.441850902766026
-2.4317998509273657
-2.4275852558841744
-1.6979406494989644
-1.6875855840563365
-1.6653658305021934
-1.6350401731942126
-1.5852617368932456
-1.5051065457342157
-0.8500005517042817
-0.6389374395962436
-0.49610120019997545
-0.3877323777075124
-0.3041996838787868
-0.24706266005514071
-0.021753412963405074
0.021753412963404935
0.24706266005514033
0.30419968387878654
0.3877323777075115
0.4961012001999755
0.6389374395962442
0.8500005517042796
1.5051065457342163
1.5852617368932471
1.6350401731942132
1.6653658305021954
1.6875855840563379
1.697940649498965
2.427585255884175
2.431799850927365
2.441850902766025
2.4523207676650727
2.4674126269498484
2.487083932399364
2.5110877345812463
-2.511087734581246
-2.487083932399364
-2.4674126269498484
-2.4523207676650745
-2.441850902766026
-2.431799850927366
-2.4275852558841744
-1.6979406494989644
-1.6875855840563367
-1.6653658305021937
-1.6350401731942126
-1.5852617368932456
-1.505106545734215
-0.850000551704282
-0.6389374395962433
-0.4961012001999759
-0.3877323777075123
-0.30419968387878704
-0.24706266005514066
-0.021753412963404786
0.021753412963405112
0.24706266005514096
0.30419968387878654
0.3877323777075123
0.4961012001999757
0.6389374395962433
0.8500005517042825
1.5051065457342176
1.5852617368932478
1.6350401731942121
1.6653658305021934
1.6875855840563356
1.6979406494989644
2.427585255884175
2.431799850927366
2.4418509027660265
2.452320767665074
2.4674126269498493
2.487083932399362
2.5110877345812463
-2.511088294252939
-2.4870745016762195
-2.4674790843635366
-2.4520703920845617
-2.4422449699311115
-2.431375766450944
-2.4278080641313102
-1.6974228722312625
-1.6886137090709747
-1.6645020852010284
-1.6354812910545868
-1.5851640210837001
-1.505116650809351
-0.8499974930080412
-0.6389853854269364
-0.4957207844135645
-0.3893105050600704
-0.3005100601044561
-0.2499970136497947
-0.018452875275726165
0.01845287527572599
0.24999701364979512
0.30051006010445613
0.38931050506007087
0.4957207844135654
0.6389853854269372
0.8499974930080418
1.5051166508093514
1.585164021083702
1.6354812910545873
1.664502085201029
1.6886137090709754
1.6974228722312643
2.4278080641313085
2.431375766450942
2.44224496993111
2.452070392084561
2.4674790843635335
2.48707450167622
2.511088294252938
-2.5110890856027126
-2.4870611308583013
-2.4675715967776113
-2.4516937798571674
-2.4428037506253597
-2.43069672195202
-2.42822500964639
-1.6964667475294812
-1.6902301220679867
-1.6633148335578638
-1.636131229997032
-1.5850268991824967
-1.50513095207361
-0.8499931669561939
-0.6390530706417723
-0.4951750045907492
-0.3914424918812306
-0.2946577117036418
-0.25487911431301546
-0.012470427438805214
0.012470427438805902
0.25487911431301447
0.29465771170364213
0.3914424918812304
0.49517500459074937
0.6390530706417714
0.8499931669561918
1.5051309520736105
1.5850268991824976
1.6361312299970325
1.6633148335578638
1.6902301220679858
1.6964667475294812
2.42822500964639
2.4306967219520206
2.4428037506253597
2.4516937798571674
2.467571596777612
2.4870611308583004
2.5110890856027117
-2.5110896450686466
-2.48705165223885
-2.4676360171212353
-2.4514073462796664
-2.4432067682161387
-2.4300314460864123
-2.4287182020261358
-1.6953933850359795
-1.6917348105056318
-1.6624889272861383
-1.6366120193720923
-1.584930679726584
-1.5051410720534029
-0.8499901076911743
-0.6391008465353222
-0.494783346956656
-0.392889852336839
-0.28963395283454574
-0.2592760489710614
-0.005150574770695082
0.005150574770695571
0.2592760489710629
0.2896339528345468
0.39288985233684
0.49478334695665693
0.6391008465353217
0.8499901076911746
1.5051410720534033
1.5849306797265827
1.6366120193720908
1.6624889272861363
1.6917348105056318
1.6953933850359786
2.428718202026135
2.430031446086413
2.443206768216139
2.4514073462796664
2.4676360171212357
2.487051652238853
2.5110896450686466
-2.5110890856027117
-2.4870611308583013
-2.4675715967776113
-2.451693779857168
-2.442803750625359
-2.4306967219520206
-2.42822500964639
-1.6964667475294828
-1.6902301220679876
-1.6633148335578636
-1.6361312299970325
-1.585026899182497
-1.5051309520736098
-0.8499931669561932
-0.6390530706417722
-0.4951750045907496
-0.39144249188123065
-0.29465771170364147
-0.25487911431301485
-0.012470427438805075
0.012470427438805673
0.2548791143130149
0.29465771170364136
0.3914424918812308
0.4951750045907495
0.639053070641771
0.8499931669561914
1.5051309520736098
1.5850268991824956
1.636131229997032
1.6633148335578634
1.690230122067987
1.6964667475294808
2.4282250096463907
2.430696721952021
2.4428037506253597
2.451693779857167
2.467571596777613
2.4870611308583017
2.5110890856027135
-2.5110890856027126
-2.4870611308583004
-2.4675715967776117
-2.451693779857168
-2.4428037506253593
-2.4306967219520206
-2.4282250096463907
-1.6964667475294828
-1.6902301220679878
-1.6633148335578636
-1.6361312299970334
-1.5850268991824965
-1.5051309520736105
-0.8499931669561932
-0.6390530706417717
-0.49517500459074926
-0.3914424918812304
-0.29465771170364147
-0.25487911431301474
-0.012470427438806206
0.012470427438804723
0.25487911431301447
0.2946577117036416
0.3914424918812309
0.4951750045907496
0.6390530706417719
0.8499931669561919
1.5051309520736111
1.585026899182497
1.6361312299970319
1.6633148335578625
1.6902301220679852
1.6964667475294801
2.4282250096463915
2.430696721952021
2.4428037506253597
2.4516937798571683
2.4675715967776144
2.487061130858302
2.511089085602715
-2.511089085602712
-2.487061130858302
-2.4675715967776113
-2.4516937798571674
-2.442803750625359
-2.43069672195202
-2.4282250096463907
-1.6964667475294826
-1.6902301220679872
-1.6633148335578636
-1.6361312299970328
-1.585026899182497
-1.50513095207361
-0.8499931669561925
-0.6390530706417725
-0.4951750045907494
-0.39144249188123065
-0.2946577117036413
-0.2548791143130148
-0.0124704274388048
0.012470427438806357
0.2548791143130144
0.2946577117036416
0.3914424918812304
0.4951750045907492
0.6390530706417716
0.8499931669561934
1.505130952073611
1.5850268991824965
1.6361312299970325
1.6633148335578636
1.6902301220679852
1.6964667475294812
2.4282250096463907
2.430696721952022
2.4428037506253597
2.4516937798571674
2.4675715967776126
2.4870611308583
2.511089085602712
-2.5110890856027126
-2.4870611308583017
-2.467571596777612
-2.451693779857168
-2.4428037506253593
-2.430696721952021
-2.428225009646391
-1.6964667475294821
-1.6902301220679867
-1.6633148335578625
-1.6361312299970325
-1.5850268991824972
-1.5051309520736111
-0.8499931669561932
-0.6390530706417724
-0.49517500459074926
-0.3914424918812303
-0.29465771170364197
-0.254879114313015
-0.012470427438804972
0.012470427438806195
0.25487911431301513
0.2946577117036421
0.3914424918812301
0.49517500459074854
0.6390530706417719
0.8499931669561916
1.505130952073613
1.5850268991824985
1.636131229997033
1.663314833557864
1.690230122067986
1.696466747529482
2.42822500964639
2.4306967219520206
2.4428037506253593
2.4516937798571665
2.467571596777613
2.4870611308582995
2.5110890856027135
-2.5110890856027126
-2.487061130858301
-2.4675715967776117
-2.451693779857168
-2.442803750625359
-2.430696721952021
-2.42822500964639
-1.696466747529482
-1.690230122067987
-1.663314833557863
-1.6361312299970319
-1.5850268991824965
-1.5051309520736094
-0.8499931669561922
-0.6390530706417721
-0.4951750045907493
-0.3914424918812304
-0.2946577117036409
-0.25487911431301385
-0.012470427438805729
0.012470427438805456
0.25487911431301497
0.29465771170364147
0.39144249188123026
0.49517500459074976
0.6390530706417721
0.8499931669561934
1.5051309520736091
1.5850268991824954
1.6361312299970319
1.6633148335578634
1.6902301220679872
1.6964667475294821
2.428225009646391
2.4306967219520215
2.4428037506253597
2.451693779857167
2.4675715967776126
2.4870611308582995
2.5110890856027126
-2.5110890856027126
-2.487061130858301
-2.467571596777612
-2.4516937798571674
-2.442803750625359
-2.430696721952021
-2.428225009646391
-1.6964667475294823
-1.6902301220679874
-1.6633148335578636
-1.6361312299970336
-1.5850268991824967
-1.5051309520736096
-0.8499931669561942
-0.6390530706417715
-0.49517500459074865
-0.3914424918812307
-0.2946577117036417
-0.25487911431301474
-0.012470427438805701
0.012470427438805637
0.2548791143130146
0.2946577117036411
0.39144249188123037
0.4951750045907501
0.6390530706417721
0.8499931669561928
1.5051309520736105
1.5850268991824963
1.6361312299970325
1.6633148335578636
1.6902301220679867
1.6964667475294815
2.428225009646392
2.430696721952023
2.4428037506253606
2.451693779857168
2.4675715967776144
2.487061130858301
2.511089085602714
-2.511089085602712
-2.4870611308583013
-2.4675715967776126
-2.451693779857168
-2.442803750625359
-2.4306967219520206
-2.4282250096463898
-1.696466747529482
-1.6902301220679867
-1.663314833557863
-1.636131229997032
-1.5850268991824967
-1.5051309520736098
-0.8499931669561933
-0.6390530706417716
-0.4951750045907496
-0.39144249188123104
-0.2946577117036415
-0.2548791143130151
-0.012470427438806114
0.012470427438804995
0.25487911431301463
0.29465771170364136
0.3914424918812303
0.4951750045907497
0.639053070641771
0.8499931669561928
1.5051309520736107
1.5850268991824965
1.6361312299970328
1.6633148335578627
1.6902301220679863
1.6964667475294812
2.4282250096463924
2.4306967219520232
2.4428037506253597
2.4516937798571683
2.467571596777615
2.4870611308583013
2.5110890856027126
-2.511089085602713
-2.4870611308583017
-2.467571596777612
-2.451693779857168
-2.4428037506253593
-2.4306967219520206
-2.4282250096463907
-1.6964667475294821
-1.690230122067987
-1.663314833557863
-1.6361312299970323
-1.5850268991824965
-1.5051309520736105
-0.8499931669561925
-0.639053070641772
-0.49517500459074915
-0.3914424918812299
-0.29465771170364247
-0.25487911431301546
-0.01247042743880513
0.012470427438805843
0.2548791143130154
0.29465771170364224
0.3914424918812301
0.4951750045907492
0.6390530706417716
0.8499931669561939
1.5051309520736085
1.5850268991824963
1.636131229997033
1.6633148335578631
1.6902301220679867
1.6964667475294815
2.4282250096463907
2.430696721952021
2.442803750625359
2.451693779857167
2.4675715967776135
2.487061130858299
2.511089085602714
-2.511087734581246
-2.4870839323993628
-2.467412626949848
-2.452320767665074
-2.4418509027660265
-2.4317998509273666
-2.427585255884175
-1.697940649498965
-1.6875855840563379
-1.6653658305021941
-1.6350401731942124
-1.5852617368932456
-1.5051065457342165
-0.8500005517042821
-0.6389374395962442
-0.49610120019997556
-0.3877323777075119
-0.3041996838787866
-0.24706266005514058
-0.02175341296340485
0.021753412963404786
0.24706266005514077
0.3041996838787864
0.38773237770751284
0.49610120019997556
0.6389374395962439
0.8500005517042816
1.5051065457342174
1.5852617368932462
1.6350401731942141
1.6653658305021954
1.6875855840563387
1.6979406494989655
2.427585255884174
2.4317998509273657
2.441850902766025
2.452320767665073
2.467412626949848
2.4870839323993614
2.511087734581248
-2.5110877345812463
-2.4870839323993623
-2.467412626949849
-2.4523207676650736
-2.441850902766026
-2.4317998509273657
-2.4275852558841744
-1.6979406494989648
-1.6875855840563374
-1.665365830502194
-1.6350401731942126
-1.5852617368932456
-1.5051065457342168
-0.8500005517042817
-0.6389374395962435
-0.4961012001999749
-0.3877323777075136
-0.3041996838787866
-0.24706266005514185
-0.021753412963404373
0.021753412963405234
0.24706266005514113
0.30419968387878693
0.3877323777075132
0.4961012001999758
0.6389374395962435
0.8500005517042807
1.505106545734217
1.585261736893246
1.635040173194213
1.6653658305021946
1.687585584056338
1.6979406494989653
2.4275852558841744
2.4317998509273657
2.441850902766026
2.4523207676650745
2.467412626949848
2.487083932399361
2.5110877345812472
-2.511088294252938
-2.4870745016762195
-2.467479084363535
-2.4520703920845626
-2.4422449699311115
-2.431375766450945
-2.42780806413131
-1.6974228722312625
-1.6886137090709745
-1.664502085201028
-1.6354812910545875
-1.5851640210837
-1.5051166508093514
-0.8499974930080412
-0.6389853854269375
-0.4957207844135647
-0.3893105050600706
-0.30051006010445536
-0.24999701364979476
-0.018452875275726158
0.018452875275725714
0.2499970136497947
0.30051006010445497
0.38931050506007014
0.4957207844135648
0.638985385426937
0.8499974930080417
1.5051166508093519
1.5851640210837035
1.635481291054588
1.6645020852010293
1.6886137090709759
1.6974228722312643
2.427808064131309
2.4313757664509446
2.442244969931111
2.4520703920845612
2.4674790843635344
2.487074501676219
2.511088294252938
-2.511089085602713
-2.4870611308583013
-2.4675715967776117
-2.4516937798571674
-2.4428037506253597
-2.430696721952021
-2.42822500964639
-1.696466747529482
-1.6902301220679872
-1.6633148335578634
-1.6361312299970323
-1.585026899182497
-1.5051309520736105
-0.8499931669561934
-0.6390530706417724
-0.49517500459074953
-0.39144249188123076
-0.2946577117036415
-0.2548791143130144
-0.012470427438806643
0.012470427438804315
0.25487911431301574
0.29465771170364224
0.39144249188123087
0.49517500459074903
0.6390530706417726
0.8499931669561931
1.50513095207361
1.5850268991824963
1.6361312299970323
1.6633148335578638
1.690230122067988
1.696466747529482
2.42822500964639
2.43069672195202
2.4428037506253615
2.4516937798571665
2.467571596777613
2.4870611308583
2.511089085602715
-2.5110896450686466
-2.4870516522388515
-2.4676360171212335
-2.4514073462796673
-2.4432067682161374
-2.4300314460864127
-2.4287182020261358
-1.6953933850359786
-1.6917348105056325
-1.662488927286138
-1.6366120193720926
-1.584930679726584
-1.505141072053403
-0.8499901076911751
-0.6391008465353221
-0.49478334695665677
-0.3928898523368393
-0.2896339528345459
-0.2592760489710624
-0.00515057477069502
0.005150574770695696
0.25927604897106293
0.2896339528345475
0.3928898523368396
0.4947833469566569
0.6391008465353235
0.8499901076911766
1.5051410720534018
1.5849306797265832
1.6366120193720932
1.6624889272861383
1.6917348105056331
1.6953933850359795
2.4287182020261353
2.4300314460864123
2.4432067682161374
2.451407346279666
2.467636017121233
2.487051652238851
2.511089645068646
-2.511089645068646
-2.4870516522388515
-2.4676360171212335
-2.451407346279667
-2.443206768216138
-2.4300314460864123
-2.4287182020261353
-1.6953933850359788
-1.6917348105056318
-1.6624889272861385
-1.6366120193720926
-1.584930679726584
-1.5051410720534026
-0.8499901076911743
-0.639100846535322
-0.494783346956656
-0.3928898523368386
-0.2896339528345461
-0.259276048971062
-0.005150574770694819
0.005150574770696079
0.25927604897106193
0.289633952834547
0.39288985233683893
0.4947833469566562
0.6391008465353226
0.8499901076911746
1.505141072053401
1.5849306797265827
1.6366120193720914
1.662488927286137
1.6917348105056316
1.6953933850359784
2.4287182020261358
2.4300314460864145
2.4432067682161387
2.451407346279667
2.4676360171212344
2.487051652238851
2.511089645068647
-2.5110890856027126
-2.487061130858301
-2.467571596777612
-2.4516937798571674
-2.442803750625359
-2.4306967219520215
-2.4282250096463907
-1.6964667475294817
-1.690230122067987
-1.6633148335578642
-1.6361312299970328
-1.5850268991824972
-1.5051309520736114
-0.8499931669561925
-0.639053070641772
-0.49517500459074804
-0.3914424918812302
-0.2946577117036408
-0.25487911431301424
-0.01247042743880588
0.012470427438804905
0.2548791143130154
0.29465771170364174
0.3914424918812307
0.4951750045907488
0.6390530706417724
0.8499931669561929
1.505130952073612
1.585026899182497
1.6361312299970323
1.6633148335578642
1.6902301220679876
1.6964667475294815
2.428225009646391
2.4306967219520224
2.4428037506253606
2.451693779857169
2.467571596777613
2.4870611308583004
2.5110890856027117
-2.511088294252938
-2.48707450167622
-2.4674790843635352
-2.452070392084562
-2.442244969931111
-2.4313757664509446
-2.42780806413131
-1.6974228722312634
-1.6886137090709754
-1.6645020852010288
-1.6354812910545875
-1.5851640210837017
-1.5051166508093525
-0.8499974930080415
-0.6389853854269366
-0.49572078441356493
-0.38931050506007026
-0.3005100601044551
-0.2499970136497946
-0.018452875275725495
0.018452875275726224
0.24999701364979524
0.3005100601044555
0.3893105050600692
0.49572078441356515
0.6389853854269367
0.8499974930080415
1.5051166508093523
1.5851640210837015
1.6354812910545873
1.6645020852010286
1.688613709070975
1.6974228722312632
2.42780806413131
2.4313757664509437
2.442244969931112
2.4520703920845626
2.4674790843635344
2.4870745016762212
2.5110882942529367
-2.5110863830627297
-2.4871066193896043
-2.467248388804811
-2.4528843836643373
-2.4408695856937612
-2.4327817323853727
-2.4271639740260165
-1.698925959394163
-1.6851579609522205
-1.667605896342437
-1.6340279598290164
-1.5855003035475765
-1.5050821752835382
-0.8500079350796774
-0.638821395550282
-0.49700179664224975
-0.3836120970960708
-0.3124059733112377
-0.24098322687711946
-0.02829038171834053
0.028290381718340585
0.24098322687711948
0.3124059733112379
0.38361209709607136
0.49700179664225
0.6388213955502821
0.8500079350796778
1.5050821752835388
1.5855003035475752
1.6340279598290155
1.6676058963424378
1.6851579609522207
1.698925959394163
2.427163974026017
2.4327817323853727
2.4408695856937603
2.452884383664337
2.4672483888048116
2.487106619389604
2.5110863830627275
-2.511085823099746
-2.487115983452838
-2.467178686652237
-2.4531045211980347
-2.4404344032222327
-2.433202233828575
-2.427019413855448
-1.6992652116193165
-1.6840925735222956
-1.6686425515053105
-1.633627463955508
-1.5856002539816534
-1.5050720911925932
-0.850010992972003
-0.6387732066464872
-0.4973678097132694
-0.3817391439588628
-0.3156888949224457
-0.23874389252810616
-0.030639465374275508
0.030639465374275636
0.23874389252810624
0.315688894922445
0.3817391439588629
0.4973678097132692
0.638773206646486
0.8500109929720027
1.5050720911925943
1.5856002539816538
1.6336274639555077
1.6686425515053112
1.6840925735222956
1.6992652116193168
2.4270194138554486
2.4332022338285757
2.440434403222233
2.453104521198035
2.4671786866522365
2.4871159834528385
2.5110858230997457
-2.51108638306273
-2.4871066193896043
-2.467248388804811
-2.4528843836643373
-2.4408695856937612
-2.432781732385373
-2.427163974026017
-1.6989259593941624
-1.6851579609522214
-1.6676058963424365
-1.634027959829016
-1.585500303547576
-1.5050821752835386
-0.8500079350796769
-0.6388213955502815
-0.4970017966422489
-0.38361209709607114
-0.3124059733112377
-0.24098322687711923
-0.028290381718340613
0.028290381718340835
0.24098322687711923
0.31240597331123765
0.3836120970960703
0.49700179664224897
0.6388213955502825
0.850007935079678
1.505082175283537
1.5855003035475774
1.6340279598290155
1.667605896342436
1.6851579609522207
1.6989259593941624
2.4271639740260182
2.432781732385374
2.4408695856937617
2.452884383664338
2.4672483888048116
2.4871066193896048
2.5110863830627275
-2.5110877345812455
-2.4870839323993637
-2.4674126269498475
-2.4523207676650736
-2.441850902766027
-2.4317998509273657
-2.427585255884175
-1.6979406494989644
-1.6875855840563367
-1.6653658305021946
-1.6350401731942128
-1.5852617368932467
-1.5051065457342168
-0.8500005517042819
-0.638937439596243
-0.49610120019997506
-0.38773237770751184
-0.3041996838787865
-0.24706266005514063
-0.021753412963404307
0.02175341296340558
0.24706266005514124
0.30419968387878665
0.38773237770751273
0.49610120019997495
0.6389374395962433
0.8500005517042827
1.5051065457342154
1.5852617368932465
1.6350401731942121
1.665365830502194
1.6875855840563372
1.6979406494989646
2.4275852558841744
2.431799850927366
2.441850902766027
2.4523207676650736
2.467412626949848
2.487083932399363
2.5110877345812463
-2.511089085602713
-2.4870611308583013
-2.4675715967776126
-2.451693779857167
-2.442803750625359
-2.43069672195202
-2.4282250096463907
-1.696466747529482
-1.6902301220679867
-1.6633148335578642
-1.6361312299970325
-1.5850268991824976
-1.5051309520736098
-0.8499931669561936
-0.6390530706417723
-0.4951750045907494
-0.39144249188123115
-0.29465771170364147
-0.25487911431301463
-0.01247042743880528
0.012470427438805784
0.25487911431301474
0.29465771170364113
0.3914424918812306
0.49517500459074926
0.6390530706417716
0.849993166956192
1.50513095207361
1.5850268991824963
1.6361312299970328
1.6633148335578634
1.6902301220679863
1.696466747529482
2.428225009646391
2.4306967219520206
2.44280375062536
2.451693779857168
2.4675715967776126
2.487061130858303
2.5110890856027144
-2.511089645068647
-2.487051652238851
-2.4676360171212344
-2.451407346279667
-2.4432067682161374
-2.4300314460864123
-2.4287182020261353
-1.6953933850359784
-1.6917348105056322
-1.6624889272861376
-1.6366120193720917
-1.5849306797265836
-1.5051410720534022
-0.8499901076911753
-0.6391008465353224
-0.49478334695665815
-0.39288985233683893
-0.28963395283454424
-0.25927604897106254
-0.005150574770695458
0.005150574770695175
0.25927604897106254
0.2896339528345461
0.3928898523368391
0.4947833469566553
0.6391008465353203
0.8499901076911732
1.5051410720534046
1.5849306797265845
1.6366120193720926
1.6624889272861385
1.6917348105056291
1.6953933850359786
2.428718202026134
2.430031446086408
2.443206768216137
2.45140734627967
2.4676360171212344
2.4870516522388533
2.5110896450686484
-2.511089085602713
-2.4870611308583017
-2.4675715967776126
-2.4516937798571674
-2.442803750625359
-2.430696721952021
-2.42822500964639
-1.6964667475294815
-1.6902301220679865
-1.6633148335578642
-1.636131229997033
-1.5850268991824978
-1.5051309520736098
-0.849993166956193
-0.6390530706417725
-0.4951750045907485
-0.3914424918812307
-0.29465771170364197
-0.2548791143130148
-0.012470427438805526
0.012470427438805462
0.2548791143130148
0.2946577117036418
0.39144249188123076
0.4951750045907495
0.639053070641773
0.849993166956192
1.5051309520736103
1.5850268991824956
1.6361312299970325
1.6633148335578634
1.6902301220679863
1.6964667475294812
2.428225009646391
2.4306967219520237
2.44280375062536
2.4516937798571683
2.467571596777612
2.487061130858302
2.511089085602713
-2.511087734581246
-2.487083932399363
-2.467412626949847
-2.452320767665074
-2.4418509027660265
-2.4317998509273653
-2.4275852558841753
-1.6979406494989642
-1.687585584056336
-1.6653658305021937
-1.6350401731942121
-1.5852617368932458
-1.5051065457342154
-0.850000551704281
-0.6389374395962433
-0.49610120019997545
-0.3877323777075126
-0.304199683878787
-0.2470626600551407
-0.021753412963405026
0.021753412963404106
0.24706266005514158
0.30419968387878704
0.38773237770751223
0.4961012001999745
0.6389374395962444
0.8500005517042818
1.5051065457342159
1.5852617368932467
1.6350401731942126
1.6653658305021937
1.6875855840563363
1.6979406494989644
2.427585255884174
2.431799850927365
2.441850902766026
2.452320767665073
2.4674126269498475
2.4870839323993623
2.511087734581246
-2.511085823099745
-2.4871159834528385
-2.467178686652236
-2.4531045211980356
-2.4404344032222314
-2.433202233828574
-2.4270194138554495
-1.6992652116193168
-1.684092573522295
-1.6686425515053105
-1.6336274639555073
-1.5856002539816536
-1.5050720911925934
-0.8500109929720029
-0.638773206646487
-0.49736780971326844
-0.3817391439588634
-0.3156888949224457
-0.2387438925281059
-0.030639465374275157
0.03063946537427647
0.23874389252810568
0.3156888949224458
0.3817391439588632
0.4973678097132679
0.6387732066464861
0.8500109929720032
1.5050720911925937
1.585600253981654
1.6336274639555077
1.6686425515053107
1.6840925735222956
1.699265211619317
2.4270194138554495
2.433202233828574
2.4404344032222323
2.453104521198036
2.4671786866522356
2.487115983452837
2.5110858230997435
-2.5110844708775506
-2.487138511002021
-2.467006013895621
-2.453611933987777
-2.439211991513024
-2.4343725788906747
-2.4267155609959756
-1.6999793872913216
-1.6809496280805565
-1.671780412740441
-1.6326982864592066
-1.5858443954038157
-1.5050477712698196
-0.8500183744072259
-0.6386565718294621
-0.49823550377670456
-0.3766118793842987
-0.3237673128901783
-0.23377899206794167
-0.03578385788119854
0.035783857881197874
0.23377899206794156
0.32376731289017796
0.37661187938429996
0.4982355037767048
0.6386565718294627
0.8500183744072264
1.5050477712698187
1.585844395403814
1.6326982864592055
1.6717804127404405
1.6809496280805556
1.6999793872913218
2.4267155609959756
2.4343725788906765
2.439211991513024
2.4536119339877773
2.467006013895622
2.4871385110020205
2.5110844708775506
-2.5110844708775497
-2.487138511002022
-2.4670060138956216
-2.4536119339877787
-2.4392119915130235
-2.4343725788906743
-2.426715560995977
-1.6999793872913216
-1.6809496280805558
-1.671780412740441
-1.6326982864592061
-1.5858443954038173
-1.5050477712698183
-0.8500183744072253
-0.6386565718294611
-0.49823550377670467
-0.37661187938429824
-0.3237673128901788
-0.23377899206794167
-0.03578385788119818
0.03578385788119807
0.23377899206794162
0.323767312890178
0.37661187938429835
0.49823550377670495
0.6386565718294611
0.8500183744072257
1.5050477712698198
1.585844395403816
1.6326982864592063
1.6717804127404408
1.6809496280805554
1.6999793872913218
2.4267155609959774
2.434372578890677
2.4392119915130244
2.453611933987779
2.4670060138956242
2.487138511002022
2.5110844708775493
-2.5110858230997444
-2.4871159834528385
-2.467178686652237
-2.4531045211980356
-2.440434403222232
-2.4332022338285753
-2.427019413855449
-1.6992652116193165
-1.6840925735222954
-1.6686425515053105
-1.633627463955507
-1.5856002539816534
-1.505072091192594
-0.8500109929720031
-0.6387732066464867
-0.49736780971326844
-0.38173914395886305
-0.31568889492244534
-0.23874389252810646
-0.030639465374274956
0.030639465374275213
0.23874389252810602
0.315688894922446
0.3817391439588635
0.49736780971326877
0.6387732066464872
0.8500109929720032
1.5050720911925934
1.5856002539816536
1.633627463955509
1.6686425515053112
1.6840925735222967
1.6992652116193177
2.427019413855449
2.433202233828572
2.4404344032222323
2.4531045211980342
2.467178686652237
2.487115983452837
2.5110858230997426
-2.511087734581246
-2.487083932399364
-2.4674126269498484
-2.4523207676650736
-2.4418509027660265
-2.4317998509273657
-2.427585255884175
-1.6979406494989646
-1.687585584056337
-1.6653658305021941
-1.6350401731942124
-1.5852617368932458
-1.5051065457342165
-0.8500005517042818
-0.6389374395962437
-0.4961012001999752
-0.3877323777075126
-0.304199683878786
-0.24706266005514085
-0.021753412963405036
0.021753412963404745
0.2470626600551408
0.30419968387878643
0.38773237770751184
0.4961012001999748
0.6389374395962425
0.8500005517042833
1.5051065457342154
1.5852617368932456
1.6350401731942112
1.665365830502194
1.6875855840563356
1.697940649498965
2.4275852558841757
2.431799850927367
2.441850902766028
2.4523207676650753
2.4674126269498493
2.487083932399364
2.511087734581247
-2.5110890856027126
-2.487061130858301
-2.467571596777611
-2.4516937798571665
-2.4428037506253597
-2.430696721952021
-2.4282250096463898
-1.6964667475294806
-1.690230122067987
-1.6633148335578634
-1.6361312299970328
-1.5850268991824967
-1.5051309520736105
-0.8499931669561931
-0.6390530706417721
-0.4951750045907483
-0.39144249188123065
-0.29465771170364174
-0.2548791143130148
-0.01247042743880564
0.012470427438805484
0.254879114313014
0.29465771170364163
0.39144249188123026
0.4951750045907483
0.6390530706417723
0.8499931669561924
1.5051309520736094
1.5850268991824965
1.6361312299970332
1.6633148335578638
1.6902301220679898
1.6964667475294823
2.4282250096463884
2.4306967219520197
2.442803750625359
2.4516937798571647
2.4675715967776095
2.4870611308582995
2.5110890856027117
-2.5110890856027126
-2.4870611308583013
-2.4675715967776117
-2.451693779857166
-2.4428037506253593
-2.4306967219520197
-2.42822500964639
-1.6964667475294815
-1.6902301220679867
-1.6633148335578642
-1.6361312299970323
-1.5850268991824958
-1.5051309520736103
-0.849993166956193
-0.6390530706417726
-0.4951750045907493
-0.39144249188123015
-0.2946577117036422
-0.25487911431301485
-0.012470427438804693
0.012470427438805644
0.2548791143130155
0.29465771170364147
0.39144249188123126
0.4951750045907493
0.6390530706417727
0.8499931669561933
1.505130952073609
1.5850268991824965
1.6361312299970305
1.6633148335578634
1.6902301220679838
1.696466747529481
2.42822500964639
2.4306967219520215
2.4428037506253593
2.4516937798571665
2.4675715967776113
2.487061130858301
2.5110890856027117
-2.511087734581246
-2.4870839323993623
-2.4674126269498484
-2.452320767665074
-2.441850902766026
-2.4317998509273653
-2.427585255884175
-1.6979406494989648
-1.6875855840563367
-1.6653658305021941
-1.6350401731942121
-1.5852617368932458
-1.5051065457342165
-0.8500005517042821
-0.6389374395962429
-0.496101200199975
-0.3877323777075125
-0.3041996838787866
-0.24706266005514135
-0.021753412963405067
0.021753412963404748
0.24706266005514044
0.304199683878786
0.38773237770751284
0.49610120019997467
0.6389374395962434
0.8500005517042822
1.5051065457342157
1.5852617368932458
1.635040173194213
1.6653658305021943
1.6875855840563385
1.6979406494989648
2.427585255884175
2.431799850927364
2.441850902766027
2.4523207676650736
2.4674126269498493
2.4870839323993623
2.511087734581245
