-2.559021652525588
-2.556434144176791
-2.5539270544564783
-2.553048791227114
-2.5382645568895725
-2.5375021722793383
-2.5354046883200096
-1.8258493563898446
-1.8131885247218325
-1.8080558533422166
-1.7396384494555739
-1.7322406168639897
-1.7101950373436292
-1.6878224938175685
-1.3540183208743
-1.3312458959260733
-1.3169290610219262
-1.3127647337901842
-0.48988197296110475
-0.4822116834173183
-0.4538177138652019
-0.3014953695191481
-0.1674219775220427
-0.11701153237355998
-0.013973633165882559
0.013973633165881884
0.11701153237356071
0.16742197752204407
0.30149536951914807
0.45381771386520336
0.48221168341731885
0.48988197296110525
1.312764733790185
1.316929061021927
1.331245895926075
1.3540183208743013
1.687822493817568
1.7101950373436308
1.7322406168639881
1.7396384494555734
1.8080558533422166
1.8131885247218316
1.825849356389845
2.535404688320011
2.537502172279338
2.538264556889573
2.553048791227112
2.5539270544564765
2.556434144176788
2.559021652525588
-2.5590216525255878
-2.5564341441767913
-2.5539270544564783
-2.5530487912271136
-2.5382645568895734
-2.5375021722793383
-2.535404688320009
-1.8258493563898448
-1.8131885247218325
-1.8080558533422166
-1.7396384494555737
-1.7322406168639897
-1.7101950373436299
-1.6878224938175685
-1.3540183208743017
-1.3312458959260742
-1.3169290610219266
-1.3127647337901849
-0.48988197296110425
-0.48221168341731774
-0.4538177138652022
-0.30149536951914757
-0.16742197752204468
-0.11701153237356057
-0.013973633165881634
0.013973633165882645
0.11701153237356028
0.1674219775220458
0.3014953695191475
0.45381771386520225
0.4822116834173182
0.48988197296110464
1.312764733790184
1.316929061021926
1.3312458959260738
1.3540183208742997
1.6878224938175685
1.7101950373436312
1.7322406168639897
1.739638449455574
1.808055853342217
1.8131885247218333
1.825849356389844
2.5354046883200114
2.537502172279339
2.5382645568895734
2.5530487912271096
2.5539270544564756
2.556434144176789
2.559021652525588
-2.5590216525255878
-2.556434144176791
-2.5539270544564783
-2.5530487912271136
-2.5382645568895734
-2.5375021722793383
-2.5354046883200088
-1.825849356389845
-1.8131885247218325
-1.8080558533422164
-1.7396384494555739
-1.73224061686399
-1.7101950373436299
-1.687822493817568
-1.3540183208743017
-1.331245895926074
-1.3169290610219258
-1.3127647337901844
-0.4898819729611051
-0.4822116834173189
-0.4538177138652027
-0.30149536951914857
-0.16742197752204369
-0.11701153237355989
-0.013973633165882026
0.013973633165882038
0.1170115323735595
0.16742197752204566
0.30149536951914696
0.4538177138652026
0.4822116834173192
0.4898819729611052
1.312764733790184
1.3169290610219258
1.3312458959260736
1.354018320874301
1.6878224938175688
1.7101950373436299
1.7322406168639894
1.7396384494555732
1.8080558533422169
1.813188524721832
1.8258493563898455
2.535404688320011
2.5375021722793387
2.5382645568895725
2.5530487912271114
2.553927054456476
2.5564341441767895
2.559021652525589
-2.5590216525255878
-2.556434144176791
-2.5539270544564787
-2.5530487912271136
-2.5382645568895734
-2.5375021722793383
-2.535404688320009
-1.8258493563898446
-1.813188524721832
-1.808055853342216
-1.7396384494555739
-1.7322406168639894
-1.7101950373436299
-1.687822493817568
-1.3540183208743015
-1.3312458959260742
-1.3169290610219258
-1.3127647337901844
-0.48988197296110514
-0.4822116834173187
-0.453817713865203
-0.30149536951914757
-0.16742197752204457
-0.1170115323735598
-0.01397363316588171
0.013973633165881861
0.11701153237356
0.16742197752204405
0.3014953695191472
0.4538177138652023
0.48221168341731885
0.4898819729611048
1.3127647337901855
1.3169290610219275
1.3312458959260747
1.3540183208743013
1.6878224938175692
1.7101950373436305
1.7322406168639892
1.7396384494555737
1.8080558533422162
1.8131885247218316
1.8258493563898452
2.53540468832001
2.5375021722793396
2.5382645568895743
2.5530487912271114
2.5539270544564774
2.5564341441767873
2.5590216525255873
-2.5590216525255878
-2.5564341441767895
-2.5539270544564787
-2.5530487912271136
-2.5382645568895725
-2.5375021722793383
-2.5354046883200096
-1.8258493563898446
-1.8131885247218327
-1.8080558533422169
-1.739638449455575
-1.7322406168639906
-1.7101950373436303
-1.687822493817569
-1.3540183208743013
-1.3312458959260742
-1.3169290610219269
-1.312764733790185
-0.4898819729611044
-0.48221168341731807
-0.4538177138652015
-0.3014953695191477
-0.16742197752204624
-0.11701153237355992
-0.013973633165881752
0.013973633165882375
0.11701153237356077
0.16742197752204224
0.30149536951914796
0.4538177138652029
0.4822116834173196
0.4898819729611057
1.3127647337901847
1.3169290610219273
1.3312458959260738
1.3540183208743
1.6878224938175688
1.7101950373436317
1.732240616863989
1.7396384494555732
1.8080558533422169
1.8131885247218331
1.8258493563898446
2.53540468832001
2.5375021722793396
2.5382645568895734
2.553048791227111
2.5539270544564765
2.556434144176788
2.5590216525255878
-2.5590216525255878
-2.5564341441767895
-2.5539270544564774
-2.553048791227113
-2.5382645568895725
-2.5375021722793383
-2.535404688320009
-1.825849356389845
-1.8131885247218327
-1.8080558533422169
-1.7396384494555748
-1.7322406168639903
-1.7101950373436303
-1.687822493817569
-1.3540183208743002
-1.3312458959260733
-1.3169290610219262
-1.3127647337901844
-0.48988197296110503
-0.482211683417319
-0.4538177138652024
-0.3014953695191471
-0.1674219775220448
-0.11701153237355993
-0.013973633165882734
0.013973633165881504
0.11701153237355937
0.16742197752204283
0.30149536951914674
0.4538177138652023
0.4822116834173191
0.4898819729611051
1.3127647337901847
1.3169290610219275
1.3312458959260736
1.3540183208743002
1.6878224938175683
1.7101950373436292
1.7322406168639886
1.7396384494555726
1.8080558533422157
1.8131885247218311
1.8258493563898461
2.5354046883200128
2.53750217227934
2.5382645568895748
2.5530487912271136
2.553927054456478
2.556434144176791
2.5590216525255904
-2.559021652525588
-2.556434144176791
-2.5539270544564787
-2.5530487912271136
-2.5382645568895725
-2.5375021722793387
-2.5354046883200096
-1.8258493563898455
-1.8131885247218327
-1.808055853342217
-1.7396384494555732
-1.7322406168639886
-1.7101950373436303
-1.6878224938175683
-1.3540183208743006
-1.3312458959260738
-1.3169290610219264
-1.3127647337901844
-0.48988197296110486
-0.4822116834173187
-0.4538177138652019
-0.3014953695191471
-0.167421977522043
-0.11701153237356057
-0.013973633165882772
0.013973633165881736
0.11701153237355898
0.167421977522043
0.30149536951914796
0.4538177138652026
0.4822116834173186
0.4898819729611051
1.3127647337901835
1.3169290610219253
1.3312458959260727
1.3540183208742997
1.687822493817568
1.710195037343631
1.7322406168639894
1.7396384494555739
1.8080558533422155
1.8131885247218318
1.8258493563898435
2.535404688320012
2.5375021722793383
2.538264556889573
2.5530487912271127
2.553927054456478
2.556434144176791
2.5590216525255896
-2.5590216525255878
-2.5564341441767895
-2.5539270544564774
-2.553048791227113
-2.5382645568895734
-2.5375021722793383
-2.5354046883200105
-1.8258493563898448
-1.8131885247218325
-1.8080558533422166
-1.7396384494555734
-1.732240616863989
-1.7101950373436297
-1.6878224938175683
-1.3540183208743017
-1.331245895926075
-1.316929061021927
-1.3127647337901853
-0.48988197296110536
-0.48221168341731924
-0.45381771386520237
-0.3014953695191478
-0.16742197752204316
-0.1170115323735597
-0.013973633165882475
0.01397363316588188
0.11701153237355892
0.16742197752204505
0.3014953695191473
0.45381771386520203
0.48221168341731835
0.4898819729611045
1.3127647337901853
1.3169290610219266
1.3312458959260751
1.3540183208743024
1.6878224938175679
1.7101950373436305
1.7322406168639903
1.7396384494555748
1.8080558533422169
1.8131885247218322
1.8258493563898446
2.53540468832001
2.537502172279339
2.538264556889573
2.553048791227112
2.553927054456477
2.5564341441767886
2.5590216525255887
-2.5590135693064426
-2.556477606531846
-2.553766745167308
-2.5531761598540967
-2.5382042721050984
-2.5375713542717637
-2.535393352636158
-1.8259046937810923
-1.8127852136477387
-1.8084415112331689
-1.7384031557282682
-1.7337740118413216
-1.7097571996939345
-1.6879248386958452
-1.3539722502131286
-1.3314728766828765
-1.3162795931383993
-1.313233009318686
-0.48916943591732026
-0.4831992592622588
-0.45349655145615253
-0.30166416680067404
-0.1662114225822496
-0.11912949039906687
-0.005724039481290579
0.005724039481289644
0.11912949039906671
0.16621142258224872
0.3016641668006752
0.4534965514561527
0.4831992592622597
0.4891694359173217
1.3132330093186853
1.316279593138398
1.3314728766828758
1.3539722502131284
1.687924838695846
1.7097571996939345
1.7337740118413234
1.7384031557282729
1.8084415112331669
1.8127852136477383
1.8259046937810928
2.5353933526361563
2.5375713542717615
2.5382042721050952
2.553176159854094
2.5537667451673065
2.5564776065318453
2.559013569306442
-2.5590135693064426
-2.5564776065318457
-2.553766745167308
-2.5531761598540963
-2.538204272105098
-2.5375713542717637
-2.5353933526361585
-1.8259046937810917
-1.8127852136477385
-1.8084415112331693
-1.7384031557282684
-1.7337740118413218
-1.7097571996939342
-1.6879248386958445
-1.3539722502131277
-1.331472876682876
-1.3162795931383988
-1.3132330093186861
-0.48916943591731976
-0.483199259262259
-0.45349655145615286
-0.3016641668006735
-0.16621142258224758
-0.11912949039906648
-0.00572403948129041
0.005724039481289959
0.11912949039906724
0.1662114225822475
0.30166416680067354
0.45349655145615225
0.48319925926225993
0.4891694359173228
1.3132330093186824
1.3162795931383977
1.3314728766828752
1.3539722502131268
1.6879248386958463
1.709757199693935
1.7337740118413232
1.7384031557282684
1.8084415112331693
1.81278521364774
1.8259046937810932
2.535393352636158
2.5375713542717646
2.5382042721051006
2.5531761598540905
2.553766745167308
2.5564776065318475
2.5590135693064426
-2.559021652525588
-2.5564341441767904
-2.5539270544564783
-2.5530487912271127
-2.5382645568895725
-2.537502172279339
-2.535404688320011
-1.8258493563898452
-1.813188524721832
-1.8080558533422162
-1.739638449455574
-1.7322406168639906
-1.7101950373436299
-1.6878224938175674
-1.3540183208743009
-1.3312458959260736
-1.3169290610219269
-1.3127647337901853
-0.48988197296110547
-0.482211683417319
-0.4538177138652021
-0.3014953695191481
-0.16742197752204385
-0.11701153237356009
-0.013973633165881886
0.013973633165882328
0.11701153237355985
0.16742197752204244
0.3014953695191481
0.4538177138652026
0.482211683417319
0.48988197296110564
1.3127647337901864
1.3169290610219277
1.3312458959260745
1.3540183208743013
1.6878224938175683
1.7101950373436312
1.7322406168639897
1.7396384494555734
1.8080558533422162
1.8131885247218316
1.8258493563898452
2.5354046883200105
2.537502172279339
2.5382645568895756
2.553048791227115
2.5539270544564783
2.556434144176788
2.559021652525588
-2.5590328850800304
-2.5563693356390313
-2.5541034624614287
-2.552922506227056
-2.5383351466663853
-2.537418549434462
-2.5354211743695796
-1.825769114016221
-1.8136786985946016
-1.8075924009800872
-1.7408126192595261
-1.7306084684027714
-1.7108476049752985
-1.6876810117808205
-1.3540828415662993
-1.3309110599284764
-1.317686091822513
-1.3122784174740778
-0.49065891689361046
-0.48102981875151696
-0.45428773575029996
-0.3012558080654036
-0.16901394184784788
-0.11404836065590611
-0.020941088219090645
0.020941088219090232
0.11404836065590558
0.16901394184784704
0.30125580806540275
0.45428773575029946
0.48102981875151746
0.4906589168936102
1.3122784174740774
1.3176860918225115
1.330911059928477
1.3540828415663009
1.6876810117808199
1.7108476049752976
1.7306084684027687
1.7408126192595221
1.8075924009800879
1.813678698594602
1.8257691140162202
2.5354211743695787
2.5374185494344617
2.538335146666385
2.552922506227057
2.5541034624614305
2.556369335639031
2.5590328850800312
-2.5590406926164135
-2.556320666937292
-2.554213503414061
-2.552850881655281
-2.5383784841648835
-2.5373656550385504
-2.535433176053664
-1.8257108859412206
-1.8139885933224504
-1.8073027270416921
-1.7414700258619338
-1.72959611275558
-1.7113381287110805
-1.6875831516832627
-1.3541280273267573
-1.3306629576151425
-1.318168674252596
-1.3119990338616563
-0.49111551480467486
-0.4802743975545184
-0.45463250275946754
-0.30108580493287634
-0.17006939220350337
-0.11195148130208134
-0.024930014545995787
0.024930014545995555
0.11195148130208099
0.17006939220350678
0.30108580493287646
0.4546325027594666
0.48027439755451695
0.4911155148046739
1.3119990338616572
1.318168674252596
1.330662957615143
1.3541280273267584
1.6875831516832622
1.71133812871108
1.7295961127555797
1.7414700258619336
1.8073027270416915
1.8139885933224498
1.8257108859412208
2.535433176053663
2.537365655038552
2.538378484164884
2.5528508816552797
2.55421350341406
2.5563206669372915
2.5590406926164135
-2.559040692616413
-2.556320666937293
-2.5542135034140623
-2.5528508816552824
-2.538378484164884
-2.5373656550385513
-2.5354331760536635
-1.8257108859412203
-1.8139885933224504
-1.8073027270416913
-1.7414700258619327
-1.729596112755579
-1.71133812871108
-1.6875831516832622
-1.354128027326759
-1.3306629576151434
-1.3181686742525953
-1.311999033861657
-0.4911155148046753
-0.48027439755451895
-0.45463250275946787
-0.30108580493287634
-0.17006939220350203
-0.11195148130208046
-0.024930014545995662
0.02493001454599602
0.11195148130207959
0.1700693922035068
0.3010858049328757
0.45463250275946715
0.4802743975545164
0.4911155148046734
1.3119990338616574
1.3181686742525964
1.3306629576151439
1.354128027326758
1.6875831516832622
1.711338128711079
1.7295961127555792
1.7414700258619331
1.8073027270416904
1.813988593322449
1.82571088594122
2.535433176053664
2.537365655038552
2.5383784841648844
2.5528508816552815
2.5542135034140614
2.5563206669372938
2.559040692616415
-2.55903288508003
-2.5563693356390313
-2.554103462461428
-2.5529225062270555
-2.538335146666385
-2.5374185494344617
-2.535421174369579
-1.8257691140162207
-1.8136786985946016
-1.8075924009800874
-1.7408126192595255
-1.7306084684027718
-1.7108476049752983
-1.6876810117808205
-1.3540828415663002
-1.3309110599284775
-1.3176860918225133
-1.3122784174740778
-0.49065891689361085
-0.4810298187515172
-0.45428773575029996
-0.30125580806540314
-0.1690139418478458
-0.11404836065590612
-0.020941088219090565
0.020941088219090506
0.1140483606559064
0.16901394184784713
0.30125580806540286
0.4542877357503
0.4810298187515184
0.4906589168936117
1.3122784174740771
1.3176860918225124
1.3309110599284764
1.3540828415663004
1.687681011780822
1.7108476049752992
1.7306084684027705
1.7408126192595241
1.8075924009800892
1.8136786985946027
1.825769114016222
2.5354211743695783
2.53741854943446
2.5383351466663835
2.552922506227055
2.5541034624614287
2.5563693356390296
2.55903288508003
-2.559021652525588
-2.5564341441767895
-2.553927054456478
-2.553048791227114
-2.538264556889573
-2.5375021722793396
-2.53540468832001
-1.8258493563898452
-1.8131885247218322
-1.8080558533422169
-1.7396384494555746
-1.7322406168639906
-1.7101950373436303
-1.687822493817568
-1.3540183208743013
-1.331245895926074
-1.3169290610219269
-1.3127647337901855
-0.4898819729611047
-0.4822116834173182
-0.4538177138652021
-0.30149536951914824
-0.16742197752204524
-0.1170115323735602
-0.013973633165882703
0.013973633165881535
0.11701153237355925
0.1674219775220443
0.3014953695191464
0.4538177138652019
0.4822116834173183
0.48988197296110375
1.3127647337901862
1.3169290610219275
1.3312458959260747
1.3540183208743015
1.6878224938175688
1.7101950373436305
1.7322406168639908
1.7396384494555754
1.8080558533422162
1.8131885247218325
1.8258493563898452
2.535404688320011
2.5375021722793396
2.538264556889575
2.5530487912271087
2.553927054456476
2.5564341441767877
2.559021652525587
-2.5590216525255878
-2.55643414417679
-2.553927054456478
-2.553048791227113
-2.5382645568895725
-2.537502172279339
-2.53540468832001
-1.825849356389845
-1.8131885247218322
-1.8080558533422166
-1.7396384494555737
-1.7322406168639906
-1.710195037343629
-1.6878224938175685
-1.3540183208743013
-1.3312458959260745
-1.3169290610219262
-1.312764733790184
-0.489881972961106
-0.48221168341731935
-0.45381771386520287
-0.30149536951914757
-0.16742197752204446
-0.11701153237355955
-0.013973633165880687
0.013973633165883733
0.11701153237356082
0.16742197752204394
0.3014953695191479
0.4538177138652029
0.48221168341731885
0.48988197296110486
1.3127647337901864
1.3169290610219266
1.331245895926073
1.3540183208743
1.6878224938175674
1.7101950373436305
1.7322406168639903
1.7396384494555752
1.8080558533422153
1.8131885247218316
1.8258493563898441
2.535404688320011
2.537502172279339
2.5382645568895734
2.553048791227112
2.5539270544564774
2.55643414417679
2.559021652525588
-2.5590135693064426
-2.556477606531846
-2.5537667451673074
-2.553176159854096
-2.538204272105098
-2.537571354271764
-2.535393352636159
-1.825904693781092
-1.8127852136477387
-1.8084415112331689
-1.7384031557282673
-1.7337740118413218
-1.7097571996939345
-1.6879248386958454
-1.3539722502131284
-1.3314728766828763
-1.316279593138399
-1.3132330093186855
-0.4891694359173203
-0.48319925926225826
-0.4534965514561525
-0.3016641668006738
-0.16621142258224753
-0.11912949039906619
-0.005724039481289798
0.0057240394812906
0.11912949039906741
0.16621142258225002
0.3016641668006734
0.4534965514561536
0.4831992592622588
0.4891694359173217
1.3132330093186915
1.3162795931383984
1.331472876682877
1.3539722502131295
1.6879248386958443
1.7097571996939345
1.7337740118413205
1.738403155728266
1.808441511233167
1.8127852136477383
1.8259046937810919
2.5353933526361567
2.537571354271763
2.5382042721050913
2.553176159854096
2.5537667451673074
2.5564776065318484
2.559013569306442
-2.559021652525588
-2.556434144176791
-2.5539270544564774
-2.5530487912271127
-2.538264556889573
-2.5375021722793387
-2.53540468832001
-1.8258493563898441
-1.8131885247218311
-1.808055853342216
-1.739638449455573
-1.7322406168639892
-1.710195037343629
-1.6878224938175672
-1.3540183208743009
-1.331245895926074
-1.3169290610219264
-1.3127647337901842
-0.48988197296110547
-0.4822116834173189
-0.45381771386520225
-0.3014953695191471
-0.1674219775220443
-0.11701153237356064
-0.013973633165881459
0.01397363316588292
0.11701153237355942
0.16742197752204288
0.3014953695191479
0.45381771386520176
0.48221168341731896
0.4898819729611044
1.3127647337901862
1.3169290610219273
1.3312458959260745
1.3540183208743017
1.6878224938175679
1.710195037343628
1.7322406168639897
1.7396384494555746
1.8080558533422137
1.8131885247218316
1.8258493563898455
2.5354046883200096
2.5375021722793387
2.538264556889573
2.553048791227114
2.553927054456479
2.55643414417679
2.5590216525255878
-2.559040692616413
-2.5563206669372924
-2.554213503414061
-2.552850881655282
-2.5383784841648844
-2.5373656550385513
-2.535433176053664
-1.8257108859412208
-1.8139885933224507
-1.8073027270416924
-1.7414700258619336
-1.729596112755579
-1.7113381287110807
-1.6875831516832627
-1.3541280273267584
-1.3306629576151432
-1.3181686742525962
-1.3119990338616574
-0.49111551480467475
-0.48027439755451773
-0.45463250275946654
-0.30108580493287534
-0.17006939220350553
-0.11195148130207982
-0.02493001454599509
0.024930014545996217
0.11195148130208148
0.17006939220350742
0.3010858049328765
0.45463250275946876
0.4802743975545187
0.49111551480467514
1.3119990338616572
1.3181686742525964
1.3306629576151427
1.3541280273267577
1.687583151683261
1.7113381287110794
1.7295961127555797
1.7414700258619338
1.807302727041692
1.8139885933224498
1.8257108859412194
2.5354331760536613
2.537365655038551
2.5383784841648835
2.552850881655281
2.554213503414061
2.5563206669372915
2.5590406926164118
-2.5590591050876466
-2.556190008618441
-2.5544610971754786
-2.552709620675378
-2.5384689325788887
-2.537250843319854
-2.535463452429719
-1.8255647605495104
-1.8146577541411526
-1.806687372012757
-1.7427592317268885
-1.7273029927591708
-1.7126629753544143
-1.687353832142862
-1.3542356702894527
-1.3300149196219104
-1.31926214801093
-1.3114466365905408
-0.492032291521195
-0.47858611269427004
-0.45551462437287055
-0.30067326023091095
-0.17242713633711026
-0.10676961621573952
-0.03332135449934379
0.033321354499341656
0.10676961621573751
0.17242713633711013
0.30067326023090946
0.45551462437286994
0.4785861126942687
0.49203229152119354
1.3114466365905424
1.3192621480109312
1.330014919621912
1.354235670289455
1.6873538321428632
1.7126629753544131
1.7273029927591712
1.7427592317268885
1.8066873720127572
1.8146577541411524
1.825564760549511
2.5354634524297204
2.537250843319855
2.53846893257889
2.5527096206753805
2.55446109717548
2.5561900086184437
2.559059105087647
-2.5590665595487367
-2.556128348439318
-2.5545628431591294
-2.55265962663269
-2.5385021936782435
-2.5372069001257387
-2.5354765883037262
-1.8255017314059865
-1.8149119798670497
-1.806457699677901
-1.7432145637211964
-1.7263447344309553
-1.7132963756392086
-1.6872615412447252
-1.3542796761335947
-1.329720548040244
-1.3197078844475263
-1.311251548163881
-0.49235930410118056
-0.4779151916763052
-0.45590422500320227
-0.30050148213612415
-0.1733384954485911
-0.10452492252816734
-0.03657205500889574
0.036572055008896986
0.10452492252816623
0.17333849544859042
0.3005014821361242
0.4559042250032024
0.47791519167630553
0.49235930410118056
1.31125154816388
1.3197078844475274
1.3297205480402436
1.354279676133594
1.6872615412447258
1.7132963756392081
1.726344734430955
1.7432145637211967
1.8064576996778996
1.8149119798670494
1.825501731405986
2.535476588303725
2.53720690012574
2.5385021936782426
2.5526596266326917
2.554562843159129
2.5561283484393202
2.5590665595487363
-2.559059105087647
-2.556190008618441
-2.5544610971754778
-2.5527096206753774
-2.5384689325788887
-2.5372508433198537
-2.535463452429719
-1.8255647605495107
-1.8146577541411526
-1.8066873720127565
-1.742759231726889
-1.7273029927591705
-1.7126629753544145
-1.6873538321428627
-1.354235670289454
-1.3300149196219102
-1.3192621480109294
-1.3114466365905408
-0.4920322915211941
-0.47858611269426954
-0.45551462437287
-0.30067326023090996
-0.17242713633711057
-0.10676961621573945
-0.03332135449934134
0.03332135449934293
0.10676961621573876
0.1724271363371098
0.3006732602309111
0.45551462437287016
0.47858611269426926
0.4920322915211945
1.3114466365905404
1.3192621480109294
1.3300149196219104
1.3542356702894538
1.6873538321428632
1.7126629753544154
1.727302992759173
1.7427592317268905
1.8066873720127563
1.8146577541411522
1.8255647605495104
2.535463452429718
2.537250843319854
2.5384689325788887
2.5527096206753748
2.554461097175478
2.55619000861844
2.5590591050876452
-2.5590406926164135
-2.556320666937293
-2.554213503414062
-2.5528508816552824
-2.5383784841648835
-2.5373656550385517
-2.535433176053664
-1.8257108859412199
-1.8139885933224504
-1.8073027270416915
-1.7414700258619333
-1.7295961127555795
-1.711338128711081
-1.6875831516832616
-1.3541280273267589
-1.330662957615143
-1.3181686742525962
-1.311999033861657
-0.491115514804675
-0.4802743975545185
-0.4546325027594676
-0.3010858049328757
-0.17006939220350492
-0.11195148130208057
-0.024930014545995655
0.024930014545995673
0.11195148130207955
0.17006939220350525
0.3010858049328755
0.4546325027594681
0.4802743975545183
0.4911155148046748
1.3119990338616576
1.3181686742525962
1.3306629576151432
1.3541280273267595
1.687583151683263
1.7113381287110803
1.7295961127555814
1.7414700258619356
1.8073027270416924
1.8139885933224502
1.8257108859412206
2.535433176053663
2.5373656550385513
2.5383784841648827
2.5528508816552815
2.554213503414061
2.556320666937293
2.559040692616412
-2.5590406926164135
-2.5563206669372924
-2.554213503414061
-2.552850881655282
-2.5383784841648835
-2.5373656550385513
-2.5354331760536635
-1.8257108859412199
-1.8139885933224507
-1.8073027270416926
-1.741470025861934
-1.72959611275558
-1.7113381287110803
-1.687583151683262
-1.3541280273267595
-1.330662957615144
-1.3181686742525969
-1.3119990338616576
-0.491115514804675
-0.4802743975545186
-0.4546325027594673
-0.30108580493287546
-0.17006939220350495
-0.1119514813020811
-0.024930014545996013
0.024930014545995166
0.11195148130207995
0.17006939220350384
0.3010858049328759
0.45463250275946704
0.4802743975545183
0.4911155148046748
1.3119990338616592
1.3181686742525982
1.330662957615145
1.3541280273267604
1.687583151683262
1.7113381287110803
1.7295961127555786
1.741470025861933
1.8073027270416921
1.8139885933224504
1.8257108859412203
2.535433176053664
2.5373656550385504
2.538378484164882
2.5528508816552815
2.554213503414059
2.5563206669372933
2.5590406926164135
-2.559021652525588
-2.55643414417679
-2.5539270544564774
-2.5530487912271127
-2.5382645568895725
-2.5375021722793387
-2.53540468832001
-1.825849356389845
-1.8131885247218322
-1.8080558533422169
-1.7396384494555743
-1.7322406168639903
-1.71019503734363
-1.6878224938175679
-1.3540183208743004
-1.331245895926074
-1.3169290610219262
-1.3127647337901853
-0.48988197296110503
-0.4822116834173191
-0.45381771386520287
-0.30149536951914785
-0.1674219775220435
-0.11701153237355987
-0.013973633165881903
0.013973633165882786
0.11701153237356046
0.1674219775220446
0.301495369519148
0.45381771386520303
0.48221168341731896
0.4898819729611045
1.3127647337901869
1.3169290610219266
1.3312458959260736
1.3540183208743006
1.6878224938175677
1.710195037343629
1.7322406168639908
1.7396384494555746
1.8080558533422175
1.8131885247218316
1.8258493563898446
2.53540468832001
2.5375021722793383
2.5382645568895725
2.553048791227111
2.5539270544564756
2.556434144176789
2.559021652525587
-2.559021652525588
-2.5564341441767904
-2.5539270544564774
-2.553048791227113
-2.538264556889573
-2.5375021722793387
-2.53540468832001
-1.8258493563898452
-1.813188524721832
-1.8080558533422166
-1.7396384494555743
-1.7322406168639906
-1.7101950373436303
-1.687822493817568
-1.3540183208743013
-1.331245895926074
-1.3169290610219264
-1.312764733790185
-0.4898819729611054
-0.4822116834173189
-0.45381771386520225
-0.3014953695191475
-0.16742197752204474
-0.11701153237356048
-0.013973633165882075
0.013973633165882267
0.11701153237355996
0.16742197752204535
0.3014953695191464
0.45381771386520237
0.4822116834173183
0.48988197296110203
1.3127647337901869
1.316929061021927
1.3312458959260756
1.3540183208743022
1.6878224938175679
1.710195037343629
1.732240616863991
1.739638449455575
1.8080558533422162
1.8131885247218322
1.8258493563898448
2.53540468832001
2.5375021722793396
2.538264556889575
2.553048791227113
2.5539270544564787
2.5564341441767886
2.559021652525586
-2.559040692616413
-2.5563206669372924
-2.55421350341406
-2.552850881655281
-2.5383784841648827
-2.5373656550385513
-2.535433176053664
-1.8257108859412206
-1.81398859332245
-1.8073027270416913
-1.7414700258619331
-1.7295961127555792
-1.7113381287110803
-1.6875831516832625
-1.3541280273267582
-1.3306629576151434
-1.318168674252597
-1.3119990338616574
-0.4911155148046751
-0.48027439755451856
-0.45463250275946776
-0.3010858049328758
-0.1700693922035062
-0.11195148130208141
-0.024930014545996176
0.024930014545995024
0.11195148130208031
0.17006939220350292
0.3010858049328768
0.4546325027594673
0.48027439755451834
0.49111551480467497
1.3119990338616563
1.3181686742525962
1.3306629576151434
1.3541280273267589
1.687583151683262
1.7113381287110803
1.7295961127555788
1.7414700258619331
1.8073027270416928
1.8139885933224509
1.8257108859412203
2.5354331760536644
2.5373656550385517
2.5383784841648827
2.5528508816552833
2.5542135034140636
2.5563206669372938
2.559040692616414
-2.5590665595487367
-2.556128348439318
-2.554562843159129
-2.55265962663269
-2.538502193678243
-2.537206900125739
-2.5354765883037267
-1.8255017314059865
-1.8149119798670494
-1.8064576996779003
-1.7432145637211975
-1.726344734430956
-1.7132963756392086
-1.6872615412447252
-1.3542796761335953
-1.3297205480402443
-1.3197078844475263
-1.3112515481638816
-0.49235930410117995
-0.47791519167630486
-0.4559042250032017
-0.30050148213612377
-0.17333849544858992
-0.10452492252816588
-0.03657205500889595
0.03657205500889651
0.10452492252816618
0.17333849544858804
0.3005014821361248
0.4559042250032025
0.4779151916763054
0.49235930410118073
1.3112515481638818
1.319707884447528
1.329720548040245
1.354279676133595
1.6872615412447256
1.7132963756392083
1.726344734430954
1.7432145637211967
1.8064576996779005
1.8149119798670497
1.8255017314059863
2.5354765883037262
2.5372069001257396
2.5385021936782417
2.552659626632691
2.5545628431591285
2.5561283484393185
2.5590665595487363
-2.559084165491528
-2.5559473569530877
-2.554827661504655
-2.5525522589576837
-2.538575371285378
-2.537106291937284
-2.5355099537632237
-1.82534276130593
-1.8154888534855154
-1.8059463286803847
-1.7441926134052221
-1.7237401333585567
-1.7152324892154345
-1.6870447398871067
-1.3543845642730492
-1.3289170347516934
-1.3208243657423293
-1.3108343734932564
-0.49306267442719265
-0.4763068106011955
-0.4569192459648383
-0.3000845496469504
-0.17541246234995717
-0.09864762318674959
-0.04442832781723841
0.04442832781723918
0.09864762318674812
0.17541246234995417
0.3000845496469505
0.4569192459648396
0.4763068106011971
0.4930626744271936
1.3108343734932584
1.320824365742329
1.3289170347516936
1.3543845642730503
1.6870447398871058
1.715232489215434
1.723740133358556
1.744192613405222
1.8059463286803856
1.8154888534855151
1.82534276130593
2.5355099537632237
2.537106291937285
2.538575371285379
2.5525522589576854
2.554827661504655
2.5559473569530877
2.5590841654915275
-2.5590841654915284
-2.555947356953087
-2.5548276615046546
-2.552552258957684
-2.5385753712853782
-2.537106291937285
-2.535509953763224
-1.8253427613059299
-1.815488853485515
-1.8059463286803852
-1.7441926134052221
-1.7237401333585565
-1.7152324892154345
-1.687044739887106
-1.35438456427305
-1.3289170347516936
-1.3208243657423295
-1.3108343734932573
-0.4930626744271926
-0.4763068106011957
-0.4569192459648383
-0.3000845496469484
-0.1754124623499573
-0.09864762318674865
-0.044428327817238815
0.044428327817238114
0.09864762318674898
0.17541246234995778
0.30008454964694997
0.4569192459648385
0.47630681060119434
0.49306267442719265
1.3108343734932577
1.320824365742328
1.328917034751693
1.3543845642730499
1.6870447398871065
1.7152324892154356
1.7237401333585576
1.7441926134052237
1.8059463286803858
1.8154888534855165
1.8253427613059308
2.5355099537632246
2.5371062919372855
2.5385753712853787
2.5525522589576854
2.55482766150465
2.555947356953087
2.5590841654915275
-2.5590665595487363
-2.556128348439318
-2.5545628431591285
-2.5526596266326895
-2.5385021936782426
-2.5372069001257387
-2.5354765883037267
-1.825501731405987
-1.8149119798670497
-1.8064576996779007
-1.7432145637211975
-1.7263447344309553
-1.7132963756392086
-1.6872615412447263
-1.3542796761335956
-1.3297205480402439
-1.3197078844475258
-1.311251548163881
-0.49235930410118045
-0.47791519167630536
-0.455904225003202
-0.30050148213612465
-0.1733384954485895
-0.10452492252816659
-0.03657205500889631
0.036572055008896036
0.10452492252816493
0.17333849544859017
0.30050148213612415
0.45590422500320266
0.47791519167630564
0.49235930410118045
1.3112515481638813
1.319707884447527
1.3297205480402445
1.3542796761335956
1.6872615412447263
1.7132963756392081
1.7263447344309548
1.743214563721196
1.8064576996779005
1.8149119798670499
1.825501731405987
2.535476588303725
2.537206900125738
2.538502193678241
2.552659626632692
2.5545628431591285
2.5561283484393202
2.5590665595487367
-2.5590591050876466
-2.556190008618442
-2.554461097175479
-2.5527096206753783
-2.538468932578889
-2.5372508433198546
-2.535463452429719
-1.8255647605495102
-1.8146577541411533
-1.806687372012757
-1.7427592317268903
-1.7273029927591717
-1.7126629753544156
-1.687353832142863
-1.3542356702894538
-1.3300149196219104
-1.3192621480109301
-1.311446636590541
-0.49203229152119404
-0.4785861126942694
-0.4555146243728698
-0.3006732602309105
-0.17242713633710977
-0.10676961621573854
-0.03332135449934307
0.03332135449934207
0.10676961621573923
0.17242713633711026
0.3006732602309112
0.4555146243728695
0.47858611269426854
0.4920322915211932
1.3114466365905406
1.3192621480109303
1.330014919621911
1.3542356702894538
1.6873538321428634
1.7126629753544151
1.7273029927591717
1.7427592317268903
1.8066873720127572
1.8146577541411535
1.8255647605495116
2.535463452429719
2.5372508433198533
2.5384689325788887
2.5527096206753783
2.5544610971754804
2.556190008618441
2.559059105087647
-2.5590328850800304
-2.5563693356390313
-2.5541034624614287
-2.5529225062270555
-2.5383351466663857
-2.537418549434461
-2.535421174369579
-1.825769114016221
-1.8136786985946014
-1.8075924009800874
-1.7408126192595252
-1.730608468402771
-1.7108476049752972
-1.6876810117808194
-1.3540828415663
-1.3309110599284772
-1.3176860918225124
-1.312278417474077
-0.4906589168936115
-0.4810298187515182
-0.4542877357503014
-0.30125580806540403
-0.16901394184784646
-0.11404836065590648
-0.020941088219089823
0.020941088219090864
0.11404836065590546
0.16901394184784696
0.30125580806540414
0.45428773575029974
0.4810298187515175
0.4906589168936111
1.312278417474077
1.3176860918225126
1.3309110599284764
1.354082841566299
1.6876810117808194
1.7108476049752976
1.73060846840277
1.7408126192595255
1.807592400980087
1.8136786985946012
1.8257691140162202
2.5354211743695796
2.5374185494344608
2.538335146666385
2.5529225062270564
2.554103462461429
2.556369335639032
2.5590328850800312
-2.559021652525588
-2.556434144176791
-2.553927054456479
-2.553048791227114
-2.538264556889574
-2.5375021722793383
-2.5354046883200105
-1.8258493563898455
-1.813188524721833
-1.8080558533422162
-1.7396384494555748
-1.7322406168639914
-1.7101950373436303
-1.6878224938175685
-1.354018320874301
-1.331245895926075
-1.3169290610219255
-1.3127647337901829
-0.4898819729611058
-0.48221168341731857
-0.45381771386520214
-0.30149536951914735
-0.16742197752204285
-0.1170115323735602
-0.013973633165882026
0.013973633165882016
0.11701153237355964
0.16742197752204466
0.30149536951914724
0.4538177138652018
0.48221168341731857
0.48988197296110525
1.3127647337901847
1.3169290610219266
1.3312458959260753
1.3540183208743013
1.6878224938175683
1.7101950373436283
1.7322406168639908
1.7396384494555739
1.8080558533422177
1.8131885247218327
1.8258493563898452
2.5354046883200083
2.5375021722793365
2.538264556889576
2.553048791227112
2.5539270544564765
2.55643414417679
2.5590216525255864
-2.5590328850800304
-2.5563693356390313
-2.55410346246143
-2.552922506227056
-2.5383351466663857
-2.5374185494344617
-2.535421174369579
-1.8257691140162204
-1.8136786985946012
-1.8075924009800872
-1.7408126192595252
-1.7306084684027707
-1.7108476049752979
-1.687681011780819
-1.3540828415663004
-1.3309110599284768
-1.317686091822513
-1.3122784174740787
-0.4906589168936116
-0.4810298187515176
-0.4542877357502997
-0.30125580806540336
-0.16901394184784613
-0.11404836065590652
-0.020941088219090263
0.020941088219090402
0.11404836065590535
0.16901394184784638
0.3012558080654022
0.454287735750301
0.4810298187515186
0.49065891689361274
1.3122784174740778
1.317686091822513
1.330911059928477
1.3540828415663
1.6876810117808196
1.7108476049752985
1.7306084684027707
1.7408126192595261
1.8075924009800883
1.8136786985946012
1.8257691140162202
2.535421174369579
2.5374185494344608
2.538335146666383
2.552922506227056
2.5541034624614314
2.5563693356390313
2.5590328850800304
-2.5590591050876466
-2.556190008618442
-2.554461097175479
-2.552709620675378
-2.5384689325788887
-2.537250843319854
-2.5354634524297186
-1.8255647605495104
-1.814657754141153
-1.8066873720127568
-1.7427592317268896
-1.727302992759171
-1.7126629753544147
-1.6873538321428625
-1.3542356702894545
-1.330014919621911
-1.3192621480109306
-1.3114466365905415
-0.49203229152119426
-0.4785861126942696
-0.45551462437287005
-0.30067326023091007
-0.17242713633710913
-0.10676961621573862
-0.03332135449934184
0.03332135449934348
0.10676961621573901
0.17242713633711212
0.30067326023091107
0.45551462437286994
0.47858611269426915
0.49203229152119426
1.31144663659054
1.3192621480109292
1.3300149196219109
1.3542356702894538
1.6873538321428625
1.7126629753544145
1.727302992759172
1.742759231726889
1.8066873720127568
1.8146577541411528
1.8255647605495104
2.5354634524297195
2.5372508433198524
2.538468932578887
2.5527096206753783
2.5544610971754804
2.5561900086184415
2.5590591050876483
-2.559084165491528
-2.5559473569530877
-2.554827661504655
-2.5525522589576837
-2.5385753712853782
-2.537106291937284
-2.535509953763224
-1.8253427613059299
-1.8154888534855151
-1.805946328680385
-1.7441926134052221
-1.723740133358556
-1.7152324892154343
-1.687044739887106
-1.354384564273051
-1.3289170347516936
-1.3208243657423289
-1.3108343734932577
-0.4930626744271931
-0.4763068106011959
-0.4569192459648392
-0.30008454964694914
-0.17541246234995753
-0.09864762318674859
-0.044428327817237545
0.044428327817239
0.09864762318674943
0.17541246234995628
0.30008454964694903
0.4569192459648384
0.47630681060119445
0.493062674427192
1.3108343734932582
1.320824365742331
1.3289170347516943
1.354384564273051
1.687044739887106
1.7152324892154356
1.72374013335856
1.7441926134052232
1.8059463286803845
1.8154888534855147
1.82534276130593
2.535509953763224
2.5371062919372838
2.5385753712853774
2.5525522589576832
2.5548276615046555
2.5559473569530864
2.559084165491528
-2.5590942346202867
-2.5557977938453984
-2.555019953493907
-2.552495977168892
-2.5386145530216093
-2.5370498166318916
-2.535530731113933
-1.825244668855461
-1.8158089827775885
-1.8056691542504726
-1.7447059158523224
-1.7215211605772616
-1.7171161778661777
-1.6869214452074908
-1.3544451454542141
-1.3283530741748175
-1.3215455686902877
-1.310616949145916
-0.49343104740133786
-0.47534627010061264
-0.4575756598151847
-0.2998388224679874
-0.1765568791149261
-0.09468853318338245
-0.049339378558980365
0.049339378558980504
0.09468853318338158
0.1765568791149265
0.2998388224679866
0.4575756598151849
0.47534627010061237
0.49343104740133714
1.3106169491459174
1.3215455686902864
1.328353074174818
1.3544451454542146
1.686921445207492
1.7171161778661783
1.7215211605772596
1.744705915852324
1.8056691542504724
1.815808982777589
1.8252446688554613
2.535530731113933
2.537049816631891
2.5386145530216098
2.552495977168892
2.555019953493906
2.5557977938453966
2.5590942346202863
-2.5590841654915293
-2.5559473569530877
-2.554827661504654
-2.5525522589576837
-2.538575371285378
-2.537106291937285
-2.535509953763224
-1.8253427613059299
-1.8154888534855151
-1.8059463286803852
-1.7441926134052228
-1.7237401333585567
-1.7152324892154351
-1.6870447398871065
-1.3543845642730492
-1.3289170347516932
-1.3208243657423302
-1.310834373493258
-0.4930626744271923
-0.4763068106011951
-0.4569192459648384
-0.30008454964694903
-0.17541246234995653
-0.09864762318674962
-0.04442832781723867
0.04442832781723802
0.09864762318674909
0.17541246234995517
0.30008454964695
0.4569192459648386
0.476306810601195
0.4930626744271929
1.310834373493258
1.3208243657423289
1.3289170347516943
1.3543845642730499
1.6870447398871058
1.7152324892154343
1.723740133358555
1.7441926134052221
1.805946328680384
1.8154888534855145
1.8253427613059297
2.5355099537632233
2.5371062919372838
2.538575371285377
2.5525522589576846
2.5548276615046546
2.5559473569530877
2.5590841654915293
-2.5590665595487367
-2.556128348439319
-2.554562843159128
-2.552659626632689
-2.5385021936782426
-2.5372069001257396
-2.5354765883037267
-1.8255017314059867
-1.8149119798670497
-1.8064576996779
-1.743214563721198
-1.7263447344309564
-1.7132963756392094
-1.6872615412447256
-1.354279676133596
-1.3297205480402445
-1.3197078844475254
-1.3112515481638813
-0.492359304101181
-0.47791519167630553
-0.4559042250032023
-0.3005014821361236
-0.17333849544858948
-0.10452492252816603
-0.036572055008896175
0.03657205500889621
0.10452492252816666
0.17333849544859128
0.3005014821361238
0.4559042250032024
0.47791519167630503
0.4923593041011807
1.3112515481638802
1.3197078844475272
1.3297205480402439
1.3542796761335936
1.6872615412447258
1.7132963756392086
1.7263447344309537
1.7432145637211973
1.8064576996779
1.8149119798670494
1.8255017314059858
2.5354765883037262
2.53720690012574
2.5385021936782444
2.552659626632691
2.554562843159129
2.5561283484393194
2.559066559548737
-2.5590406926164135
-2.556320666937292
-2.554213503414061
-2.552850881655281
-2.538378484164885
-2.5373656550385513
-2.5354331760536635
-1.8257108859412208
-1.813988593322451
-1.8073027270416926
-1.7414700258619344
-1.7295961127555797
-1.7113381287110816
-1.687583151683263
-1.354128027326758
-1.3306629576151439
-1.318168674252596
-1.3119990338616574
-0.49111551480467536
-0.48027439755451923
-0.4546325027594679
-0.30108580493287507
-0.17006939220350517
-0.11195148130208092
-0.02493001454599583
0.024930014545996155
0.11195148130208005
0.17006939220350623
0.3010858049328758
0.45463250275946737
0.4802743975545176
0.4911155148046742
1.3119990338616574
1.3181686742525964
1.3306629576151427
1.3541280273267582
1.6875831516832625
1.711338128711081
1.729596112755582
1.7414700258619347
1.8073027270416921
1.8139885933224504
1.8257108859412206
2.5354331760536635
2.5373656550385517
2.5383784841648844
2.55285088165528
2.5542135034140583
2.5563206669372924
2.5590406926164135
-2.559021652525588
-2.5564341441767895
-2.553927054456478
-2.5530487912271136
-2.5382645568895734
-2.5375021722793387
-2.53540468832001
-1.8258493563898455
-1.8131885247218327
-1.8080558533422177
-1.739638449455574
-1.73224061686399
-1.7101950373436305
-1.6878224938175683
-1.354018320874301
-1.3312458959260745
-1.3169290610219269
-1.3127647337901847
-0.4898819729611047
-0.48221168341731857
-0.4538177138652019
-0.3014953695191475
-0.16742197752204388
-0.1170115323735595
-0.013973633165881466
0.013973633165882834
0.1170115323735607
0.16742197752204302
0.30149536951914846
0.4538177138652024
0.482211683417318
0.4898819729611038
1.3127647337901847
1.3169290610219266
1.3312458959260731
1.3540183208743006
1.687822493817568
1.7101950373436294
1.7322406168639912
1.7396384494555752
1.8080558533422153
1.8131885247218322
1.8258493563898455
2.535404688320011
2.5375021722793387
2.5382645568895716
2.5530487912271154
2.5539270544564787
2.556434144176792
2.5590216525255887
-2.5590216525255887
-2.55643414417679
-2.553927054456479
-2.5530487912271136
-2.538264556889574
-2.537502172279339
-2.53540468832001
-1.825849356389845
-1.8131885247218325
-1.8080558533422175
-1.739638449455574
-1.73224061686399
-1.710195037343631
-1.687822493817568
-1.3540183208743006
-1.3312458959260747
-1.3169290610219258
-1.3127647337901835
-0.48988197296110486
-0.48221168341731846
-0.45381771386520214
-0.3014953695191475
-0.1674219775220438
-0.11701153237355993
-0.013973633165883329
0.013973633165881502
0.11701153237355887
0.1674219775220432
0.3014953695191478
0.4538177138652028
0.48221168341731924
0.48988197296110536
1.3127647337901842
1.3169290610219262
1.3312458959260731
1.3540183208743013
1.6878224938175685
1.7101950373436285
1.7322406168639892
1.7396384494555739
1.8080558533422184
1.8131885247218331
1.8258493563898446
2.5354046883200128
2.537502172279339
2.538264556889571
2.553048791227116
2.5539270544564836
2.5564341441767926
2.559021652525589
-2.559040692616414
-2.556320666937292
-2.554213503414062
-2.552850881655281
-2.538378484164884
-2.5373656550385513
-2.535433176053664
-1.8257108859412199
-1.8139885933224502
-1.807302727041692
-1.741470025861933
-1.7295961127555795
-1.71133812871108
-1.6875831516832622
-1.3541280273267577
-1.3306629576151434
-1.3181686742525967
-1.311999033861657
-0.4911155148046749
-0.4802743975545183
-0.4546325027594679
-0.3010858049328754
-0.17006939220350487
-0.11195148130208075
-0.024930014545995343
0.024930014545995985
0.11195148130208078
0.17006939220350484
0.30108580493287584
0.4546325027594676
0.4802743975545185
0.49111551480467475
1.3119990338616565
1.3181686742525942
1.330662957615142
1.3541280273267584
1.687583151683262
1.7113381287110803
1.7295961127555797
1.7414700258619342
1.8073027270416906
1.8139885933224493
1.8257108859412194
2.535433176053664
2.5373656550385526
2.538378484164885
2.5528508816552833
2.5542135034140623
2.556320666937294
2.5590406926164135
-2.559066559548737
-2.5561283484393194
-2.5545628431591285
-2.55265962663269
-2.538502193678243
-2.5372069001257396
-2.5354765883037267
-1.8255017314059865
-1.81491197986705
-1.8064576996779012
-1.7432145637211973
-1.726344734430955
-1.713296375639209
-1.687261541244726
-1.3542796761335958
-1.3297205480402436
-1.3197078844475272
-1.3112515481638813
-0.49235930410118034
-0.47791519167630603
-0.4559042250032018
-0.3005014821361244
-0.17333849544858917
-0.10452492252816654
-0.03657205500889647
0.03657205500889535
0.10452492252816617
0.1733384954485896
0.3005014821361237
0.4559042250032021
0.47791519167630525
0.4923593041011798
1.3112515481638827
1.3197078844475276
1.329720548040245
1.354279676133596
1.6872615412447267
1.7132963756392088
1.7263447344309533
1.7432145637211982
1.8064576996779014
1.8149119798670499
1.8255017314059867
2.5354765883037276
2.5372069001257396
2.538502193678243
2.5526596266326904
2.5545628431591276
2.5561283484393202
2.5590665595487376
-2.559084165491528
-2.5559473569530886
-2.554827661504655
-2.5525522589576837
-2.538575371285378
-2.5371062919372847
-2.535509953763224
-1.8253427613059305
-1.8154888534855156
-1.8059463286803847
-1.7441926134052226
-1.7237401333585562
-1.715232489215435
-1.6870447398871067
-1.3543845642730505
-1.3289170347516943
-1.3208243657423306
-1.3108343734932584
-0.49306267442719287
-0.4763068106011953
-0.45691924596483846
-0.3000845496469498
-0.17541246234995586
-0.09864762318674863
-0.044428327817237746
0.04442832781723993
0.09864762318674924
0.17541246234995672
0.3000845496469494
0.45691924596483907
0.47630681060119545
0.4930626744271933
1.3108343734932573
1.3208243657423278
1.328917034751693
1.3543845642730492
1.6870447398871065
1.7152324892154347
1.723740133358558
1.744192613405221
1.8059463286803847
1.815488853485515
1.8253427613059297
2.5355099537632237
2.537106291937286
2.5385753712853765
2.552552258957684
2.554827661504651
2.5559473569530877
2.559084165491529
-2.559084165491528
-2.5559473569530873
-2.5548276615046555
-2.552552258957684
-2.5385753712853782
-2.537106291937285
-2.535509953763224
-1.8253427613059299
-1.8154888534855151
-1.8059463286803847
-1.7441926134052226
-1.723740133358556
-1.7152324892154354
-1.6870447398871067
-1.3543845642730497
-1.3289170347516939
-1.3208243657423289
-1.310834373493258
-0.4930626744271928
-0.4763068106011972
-0.4569192459648396
-0.3000845496469498
-0.17541246234995594
-0.09864762318674886
-0.0444283278172386
0.04442832781723916
0.09864762318674963
0.17541246234995753
0.30008454964694914
0.4569192459648385
0.4763068106011966
0.493062674427192
1.3108343734932577
1.320824365742329
1.3289170347516939
1.3543845642730499
1.6870447398871065
1.715232489215435
1.7237401333585607
1.7441926134052226
1.8059463286803834
1.8154888534855143
1.8253427613059297
2.535509953763225
2.5371062919372838
2.538575371285378
2.5525522589576832
2.554827661504655
2.5559473569530877
2.559084165491527
-2.559059105087646
-2.556190008618441
-2.5544610971754786
-2.5527096206753774
-2.538468932578889
-2.537250843319853
-2.5354634524297195
-1.825564760549511
-1.814657754141153
-1.8066873720127576
-1.7427592317268896
-1.727302992759171
-1.7126629753544147
-1.6873538321428627
-1.3542356702894538
-1.3300149196219107
-1.3192621480109297
-1.3114466365905408
-0.49203229152119415
-0.47858611269426937
-0.4555146243728695
-0.3006732602309107
-0.17242713633711024
-0.1067696162157395
-0.03332135449934281
0.03332135449934182
0.10676961621573904
0.1724271363371112
0.3006732602309103
0.45551462437287027
0.47858611269426987
0.4920322915211945
1.3114466365905415
1.319262148010929
1.330014919621912
1.3542356702894542
1.6873538321428623
1.712662975354415
1.7273029927591714
1.7427592317268905
1.8066873720127568
1.814657754141152
1.8255647605495093
2.5354634524297195
2.537250843319853
2.5384689325788887
2.552709620675377
2.5544610971754764
2.5561900086184406
2.559059105087647
-2.559040692616414
-2.5563206669372933
-2.5542135034140614
-2.552850881655282
-2.538378484164884
-2.537365655038551
-2.535433176053664
-1.82571088594122
-1.8139885933224495
-1.807302727041691
-1.741470025861933
-1.72959611275558
-1.7113381287110796
-1.687583151683262
-1.354128027326758
-1.3306629576151425
-1.3181686742525944
-1.3119990338616567
-0.4911155148046746
-0.48027439755451745
-0.4546325027594669
-0.3010858049328763
-0.17006939220350548
-0.11195148130208143
-0.024930014545996432
0.02493001454599603
0.11195148130207998
0.17006939220350406
0.3010858049328752
0.4546325027594669
0.48027439755451884
0.49111551480467447
1.3119990338616565
1.3181686742525989
1.330662957615143
1.3541280273267569
1.687583151683263
1.71133812871108
1.7295961127555808
1.7414700258619338
1.807302727041692
1.8139885933224509
1.82571088594122
2.5354331760536644
2.5373656550385486
2.5383784841648844
2.5528508816552824
2.5542135034140636
2.556320666937293
2.559040692616413
-2.5590216525255878
-2.55643414417679
-2.553927054456478
-2.553048791227113
-2.5382645568895734
-2.537502172279339
-2.53540468832001
-1.8258493563898444
-1.8131885247218311
-1.8080558533422166
-1.7396384494555739
-1.7322406168639897
-1.71019503734363
-1.687822493817568
-1.3540183208743009
-1.3312458959260731
-1.3169290610219264
-1.3127647337901842
-0.4898819729611048
-0.482211683417319
-0.4538177138652025
-0.30149536951914785
-0.16742197752204416
-0.1170115323735602
-0.013973633165882435
0.01397363316588173
0.11701153237356036
0.16742197752204488
0.3014953695191472
0.45381771386520264
0.48221168341731796
0.4898819729611051
1.3127647337901844
1.316929061021925
1.3312458959260745
1.3540183208743013
1.6878224938175683
1.7101950373436297
1.7322406168639894
1.7396384494555737
1.8080558533422166
1.813188524721832
1.8258493563898446
2.53540468832001
2.537502172279339
2.538264556889573
2.5530487912271154
2.5539270544564783
2.5564341441767926
2.5590216525255864
-2.5590135693064426
-2.556477606531847
-2.553766745167307
-2.5531761598540963
-2.5382042721050984
-2.537571354271764
-2.5353933526361585
-1.8259046937810925
-1.812785213647739
-1.8084415112331695
-1.7384031557282675
-1.7337740118413223
-1.709757199693935
-1.6879248386958454
-1.3539722502131286
-1.3314728766828767
-1.3162795931384
-1.3132330093186866
-0.48916943591732037
-0.4831992592622591
-0.4534965514561519
-0.30166416680067376
-0.16621142258224925
-0.11912949039906749
-0.00572403948129008
0.0057240394812899656
0.11912949039906681
0.1662114225822497
0.3016641668006748
0.4534965514561524
0.4831992592622571
0.4891694359173194
1.3132330093186857
1.316279593138397
1.3314728766828765
1.353972250213128
1.6879248386958459
1.709757199693937
1.7337740118413227
1.738403155728269
1.8084415112331695
1.8127852136477385
1.8259046937810923
2.5353933526361603
2.5375713542717664
2.538204272105101
2.5531761598540976
2.5537667451673034
2.5564776065318466
2.559013569306445
-2.559021652525588
-2.5564341441767904
-2.5539270544564774
-2.553048791227113
-2.5382645568895734
-2.5375021722793387
-2.53540468832001
-1.8258493563898444
-1.8131885247218322
-1.8080558533422169
-1.739638449455574
-1.7322406168639906
-1.71019503734363
-1.687822493817568
-1.3540183208743013
-1.3312458959260745
-1.3169290610219269
-1.312764733790185
-0.4898819729611044
-0.4822116834173179
-0.4538177138652026
-0.30149536951914674
-0.1674219775220445
-0.11701153237355977
-0.013973633165882493
0.013973633165882387
0.11701153237355967
0.16742197752204416
0.30149536951914774
0.4538177138652028
0.48221168341731757
0.4898819729611048
1.312764733790185
1.316929061021927
1.3312458959260747
1.3540183208743015
1.6878224938175679
1.7101950373436303
1.7322406168639872
1.7396384494555737
1.8080558533422166
1.813188524721832
1.8258493563898452
2.5354046883200105
2.53750217227934
2.5382645568895734
2.5530487912271127
2.5539270544564787
2.5564341441767904
2.5590216525255878
-2.5590406926164144
-2.5563206669372924
-2.554213503414061
-2.552850881655282
-2.538378484164885
-2.5373656550385513
-2.535433176053664
-1.8257108859412203
-1.81398859332245
-1.8073027270416921
-1.7414700258619331
-1.729596112755579
-1.7113381287110805
-1.6875831516832625
-1.3541280273267586
-1.3306629576151434
-1.3181686742525967
-1.3119990338616574
-0.4911155148046749
-0.4802743975545183
-0.45463250275946704
-0.30108580493287573
-0.17006939220350517
-0.11195148130208091
-0.024930014545994944
0.02493001454599584
0.11195148130208118
0.17006939220350636
0.30108580493287584
0.4546325027594671
0.4802743975545175
0.4911155148046743
1.311999033861657
1.3181686742525953
1.3306629576151434
1.3541280273267573
1.6875831516832631
1.7113381287110805
1.729596112755578
1.7414700258619331
1.8073027270416915
1.8139885933224504
1.8257108859412199
2.5354331760536644
2.5373656550385495
2.538378484164884
2.5528508816552824
2.554213503414063
2.5563206669372938
2.559040692616413
-2.5590591050876466
-2.556190008618442
-2.554461097175479
-2.5527096206753783
-2.538468932578889
-2.5372508433198537
-2.535463452429719
-1.8255647605495107
-1.8146577541411526
-1.8066873720127572
-1.742759231726889
-1.7273029927591712
-1.7126629753544143
-1.687353832142862
-1.3542356702894538
-1.3300149196219104
-1.3192621480109292
-1.311446636590541
-0.4920322915211944
-0.4785861126942694
-0.45551462437287016
-0.300673260230911
-0.17242713633711118
-0.10676961621573926
-0.03332135449934194
0.033321354499342405
0.10676961621573898
0.17242713633711026
0.30067326023091007
0.455514624372869
0.4785861126942697
0.4920322915211932
1.3114466365905413
1.3192621480109308
1.330014919621912
1.3542356702894545
1.6873538321428632
1.7126629753544154
1.727302992759171
1.7427592317268903
1.8066873720127572
1.8146577541411528
1.825564760549511
2.5354634524297177
2.537250843319856
2.5384689325788883
2.5527096206753774
2.5544610971754778
2.5561900086184406
2.559059105087646
-2.5590665595487367
-2.5561283484393194
-2.55456284315913
-2.552659626632691
-2.538502193678243
-2.5372069001257405
-2.5354765883037262
-1.825501731405986
-1.81491197986705
-1.8064576996778996
-1.7432145637211975
-1.7263447344309555
-1.7132963756392092
-1.6872615412447254
-1.354279676133595
-1.3297205480402432
-1.3197078844475254
-1.3112515481638813
-0.49235930410118006
-0.47791519167630436
-0.45590422500320243
-0.30050148213612343
-0.17333849544859087
-0.104524922528167
-0.036572055008896466
0.036572055008896244
0.10452492252816667
0.1733384954485879
0.30050148213612443
0.45590422500320243
0.4779151916763042
0.4923593041011812
1.3112515481638811
1.3197078844475296
1.3297205480402436
1.3542796761335953
1.687261541244726
1.71329637563921
1.7263447344309575
1.7432145637211995
1.8064576996779
1.81491197986705
1.8255017314059863
2.535476588303726
2.537206900125739
2.538502193678243
2.5526596266326895
2.5545628431591285
2.5561283484393185
2.559066559548738
-2.5590406926164144
-2.556320666937293
-2.5542135034140623
-2.5528508816552806
-2.5383784841648844
-2.537365655038551
-2.535433176053664
-1.8257108859412203
-1.8139885933224498
-1.807302727041692
-1.741470025861933
-1.7295961127555792
-1.7113381287110796
-1.6875831516832625
-1.3541280273267595
-1.3306629576151439
-1.318168674252598
-1.3119990338616583
-0.49111551480467447
-0.48027439755451745
-0.4546325027594675
-0.3010858049328752
-0.1700693922035055
-0.11195148130208081
-0.024930014545996172
0.024930014545994583
0.11195148130208127
0.1700693922035047
0.30108580493287584
0.45463250275946737
0.4802743975545198
0.49111551480467425
1.3119990338616583
1.3181686742525958
1.3306629576151439
1.3541280273267593
1.687583151683263
1.7113381287110803
1.7295961127555788
1.7414700258619336
1.8073027270416904
1.813988593322449
1.8257108859412208
2.535433176053664
2.5373656550385517
2.538378484164885
2.5528508816552815
2.5542135034140627
2.5563206669372915
2.5590406926164135
-2.5590328850800312
-2.5563693356390305
-2.5541034624614283
-2.5529225062270555
-2.5383351466663853
-2.537418549434462
-2.535421174369579
-1.8257691140162207
-1.8136786985946012
-1.807592400980087
-1.740812619259526
-1.730608468402772
-1.710847604975297
-1.6876810117808203
-1.3540828415662995
-1.3309110599284766
-1.3176860918225117
-1.3122784174740774
-0.4906589168936109
-0.48102981875151696
-0.45428773575030074
-0.30125580806540325
-0.16901394184784663
-0.1140483606559063
-0.02094108821909076
0.020941088219090093
0.11404836065590548
0.16901394184784632
0.3012558080654032
0.4542877357503003
0.48102981875151546
0.4906589168936113
1.3122784174740783
1.3176860918225168
1.3309110599284781
1.3540828415662995
1.6876810117808205
1.7108476049752974
1.7306084684027723
1.7408126192595266
1.8075924009800883
1.813678698594603
1.8257691140162204
2.5354211743695787
2.5374185494344625
2.5383351466663853
2.552922506227054
2.5541034624614283
2.5563693356390287
2.5590328850800312
-2.5590216525255887
-2.5564341441767904
-2.553927054456478
-2.553048791227113
-2.538264556889572
-2.5375021722793383
-2.53540468832001
-1.825849356389845
-1.8131885247218322
-1.8080558533422175
-1.739638449455574
-1.73224061686399
-1.71019503734363
-1.6878224938175674
-1.354018320874301
-1.3312458959260747
-1.316929061021925
-1.3127647337901844
-0.48988197296110536
-0.48221168341731846
-0.453817713865203
-0.30149536951914774
-0.16742197752204432
-0.11701153237356023
-0.013973633165882024
0.013973633165882928
0.11701153237355978
0.1674219775220439
0.30149536951914613
0.45381771386520264
0.4822116834173181
0.48988197296110536
1.312764733790185
1.3169290610219266
1.3312458959260742
1.3540183208743015
1.6878224938175697
1.7101950373436305
1.7322406168639903
1.7396384494555754
1.808055853342216
1.81318852472183
1.8258493563898452
2.53540468832001
2.537502172279335
2.538264556889571
2.553048791227116
2.5539270544564783
2.5564341441767904
2.5590216525255887
-2.5590135693064426
-2.5564776065318457
-2.5537667451673083
-2.5531761598540967
-2.5382042721050984
-2.5375713542717633
-2.535393352636159
-1.8259046937810925
-1.812785213647739
-1.808441511233169
-1.7384031557282669
-1.733774011841321
-1.7097571996939338
-1.6879248386958454
-1.3539722502131277
-1.331472876682875
-1.3162795931383993
-1.3132330093186855
-0.48916943591732115
-0.4831992592622601
-0.4534965514561529
-0.3016641668006746
-0.16621142258224836
-0.11912949039906692
-0.00572403948129005
0.005724039481290684
0.11912949039906702
0.16621142258224872
0.3016641668006742
0.4534965514561523
0.48319925926225965
0.48916943591732065
1.313233009318685
1.3162795931383944
1.3314728766828747
1.3539722502131273
1.6879248386958463
1.709757199693933
1.7337740118413196
1.7384031557282655
1.8084415112331707
1.8127852136477414
1.8259046937810932
2.535393352636159
2.537571354271764
2.5382042721050997
2.5531761598540985
2.5537667451673083
2.55647760653185
2.5590135693064426
-2.5590135693064426
-2.5564776065318466
-2.5537667451673074
-2.553176159854096
-2.5382042721050984
-2.5375713542717633
-2.5353933526361585
-1.825904693781092
-1.8127852136477383
-1.8084415112331693
-1.738403155728267
-1.7337740118413216
-1.7097571996939345
-1.6879248386958452
-1.3539722502131282
-1.3314728766828758
-1.3162795931384006
-1.3132330093186855
-0.48916943591732015
-0.4831992592622596
-0.45349655145615225
-0.3016641668006737
-0.16621142258224939
-0.1191294903990672
-0.005724039481290164
0.00572403948129021
0.11912949039906663
0.1662114225822476
0.30166416680067343
0.4534965514561527
0.4831992592622606
0.48916943591732104
1.3132330093186857
1.3162795931383977
1.3314728766828765
1.3539722502131277
1.6879248386958463
1.7097571996939347
1.7337740118413203
1.7384031557282662
1.8084415112331693
1.8127852136477371
1.8259046937810937
2.53539335263616
2.5375713542717615
2.5382042721050997
2.5531761598540985
2.5537667451673087
2.5564776065318475
2.5590135693064426
-2.559021652525589
-2.556434144176789
-2.553927054456477
-2.5530487912271123
-2.538264556889573
-2.5375021722793383
-2.53540468832001
-1.8258493563898446
-1.8131885247218313
-1.8080558533422166
-1.7396384494555726
-1.7322406168639886
-1.7101950373436299
-1.6878224938175672
-1.3540183208743013
-1.3312458959260738
-1.3169290610219262
-1.3127647337901842
-0.4898819729611056
-0.48221168341731957
-0.45381771386520287
-0.3014953695191485
-0.1674219775220438
-0.11701153237355956
-0.0139736331658825
0.013973633165881311
0.11701153237356006
0.1674219775220449
0.30149536951914896
0.45381771386520203
0.4822116834173138
0.4898819729611045
1.3127647337901844
1.316929061021929
1.3312458959260731
1.3540183208743
1.6878224938175685
1.7101950373436305
1.7322406168639877
1.7396384494555723
1.8080558533422175
1.813188524721835
1.8258493563898448
2.53540468832001
2.537502172279338
2.5382645568895716
2.553048791227115
2.5539270544564774
2.5564341441767873
2.5590216525255873
-2.5590328850800304
-2.5563693356390305
-2.5541034624614287
-2.5529225062270555
-2.538335146666385
-2.537418549434461
-2.535421174369579
-1.8257691140162202
-1.8136786985946007
-1.8075924009800872
-1.740812619259526
-1.7306084684027716
-1.7108476049752972
-1.6876810117808194
-1.3540828415663
-1.3309110599284761
-1.3176860918225142
-1.3122784174740776
-0.49065891689361096
-0.4810298187515159
-0.4542877357503004
-0.30125580806540314
-0.16901394184784635
-0.11404836065590636
-0.02094108821908997
0.02094108821909094
0.11404836065590644
0.16901394184784665
0.30125580806540275
0.4542877357503013
0.4810298187515172
0.49065891689361174
1.312278417474077
1.3176860918225104
1.330911059928476
1.3540828415662993
1.6876810117808203
1.7108476049752988
1.7306084684027692
1.7408126192595246
1.8075924009800861
1.8136786985946023
1.8257691140162207
2.5354211743695796
2.5374185494344625
2.538335146666387
2.552922506227057
2.5541034624614296
2.556369335639033
2.5590328850800295
-2.5590406926164135
-2.556320666937292
-2.554213503414061
-2.5528508816552815
-2.538378484164884
-2.537365655038551
-2.535433176053664
-1.8257108859412199
-1.81398859332245
-1.8073027270416915
-1.7414700258619342
-1.7295961127555797
-1.711338128711081
-1.6875831516832622
-1.3541280273267582
-1.3306629576151432
-1.3181686742525973
-1.311999033861657
-0.49111551480467525
-0.4802743975545181
-0.4546325027594683
-0.3010858049328756
-0.17006939220350528
-0.11195148130208081
-0.024930014545996415
0.0249300145459943
0.11195148130208049
0.17006939220350453
0.3010858049328752
0.45463250275946815
0.4802743975545178
0.4911155148046753
1.3119990338616578
1.3181686742526
1.3306629576151443
1.3541280273267586
1.6875831516832631
1.7113381287110805
1.7295961127555797
1.741470025861935
1.8073027270416913
1.8139885933224504
1.8257108859412206
2.5354331760536635
2.537365655038551
2.538378484164884
2.552850881655278
2.5542135034140596
2.55632066693729
2.5590406926164126
