-2.879703190736871
-2.873194669286144
-2.8668076715791284
-2.8608620646471516
-2.8556787279702736
-2.8515350839768634
-2.8486158879767802
-2.6235511469285493
-2.6230128673365654
-2.622930041639196
-2.6217411082878423
-2.6208810251103585
-2.6206472847151674
-2.6169536078591324
-2.38519556943777
-2.3844195597620788
-2.3833062591899212
-2.3815237445646162
-2.381312934999296
-2.380005471776558
-2.379992181486269
-2.158358625999802
-2.157695511101906
-2.157602276691123
-2.156076901848959
-2.1554857795848656
-2.1547130358297064
-2.1522141420373675
-1.9500186118133627
-1.9467168585200667
-1.9440505916243704
-1.9439733224353695
-1.9434138331690074
-1.9425858106006768
-1.9425672108818242
-1.7469577047544245
-1.7462680403053548
-1.7462034644935562
-1.7445978267085036
-1.744391932448848
-1.7432220930991413
-1.7423725907543908
-1.569786115994116
-1.567233812507279
-1.5644371105221468
-1.562595974401866
-1.5625478360260723
-1.5624463539114233
-1.562106113798407
-1.3991860381862355
-1.3985631887643246
-1.3984252500767853
-1.3972154593817954
-1.3970018684108831
-1.39629190455551
-1.3957834054571019
-1.2564982313327724
-1.2550442268311521
-1.2539501297182853
-1.2530398931365396
-1.2518862170182024
-1.2506799191624811
-1.2495714522966117
-1.1311904418140388
-1.1298874931797567
-1.129305924696721
-1.1269405544216993
-1.1251420202150229
-1.1217338216481065
-1.116772475010353
-1.0369425320673737
-1.0299072783303005
-1.0243928314801765
-1.0217135522804104
-1.0181793095255478
-1.0153382794476928
-1.011398333164675
-0.9505501560646437
-0.9486726274910988
-0.9466126550950393
-0.9425902189235438
-0.9372481661496734
-0.9288918906595759
-0.9124608496090072
-0.8860375241694318
-0.8828785282407967
-0.8794518527312414
-0.8778302399405981
-0.8743189129748089
-0.8722672810565588
-0.8633715852360543
-0.847154972246616
-0.8450082651202001
-0.8440630841592571
-0.8406593114222762
-0.8391837005851746
-0.8345238772347426
-0.8194701848350618
-0.8166202403620124
-0.8146316969115622
-0.8136196745385832
-0.8121635208069995
-0.8108886723066182
-0.8095028393732701
1.220564638091496
1.2213148081730127
1.2226774335510469
1.224101646646729
1.2260992622004772
1.227473643177127
1.2320933096283355
1.2401897032648717
1.2450585792911988
1.2474301280832847
1.2523002603618931
1.2543880107568366
1.2587866386264224
1.274044420279582
1.278392805691075
1.2819118941230028
1.2868831884764635
1.2886152527095927
1.2924078535686219
1.2933529369323264
1.336695101982939
1.3398636118176726
1.341705447027022
1.343066106765026
1.343464860497965
1.3449823405070487
1.3470551222334817
1.4128177931866697
1.416550567024507
1.4211618712723972
1.4226186104330043
1.423782217403079
1.425147008032059
1.4273284391347698
1.5251580679133234
1.526895302059522
1.5277346828008291
1.529441432057533
1.5296051413605898
1.531062960917698
1.5315942096013488
1.650716174937812
1.6544508503301352
1.6579418287862138
1.6594425889097593
1.659736129382029
1.6598835501674902
1.6603977625139787
1.810544884412007
1.8109462678257389
1.8116625244309283
1.8128867375706366
1.8133798968523405
1.8145500274448179
1.8154603118475476
1.981419445838162
1.9852394894050915
1.987693171657863
1.988075717188168
1.9881389735790969
1.9890167072758438
1.9892732532221908
2.1811222415297893
2.181500831130508
2.1821199198337013
2.183545805588699
2.1837106704660605
2.184931251958706
2.1869138834817448
2.3949187326109866
2.3963570161153056
2.396682520799982
2.3987214014590457
2.399202841669582
2.4002267658814853
2.400512638933567
2.625763430249178
2.6260826491972913
2.626510867942213
2.6277312053847766
2.627884808092671
2.6287588296546804
2.6313361952013135
2.8661738605679465
2.87242112688239
2.87893542984736
2.885413180635491
2.8915876665098836
2.8972375003011317
2.902187267820241
-2.879703190736874
-2.873194669286145
-2.86680767157913
-2.860862064647152
-2.855678727970274
-2.85153508397686
-2.8486158879767824
-2.6235511469285533
-2.6230128673365645
-2.6229300416391945
-2.6217411082878392
-2.6208810251103585
-2.620647284715166
-2.6169536078591333
-2.38519556943777
-2.3844195597620788
-2.3833062591899217
-2.3815237445646162
-2.381312934999296
-2.380005471776557
-2.37999218148627
-2.1583586259998024
-2.157695511101906
-2.1576022766911227
-2.1560769018489596
-2.155485779584866
-2.1547130358297086
-2.152214142037368
-1.9500186118133622
-1.946716858520067
-1.9440505916243696
-1.9439733224353692
-1.9434138331690087
-1.9425858106006777
-1.9425672108818246
-1.7469577047544238
-1.7462680403053543
-1.7462034644935553
-1.7445978267085038
-1.7443919324488488
-1.7432220930991404
-1.7423725907543912
-1.569786115994117
-1.567233812507279
-1.5644371105221468
-1.5625959744017837
-1.5625478360262057
-1.5624463539113724
-1.5621061137984082
-1.3991860383384978
-1.3985631859280925
-1.398425253295778
-1.3972154553458627
-1.3970018725762243
-1.396291903702571
-1.3957834056456118
-1.2564983140101649
-1.2550433015125113
-1.2539533693237328
-1.2530354790198917
-1.2518892234993755
-1.2506786888505896
-1.2495716932803411
-1.1310521466325858
-1.1303950974177777
-1.1286375131927753
-1.1273946425401773
-1.1249579169182642
-1.1217651830664133
-1.116770229540762
-1.0369465531837072
-1.0298485279447627
-1.0247873402423802
-1.0206958076079988
-1.0191610270744438
-1.0149699358961877
-1.0114629768028724
-0.9503951468325794
-0.9490629577878027
-0.946244499763041
-0.9427634096678892
-0.9372006563469489
-0.9288998768168948
-0.9124594489015126
-0.8861303831029531
-0.8823011552434243
-0.8806146941899142
-0.8765797099650121
-0.875076166749517
-0.8720805689682397
-0.8633737046070916
-0.8469380993847603
-0.8458030991462274
-0.842904764836086
-0.8415929928042739
-0.8387965148218768
-0.8345589028879777
-0.8194578468703453
-0.8166687488488632
-0.8144832484590647
-0.8137671572116159
-0.812115616227098
-0.8109013279280308
-0.8095017790956159
1.2205392096132002
1.2214271899882685
1.2224340580350432
1.2245939880459824
1.2255139070001027
1.2277821922494512
1.2320025444533416
1.2404012549206929
1.2442865859632892
1.249075429976961
1.250449340271285
1.255541305062912
1.2584040801525878
1.2742791853637248
1.2778393944874222
1.2826509038340257
1.285985615858031
1.2893059350165195
1.2920880879926504
1.2934862026946514
1.33669560063341
1.3398595781842877
1.341716219971789
1.3430510323349665
1.3434713453575953
1.3449839520549225
1.3470548649429332
1.41281779726804
1.4165505410328127
1.4211622443476362
1.4226175758188162
1.423783218541607
1.425146661598721
1.4273284678833775
1.525158055769095
1.5268954828994754
1.5277342995034358
1.5294443997278007
1.5296022156238438
1.531063238246295
1.531594104940869
1.6507161749379053
1.6544508503289577
1.6579418288167431
1.6594425878205294
1.6597361328968205
1.6598835475343532
1.6603977626921078
1.8105448844120107
1.8109462678257378
1.811662524430927
1.812886737570636
1.8133798968523416
1.8145500274448183
1.8154603118475459
1.9814194458381627
1.9852394894050913
1.9876931716578607
1.988075717188172
1.9881389735790935
1.9890167072758453
1.9892732532221908
2.1811222415297924
2.18150083113051
2.182119919833702
2.1835458055887025
2.183710670466059
2.1849312519587083
2.1869138834817434
2.3949187326109915
2.396357016115298
2.396682520799984
2.3987214014590497
2.3992028416695836
2.4002267658814835
2.4005126389335714
2.625763430249173
2.6260826491972877
2.6265108679422235
2.6277312053847846
2.627884808092667
2.6287588296546756
2.6313361952013117
2.866173860567947
2.872421126882393
2.8789354298473597
2.8854131806354983
2.891587666509886
2.897237500301131
2.902187267820244
-2.879703190736871
-2.873194669286144
-2.866807671579128
-2.8608620646471494
-2.855678727970272
-2.8515350839768603
-2.8486158879767824
-2.623551146928556
-2.623012867336565
-2.6229300416391976
-2.6217411082878406
-2.6208810251103585
-2.6206472847151665
-2.616953607859131
-2.38519556943777
-2.384419559762079
-2.3833062591899203
-2.3815237445646162
-2.3813129349992956
-2.380005471776558
-2.379992181486269
-2.1583586259998024
-2.1576955111019065
-2.1576022766911245
-2.156076901848958
-2.155485779584865
-2.1547130358297073
-2.152214142037368
-1.9500186118133611
-1.9467168585200674
-1.9440505916243693
-1.9439733224353688
-1.9434138331690087
-1.9425858106006761
-1.9425672108818244
-1.7469577047544267
-1.7462680403053557
-1.7462034644935551
-1.7445978267085043
-1.744391932448848
-1.743222093099142
-1.7423725907543897
-1.5697861159941167
-1.567233812507278
-1.564437110522148
-1.5625959744014855
-1.5625478360266722
-1.5624463539111926
-1.5621061137984191
-1.399186038303993
-1.3985631866136787
-1.3984252525069056
-1.3972154564533967
-1.3970018714115695
-1.3962919039557788
-1.3957834055873146
-1.2564984553083376
-1.2550417530770268
-1.2539586313629671
-1.253028384417994
-1.25189399666287
-1.2506767881072347
-1.2495720605606522
-1.1309805025310604
-1.1305307734528132
-1.128424950926408
-1.12757957262489
-1.1249138102643308
-1.1217734070726937
-1.1167697123372493
-1.0369459940267332
-1.0298586451710996
-1.02472131898736
-1.0209529492212177
-1.0189011758261206
-1.015044813291326
-1.0114472597346613
-0.9502842261828656
-0.949288734012722
-0.9460156220668298
-0.9429139592405433
-0.9371566675684
-0.9289081763222009
-0.9124582967914397
-0.8861510302322821
-0.8821692016142321
-0.880754771841656
-0.8765766231879436
-0.8750276823226578
-0.8721050623004354
-0.8633726773921087
-0.8468258064150552
-0.845967834420474
-0.8428978139199672
-0.8414801056723238
-0.838881723213072
-0.8345393779217962
-0.819482471481861
-0.8165394016201127
-0.8148597793924497
-0.8133392869304452
-0.812320188956917
-0.8108486433330909
-0.8095073257034493
1.2205559234284544
1.2213505536840834
1.222586118037831
1.2242690880798286
1.225874660857974
1.2276229702142585
1.2320478230049228
1.2403203079777332
1.244484728841232
1.2485760924133915
1.2509000909852366
1.255428793052015
1.2584312008992258
1.2743546027292443
1.2776412199879121
1.2831322626886361
1.2853789468538166
1.2898047328457898
1.29173168667693
1.2935946106491856
1.3366962111429568
1.3398479524538822
1.341789210629757
1.342846983533583
1.343637486736642
1.3449583008538362
1.34705644520606
1.4128177943510078
1.416550560410146
1.421161947467765
1.4226184166956728
1.4237823911732355
1.4251469534043335
1.4273284429844701
1.5251580551678197
1.5268954947093527
1.5277342715838809
1.5294446665364365
1.5296019483227452
1.5310632666730046
1.5315940937175927
1.650716174938017
1.6544508503275341
1.6579418288551178
1.6594425864308189
1.6597361373946586
1.6598835441597126
1.6603977629215667
1.8105448844120042
1.8109462678257457
1.811662524430915
1.8128867375706483
1.8133798968523283
1.8145500274448192
1.8154603118475434
1.9814194458381658
1.9852394894050949
1.987693171657864
1.988075717188174
1.9881389735790955
1.9890167072758425
1.989273253222187
2.1811222415297893
2.181500831130515
2.1821199198337005
2.1835458055887043
2.183710670466052
2.184931251958711
2.186913883481744
2.3949187326109898
2.396357016115295
2.39668252079998
2.398721401459051
2.399202841669584
2.4002267658814875
2.40051263893357
2.625763430249183
2.6260826491972917
2.6265108679422156
2.627731205384777
2.6278848080926736
2.6287588296546827
2.6313361952013077
2.8661738605679488
2.872421126882389
2.8789354298473584
2.8854131806354943
2.8915876665098876
2.897237500301132
2.902187267820239
-2.8797031907368713
-2.8731946692861445
-2.86680767157913
-2.860862064647152
-2.8556787279702722
-2.8515350839768607
-2.848615887976781
-2.623551146928552
-2.623012867336564
-2.622930041639192
-2.621741108287839
-2.6208810251103567
-2.6206472847151656
-2.616953607859133
-2.3851955694377707
-2.384419559762079
-2.3833062591899212
-2.3815237445646167
-2.381312934999296
-2.3800054717765593
-2.37999218148627
-2.158358625999803
-2.1576955111019065
-2.1576022766911236
-2.156076901848959
-2.155485779584865
-2.154713035829709
-2.1522141420373675
-1.9500186118133631
-1.946716858520067
-1.9440505916243702
-1.9439733224353677
-1.9434138331690076
-1.9425858106006764
-1.9425672108818246
-1.7469577047544258
-1.7462680403053537
-1.7462034644935547
-1.7445978267085025
-1.7443919324488462
-1.7432220930991413
-1.7423725907543894
-1.5697861159941169
-1.5672338125072778
-1.5644371105221475
-1.562595974401572
-1.5625478360265395
-1.5624463539112439
-1.5621061137984156
-1.3991860381517314
-1.3985631894498824
-1.398425249287947
-1.3972154604892897
-1.3970018672462676
-1.3962919048087188
-1.3957834053988043
-1.2564983726771033
-1.255042682794058
-1.2539554213306643
-1.253032785468136
-1.2518909741498772
-1.2506780138713782
-1.249571819205298
-1.1311561980836096
-1.1300811013026915
-1.129077147538317
-1.127057203987009
-1.1250873816861615
-1.1217417418311595
-1.116771956457443
-1.0369419709371726
-1.029916935133797
-1.02429875326782
-1.0218905250127455
-1.0180024253106463
-1.0154376836210988
-1.0113838105189703
-0.9504777327450085
-0.9488982422036956
-0.9463604683759153
-0.9427268257810548
-0.9372031218973288
-0.9289001617860344
-0.9124596973159181
-0.8860605850060932
-0.8828023465873812
-0.8795731792153508
-0.8777747405988321
-0.8742760507349109
-0.8722991282328452
-0.8633705599950078
-0.847092813212182
-0.8452063359478318
-0.8439460947656527
-0.8405130261935965
-0.8393282436799641
-0.8345049839083076
-0.8194944442549826
-0.8164817584658034
-0.8149629708109871
-0.813221545363612
-0.8123914536829719
-0.810837618098946
-0.8095084119770011
1.2205841476034152
1.2212491483505206
1.2228712038058351
1.223828008239991
1.2264801684475972
1.2271892912764375
1.2321371226694602
1.2401186035877738
1.2454047587265185
1.2470134319196855
1.2526603444691995
1.2541354035496675
1.258803662735246
1.2741062358454984
1.2781661921621608
1.2822993154832636
1.2862454442716273
1.2892136075068594
1.2920793282471006
1.2935009976630931
1.3366957119668015
1.3398519016725825
1.3417770809302823
1.3428591853346583
1.3436354009412579
1.3449566056635385
1.3470567013988368
1.4128177902696606
1.4165505864022367
1.4211615746347925
1.4226194521260096
1.423781389211069
1.4251472996043533
1.4273284142339917
1.5251580673120182
1.5268953138615216
1.5277346548789914
1.529441689363929
1.5296048835615694
1.5310629893465597
1.5315941983862635
1.650716174937922
1.6544508503287085
1.6579418288245873
1.659442587520031
1.6597361338797434
1.6598835467929942
1.6603977627434403
1.810544884412005
1.8109462678257453
1.811662524430914
1.812886737570651
1.8133798968523267
1.814550027444821
1.8154603118475439
1.9814194458381624
1.9852394894050909
1.987693171657862
1.9880757171881698
1.988138973579093
1.9890167072758447
1.989273253222193
2.181122241529797
2.1815008311305135
2.18211991983371
2.1835458055887025
2.1837106704660556
2.184931251958709
2.186913883481745
2.3949187326109924
2.396357016115296
2.396682520799979
2.3987214014590426
2.399202841669582
2.4002267658814893
2.400512638933564
2.625763430249186
2.626082649197284
2.626510867942217
2.627731205384776
2.6278848080926736
2.628758829654683
2.6313361952013095
2.8661738605679514
2.872421126882391
2.8789354298473593
2.8854131806354975
2.891587666509886
2.89723750030113
2.902187267820241
-2.8780811925654315
-2.8715743862271976
-2.8652670752869263
-2.8594827996489425
-2.8545361914531013
-2.8506859222365124
-2.8480871227174087
-2.6235455405981916
-2.6231635749223723
-2.6226416761594553
-2.6220556735981115
-2.6208755433257616
-2.6200693939911344
-2.615694378656987
-2.3852973975136265
-2.3847769819258553
-2.382785718475372
-2.382136066580353
-2.3808933064655315
-2.3802299060836045
-2.3798638976682334
-2.1583411506327495
-2.157895955791887
-2.1572795032739056
-2.156481296400071
-2.1549865595256126
-2.154735690931041
-2.151339075307959
-1.9507930178726114
-1.9475327731835739
-1.9445535938527376
-1.9439662501084287
-1.9431828228196264
-1.9427763816544308
-1.942470776560297
-1.7469265061110788
-1.746506815012098
-1.7458808977024773
-1.7450232301443145
-1.7438474264038124
-1.7434830334882194
-1.7420095773000457
-1.5702174810244554
-1.5679511831288022
-1.5650839094904943
-1.5629261053169095
-1.5626077411685604
-1.5623609146405901
-1.5621106296686131
-1.3991686619215793
-1.3986965794869937
-1.3982607172681891
-1.3973720324262622
-1.39689660117014
-1.3963096442463292
-1.395928107079809
-1.2567495769521604
-1.255358091265744
-1.2541726412250966
-1.2532917045973517
-1.252160210516851
-1.2509191232557504
-1.2497879309823847
-1.1312302273008363
-1.1299876620223153
-1.1293368372978534
-1.1270307678782745
-1.125195154727036
-1.1217515252885069
-1.1167742370730342
-1.0369475095642253
-1.029941918211831
-1.024779783393434
-1.0218140353617624
-1.018585445176184
-1.0153370134020547
-1.0119659687348679
-0.9503121580953623
-0.9494043212110492
-0.9460292650137132
-0.9429939109462967
-0.9372190699915149
-0.9289167720080892
-0.91246320961358
-0.8861642679742104
-0.8832104747926351
-0.8796790008370702
-0.878021485708068
-0.8743022859297105
-0.8726319770307704
-0.8643160841370229
-0.847196054040635
-0.8450973807182999
-0.8441353700776225
-0.840742655826027
-0.8393059485063566
-0.8349856314118943
-0.8195811619385154
-0.8166189092870628
-0.8147855303562476
-0.8137029256179288
-0.8123069510945454
-0.810989259153503
-0.8095299530665588
1.220495140002923
1.2209965170511958
1.2226706968167977
1.2235920959652846
1.2263267756640728
1.2269208678372954
1.2321379475802587
1.2398095246907082
1.245058981371568
1.2469453768323928
1.2525300786873101
1.2541056430920656
1.2587986626813368
1.2738639867210353
1.277713838291794
1.2817629393333894
1.2857785655137295
1.2888174555233778
1.2917414155287474
1.293126128767876
1.3366951589695084
1.3398553787756187
1.3417220734575999
1.3429628388313861
1.343429403359472
1.3450165411758328
1.3469185028888795
1.4124299570792456
1.415402027700818
1.4201246385596604
1.4225713738270092
1.4236262658491912
1.4251130981105313
1.427330507500557
1.5251620115628477
1.5268295441407402
1.5279293101158913
1.5289261721531318
1.5301868441577982
1.5308009239851235
1.5317360345940902
1.6499758060905911
1.65346760111838
1.6571835818158709
1.6594182920223404
1.6595353990521253
1.6598431778906841
1.660415408507941
1.8104843230883434
1.811283850266451
1.8113047828060107
1.8129586425411217
1.8135255241231596
1.8143631671122855
1.816022863924061
1.9804599357851336
1.9843331674105296
1.9875092452076226
1.987712508701312
1.9883580712598286
1.9891305893695577
1.9891796089991358
2.181066208648092
2.1817784733080057
2.181858355032197
2.1833103732827253
2.184290687921845
2.184710173868264
2.1878672777188024
2.3952911113178965
2.395458012433833
2.3971981427361393
2.398622539887019
2.39917824495985
2.4003405343563995
2.4004337886153952
2.625723195691514
2.62625440506487
2.6263830847126326
2.627417981983417
2.6285560861495836
2.6285924264625704
2.6324512749301143
2.8676931574758373
2.874037011850519
2.8805694448071324
2.886994680314078
2.8930569331641403
2.898546450973253
2.903298917319964
-2.878081192565433
-2.871574386227199
-2.865267075286923
-2.8594827996489416
-2.8545361914531004
-2.8506859222365133
-2.8480871227174047
-2.623545540598188
-2.62316357492237
-2.6226416761594544
-2.622055673598111
-2.6208755433257633
-2.6200693939911357
-2.615694378656987
-2.3852973975136256
-2.3847769819258557
-2.3827857184753722
-2.382136066580354
-2.380893306465532
-2.3802299060836045
-2.379863897668232
-2.1583411506327486
-2.1578959557918855
-2.1572795032739065
-2.15648129640007
-2.1549865595256126
-2.154735690931041
-2.151339075307959
-1.95079301787261
-1.9475327731835723
-1.9445535938527378
-1.9439662501084285
-1.9431828228196268
-1.9427763816544292
-1.942470776560297
-1.7469265061110801
-1.746506815012098
-1.7458808977024776
-1.7450232301443158
-1.7438474264038142
-1.7434830334882199
-1.7420095773000437
-1.5702174810244558
-1.5679511831288029
-1.5650839094904951
-1.5629261053169137
-1.5626077411685453
-1.5623609146406054
-1.5621106296686103
-1.399168662109941
-1.3986965785036027
-1.3982607187876683
-1.3973720300928312
-1.396896603663674
-1.3963096429936663
-1.395928107447919
-1.256749662128748
-1.2553572710804821
-1.254175787807187
-1.2532872707336067
-1.2521631581078339
-1.2509179751895614
-1.2497881537484752
-1.1310805388681366
-1.1304874723013918
-1.128683551295498
-1.1274832980041338
-1.1250179954950772
-1.121781488764056
-1.116772065221786
-1.0369512775966607
-1.0298859731854055
-1.0251003676691144
-1.020991740099506
-1.0193571738974359
-1.015059236367097
-1.0120259175918143
-0.9505440427366111
-0.9489192691398948
-0.9464896147016236
-0.9427265625023019
-0.9372895022276642
-0.9289055612707712
-0.912464474204963
-0.8861367062757278
-0.883289558294419
-0.8795554849363202
-0.8780775081018141
-0.8743561032658392
-0.8725927185074731
-0.8643171445348062
-0.8469788114063053
-0.8458784767277149
-0.842996956799481
-0.8416816704622477
-0.838902072909692
-0.8350260834729383
-0.8195700534610633
-0.8166678331971294
-0.8146495191883423
-0.8138357427169348
-0.8122611564274769
-0.8110002636245096
-0.8095291123647523
1.2204651007130842
1.2210750850909053
1.222467122705751
1.2238716440845105
1.2259216333477994
1.2272293794840172
1.2320946498613252
1.2398810166202339
1.2447561119114512
1.2473132231622406
1.252198150762787
1.254333580884699
1.2587850507039542
1.2737878057173597
1.2779810097657462
1.281340295984266
1.2864194200864882
1.2882261708566112
1.2920766305872755
1.2929695527593859
1.3366948877288323
1.3398603303869538
1.3416953913981189
1.3430664750996757
1.343341537719895
1.3450232481986537
1.346918029785045
1.4124299634562203
1.4154020004589156
1.4201248232542385
1.4225705485018165
1.4236272295160404
1.425112763618527
1.427330539825641
1.5251620109739858
1.5268295484117573
1.5279293020022633
1.528926176593766
1.5301868482342198
1.5308009186471685
1.5317360358464416
1.649975806090496
1.6534676011192007
1.6571835818050666
1.6594182938277815
1.659535396472865
1.6598431787640608
1.6604154084184686
1.8104843230883454
1.8112838502662478
1.8113047828062194
1.8129586425411097
1.8135255241231696
1.8143631671122855
1.8160228639240632
1.9804599357851356
1.9843331674105285
1.9875092452076295
1.9877125087013132
1.988358071259832
1.9891305893695503
1.9891796089991407
2.181066208648095
2.1817784733079955
2.1818583550321926
2.1833103732827217
2.184290687921849
2.184710173868265
2.1878672777187993
2.395291111317899
2.3954580124338327
2.397198142736135
2.3986225398870205
2.3991782449598595
2.400340534356402
2.4004337886154006
2.625723195691515
2.6262544050648735
2.6263830847126335
2.6274179819834185
2.6285560861495822
2.628592426462565
2.63245127493011
2.8676931574758324
2.8740370118505187
2.880569444807131
2.8869946803140802
2.8930569331641403
2.8985464509732495
2.9032989173199697
-2.87808119256543
-2.871574386227198
-2.865267075286927
-2.859482799648943
-2.854536191453101
-2.850685922236514
-2.8480871227174047
-2.62354554059819
-2.6231635749223745
-2.6226416761594553
-2.622055673598112
-2.620875543325765
-2.620069393991138
-2.615694378656986
-2.385297397513626
-2.3847769819258557
-2.382785718475371
-2.3821360665803533
-2.3808933064655315
-2.380229906083604
-2.3798638976682325
-2.1583411506327495
-2.1578959557918855
-2.1572795032739065
-2.1564812964000706
-2.1549865595256117
-2.1547356909310413
-2.151339075307959
-1.9507930178726092
-1.947532773183573
-1.94455359385274
-1.9439662501084274
-1.9431828228196246
-1.9427763816544332
-1.9424707765602984
-1.7469265061110786
-1.746506815012097
-1.7458808977024765
-1.7450232301443163
-1.7438474264038137
-1.7434830334882205
-1.7420095773000455
-1.5702174810244545
-1.567951183128802
-1.565083909490494
-1.562926105316915
-1.5626077411685486
-1.5623609146406017
-1.562110629668611
-1.3991686620652004
-1.3986965787485197
-1.3982607183930489
-1.3973720307495754
-1.3968966029328251
-1.3963096433788573
-1.395928107331277
-1.2567498048092305
-1.2553559253862963
-1.254180791056469
-1.2532802869222877
-1.2521677474824082
-1.2509162369344506
-1.249788486205203
-1.1310102543578573
-1.1306117753793696
-1.1285045570434582
-1.1276378059895629
-1.124982495567694
-1.1217878451298273
-1.116771676519848
-1.0369499880238477
-1.0299093824860723
-1.0249591124572415
-1.0214530376458242
-1.018892656294119
-1.0152217541378308
-1.0119857220743187
-0.9505505192457212
-0.9489318626333939
-0.9464334038451141
-0.9427860560381865
-0.9372609632469013
-0.9289127524701104
-0.9124629414544991
-0.8862462575526253
-0.8827384789802669
-0.8807250699686003
-0.8767714462530689
-0.8751646151174773
-0.8723593769164009
-0.8643210078377461
-0.8468623370213909
-0.846047701193497
-0.8429863967173038
-0.8415716184431892
-0.8389897896196215
-0.8350045090177164
-0.8195922940761757
-0.8165345028928507
-0.8150068601233473
-0.813435167511259
-0.8124587113857713
-0.8109538086528122
-0.8095335884935561
1.2204283008974661
1.2212068651935817
1.2222078269428842
1.2243736236580194
1.2253215339497978
1.2275490782138243
1.232002424420186
1.2400989319606712
1.2440100650380912
1.2489141491920626
1.2503561903356444
1.25551092412023
1.2583808108834849
1.274074230256031
1.27733101179588
1.2821445257694457
1.2855111245581423
1.2889091999047952
1.291750970162087
1.2931108452862823
1.3366956126868288
1.339850573856868
1.3417483005443196
1.3428847778820103
1.3434938077538
1.3450074648651862
1.3469193652836218
1.4124299591401126
1.4154020176487148
1.4201247216331945
1.4225709651371254
1.4236267623658239
1.425112916192534
1.4273305265097471
1.5251619995909345
1.526829682018033
1.527928878873128
1.5289267525480341
1.5301862300565126
1.5308013142037882
1.5317359834191495
1.6499758060905754
1.6534676011185279
1.6571835818136225
1.659418292431341
1.6595353984654029
1.6598431780915115
1.6604154084869613
1.8104843230883476
1.8112838502662327
1.811304782806232
1.8129586425411068
1.81352552412317
1.8143631671122844
1.816022863924062
1.9804599357851336
1.9843331674105285
1.987509245207629
1.987712508701312
1.9883580712598312
1.9891305893695503
1.9891796089991367
2.181066208648089
2.1817784733080003
2.181858355032188
2.183310373282721
2.184290687921849
2.1847101738682686
2.1878672777187984
2.3952911113179027
2.3954580124338327
2.397198142736138
2.398622539887026
2.3991782449598533
2.400340534356397
2.400433788615397
2.625723195691513
2.626254405064876
2.6263830847126335
2.6274179819834163
2.628556086149577
2.62859242646256
2.63245127493011
2.8676931574758355
2.8740370118505187
2.8805694448071333
2.8869946803140745
2.893056933164136
2.898546450973247
2.903298917319965
-2.87808119256543
-2.8715743862271963
-2.8652670752869214
-2.859482799648941
-2.8545361914530996
-2.8506859222365106
-2.848087122717406
-2.6235455405981885
-2.623163574922375
-2.6226416761594535
-2.62205567359811
-2.6208755433257616
-2.620069393991135
-2.6156943786569875
-2.3852973975136256
-2.384776981925855
-2.3827857184753705
-2.3821360665803524
-2.38089330646553
-2.380229906083606
-2.3798638976682307
-2.15834115063275
-2.1578959557918855
-2.1572795032739074
-2.156481296400071
-2.154986559525613
-2.154735690931042
-2.1513390753079586
-1.9507930178726105
-1.9475327731835725
-1.9445535938527383
-1.9439662501084278
-1.9431828228196257
-1.942776381654431
-1.9424707765602978
-1.7469265061110795
-1.7465068150120986
-1.745880897702479
-1.745023230144316
-1.7438474264038133
-1.743483033488221
-1.742009577300046
-1.5702174810244556
-1.567951183128801
-1.5650839094904954
-1.5629261053169075
-1.562607741168564
-1.5623609146405852
-1.5621106296686154
-1.3991686618768395
-1.3986965797319098
-1.3982607168735697
-1.3973720330830055
-1.3968966004392953
-1.3963096446315189
-1.3959281069631666
-1.2567497196813013
-1.2553567486749395
-1.2541776757193446
-1.2532847072835704
-1.2521647831472333
-1.2509173811559522
-1.2497882631334465
-1.1311995736778335
-1.130147832216026
-1.1291489091509912
-1.1271271822315458
-1.125151408202461
-1.1217576587596423
-1.1167738473868989
-1.0369462157310638
-1.0299642909717526
-1.0245927453671195
-1.0221724677805584
-1.0182338889227747
-1.0155332153544112
-1.0119288164288394
-0.9503211330482261
-0.9494088251955616
-0.9459697678955211
-0.9430613692402596
-0.9371914098595201
-0.9289239966433668
-0.9124616770979879
-0.8862702883920083
-0.8826198373014762
-0.8808477201538152
-0.8767754773917998
-0.8751066368144333
-0.872386700718187
-0.8643199444137083
-0.8471328120068239
-0.8452949168197698
-0.8440185638293392
-0.8405928244050345
-0.8394572737301269
-0.8349649293926839
-0.8196031098194563
-0.8164745334435772
-0.8151101691204211
-0.8133213892324002
-0.8125282123616886
-0.8109440840057043
-0.809534445301212
1.2204515063270494
1.2211192629757444
1.2223662018537553
1.2240500337549745
1.2256811304335393
1.2273896529142574
1.2320469281523925
1.2400177153950327
1.2441984607028385
1.2484487503077215
1.2507761313055088
1.2554078284009127
1.2584037277394564
1.2741730228197357
1.2770958312485958
1.2826608347408213
1.284883865686635
1.2894030178633094
1.291395555052987
1.2932231777265772
1.3366958842883965
1.3398457190712887
1.3417782809388243
1.3428166462035416
1.3435430608348284
1.3450004722536797
1.3469198364231942
1.412429952763174
1.4154020448908542
1.4201245369623512
1.4225717910467135
1.4236257981987208
1.4251132505774768
1.427330494183569
1.5251620001797732
1.5268296777455228
1.5279288869837904
1.5289267481117716
1.5301862259868575
1.5308013195354018
1.5317359821664627
1.6499758060906697
1.6534676011177039
1.6571835818244331
1.6594182906259518
1.6595354010446106
1.659843177218126
1.6604154085764284
1.8104843230883412
1.8112838502664366
1.8113047828060336
1.812958642541122
1.8135255241231596
1.8143631671122855
1.816022863924063
1.9804599357851347
1.984333167410531
1.9875092452076295
1.9877125087013143
1.988358071259835
1.9891305893695557
1.9891796089991387
2.18106620864809
2.181778473307998
2.1818583550321944
2.183310373282725
2.184290687921848
2.184710173868268
2.1878672777187993
2.3952911113179023
2.395458012433836
2.397198142736135
2.3986225398870245
2.399178244959858
2.400340534356401
2.4004337886153913
2.62572319569152
2.6262544050648735
2.626383084712629
2.627417981983414
2.6285560861495867
2.628592426462569
2.6324512749301134
2.8676931574758346
2.8740370118505196
2.880569444807133
2.8869946803140834
2.8930569331641354
2.8985464509732513
2.9032989173199666
-2.8764527708193426
-2.8699664401760874
-2.863759202363051
-2.858156160813147
-2.85346269476699
-2.849915643922501
-2.847638677393861
-2.6234586972842773
-2.6233512728583306
-2.622365717034797
-2.6221649820458297
-2.6211406493596003
-2.619143622194465
-2.6143310622950864
-2.3862146146981402
-2.3843145288273964
-2.382828617231342
-2.382271455521938
-2.380566069404157
-2.3805287804749997
-2.379811510823932
-2.1582266429043147
-2.158127254492807
-2.1568804908721386
-2.1567677798154183
-2.1553144629779806
-2.1539299638274207
-2.150477770109282
-1.9515056091926914
-1.9483679965458636
-1.9452123193113686
-1.9438219626102282
-1.9430803405025578
-1.9429565395428643
-1.9424228241886465
-1.7468029369263607
-1.7467368483352281
-1.7454448027789953
-1.7454281499474424
-1.7438099174588193
-1.7433141586740686
-1.7417466661714238
-1.5705258996146574
-1.5686309398950296
-1.565778482743492
-1.5633473475339552
-1.5626119981152298
-1.5622747496082925
-1.5621674858047117
-1.3991162151470582
-1.3988558692097954
-1.39792343936639
-1.397746564447497
-1.3966744080706748
-1.3964299555324844
-1.396110674011201
-1.2569482654696515
-1.2556474929256112
-1.2544246698259878
-1.2535218158923251
-1.2524263390037802
-1.2511574964613448
-1.2499603168225644
-1.1312943028910518
-1.1300716350332871
-1.1293917272351148
-1.127109333612583
-1.1253008127803292
-1.121790305571549
-1.1167798472875794
-1.036958447211845
-1.0300511706574005
-1.02516765974401
-1.021986804353988
-1.0186303542425603
-1.0154631556832783
-1.0124556562828504
-0.9504089346336482
-0.9495247501344297
-0.9458965285987502
-0.9432291950841916
-0.9372829344386824
-0.9289584904199915
-0.912471867913583
-0.8864791121542057
-0.8829812414925595
-0.8809357758453148
-0.876921318746744
-0.8752633034140718
-0.8725075877482166
-0.8652056813944876
-0.8472912020484864
-0.8451952486555806
-0.844209696268365
-0.840886706810472
-0.8393506167617946
-0.8354964287853726
-0.8196832876430814
-0.8166081509841049
-0.8148630536285452
-0.8138248192114517
-0.8124276052199214
-0.8110970638423046
-0.8095630932200715
1.2202386331394048
1.2209234424635886
1.222163265256135
1.2238371316883008
1.2254645994493916
1.2272065097996163
1.2320423599893309
1.2397100415881808
1.2438598576664897
1.248268152055171
1.2506336777506153
1.2553662805544823
1.2583824453926897
1.2739901566046434
1.2765861164503318
1.2822176892834807
1.2843802067571144
1.288988716007574
1.2909886006228248
1.2929853265849365
1.3366961666012063
1.339836963549124
1.3417542192776677
1.342743035051801
1.3434601294195978
1.3449126027870881
1.346778079792328
1.412305757295481
1.4143711510333075
1.4189688179634972
1.4224581270298906
1.4233521594613037
1.4251004296396448
1.427329193535448
1.525168719686458
1.526759250719498
1.5282772158634574
1.528534064824135
1.5304102149640366
1.53072385597589
1.5317211204931342
1.649374987026438
1.652496765028107
1.656334844023689
1.6591224302463972
1.6594366703478018
1.6599023602576897
1.6604141065413194
1.8105255564517628
1.8109646455699484
1.8117575164136641
1.8125191726539542
1.8140977817021546
1.8141841601543454
1.8164989268514098
1.9795484326417117
1.9833800470450744
1.9868413049503095
1.9878014902266008
1.988588945911987
1.9888866156249074
1.9892856947581763
2.1811070245051782
2.181489597373244
2.182321629359991
2.1829013711336
2.1844246572800725
2.1851095924420845
2.1888312182141574
2.3945069209219327
2.3957167664059327
2.397718517011134
2.397949491087449
2.3995889332185887
2.4000646029285084
2.400554766158464
2.6257584118949446
2.626037949420471
2.6267816733771148
2.627103121031623
2.628310582813201
2.6294043749877645
2.633661262110433
2.869244171087349
2.875664563034077
2.882196557222441
2.8885532646925394
2.8944901803738414
2.899809130597999
2.9043566715028932
-2.8764527708193417
-2.8699664401760914
-2.8637592023630534
-2.858156160813144
-2.8534626947669883
-2.8499156439225
-2.847638677393862
-2.6234586972842804
-2.6233512728583337
-2.622365717034803
-2.6221649820458266
-2.621140649359601
-2.6191436221944673
-2.6143310622950895
-2.3862146146981416
-2.384314528827396
-2.3828286172313415
-2.38227145552194
-2.3805660694041584
-2.380528780475
-2.379811510823929
-2.158226642904314
-2.1581272544928063
-2.1568804908721386
-2.156767779815418
-2.155314462977981
-2.1539299638274203
-2.1504777701092825
-1.9515056091926926
-1.9483679965458631
-1.945212319311368
-1.9438219626102289
-1.9430803405025583
-1.9429565395428643
-1.942422824188649
-1.7468029369263596
-1.7467368483352286
-1.7454448027789962
-1.7454281499474436
-1.74380991745882
-1.7433141586740681
-1.7417466661714227
-1.5705258996146576
-1.5686309398950289
-1.5657784827434924
-1.5633473475339579
-1.5626119981152287
-1.5622747496082934
-1.5621674858047094
-1.3991162155111831
-1.3988558684105734
-1.3979234444852544
-1.3977465588707987
-1.3966744119556405
-1.396429951627054
-1.3961106749245964
-1.2569483607750296
-1.2556467066737207
-1.2544276404555297
-1.2535175137719035
-1.2524292186386012
-1.2511564487176186
-1.2499605073694167
-1.1311326914686466
-1.1305841192159631
-1.128715453918411
-1.1275906513296887
-1.1251171578451609
-1.1218202357842963
-1.1167776530692775
-1.0369632374981124
-1.029976808735072
-1.0255361267002607
-1.0209602411198442
-1.0196470486610154
-1.0150691863806114
-1.0125606316977804
-0.9505497480073071
-0.9492539463346968
-0.946190719478505
-0.94301981099991
-0.9373372429998282
-0.9289482460592831
-0.9124735347174178
-0.886365848145981
-0.8835376791830527
-0.8797778362923888
-0.8782175143702963
-0.8744193608010241
-0.8727749543070215
-0.865200030024375
-0.8470931476911114
-0.8459369773599069
-0.8430901394021603
-0.8418145466375958
-0.8389503304617263
-0.8355458948465556
-0.8196733494804014
-0.8166569469217562
-0.8147215875385624
-0.8139610908501367
-0.8123836794370707
-0.8111070958569425
-0.8095624060561265
1.2202819307396424
1.2207982942455102
1.2224835604759436
1.2233620295689864
1.2261002966393695
1.226752365879637
1.2321370835400205
1.2394907741230445
1.244675011946952
1.2468255977250746
1.2523466512665533
1.254083764491481
1.258794330691311
1.273610996047902
1.2773132337359299
1.2812380696587231
1.2853156833151431
1.2884052172382574
1.2913128337401578
1.2929054865014806
1.3366957813889078
1.3398395436022612
1.3417479556829024
1.342746663354331
1.34346160656268
1.3449114558824387
1.346778187534254
1.412305769165989
1.414371119321898
1.4189689118631779
1.422457569386641
1.4233528068357435
1.4251002455962218
1.4273292137930993
1.525168729872269
1.5267591540298326
1.528278488444514
1.5285327026423292
1.530411007268837
1.5307231895177023
1.5317211707511502
1.6493749870263619
1.6524967650285636
1.656334844020513
1.659122430396824
1.6594366700776872
1.659902360413897
1.6604141065075966
1.810525556451767
1.8109646455699526
1.811757516413664
1.8125191726539551
1.8140977817021517
1.8141841601543462
1.8164989268514036
1.979548432641706
1.983380047045072
1.9868413049503089
1.9878014902265981
1.9885889459119894
1.9888866156249116
1.9892856947581758
2.181107024505172
2.1814895973732478
2.1823216293599836
2.182901371133598
2.1844246572800747
2.1851095924420907
2.188831218214159
2.394506920921935
2.3957167664059296
2.3977185170111377
2.397949491087454
2.3995889332185936
2.4000646029285044
2.4005547661584687
2.625758411894951
2.626037949420479
2.6267816733771183
2.6271031210316154
2.6283105828131945
2.629404374987763
2.6336612621104294
2.869244171087347
2.875664563034073
2.8821965572224393
2.888553264692543
2.8944901803738405
2.899809130598002
2.9043566715028954
-2.8764527708193426
-2.8699664401760923
-2.863759202363058
-2.8581561608131425
-2.853462694766995
-2.8499156439224986
-2.847638677393859
-2.6234586972842804
-2.6233512728583346
-2.622365717034796
-2.6221649820458333
-2.621140649359599
-2.6191436221944646
-2.6143310622950846
-2.3862146146981407
-2.384314528827394
-2.3828286172313438
-2.382271455521939
-2.380566069404159
-2.3805287804749984
-2.379811510823932
-2.158226642904315
-2.158127254492806
-2.15688049087214
-2.156767779815417
-2.1553144629779815
-2.1539299638274203
-2.1504777701092825
-1.951505609192692
-1.9483679965458638
-1.9452123193113688
-1.9438219626102295
-1.9430803405025558
-1.942956539542865
-1.942422824188647
-1.74680293692636
-1.7467368483352266
-1.745444802778997
-1.745428149947441
-1.7438099174588206
-1.7433141586740697
-1.7417466661714223
-1.5705258996146567
-1.568630939895029
-1.5657784827434937
-1.5633473475339574
-1.5626119981152242
-1.5622747496083034
-1.5621674858047032
-1.399116215420589
-1.3988558686145294
-1.3979234430616505
-1.397746560446009
-1.396674410755609
-1.3964299528569868
-1.3961106746297283
-1.2569485184659472
-1.2556454306065439
-1.2544323147920757
-1.25351080837843
-1.2524336565071317
-1.2511548793332596
-1.2499607883188724
-1.1310569852100114
-1.1307103491783395
-1.1285348610335564
-1.1277486534270085
-1.1250838919571897
-1.1218259094237342
-1.116777312510948
-1.036961145312595
-1.0300161491199664
-1.0253309845638434
-1.0216785315911268
-1.0188938142098656
-1.0153582907293297
-1.0124742938830853
-0.950840663967457
-0.948365373186479
-0.9470803464441886
-0.9426473178298319
-0.9374289942897578
-0.9289362030439571
-0.9124747535337651
-0.886336190700181
-0.8836156520781747
-0.879655315322673
-0.878277218921441
-0.8744700545268684
-0.8727366716510102
-0.865202234484804
-0.8469852308531814
-0.8460994862339636
-0.8430724454367605
-0.8417122803677912
-0.8390391528788581
-0.8355208578934324
-0.8196933117710202
-0.8165211165347276
-0.8150923167847172
-0.8135561361547945
-0.8125739336283673
-0.8110643507624901
-0.8095661262535698
1.2202527611922567
1.2208763477989204
1.2222726543427795
1.2236472091903958
1.2257133386981294
1.2270429970750152
1.2320934379294834
1.2395640037707065
1.2444049588439912
1.247153232163587
1.252050487625281
1.2542797595223794
1.2587847257126916
1.2735191208056311
1.2776307463259715
1.2807694215336793
1.2859689673322654
1.2878141403824395
1.291607043562609
1.2927878549942347
1.3366957281075709
1.3398387311770956
1.3417673572389337
1.342690135344013
1.3435106786026114
1.344899055021952
1.3467795112891021
1.4123057641295138
1.4143711311698224
1.418968887543025
1.4224576636039326
1.4233527127857688
1.4251002636533259
1.4273292130725763
1.5251687301802508
1.526759149418481
1.5282785704232267
1.5285326112164057
1.5304110759947565
1.5307231295111796
1.531721175782324
1.6493749870262704
1.6524967650291278
1.656334844016354
1.6591224305994823
1.6594366697125924
1.6599023606260435
1.6604141064615625
1.8105255564517673
1.8109646455699446
1.8117575164136743
1.812519172653949
1.814097781702171
1.8141841601543311
1.8164989268514085
1.9795484326417128
1.983380047045072
1.9868413049503095
1.9878014902265975
1.9885889459119914
1.9888866156249123
1.989285694758178
2.1811070245051676
2.1814895973732376
2.1823216293599863
2.182901371133603
2.184424657280071
2.1851095924420885
2.188831218214153
2.3945069209219367
2.3957167664059345
2.397718517011135
2.3979494910874477
2.3995889332185905
2.4000646029285133
2.400554766158464
2.625758411894946
2.6260379494204766
2.6267816733771134
2.627103121031623
2.6283105828132025
2.6294043749877654
2.633661262110431
2.86924417108735
2.875664563034071
2.882196557222437
2.888553264692543
2.8944901803738405
2.899809130598001
2.904356671502894
-2.876452770819343
-2.869966440176092
-2.863759202363053
-2.858156160813145
-2.8534626947669914
-2.849915643922503
-2.847638677393861
-2.62345869728428
-2.623351272858337
-2.6223657170347976
-2.6221649820458266
-2.621140649359596
-2.6191436221944637
-2.6143310622950886
-2.3862146146981402
-2.3843145288273946
-2.382828617231341
-2.3822714555219413
-2.3805660694041584
-2.3805287804749993
-2.3798115108239277
-2.158226642904315
-2.158127254492805
-2.156880490872138
-2.156767779815418
-2.155314462977981
-2.1539299638274207
-2.150477770109282
-1.951505609192692
-1.9483679965458625
-1.9452123193113686
-1.9438219626102289
-1.9430803405025585
-1.9429565395428643
-1.9424228241886492
-1.7468029369263613
-1.746736848335228
-1.7454448027789962
-1.745428149947441
-1.7438099174588195
-1.7433141586740688
-1.7417466661714238
-1.570525899614658
-1.5686309398950293
-1.5657784827434922
-1.5633473475339574
-1.5626119981152253
-1.5622747496083023
-1.5621674858047054
-1.399116215056465
-1.398855869413753
-1.3979234379426986
-1.3977465660227926
-1.3966744068706103
-1.3964299567624465
-1.3961106737163367
-1.2569484232226833
-1.2556462194816207
-1.2544293714401291
-1.2535151015573498
-1.2524307593322752
-1.2511559238082304
-1.2499605975594164
-1.1312645109875539
-1.1302223664358144
-1.1292146941072592
-1.1272018687016565
-1.1252592360271048
-1.121795782400602
-1.1167795058608456
-1.0369563460506892
-1.030088148780418
-1.0248902550045538
-1.022504782554497
-1.0180579309777607
-1.0158348642131518
-1.0123808492116002
-0.9507749060171015
-0.9487055248161075
-0.9466870265574804
-0.9428141552876469
-0.937372014196764
-0.9289463916280162
-0.912473086470867
-0.8864535493767048
-0.8830886496673247
-0.8808269403247351
-0.8769188744103396
-0.8753167166424625
-0.8724815108789953
-0.8652078939610344
-0.8472286943099007
-0.8453921624018093
-0.8440903850741658
-0.8407504529607678
-0.8394938681551476
-0.8354727532337296
-0.8197030184565748
-0.8164596335946737
-0.8151986359268114
-0.8134444967860986
-0.8126401773434103
-0.8110554238281795
-0.809566824065043
1.2202159956458636
1.2210116382286
1.2220025013666904
1.2241611746478502
1.2251096297068842
1.2273609267527832
1.2319977105604454
1.2397933404053032
1.2436790830063242
1.2486910917299192
1.2502545217477359
1.2554580416937677
1.258364898187615
1.2738620879291047
1.2768667548542212
1.2816556867011415
1.2850381050492967
1.2884972311452818
1.2913205240522352
1.2928922629245825
1.3366961132915207
1.3398361568541879
1.3417739017716062
1.342686236281085
1.343509154716753
1.34490023234572
1.3467794039914365
1.4123057522591138
1.4143711628812565
1.4189687936448068
1.4224582213585528
1.4233520653052443
1.4251004476899118
1.4273291928148768
1.52516871999443
1.526759246106913
1.5282772969832359
1.528533974251769
1.5304102834174342
1.5307237962471396
1.5317211255256815
1.6493749870263426
1.6524967650286766
1.65633484401953
1.659122430449054
1.6594366699827072
1.6599023604698355
1.66041410649528
1.8105255564517653
1.8109646455699406
1.8117575164136739
1.812519172653948
1.8140977817021713
1.8141841601543298
1.8164989268514056
1.979548432641708
1.9833800470450709
1.9868413049503089
1.9878014902265961
1.9885889459119885
1.9888866156249059
1.9892856947581747
2.1811070245051707
2.181489597373248
2.1823216293599876
2.1829013711336023
2.184424657280067
2.1851095924420845
2.188831218214159
2.3945069209219327
2.3957167664059327
2.3977185170111346
2.397949491087451
2.3995889332185913
2.4000646029285138
2.4005547661584536
2.6257584118949424
2.626037949420477
2.626781673377116
2.62710312103162
2.6283105828131954
2.629404374987764
2.633661262110436
2.869244171087349
2.875664563034069
2.8821965572224384
2.8885532646925385
2.894490180373838
2.899809130598004
2.904356671502897
-2.8748223881712307
-2.8683758391647745
-2.8622891795347725
-2.8568867071243345
-2.8524614181582573
-2.849225423028138
-2.8472695881091745
-2.62348351722796
-2.6232833150684036
-2.622660663655259
-2.62157900917416
-2.6214326033537607
-2.6181043956214123
-2.6128692455238256
-2.387158381910281
-2.3838201325184163
-2.383593011470405
-2.3817763372480414
-2.3809986074608824
-2.380229749047183
-2.3798532033937576
-2.1582847278178843
-2.158011740370669
-2.157259108744321
-2.156166887409862
-2.1556828428809425
-2.1530838291073793
-2.1496499487985252
-1.9521357253200837
-1.9492033409349043
-1.945938037393623
-1.9436324887006113
-1.9434802773114535
-1.9427518806102193
-1.9424522658869323
-1.7468949075844058
-1.7465764935041397
-1.7458440750538946
-1.7449256791822285
-1.7441872310912885
-1.7428149496991647
-1.7416025821870558
-1.5706958950594176
-1.5692497490629091
-1.5665020936596874
-1.5638540343110072
-1.5625621230787663
-1.5623602760533921
-1.5621496379129258
-1.3991444748319868
-1.3987870046128013
-1.398105255877941
-1.3975671274708112
-1.3968119011816178
-1.3964941554255959
-1.3962460727850252
-1.257095570946133
-1.2558819971303103
-1.2547090110180807
-1.2537334183135205
-1.2526836946812692
-1.2513900348891276
-1.2501065651726722
-1.131380164301061
-1.1301891511227884
-1.1294110078559525
-1.1271829446090258
-1.1254521134689077
-1.1218676001319219
-1.1167944111917922
-1.0369835759931896
-1.030263611678253
-1.025447780195427
-1.0222130063750485
-1.018397741941849
-1.015766390132946
-1.0128196669749752
-0.9509079848978299
-0.9488879705508826
-0.94652144936787
-0.9429911927957975
-0.937511105777391
-0.9290221064934873
-0.9124985111170262
-0.8867699122499582
-0.8832988806390984
-0.8809421314348861
-0.8770199912742477
-0.8755029006201875
-0.8725049832582733
-0.8659998661284797
-0.8474608596564978
-0.8452918149794131
-0.8442883020795277
-0.8410721383648718
-0.8393412469940279
-0.8360484571009628
-0.8197651377690418
-0.8166115738280545
-0.8148740045242726
-0.8139509101385567
-0.8125401097899563
-0.8112100838406017
-0.8096042311781338
1.2198657971011522
1.2208866882680305
1.221808884169538
1.2239507699062744
1.22489214931446
1.2272105878622712
1.231988796805829
1.2394815185424757
1.243303052424343
1.2483953971948067
1.2501331414630286
1.255365681905049
1.2583607706775473
1.2736427204417275
1.2764555290428625
1.2811986282183785
1.2845779382765892
1.288070299581993
1.2908750356249818
1.2927604130413348
1.3366958749817222
1.339840075744554
1.3416321868474854
1.3426069660610886
1.3434761431786435
1.3445665385596681
1.3467161721403216
1.4124380665158525
1.413529332629095
1.417758693701903
1.4219973582514964
1.4231985763916382
1.4250651005159591
1.4273214408613637
1.5251646744053216
1.5268110156784758
1.5279432049927277
1.5290026648157824
1.5299477196206586
1.5311120361690007
1.5315498827453253
1.6489401700627986
1.6515710086927036
1.6554158614931604
1.6585931579859148
1.6594776308294623
1.659931930302934
1.6603947114643451
1.8106479216131874
1.8107455009382776
1.8120806250989678
1.8122906650867416
1.8137654694168246
1.8148376412830838
1.8168614126962799
1.978711186205939
1.9824010923904154
1.9860806644457667
1.9879482669840305
1.9885354397104897
1.9888143039276822
1.989321277340378
2.1812507003109927
2.181266832455653
2.182499327838755
2.182886382286322
2.184086963968011
2.18598906795299
2.189786666591508
2.3935179779538744
2.396184551375794
2.397191204167752
2.398230595522848
2.3996847689665968
2.399941973282211
2.4005828264276188
2.6258712182766195
2.6258761660349066
2.6267972335344765
2.627281557938346
2.628032218453542
2.6303196202216026
2.6349618796133054
2.870821844065752
2.8772989420438106
2.8838125006921653
2.890085382459521
2.895884585134604
2.901023396910931
2.905359004730849
-2.874822388171234
-2.8683758391647776
-2.862289179534768
-2.8568867071243327
-2.852461418158257
-2.849225423028138
-2.847269588109173
-2.623483517227966
-2.6232833150684036
-2.6226606636552585
-2.6215790091741598
-2.6214326033537616
-2.618104395621414
-2.612869245523826
-2.3871583819102846
-2.3838201325184167
-2.383593011470406
-2.3817763372480396
-2.38099860746088
-2.3802297490471918
-2.3798532033937643
-2.1582847278178816
-2.1580117403706707
-2.1572591087443245
-2.1561668874098623
-2.1556828428809465
-2.153083829107384
-2.149649948798527
-1.9521357253200842
-1.9492033409348988
-1.9459380373936297
-1.9436324887006113
-1.9434802773114508
-1.9427518806102164
-1.9424522658869368
-1.7468949075844051
-1.746576493504137
-1.7458440750538982
-1.7449256791822274
-1.7441872310912916
-1.7428149496991714
-1.741602582187056
-1.5706958950594188
-1.5692497490629052
-1.5665020936596858
-1.5638540343110023
-1.5625621230787667
-1.5623602760533868
-1.5621496379129252
-1.3991444751202642
-1.3987870036986374
-1.3981052581314994
-1.3975671243161312
-1.3968119058140085
-1.3964941507651794
-1.3962460743400567
-1.2570956851509913
-1.2558811441529154
-1.254711825811876
-1.2537293032059946
-1.2526865296022613
-1.2513890803063477
-1.2501067239212555
-1.1312197936193213
-1.1306756936854332
-1.1287413470406509
-1.1276912622919815
-1.1252602407162884
-1.1218967634229169
-1.1167922900531828
-1.0369894539458246
-1.0301743595757287
-1.0258639686099302
-1.021100396042955
-1.019604841647304
-1.0151709721277806
-1.01298785167762
-0.9507013519168658
-0.9493897196415322
-0.9459797886724692
-0.943293493092821
-0.9374469614696302
-0.9290312267824694
-0.9124973516780096
-0.8867939028612024
-0.8831987625802419
-0.8810471053132021
-0.8770164706071748
-0.8754527858167976
-0.8725332683417977
-0.8659964726431946
-0.8472968315104075
-0.8459762760520915
-0.8431847263269465
-0.8419820882981748
-0.8389507899739261
-0.8361131935300533
-0.8197561939494911
-0.8166588153141218
-0.8147135790753165
-0.8141065702211773
-0.8124968002881341
-0.8112196121216746
-0.8096036502860771
1.2198794290693322
1.2208063611006579
1.2219716639969318
1.2236272171240992
1.2252383079759221
1.2270642214492204
1.2320345136379351
1.2393942531138282
1.2434792429549144
1.2480184101655647
1.2504659771545636
1.2552867093466944
1.2583719255963237
1.2738052093174066
1.2761220189780902
1.2818193005094225
1.2838761273240575
1.2885591306036754
1.290572153231508
1.2928316299156368
1.336696337146854
1.3398318456378144
1.3416825431406365
1.3425243936885953
1.3435273537926067
1.3445550769690922
1.346716404429845
1.4124380922407782
1.4135292891459055
1.4177587435061412
1.421997169528528
1.4231987968219715
1.42506502820238
1.4273214494265272
1.5251646725467467
1.5268110380091715
1.5279431295280057
1.5290027906827204
1.529947613324706
1.531112099968358
1.53154985436759
1.6489401700629125
1.6515710086922146
1.655415861495273
1.6585931579592683
1.6594776309219657
1.659931930207127
1.6603947114925584
1.8106479216131786
1.810745500938292
1.812080625098948
1.8122906650867605
1.8137654694168224
1.8148376412830833
1.8168614126962788
1.9787111862059388
1.982401092390417
1.9860806644457656
1.9879482669840312
1.9885354397104913
1.988814303927682
1.989321277340379
2.181250700310994
2.181266832455653
2.182499327838755
2.182886382286321
2.1840869639680105
2.1859890679529896
2.1897866665915084
2.3935179779538744
2.396184551375794
2.397191204167751
2.398230595522847
2.3996847689665977
2.3999419732822105
2.4005828264276174
2.6258712182766204
2.6258761660349044
2.6267972335344765
2.6272815579383444
2.6280322184535474
2.6303196202216057
2.6349618796133054
2.870821844065754
2.87729894204381
2.8838125006921644
2.89008538245952
2.895884585134604
2.9010233969109334
2.905359004730848
-2.874822388171232
-2.868375839164778
-2.862289179534769
-2.8568867071243385
-2.8524614181582564
-2.8492254230281335
-2.847269588109173
-2.6234835172279642
-2.6232833150684085
-2.6226606636552545
-2.6215790091741593
-2.621432603353763
-2.618104395621416
-2.6128692455238296
-2.3871583819102806
-2.383820132518415
-2.3835930114704045
-2.38177633724804
-2.3809986074608824
-2.38022974904719
-2.3798532033937594
-2.1582847278178843
-2.158011740370671
-2.157259108744326
-2.1561668874098645
-2.1556828428809434
-2.153083829107383
-2.1496499487985226
-1.9521357253200833
-1.949203340934903
-1.9459380373936268
-1.9436324887006118
-1.9434802773114512
-1.94275188061022
-1.9424522658869343
-1.7468949075844054
-1.746576493504135
-1.7458440750538997
-1.74492567918223
-1.7441872310912898
-1.7428149496991683
-1.7416025821870518
-1.5706958950594172
-1.569249749062903
-1.5665020936596847
-1.5638540343110001
-1.5625621230787647
-1.5623602760533923
-1.5621496379129294
-1.3991444750454447
-1.3987870039439292
-1.3981052574889836
-1.3975671252574229
-1.3968119043453655
-1.396494152279371
-1.3962460738252493
-1.2570958716723288
-1.2558797747650616
-1.2547162182688423
-1.2537229499752258
-1.2526908577612013
-1.2513876643136357
-1.2501069553957898
-1.1311334693423147
-1.1308163919818253
-1.128513152994687
-1.127898320593208
-1.1252209286670145
-1.1219032395944417
-1.1167918876492688
-1.036987921144656
-1.030202557412268
-1.0257334720567093
-1.0215945094639072
-1.0190626400102807
-1.0154024296766846
-1.0129082626398536
-0.9509235887146692
-0.948827605992751
-0.94659816785612
-0.9429486657443751
-0.9375234924395739
-0.92902002718944
-0.9124989865800438
-0.886687727136336
-0.8837283749981398
-0.8798974892481698
-0.8783601390846917
-0.8745729710190849
-0.8728021521142498
-0.8659895419143882
-0.8472144326703641
-0.8461127232124445
-0.8431643500400702
-0.8418870892450647
-0.8390417825004097
-0.8360822856323475
-0.8197742336094981
-0.8165254283563573
-0.8151184633661945
-0.8136667785472377
-0.8126857203461337
-0.8111787787159213
-0.8096068433203076
1.2199033473359235
1.2206982748241686
1.2223080657897625
1.223134732850014
1.2258372875569963
1.2266499726926403
1.23213519528477
1.2391587662616796
1.244269598935231
1.2466323419469678
1.2521096627625306
1.2540495225141457
1.2587911370560392
1.2733506785404975
1.2769694436500418
1.2807395595348052
1.2848683089443562
1.2879773331535849
1.290869218419837
1.2927713569741168
1.336696186866207
1.3398274933970205
1.3417523071496806
1.342397306406454
1.343623623818369
1.3445188791081737
1.346718155602685
1.4124380827265657
1.4135293045963104
1.4177587281196686
1.4219972227211946
1.4231987353799669
1.4250650483706533
1.427321446952371
1.5251646833807984
1.526810917016729
1.5279435197231475
1.5290021669457172
1.5299481213230364
1.53111180774519
1.5315499822926997
1.6489401700628241
1.651571008692586
1.6554158614937275
1.6585931579781514
1.6594776308569885
1.659931930274116
1.6603947114729238
1.8106479216131757
1.810745500938292
1.812080625098945
1.8122906650867623
1.8137654694168226
1.8148376412830842
1.81686141269628
1.9787111862059397
1.9824010923904154
1.9860806644457678
1.9879482669840298
1.9885354397104902
1.9888143039276827
1.9893212773403768
2.1812507003109953
2.181266832455654
2.182499327838754
2.182886382286321
2.184086963968011
2.18598906795299
2.189786666591509
2.3935179779538744
2.396184551375794
2.3971912041677506
2.398230595522847
2.3996847689665977
2.399941973282211
2.4005828264276166
2.6258712182766235
2.6258761660349097
2.6267972335344765
2.6272815579383453
2.6280322184535474
2.630319620221605
2.6349618796133045
2.870821844065753
2.8772989420438098
2.8838125006921618
2.8900853824595174
2.8958845851346013
2.9010233969109307
2.905359004730851
-2.8748223881712276
-2.868375839164776
-2.862289179534765
-2.856886707124333
-2.852461418158252
-2.84922542302813
-2.8472695881091723
-2.6234835172279642
-2.623283315068407
-2.62266066365526
-2.621579009174159
-2.621432603353763
-2.6181043956214145
-2.6128692455238314
-2.387158381910277
-2.383820132518414
-2.383593011470403
-2.381776337248039
-2.3809986074608793
-2.3802297490471838
-2.379853203393759
-2.1582847278178847
-2.158011740370676
-2.157259108744324
-2.156166887409863
-2.155682842880946
-2.153083829107386
-2.149649948798524
-1.952135725320086
-1.9492033409349039
-1.9459380373936268
-1.9436324887006133
-1.9434802773114532
-1.9427518806102264
-1.9424522658869376
-1.7468949075844058
-1.7465764935041395
-1.745844075053902
-1.7449256791822296
-1.7441872310912878
-1.7428149496991665
-1.7416025821870555
-1.5706958950594176
-1.5692497490629065
-1.5665020936596836
-1.563854034311005
-1.5625621230787616
-1.562360276053394
-1.5621496379129232
-1.399144474757167
-1.3987870048580966
-1.3981052552354198
-1.3975671284121014
-1.3968118997129497
-1.3964941569398066
-1.3962460722702332
-1.257095757559394
-1.2558806307359507
-1.2547134239064421
-1.2537270631658606
-1.252688004183832
-1.251388616092302
-1.2501067965077604
-1.1313470472646066
-1.1303409125808883
-1.129226437180066
-1.1272930813811388
-1.1254020465307388
-1.1218738599209575
-1.1167940078160428
-1.036982034923661
-1.0302897658774453
-1.0252727825097883
-1.0225424953572289
-1.01794625645846
-1.0161010226068996
-1.0127573643348258
-0.9510669672475806
-0.9480374694698259
-0.9474356141423147
-0.9426992447861634
-0.9375905670237387
-0.9290109533082688
-0.9125001462296003
-0.8866603018364966
-0.8838021474652946
-0.8797701569963005
-0.8784292822625476
-0.8746213782389692
-0.8727621099575098
-0.8659929162217279
-0.8474064716226628
-0.8454743054480965
-0.8441736110299105
-0.8409539844163689
-0.8394731974499736
-0.8360200064449194
-0.8197829908810929
-0.8164654250553595
-0.8152269255475256
-0.8135524364135879
-0.8127515831991688
-0.8111702836148894
-0.8096074317693835
1.2198879323116154
1.2207625116285825
1.2220897915118702
1.2234256185513954
1.2254893089130736
1.2269027901561274
1.2320903044068208
1.2392351376934252
1.2440209903737054
1.246929528452977
1.2518514568885368
1.2542115931526574
1.258786034492952
1.2732428523358728
1.2773480883535193
1.2802118193616598
1.2855457538377892
1.2873788706754385
1.2911248675465168
1.2926885516804631
1.336695724773434
1.3398356272518215
1.3416907746117197
1.3424830944241535
1.3435788575958219
1.3445319516722865
1.3467179247274004
1.412438057002296
1.4135293480789541
1.4177586783156393
1.421997411460233
1.4231985149356203
1.4250651206819092
1.4273214383871602
1.5251646852394432
1.526810894693933
1.5279435952327522
1.5290020411152714
1.5299482275508574
1.5311117439534505
1.5315500106416016
1.6489401700627109
1.651571008693074
1.655415861491616
1.6585931580047988
1.6594776307644843
1.6599319303699231
1.6603947114447122
1.810647921613186
1.8107455009382782
1.8120806250989652
1.8122906650867432
1.8137654694168248
1.8148376412830838
1.8168614126962797
1.9787111862059374
1.9824010923904156
1.9860806644457674
1.9879482669840303
1.9885354397104908
1.9888143039276824
1.9893212773403766
2.1812507003109927
2.1812668324556537
2.1824993278387548
2.1828863822863225
2.1840869639680114
2.185989067952988
2.18978666659151
2.3935179779538744
2.396184551375794
2.3971912041677506
2.398230595522847
2.3996847689665977
2.3999419732822105
2.4005828264276183
2.6258712182766213
2.6258761660349053
2.6267972335344734
2.627281557938343
2.6280322184535434
2.630319620221603
2.634961879613305
2.870821844065749
2.877298942043809
2.8838125006921627
2.890085382459522
2.895884585134602
2.9010233969109276
2.90535900473085
