-2.569561349496622
-2.5671045017322944
-2.564350186362756
-2.561280008532644
-2.557876007920841
-2.55406497651904
-2.5499514322269268
-2.5454543172235296
-2.5405582299965306
-2.5352490369167207
-2.529514279070773
-2.523343714502203
-2.5166663766731103
-2.5095858184930884
-2.5020590723902436
-2.494094322409667
-2.4857072673536313
-2.0816347028501356
-2.069589859073004
-2.058400928295793
-2.054865357507076
-2.051187210596466
-2.0413431802913955
-2.038699409418207
-2.0328676332710436
-2.0304575678752848
-2.0248483716080115
-2.0205975790798827
-2.0153455950982426
-2.0112917444764298
-2.00871468296004
-2.008222158664928
-2.0053890355990314
-2.0052669031522967
-1.868229840319515
-1.8679366215437339
-1.863470517798906
-1.8622762096159402
-1.8599922441780314
-1.8506013134948565
-1.8497742757954105
-1.8400203835851447
-1.838757299307688
-1.8364044492220504
-1.8339360561804574
-1.8318931925511797
-1.7159275952644715
-1.7130824668342075
-1.7082350010835305
-1.701633031414803
-1.6939150593816859
-1.5959172594617637
-1.5897310080577693
-1.5834214544074787
-1.5799221030924986
-1.579286052469037
-1.5683579111262338
-1.567688430645625
-1.5619392251470212
-1.5605946710751128
-1.5586684008566436
-1.555430811146235
-1.5522328797578924
-1.2089500475510728
-1.2077271885368732
-1.20616451114044
-1.2048435052218678
-1.2040544254434866
-1.1937557410751274
-1.1932432553527674
-1.1866111886444386
-1.184784424561301
-1.1819758021708706
-1.1788219694494688
-1.1780324273828389
-1.1632466560282495
-1.1623802864285842
-1.1614778859458985
-1.1600222176959087
-1.159585593591425
-0.2969336451122176
-0.29547872982004747
-0.2950011460489818
-0.2943319902754482
-0.29354603183028005
-0.24872609233232792
-0.2455754151043154
-0.24081234630923953
-0.23236259292300854
-0.22936554896375524
-0.20990644684850773
-0.2070637404573329
-0.15202528537533733
-0.1480853025168695
-0.13813236310382787
-0.12572145683231029
-0.11300491682595022
-0.09324727608196959
-0.07882303691207457
-0.06855458875073056
-0.05073375244062067
-0.04277011103436266
-0.000761739042403902
0.0029612794075046613
0.016823364207135476
0.026529293899026807
0.03593927451203834
0.04521250896847386
0.048914370049633366
0.10444854306315694
0.10628707274023667
0.10926580342208338
0.11122758951432096
0.11239081733361421
0.7750617626345814
0.7790437959361133
0.779829028911334
0.7893832157157671
0.7910637273408556
0.8081866238012567
0.8093017499089443
0.8339937413316185
0.834263487038887
0.8523426444449181
0.8534753264678189
0.8603915430225234
0.955095730462623
0.9560763083999795
0.9619723268735202
0.9631392294759349
0.9661892618738301
1.2019409833494417
1.2068705248001035
1.2236190183265663
1.249471499383853
1.2712410260161915
1.2886642642887716
1.3014000772251564
1.3142401752605954
1.3243023651314274
1.336884877350791
1.3411396687779003
1.346769398014566
1.5566017426416037
1.557657718072345
1.5665817095084908
1.5700135526591759
1.5773665956265848
1.6240301661442145
1.6270020192276415
1.6461099980407115
1.6475143178324294
1.666931379543785
1.679004842403531
1.6862457241019966
1.7049870426381788
1.7163525169394585
1.7176039963998198
1.7226980275797672
1.7230972347853066
2.157475706874447
2.164152914505825
2.175903626781914
2.1919556659112676
2.211191598005274
2.232465929380481
2.254474372648085
2.2762492823279623
2.2969247446050303
2.3157811171083913
2.3322225988591954
2.345746943489061
2.356205176679897
2.362160441246094
2.363017800441048
2.365845498133158
2.3662153343023338
3.0807134410332364
3.0907767175562166
3.1019632233088106
3.1141613091825353
3.1271977526285815
3.140852462407771
3.154871421398001
3.168990898042911
3.182948398396738
3.196495132692958
3.209403491833305
3.2214710867386325
3.2325222560822597
3.2424075056716064
3.2510023730864424
3.2582053450939688
3.2639358143337764
-2.569561349496626
-2.5671045017322998
-2.5643501863627614
-2.5612800085326457
-2.557876007920844
-2.554064976519039
-2.5499514322269277
-2.5454543172235327
-2.5405582299965275
-2.535249036916719
-2.529514279070772
-2.523343714502195
-2.516666376673111
-2.5095858184930817
-2.5020590723902503
-2.494094322409671
-2.4857072673536287
-2.081634702850136
-2.0695898590730084
-2.0584009282938998
-2.0548653575198577
-2.0511872105651965
-2.0413431811189255
-2.0386994073100375
-2.0328676416449936
-2.030457556833479
-2.024848379007611
-2.020597578366687
-2.0153455650443446
-2.0112919305896337
-2.0087133498364573
-2.0082234670107906
-2.0053879149737726
-2.0052678897784344
-1.8682025281989882
-1.867970252200212
-1.8633791008892673
-1.8624059373784532
-1.8599392830641124
-1.8507096226712176
-1.8496630865171906
-1.8401701739453802
-1.838519707576771
-1.8365364359786072
-1.833895723963721
-1.8319005512092912
-1.7159275948669415
-1.713082467735664
-1.7082350002903706
-1.7016330317828217
-1.693915059301782
-1.5959172817735234
-1.5897307086270798
-1.5834256599228451
-1.5798801534697335
-1.5793261853932803
-1.5682801230818242
-1.5677748003174217
-1.5618785564347863
-1.5606647398788183
-1.558646191302707
-1.5554330844220412
-1.5522327226200465
-1.2089483251845883
-1.2077359894150137
-1.2061377304961314
-1.204886764514033
-1.2040302746620608
-1.193765493558784
-1.193234224529768
-1.186598346706546
-1.1848122044068976
-1.1819476562788982
-1.1788587428154431
-1.178008620651738
-1.1632530586067145
-1.1623646864471282
-1.1614904117290537
-1.160015967006665
-1.159588629211156
-0.2969336697706168
-0.2954781858193347
-0.2950021786927023
-0.29433130666967533
-0.29354620224147554
-0.2487259588345515
-0.24557579673893273
-0.2408118942161896
-0.2323632177638386
-0.22936510616089137
-0.2099064978934673
-0.2070637136686723
-0.15202445679917143
-0.14808688545698387
-0.13813090439119588
-0.1257227226436698
-0.11300411598370101
-0.09324769303624048
-0.07882286367705926
-0.0685544610286561
-0.050734124252416
-0.042769827440728214
-0.0007624988634718428
0.002962255105303232
0.016822878471829242
0.026529649211967488
0.0359391250742908
0.045212548840712595
0.04891436150791738
0.10444853170206528
0.10628709788383393
0.10926577252397304
0.11122761653967579
0.11239080735736705
0.7750617626060663
0.7790437966243258
0.7798290281331005
0.789383216785828
0.7910637262740118
0.8081866257862752
0.809301747956492
0.8339937500447278
0.8342634782887893
0.8523426457467544
0.8534753252221501
0.8603915430860917
0.9550957305351165
0.9560763082983386
0.9619723270417226
0.9631392293169068
0.966189261893808
1.201940983349481
1.206870524800034
1.223619018326629
1.2494714993837668
1.2712410260162532
1.2886642642892552
1.301400077223267
1.3142401752645865
1.3243023651267725
1.336884877356903
1.341139668772923
1.3467693980154907
1.5566017426423464
1.5576577180713438
1.5665817095096501
1.5700135526580339
1.577366595626837
1.6240301661438585
1.627002019228079
1.6461099980395784
1.6475143178335063
1.6669313795437206
1.679004842403575
1.6862457241019784
1.70498704263818
1.7163525169394556
1.71760399639982
1.7226980275797714
1.7230972347853037
2.1574757068744472
2.1641529145058236
2.1759036267819134
2.191955665911267
2.2111915980052754
2.2324659293804814
2.2544743726480845
2.2762492823279645
2.2969247446050307
2.3157811171083917
2.3322225988591945
2.345746943489061
2.3562051766798975
2.362160441246094
2.3630178004410483
2.3658454981331594
2.3662153343023338
3.0807134410332364
3.0907767175562197
3.1019632233088084
3.114161309182534
3.1271977526285792
3.1408524624077696
3.154871421397998
3.168990898042915
3.1829483983967375
3.1964951326929616
3.2094034918333065
3.221471086738638
3.2325222560822584
3.242407505671607
3.25100237308644
3.2582053450939674
3.2639358143337747
-2.5695613494966256
-2.5671045017322975
-2.564350186362759
-2.561280008532647
-2.5578760079208367
-2.554064976519041
-2.549951432226922
-2.5454543172235344
-2.5405582299965257
-2.5352490369167207
-2.5295142790707748
-2.523343714502194
-2.516666376673112
-2.509585818493083
-2.5020590723902507
-2.494094322409663
-2.485707267353629
-2.0816347028501334
-2.0695898590730004
-2.058400928297205
-2.054865357494603
-2.0511872106359
-2.041343178225248
-2.0386994158462937
-2.0328675907084635
-2.0304576407903068
-2.024848250074913
-2.0205977996545355
-2.0153450767910144
-2.011293620451048
-2.0087036423839826
-2.008232634978984
-2.0053812553580976
-2.0052737562035152
-1.8681763858616496
-1.8680008521642693
-1.8633045701067463
-1.8625027253193218
-1.8599078181574347
-1.8507569170879592
-1.8496155255095783
-1.8402202620763333
-1.8384341331253131
-1.8365875727039473
-1.833882773527814
-1.831902867952866
-1.7159275947077963
-1.7130824681035308
-1.708234999959916
-1.701633031937284
-1.6939150592687955
-1.5959172930059347
-1.5897305333579619
-1.5834285219056923
-1.5798445169982227
-1.5793609067496606
-1.5681633335139618
-1.567900818231808
-1.561804022018865
-1.560750657843827
-1.558621183316457
-1.5554359019729316
-1.5522325183290353
-1.2089426875945761
-1.2077653335905918
-1.206025045526444
-1.2050595849102947
-1.203942635122009
-1.1938991560369623
-1.1930808675714137
-1.1867533647752824
-1.1845684548580881
-1.1821214305154646
-1.1786836660431523
-1.1781223957428173
-1.1632419301224883
-1.1623905485485106
-1.16147047389467
-1.1600254155130385
-1.1595841358548302
-0.29693368901740586
-0.2954777662672025
-0.29500296919119273
-0.29433078803533813
-0.2935463307502325
-0.24872591075336958
-0.24557592102257197
-0.24081177256967828
-0.2323633101319448
-0.2293650643331393
-0.20990645217497583
-0.20706375616365524
-0.15202430649391735
-0.1480871020870528
-0.13813086678574032
-0.12572256785065983
-0.11300436488723128
-0.09324732565055835
-0.07882345007801783
-0.06855399500808551
-0.05073433706476706
-0.04276974030254183
-0.0007621501614403072
0.002961738183481156
0.016823298306617492
0.026529207205767843
0.03593941814572725
0.04521237701811029
0.04891443411427652
0.10444853328865787
0.10628709330596392
0.10926578024321833
0.1112276085903024
0.11239081055391309
0.7750617625664313
0.7790437974427027
0.7798290272351486
0.7893832176433853
0.7910637254735062
0.8081866264396572
0.8093017473595865
0.8339937484844365
0.8342634799026821
0.8523426449824487
0.8534753259904918
0.8603915430340846
0.9550957305969381
0.9560763082146859
0.9619723271527755
0.9631392292165927
0.9661892619049431
1.2019409833494632
1.2068705248000684
1.2236190183265736
1.2494714993839562
1.2712410260154945
1.288664264291734
1.301400077218684
1.3142401752705593
1.3243023651217092
1.3368848773614093
1.3411396687697277
1.3467693980159794
1.5566017426428342
1.5576577180707079
1.5665817095101977
1.5700135526575583
1.5773665956269138
1.6240301661439827
1.6270020192279067
1.6461099980404046
1.6475143178326894
1.6669313795438019
1.679004842403495
1.6862457241020221
1.7049870426381681
1.7163525169395355
1.7176039963997347
1.7226980275798356
1.7230972347852527
2.1574757068744455
2.164152914505823
2.1759036267819125
2.191955665911267
2.2111915980052754
2.2324659293804823
2.2544743726480836
2.2762492823279628
2.2969247446050325
2.3157811171083904
2.3322225988591936
2.345746943489061
2.3562051766798975
2.362160441246094
2.363017800441048
2.365845498133159
2.366215334302334
3.080713441033235
3.0907767175562197
3.1019632233088084
3.114161309182531
3.127197752628581
3.140852462407776
3.1548714213979907
3.1689908980429133
3.182948398396742
3.196495132692963
3.2094034918333074
3.2214710867386396
3.2325222560822584
3.2424075056716046
3.2510023730864455
3.258205345093966
3.2639358143337756
-2.5695613494966247
-2.567104501732293
-2.5643501863627587
-2.561280008532645
-2.5578760079208407
-2.5540649765190384
-2.5499514322269303
-2.5454543172235358
-2.540558229996533
-2.53524903691672
-2.5295142790707743
-2.5233437145022037
-2.5166663766731103
-2.50958581849309
-2.5020590723902467
-2.494094322409675
-2.485707267353632
-2.0816347028501343
-2.069589859072999
-2.058400928299094
-2.054865357481821
-2.0511872106671647
-2.0413431773977146
-2.0386994179544593
-2.0328675823340996
-2.030457651832415
-2.024848242675183
-2.020597800368328
-2.0153451068552983
-2.0112934346743048
-2.008705025726595
-2.0082312762752674
-2.005382494490182
-2.00527265086221
-1.8682106262661722
-1.867960330684784
-1.8634118707688885
-1.8623588569387208
-1.8599590239544876
-1.8506594327232253
-1.8497159004530184
-1.8400838501973895
-1.838664826306324
-1.8364496732899216
-1.8339225442615876
-1.8318954677484105
-1.7159275951053197
-1.7130824672020777
-1.70823500075308
-1.7016330315692587
-1.6939150593486976
-1.5959172706944262
-1.5897308328295188
-1.5834243300093078
-1.5798914308234133
-1.57931579823577
-1.5682830240901535
-1.5677726524832436
-1.5618721197238188
-1.5606739230410434
-1.5586425302970557
-1.5554336196132876
-1.5522326754025122
-1.2089444490751136
-1.2077569294794128
-1.2060570899474738
-1.2050164839111652
-1.2039609294950493
-1.19389273429937
-1.1930865622318305
-1.1867637233704187
-1.184540568309987
-1.182151150983702
-1.1786325598312772
-1.1781615546464512
-1.1632352560913228
-1.1624059410621088
-1.1614583766002466
-1.1600316146357659
-1.159581202249921
-0.29693366436099466
-0.2954783116432307
-0.2950019361761239
-0.2943314707472136
-0.2935461602269873
-0.24872604425864367
-0.24557553939423774
-0.24081222465355065
-0.23236268530563436
-0.22936550711684806
-0.20990640112893863
-0.20706378295342973
-0.15202513516109373
-0.14808551907451847
-0.13813232547261736
-0.1257213020260732
-0.11300516574313761
-0.09324690869144264
-0.07882362332490554
-0.06855412273352025
-0.050733965258402645
-0.042770023887077006
-0.00076139016036202
0.002960762319147786
0.01682378405076413
0.02652885188007279
0.03593956757542629
0.0452123371450964
0.048914442655233654
0.10444854464978129
0.10628706816238025
0.10926581114142446
0.11122758156490606
0.11239082053006504
0.7750617625949499
0.7790437967544896
0.779829028013383
0.7893832165733238
0.7910637265403505
0.8081866244546362
0.8093017493120392
0.8339937397714279
0.8342634886526789
0.8523426436806145
0.8534753272361575
0.860391542970518
0.9550957305244444
0.9560763083163263
0.9619723269845726
0.9631392293756216
0.9661892618849651
1.2019409833494268
1.2068705248001361
1.2236190183265097
1.2494714993840421
1.2712410260154356
1.2886642642912511
1.3014000772205716
1.3142401752665687
1.324302365126365
1.3368848773552984
1.3411396687747026
1.3467693980150528
1.5566017426420913
1.5576577180717082
1.5665817095090409
1.5700135526587
1.5773665956266616
1.6240301661443388
1.627002019227471
1.6461099980415357
1.6475143178316125
1.6669313795438663
1.6790048424034496
1.6862457241020448
1.7049870426381661
1.7163525169395375
1.7176039963997345
1.7226980275798327
1.723097234785257
2.157475706874445
2.1641529145058245
2.175903626781912
2.191955665911269
2.211191598005275
2.2324659293804814
2.2544743726480845
2.2762492823279623
2.2969247446050307
2.3157811171083913
2.332222598859194
2.345746943489061
2.356205176679897
2.362160441246094
2.3630178004410487
2.365845498133158
2.3662153343023347
3.0807134410332404
3.090776717556217
3.1019632233088084
3.114161309182534
3.1271977526285784
3.140852462407772
3.1548714213979987
3.1689908980429147
3.1829483983967406
3.196495132692963
3.209403491833306
3.221471086738634
3.232522256082254
3.2424075056716055
3.251002373086444
3.2582053450939683
3.2639358143337764
-2.5701312721345158
-2.5677458744549995
-2.565067665461391
-2.56207815564991
-2.5587592669463204
-2.5550353297889554
-2.5510151527902285
-2.5466154158068184
-2.5418204540473934
-2.5366157774116536
-2.5309884617552156
-2.524927679493471
-2.518366415504172
-2.511397968641507
-2.5039822552623603
-2.4961258614535375
-2.487842421819202
-2.0785787769123916
-2.0666784696707015
-2.0564277441236243
-2.0559121200457486
-2.0513123232859503
-2.0405331897707013
-2.0396575659134273
-2.031919678801605
-2.031244865248804
-2.025971201083884
-2.019042157596483
-2.0157542558087806
-2.0107774216290073
-2.009199132887874
-2.007846358040122
-2.005618615258928
-2.0051149771413743
-1.8682540497995537
-1.8680104849737225
-1.8635678688921535
-1.862613367167307
-1.8603927246938137
-1.8502901320897174
-1.8497110777832744
-1.839920350350527
-1.8385955552502657
-1.8364207066575002
-1.833344441307431
-1.8327485038048532
-1.7154039273672976
-1.7120543882645791
-1.7067365265597705
-1.6997828864247178
-1.6918932790225911
-1.5943021645728854
-1.588356249713626
-1.5825747447347773
-1.579744614127335
-1.5791413172653717
-1.5684676378434763
-1.5677129165689845
-1.5615786971329084
-1.5604137154294397
-1.5583219260458532
-1.5545955166389471
-1.5515281156233685
-1.2093939685526998
-1.2079396076362658
-1.206511510121094
-1.204900841390993
-1.204241383113575
-1.1937976388992033
-1.1934021320241153
-1.1870944643105368
-1.185094455721036
-1.1823441859619268
-1.1788376181877445
-1.1780844465338167
-1.163081018945137
-1.1621939900395823
-1.1612332107489216
-1.1598855012632854
-1.1595278363289647
-0.2972005270852744
-0.2956814899875197
-0.2952316550007319
-0.294105633167457
-0.29363680616274884
-0.24863234641449583
-0.24588006075707677
-0.2404036381219397
-0.23272896041790123
-0.22991035711706326
-0.2118561378719944
-0.20632363457805603
-0.15337672420772397
-0.14618197497714186
-0.14168687666250435
-0.11983155078241202
-0.1184802876909657
-0.0880560570090726
-0.08518081989652734
-0.06419023513389996
-0.05634827285853421
-0.041318945203800306
-0.0038131676155575603
0.0014380245927558379
0.02028183413019755
0.021938447028074706
0.037552462723524166
0.04378847503301792
0.04944095746184599
0.10419242760536837
0.10730765808955746
0.10805226122877509
0.11187237019044446
0.11198796133117175
0.7753153465871438
0.777535028750051
0.7819356789160908
0.7876784281418316
0.7929348635727353
0.805415717872618
0.8120949523387166
0.8301499171674327
0.8388589250029895
0.8486436208035816
0.8561377106454239
0.8595151157254965
0.954828327364847
0.9567450348077633
0.9613927720387172
0.9635892643376037
0.9661189879902133
1.202104481421438
1.20997373488263
1.22943147053092
1.2565728164553014
1.2692194636247467
1.2933182782231445
1.2964345027328685
1.3191762592114822
1.3205820265192847
1.3376685219308628
1.3408516643298103
1.3467294324549797
1.555622924760136
1.559935941155506
1.5634413908071678
1.5734847963486767
1.5756769269872926
1.6237332846023433
1.6281560406656737
1.640918589324458
1.6550765757904453
1.6618701245437957
1.6818312482955768
1.686465025227984
1.7018472201094577
1.7139171389137566
1.7194719620680654
1.7216504337084961
1.7235709196282916
2.1586460012829107
2.1666370782510858
2.1795529666737963
2.1965139549618913
2.216353451133541
2.2379365466934305
2.2599765030453423
2.281551656941182
2.3018345978872943
2.320138751781597
2.3358956404628515
2.348610883281418
2.3582434999446065
2.360783181695181
2.3641572332038243
2.3652195149179653
2.3664514377168544
3.078379743172934
3.0881527147937
3.0990662686266863
3.1110254808800604
3.1238714805279284
3.137394608796128
3.1513468498488413
3.165466121084756
3.179488132096315
3.193159816389575
3.206247769861622
3.2185430774087336
3.2298633775887065
3.2400527119556073
3.2489805543849246
3.256539838355635
3.2626449238668886
-2.570131272134517
-2.5677458744549986
-2.5650676654613918
-2.5620781556499113
-2.5587592669463213
-2.5550353297889536
-2.5510151527902227
-2.546615415806822
-2.541820454047393
-2.5366157774116513
-2.5309884617552147
-2.5249276794934645
-2.518366415504169
-2.511397968641506
-2.5039822552623634
-2.4961258614535367
-2.4878424218192006
-2.0785787769123893
-2.0666784696707206
-2.0564277440695675
-2.055912120117609
-2.0513123232368535
-2.0405331950936745
-2.039657558613092
-2.0319197493338192
-2.0312447848387762
-2.0259712224578634
-2.0190421198979958
-2.0157543052379103
-2.0107773831233957
-2.009199073910213
-2.007846491580617
-2.005618462428676
-2.0051150726962397
-1.86822675199098
-1.8680428958054467
-1.8634778530950094
-1.8627320793774198
-1.860353899506248
-1.8503911961346795
-1.8496066897955974
-1.8400388774254832
-1.8383965894650018
-1.8365355529703484
-1.833273530213674
-1.8327933469905882
-1.715403927115544
-1.7120543888545696
-1.7067365260185265
-1.6997828866857045
-1.6918932789634715
-1.5943022154305353
-1.588355465541878
-1.5825872280984747
-1.579633411972702
-1.5792445518538167
-1.5683659970142156
-1.567823791132833
-1.5614922451387816
-1.56050844413548
-1.558298867365305
-1.5545974513571692
-1.5515279466565535
-1.209392741675158
-1.2079480734993406
-1.2064884472204047
-1.2049456234679496
-1.2042116416444566
-1.1938265026823442
-1.193372004512006
-1.187098290494474
-1.1850958534075613
-1.182336871603876
-1.1788521316116471
-1.178074005153551
-1.1630850977633964
-1.1621839409137025
-1.1612419620203194
-1.1598795727925275
-1.1595310493161854
-0.29720052597939645
-0.2956815090822479
-0.29523162762803906
-0.29410565126582966
-0.29363679745604865
-0.2486322822332311
-0.24588023401415343
-0.2404033760393843
-0.23272951620397764
-0.22990992002236432
-0.21185622603857346
-0.20632357830911915
-0.15337669769089962
-0.1461823617432857
-0.1416863353061158
-0.11983613989211402
-0.11847565479434426
-0.08805917130542704
-0.08517756116624098
-0.06419117138251455
-0.05634761635065854
-0.04131903482805425
-0.0038133929423847645
0.001438387364488303
0.02027978093306519
0.021940508587789464
0.03755214321109918
0.043788701674157285
0.04944090210890643
0.10419242811732375
0.1073076592542841
0.10805225859400432
0.11187238637296489
0.11198794615065528
0.7753153466385636
0.777535028598679
0.7819356791730565
0.7876784277842465
0.7929348638415838
0.8054157177289922
0.81209495241944
0.830149917200002
0.8388589248942597
0.8486436209643787
0.8561377104719156
0.8595151158090345
0.9548283273381621
0.9567450348580099
0.9613927719749535
0.9635892643888773
0.966118987979103
1.2021044814214448
1.209973734882609
1.2294314705309812
1.256572816454831
1.2692194636258163
1.2933182782117805
1.2964345027456228
1.3191762591785559
1.3205820265518455
1.3376685219252695
1.340851664334264
1.3467294324544488
1.5556229247600228
1.5599359411559706
1.563441390806685
1.573484796349082
1.5756769269870203
1.6237332846022616
1.6281560406658155
1.640918589324334
1.655076575790624
1.6618701245436578
1.681831248295667
1.686465025227911
1.7018472201094714
1.713917138913742
1.719471962068094
1.7216504337084693
1.7235709196282982
2.1586460012829125
2.1666370782510866
2.179552966673795
2.1965139549618917
2.216353451133542
2.23793654669343
2.2599765030453423
2.281551656941183
2.301834597887295
2.3201387517815975
2.335895640462852
2.348610883281418
2.3582434999446056
2.3607831816951808
2.3641572332038234
2.365219514917966
2.366451437716855
3.0783797431729365
3.0881527147936967
3.0990662686266863
3.111025480880063
3.1238714805279315
3.1373946087961233
3.15134684984884
3.165466121084756
3.1794881320963158
3.1931598163895747
3.2062477698616196
3.218543077408729
3.229863377588709
3.2400527119556064
3.2489805543849233
3.2565398383556348
3.2626449238668904
-2.5701312721345193
-2.5677458744549964
-2.5650676654613895
-2.562078155649908
-2.5587592669463106
-2.555035329788954
-2.551015152790226
-2.546615415806826
-2.5418204540473854
-2.536615777411649
-2.5309884617552156
-2.524927679493466
-2.51836641550417
-2.511397968641499
-2.503982255262357
-2.4961258614535353
-2.4878424218192
-2.0785787769123907
-2.0666784696706997
-2.0564277441454775
-2.0559121200153068
-2.051312323316166
-2.040533183006487
-2.0396575757222184
-2.0319195215513615
-2.0312450530899855
-2.025971126908815
-2.0190424182847013
-2.015753693669835
-2.010780477027699
-2.0091926735318277
-2.00785131515707
-2.0056158369966908
-2.0051165442127084
-1.8681995559642899
-1.8680736802032116
-1.8633953978990474
-1.8628333191202537
-1.86032814940698
-1.8504439886385144
-1.8495521657721086
-1.8400976046985795
-1.8382871411259623
-1.8366047462136983
-1.8332315575331013
-1.832821956194702
-1.7154039271055341
-1.712054388893294
-1.7067365259586493
-1.699782886730971
-1.6918932789490448
-1.594302236147692
-1.5883551318792628
-1.5825927945615625
-1.5795513333474556
-1.5793232892393152
-1.568284450710478
-1.5679112150768815
-1.5614274843125389
-1.5605795499838706
-1.5582834120949094
-1.554598908026043
-1.5515278103180654
-1.2093884893923201
-1.2079777973647354
-1.2063928617134314
-1.2051143822319077
-1.2041085814027201
-1.1940025272470516
-1.193169121029719
-1.1872628282880835
-1.1848401383604015
-1.182513069606185
-1.1786758304411298
-1.1781968057253016
-1.163074035220614
-1.1622094668793215
-1.1612209629277954
-1.159892856195431
-1.1595240557527535
-0.2972005300271086
-0.2956814052304095
-0.2952317946238914
-0.2941055031093146
-0.2936368784973555
-0.24863209254979035
-0.24588071452654398
-0.24040273195286416
-0.232730676394601
-0.22990906019772736
-0.21185634185747132
-0.2063235146150966
-0.1533764463189362
-0.1461836581338071
-0.14168497491090662
-0.11984162934920058
-0.11847029861368587
-0.08806076828418409
-0.08517606197454718
-0.06419119830566045
-0.056347745634211174
-0.04131894111220009
-0.0038136839610866512
0.0014387611688552336
0.0202787482899649
0.021941477216786638
0.03755208133535623
0.04378872186838555
0.049440902557041415
0.10419242242348964
0.10730771168355137
0.10805220459872951
0.11187247390169412
0.11198786583106653
0.7753153466002318
0.7775350287220166
0.7819356789245164
0.7876784282159072
0.7929348634413844
0.8054157181159226
0.8120949520745723
0.8301499175007896
0.8388589245024045
0.8486436212939905
0.8561377102152861
0.8595151159171202
0.9548283273694519
0.9567450347947889
0.9613927720706281
0.9635892643049533
0.96611898799929
1.202104481421461
1.2099737348825712
1.229431470531035
1.2565728164546783
1.2692194636259417
1.2933182782148245
1.2964345027415314
1.3191762592042713
1.3205820265252621
1.3376685219330349
1.3408516643274015
1.3467294324554515
1.5556229247601885
1.5599359411551972
1.5634413908075857
1.5734847963479845
1.5756769269878352
1.6237332846020165
1.6281560406661664
1.6409185893241385
1.6550765757908152
1.6618701245435337
1.6818312482957116
1.6864650252278788
1.7018472201094752
1.713917138913741
1.7194719620680943
1.7216504337084706
1.7235709196282978
2.15864600128291
2.166637078251086
2.1795529666737963
2.1965139549618926
2.216353451133542
2.2379365466934313
2.259976503045342
2.281551656941184
2.301834597887294
2.3201387517815966
2.3358956404628515
2.3486108832814185
2.3582434999446056
2.3607831816951808
2.3641572332038234
2.365219514917966
2.366451437716854
3.0783797431729347
3.088152714793696
3.0990662686266823
3.1110254808800613
3.1238714805279266
3.1373946087961224
3.151346849848843
3.1654661210847577
3.1794881320963158
3.1931598163895765
3.206247769861621
3.2185430774087296
3.2298633775887047
3.240052711955603
3.248980554384924
3.256539838355637
3.2626449238668873
-2.570131272134519
-2.5677458744550004
-2.5650676654613878
-2.5620781556499126
-2.5587592669463186
-2.5550353297889528
-2.551015152790234
-2.546615415806822
-2.5418204540473908
-2.536615777411655
-2.5309884617552143
-2.524927679493465
-2.518366415504169
-2.511397968641502
-2.5039822552623616
-2.4961258614535407
-2.487842421819206
-2.0785787769123925
-2.066678469670678
-2.056427744199533
-2.0559121199434403
-2.051312323365257
-2.040533177683315
-2.0396575830227404
-2.0319194509653986
-2.0312451335533104
-2.025971105534954
-2.0190424559760327
-2.015753644240862
-2.0107805154680034
-2.0091927332276387
-2.00785118110309
-2.005615990534919
-2.0051164478178385
-1.8682356150979922
-1.868032533072184
-1.8635075227821654
-1.8626936609996474
-1.8603657968645404
-1.8503583686218734
-1.8496411264526167
-1.8399912387415263
-1.838482515698396
-1.8364818439469883
-1.8333087164403072
-1.8327703240518398
-1.7154039273572919
-1.7120543883033041
-1.7067365264998944
-1.69978288646999
-1.6918932790081638
-1.5943021852911705
-1.588355916276591
-1.5825804041048424
-1.5796980684119883
-1.5791844330502416
-1.5684148498208095
-1.5677716675474918
-1.5615245842321974
-1.5604746534318235
-1.55830590443606
-1.5545969698550008
-1.5515279792391041
-1.2093897353897682
-1.2079698044524743
-1.2064184477902171
-1.2050753504715201
-1.204129559686462
-1.193987623844891
-1.1931853415134814
-1.1872592288072323
-1.1848378811732974
-1.182520699396806
-1.1786540773029195
-1.178214748444908
-1.163069787620507
-1.1622193902820237
-1.1612124491422693
-1.159898652427534
-1.1595210320325815
-0.2972005311329707
-0.29568138612417855
-0.29523182200585996
-0.2941054850084299
-0.2936368872087999
-0.24863215674739056
-0.24588054127567827
-0.24040299404261595
-0.23273012089152736
-0.22990949698022065
-0.2118562536921849
-0.20632357088219797
-0.15337647284184586
-0.14618327159926683
-0.14168551604445118
-0.11983707669804017
-0.11847489504535841
-0.08805765732328297
-0.08517931736858184
-0.0641902620377456
-0.056348402151901476
-0.04131885148979895
-0.003813458666123488
0.0014383984249279962
0.020280799048373026
0.021939418097734153
0.03755240084777158
0.04378849522935058
0.04944095791001962
0.10419242191154124
0.10730771051856966
0.10805220723374952
0.11187245769648972
0.11198788103427693
0.7753153465488121
0.7775350288733892
0.7819356786675519
0.7876784285734928
0.7929348631725351
0.8054157182595457
0.81209495199385
0.8301499174682212
0.8388589246111349
0.8486436211331913
0.8561377103887902
0.859515115833581
0.9548283273961359
0.956745034744541
0.9613927721343898
0.9635892642536809
0.9661189880104007
1.2021044814214559
1.209973734882591
1.2294314705309755
1.2565728164551448
1.2692194636248715
1.2933182782261896
1.296434502728777
1.3191762592371974
1.3205820264927004
1.3376685219386293
1.3408516643229489
1.3467294324559826
1.5556229247602995
1.5599359411547336
1.5634413908080693
1.5734847963475787
1.5756769269881072
1.623733284602099
1.6281560406660232
1.6409185893242606
1.6550765757906365
1.6618701245436704
1.6818312482956244
1.6864650252279518
1.7018472201094605
1.713917138913756
1.7194719620680665
1.7216504337084968
1.7235709196282905
2.1586460012829116
2.1666370782510858
2.1795529666737963
2.1965139549618913
2.2163534511335405
2.23793654669343
2.2599765030453427
2.2815516569411813
2.301834597887295
2.3201387517815983
2.3358956404628515
2.348610883281417
2.3582434999446047
2.360783181695181
2.3641572332038248
2.365219514917966
2.366451437716854
3.078379743172935
3.0881527147937007
3.099066268626686
3.11102548088006
3.1238714805279235
3.1373946087961255
3.1513468498488395
3.165466121084756
3.179488132096314
3.1931598163895774
3.206247769861622
3.2185430774087354
3.229863377588706
3.240052711955605
3.2489805543849273
3.256539838355638
3.262644923866885
-2.5706840691495483
-2.5683689448580576
-2.56576568626326
-2.562855714099063
-2.559620838854714
-2.555982991518577
-2.552055146892984
-2.5477518065680753
-2.543057063278275
-2.537956094138253
-2.532435538043442
-2.5264840182481674
-2.520038410714046
-2.513182138076089
-2.505877861525975
-2.4981306659681093
-2.489952251505347
-2.0755485720172127
-2.0638307267696487
-2.058031046125593
-2.053723145805301
-2.0521636037567523
-2.040673000099419
-2.0393019574717113
-2.0331412007702916
-2.0294096250275255
-2.027389116251639
-2.0174016484097548
-2.016837311447011
-2.010190748629064
-2.0097207656471663
-2.0075872145742006
-2.005707254115473
-2.005074220613721
-1.8682738923159687
-1.8680442067258183
-1.8636661417078852
-1.8628042660447746
-1.8607895593792427
-1.8501200616762266
-1.8496359207992512
-1.8397326995825738
-1.8384669402629894
-1.8364688771209454
-1.8335620066040759
-1.8320546888145515
-1.7147568758600271
-1.7109013783221234
-1.705134814922176
-1.6978719773017588
-1.6898589803802262
-1.59272371851422
-1.58710527728556
-1.5820790938998217
-1.5797153232219936
-1.5789055394832585
-1.5685928595846241
-1.567726587830965
-1.561289977724492
-1.5601446158052354
-1.5578610450027466
-1.5537752293474891
-1.5508729638634149
-1.2099065487189191
-1.2081906395175388
-1.2068591574662775
-1.2049967862586777
-1.2044183089849363
-1.19387952235948
-1.1934479474946165
-1.1875871187558469
-1.1853755581425132
-1.1827998604710417
-1.1788639258252178
-1.1781610244248586
-1.1628960671008957
-1.1620114092096838
-1.160990578512706
-1.1597741092966398
-1.1594850545720574
-0.2973325083792915
-0.29610089620146995
-0.29519446868522864
-0.29388252550028043
-0.2938247963515895
-0.24793801018179717
-0.24715204089978762
-0.23822576630483513
-0.23588557201973592
-0.2286804899821193
-0.21291463126145435
-0.20663947787424994
-0.15307455443967283
-0.15067918942593103
-0.1378262305729172
-0.12477034853791993
-0.11426042406678814
-0.09128813262365172
-0.08207423572891559
-0.06425474662381025
-0.05883146129955486
-0.04243223753217558
-0.006595133443071313
0.0012504335373192802
0.01789455204783972
0.024726066126790402
0.03529478469140298
0.04524383104628218
0.048878003895308636
0.10446504459891162
0.10631482684408035
0.10897427972511702
0.1110688522912591
0.11245039196124597
0.7761236736701446
0.7761893206365885
0.784543285779536
0.784898386021171
0.7955610645581213
0.802732114184325
0.8142831199790231
0.8280987068933475
0.8436725395700136
0.8439993040363889
0.8575701592949494
0.8586563571147886
0.9541622176113975
0.9590526834487287
0.9595609152736618
0.9648667678441138
0.9655514811009277
1.2029526403534658
1.2138261156168135
1.2357483287317943
1.2634275973319782
1.2656008882749827
1.291701591487696
1.299555589678586
1.3140537147628635
1.3266566754573401
1.3336805092464563
1.3438000961456769
1.3457259956700427
1.5554456674106856
1.5606273646586053
1.5628963792825283
1.5730229970371843
1.576211844589986
1.6218385111636806
1.6336500351990193
1.6359872655136078
1.6566522669907255
1.662821982197117
1.677223376775362
1.6920212758702051
1.7003772404764308
1.7111809955186614
1.7202324786166783
1.7210342464579063
1.7236624348513865
2.160151197551573
2.169431548081961
2.1834565335015363
2.201252395202681
2.2216179257995035
2.2434389816115456
2.2654487905471092
2.286772584081522
2.3066201992588726
2.3243367265906465
2.339379146944715
2.351232094780271
2.3592660398432876
2.3600596924504287
2.364391107923786
2.3650696237385214
2.366466138603687
3.076119321907968
3.0856003370967504
3.096234985108167
3.1079453332581224
3.1205876318734727
3.13396371938271
3.147832721216234
3.161935207907602
3.1760058720155944
3.1897878955192094
3.203042376925756
3.215553995864557
3.2271336920961633
3.237618960114167
3.2468730961915173
3.2547833496748773
3.261258919851305
-2.570684069149546
-2.568368944858054
-2.5657656862632545
-2.5628557140990633
-2.559620838854716
-2.5559829915185754
-2.5520551468929855
-2.5477518065680713
-2.5430570632782743
-2.5379560941382517
-2.5324355380434387
-2.526484018248174
-2.520038410714049
-2.5131821380760964
-2.5058778615259727
-2.4981306659681066
-2.48995225150535
-2.0755485720172144
-2.063830726769766
-2.058031046121281
-2.0537231458674565
-2.0521636036701842
-2.0406730032153555
-2.0393019522291778
-2.033141213955185
-2.0294095824233267
-2.0273891558735877
-2.017401321922568
-2.0168376746353895
-2.010189606979024
-2.0097220873205357
-2.0075868968587756
-2.005707414715644
-2.005074152957048
-1.8682364311408972
-1.8680878302005381
-1.8635453545169234
-1.8629582405186966
-1.8607460959684763
-1.850216783850099
-1.849536706354953
-1.8398334702935342
-1.8382974239603784
-1.8365622964003874
-1.8335366161941664
-1.8320620116356126
-1.7147568756365368
-1.7109013788721972
-1.7051348143869138
-1.697871977571988
-1.6898589803175637
-1.5927238182271477
-1.587103488119793
-1.5821054470433433
-1.5795702824227653
-1.579031590507231
-1.5684785935667076
-1.5678499218058706
-1.5611889919442514
-1.5602521869573958
-1.5578380418791284
-1.5537771152064792
-1.55087275388445
-1.2099058387918957
-1.2081970786737415
-1.2068433790649011
-1.2050314366130401
-1.2043931331330133
-1.19389520152347
-1.1934322361768714
-1.1875831346051944
-1.185388217764786
-1.1827868188214146
-1.178881649988568
-1.1781482117457889
-1.1628999315902082
-1.1620019903654704
-1.1609994692567922
-1.1597660484343575
-1.1594898405624174
-0.2973325186503181
-0.2961008268737247
-0.29519459644833496
-0.2938815862363477
-0.2938256669115421
-0.24793829565950418
-0.247151672070404
-0.23822641464434033
-0.23588485421857913
-0.22868067176804807
-0.2129145742215469
-0.2066395062168848
-0.1530749066817339
-0.1506786750599552
-0.13782661124569495
-0.12476987875203559
-0.11426074408374676
-0.09128805024041672
-0.08207414432165737
-0.06425537760486208
-0.05883081978784134
-0.042432376906034214
-0.006594981741673746
0.0012502436793601472
0.01789469773702569
0.024725977085519955
0.03529477604768723
0.04524386634896859
0.04887798278965745
0.10446505495135087
0.10631480286262422
0.10897430623697948
0.11106883355614608
0.11245039787922903
0.7761236750908698
0.7761893191703227
0.7845432885975693
0.7848983831165031
0.7955610649050325
0.8027321138357891
0.8142831202173911
0.8280987066644885
0.8436725461185193
0.8439992975207818
0.8575701597079631
0.8586563567931663
0.9541622176005303
0.9590526837570418
0.9595609149479609
0.9648667679475275
0.9655514810257655
1.202952640353456
1.2138261156168386
1.2357483287317288
1.263427597332998
1.2656008882740097
1.291701591486397
1.2995555896814908
1.3140537147587057
1.3266566754643645
1.333680509240094
1.3438000961507277
1.3457259956668821
1.5554456674105517
1.5606273646596909
1.5628963792812993
1.5730229970379497
1.5762118445894906
1.6218385111637825
1.6336500351982381
1.6359872655143541
1.6566522669905555
1.6628219821972523
1.6772233767753328
1.6920212758702167
1.7003772404764241
1.7111809955186625
1.72023247861668
1.721034246457906
1.7236624348513876
2.160151197551573
2.169431548081963
2.183456533501535
2.2012523952026823
2.221617925799505
2.243438981611544
2.2654487905471092
2.2867725840815227
2.306620199258873
2.3243367265906474
2.339379146944715
2.351232094780271
2.3592660398432876
2.360059692450428
2.364391107923786
2.3650696237385205
2.3664661386036863
3.0761193219079708
3.0856003370967455
3.0962349851081656
3.10794533325812
3.1205876318734656
3.1339637193827117
3.147832721216236
3.1619352079075984
3.1760058720155975
3.1897878955192063
3.203042376925755
3.2155539958645587
3.2271336920961597
3.237618960114173
3.246873096191515
3.2547833496748795
3.261258919851302
-2.570684069149549
-2.568368944858057
-2.5657656862632603
-2.562855714099066
-2.5596208388547144
-2.555982991518571
-2.5520551468929797
-2.547751806568074
-2.543057063278276
-2.537956094138254
-2.5324355380434374
-2.5264840182481683
-2.520038410714044
-2.5131821380760893
-2.5058778615259762
-2.4981306659681053
-2.4899522515053483
-2.075548572017215
-2.063830726769603
-2.058031046127938
-2.053723145762323
-2.052163603821631
-2.0406729961060512
-2.0393019646133967
-2.033141177076692
-2.0294097162085736
-2.0273890226539812
-2.01740300443452
-2.0168357433908977
-2.010199138151768
-2.0097105143730944
-2.0075904548371364
-2.0057050855359835
-2.0050752456507164
-1.8682236355126323
-1.868102083652237
-1.863507074586026
-1.8630040020900311
-1.8607361560416722
-1.8502374840616418
-1.8495151805382053
-1.839860087560636
-1.8382471398300717
-1.8365934443313148
-1.8335285357655489
-1.8320644370646721
-1.714756875655661
-1.7109013788211498
-1.7051348144392091
-1.697871977547017
-1.6898589803219441
-1.5927238705252325
-1.5871025414582942
-1.5821190738352324
-1.5794526194508651
-1.5791395816945628
-1.5683906995201946
-1.5679429457090397
-1.5611203657262678
-1.560324690181226
-1.5578249648004434
-1.5537782548824293
-1.5508726237809478
-1.2099032018035063
-1.2082224737160987
-1.2067708773467867
-1.2051814656225468
-1.2042883786496743
-1.1940876090116626
-1.1932050670650662
-1.1877556222867949
-1.185121234544893
-1.1829664822310546
-1.1787137249021487
-1.1782704471666412
-1.1628877632424712
-1.162030007127379
-1.1609742179004305
-1.1597875742213954
-1.1594774702733637
-0.297332500838778
-0.29610095070069603
-0.29519436285988465
-0.2938833434846836
-0.29382403720375444
-0.24793792341303658
-0.24715216391603337
-0.238225335805333
-0.2358861129801023
-0.22868029821918504
-0.21291474680251196
-0.20663940177907275
-0.15307539693231095
-0.15067809722359737
-0.13782662228143203
-0.12477031490471177
-0.11426013070243776
-0.09128927301263272
-0.0820725761552379
-0.06425745163936901
-0.05882917607501842
-0.042432564029021146
-0.006595006546084827
0.0012503511515832267
0.01789436366893862
0.024726389258776797
0.035294547686589725
0.04524401463597006
0.048877914397064445
0.10446505769431796
0.10631479761183965
0.1089743102682046
0.1110688317125035
0.1124503982484744
0.7761236770024047
0.7761893172029264
0.7845432912953058
0.7848983803748798
0.7955610651156407
0.8027321136862935
0.814283120261153
0.8280987066832377
0.8436725435490139
0.8439993001232572
0.8575701594057655
0.8586563570385497
0.9541622175908323
0.9590526839860767
0.9595609147106794
0.9648667680084927
0.9655514809827104
1.2029526403534612
1.2138261156168215
1.2357483287318183
1.26342759732819
1.265600888279539
1.2917015914809231
1.2995555896893198
1.3140537147523614
1.3266566754715554
1.3336805092348523
1.3438000961537198
1.3457259956651357
1.555445667410458
1.560627364660336
1.562896379280619
1.573022997038243
1.5762118445893232
1.62183851116375
1.6336500351986192
1.6359872655139591
1.6566522669907162
1.662821982197101
1.6772233767753806
1.6920212758701838
1.7003772404764477
1.7111809955186508
1.720232478616723
1.721034246457863
1.7236624348513914
2.160151197551572
2.1694315480819624
2.183456533501536
2.201252395202683
2.221617925799503
2.243438981611546
2.265448790547111
2.2867725840815227
2.3066201992588726
2.3243367265906474
2.3393791469447147
2.351232094780271
2.3592660398432876
2.3600596924504282
2.3643911079237863
2.3650696237385214
2.3664661386036876
3.0761193219079686
3.0856003370967486
3.096234985108168
3.1079453332581233
3.120587631873466
3.1339637193827135
3.1478327212162283
3.161935207907597
3.1760058720155926
3.1897878955192094
3.203042376925753
3.215553995864551
3.227133692096159
3.237618960114169
3.246873096191515
3.254783349674874
3.2612589198513025
-2.570684069149549
-2.5683689448580607
-2.5657656862632603
-2.562855714099063
-2.5596208388547157
-2.5559829915185763
-2.552055146892985
-2.547751806568071
-2.5430570632782756
-2.537956094138252
-2.532435538043438
-2.5264840182481723
-2.5200384107140508
-2.5131821380760946
-2.505877861525973
-2.4981306659681057
-2.4899522515053514
-2.075548572017215
-2.063830726769487
-2.058031046132254
-2.053723145700172
-2.0521636039082054
-2.0406729929900678
-2.0393019698559685
-2.0331411638914276
-2.0294097588085203
-2.027388983036506
-2.01740332877849
-2.016835382334508
-2.010200229464787
-2.009709241996592
-2.00759077333761
-2.0057049247909764
-2.0050753137187307
-1.8682663062000353
-1.8680532630906177
-1.8636414645866322
-1.8628370330903428
-1.8607790012260979
-1.8501484150467162
-1.8496067470285777
-1.8397646211930057
-1.8384147858819
-1.8364967443826876
-1.8335538146691708
-1.8320570646385563
-1.7147568758791452
-1.7109013782710742
-1.7051348149744676
-1.6978719772767956
-1.6898589803846105
-1.5927237708183877
-1.5871043323004046
-1.5820932439973485
-1.5796441749103753
-1.5789665018509549
-1.5685344911040495
-1.5677901778403596
-1.5612346203869485
-1.5602042091219164
-1.5578475088105597
-1.5537763667172337
-1.5508728337054578
-1.2099039179436784
-1.2082163847499272
-1.2067874841271422
-1.2051535740991455
-1.204305612639977
-1.194079494237795
-1.1932132326693197
-1.187758771028244
-1.1851076600667778
-1.1829809967704887
-1.1786862258278503
-1.1782932916951745
-1.1628837212658105
-1.1620393127912352
-1.16096550932398
-1.1597951882535777
-1.1594732396217857
-0.2973324905670146
-0.2961010200054898
-0.2951942350921442
-0.2938842328574757
-0.2938232165632648
-0.2479376375941966
-0.24715253308046406
-0.23822468685144266
-0.23588683137678407
-0.22868011645753267
-0.2129148038417105
-0.20663937343780922
-0.15307504487087173
-0.15067861141370412
-0.13782624159818288
-0.12477078466775773
-0.11425981071015232
-0.09128935539651772
-0.08207266758198585
-0.06425682103322518
-0.05882981720113431
-0.04243242464965154
-0.006595158245444559
0.0012505410087761267
0.01789421798874582
0.024726478290295097
0.035294556329404
0.04524397933246779
0.04887793550397226
0.10446504734183108
0.10631482159329435
0.10897428375635836
0.11106885044764485
0.11245039233049911
0.7761236755815915
0.776189318669278
0.7845432884772282
0.7848983832795894
0.7955610647687331
0.8027321140348308
0.8142831200227839
0.8280987069120957
0.8436725370006113
0.8439993066387609
0.8575701589927514
0.8586563573601722
0.954162217601699
0.9590526836777629
0.9595609150363809
0.9648667679050816
0.965551481057872
1.2029526403534705
1.2138261156167949
1.2357483287318838
1.263427597327169
1.2656008882805123
1.2917015914822254
1.2995555896864162
1.314053714756516
1.3266566754645328
1.3336805092412127
1.343800096148669
1.3457259956682939
1.555445667410591
1.560627364659251
1.562896379281848
1.573022997037478
1.576211844589822
1.6218385111636484
1.6336500351994008
1.6359872655132133
1.6566522669908872
1.6628219821969674
1.6772233767754114
1.6920212758701714
1.7003772404764532
1.711180995518651
1.7202324786167218
1.7210342464578652
1.7236624348513918
2.1601511975515724
2.1694315480819606
2.1834565335015363
2.2012523952026832
2.2216179257995043
2.2434389816115465
2.2654487905471097
2.286772584081523
2.306620199258873
2.324336726590648
2.339379146944715
2.3512320947802707
2.3592660398432876
2.360059692450429
2.3643911079237863
2.365069623738522
2.366466138603687
3.0761193219079654
3.0856003370967486
3.096234985108168
3.107945333258125
3.1205876318734687
3.1339637193827152
3.147832721216233
3.161935207907599
3.176005872015593
3.1897878955192036
3.203042376925755
3.21555399586456
3.227133692096162
3.2376189601141703
3.246873096191518
3.25478334967488
3.261258919851307
-2.5712200375172043
-2.568974005332956
-2.566444535576632
-2.56361296375248
-2.56046099486231
-2.556908226646285
-2.5530716689722563
-2.548863728699728
-2.5442682762475437
-2.5392701786720058
-2.5338556647859685
-2.5280128432397686
-2.521682390955764
-2.514938282274538
-2.507745753361022
-2.5001084779423492
-2.492036342110424
-2.0725498405867335
-2.0610911389949194
-2.059639919595808
-2.0534136307787603
-2.052039448521191
-2.0413561999799823
-2.03843484498543
-2.033654780493598
-2.0289559549096277
-2.0275109409641052
-2.018173821633146
-2.016021651105325
-2.010955040479968
-2.0088115974634984
-2.007843429864468
-2.005536578638429
-2.005152682909767
-1.868286802412265
-1.868045886980676
-1.8637725911340342
-1.862845536677416
-1.8611612639914905
-1.8499997732301348
-1.8496297266254773
-1.8394600213559769
-1.838451113098799
-1.8363607408887934
-1.8339431112660063
-1.8305784994435372
-1.713983475370568
-1.7096271979145512
-1.703439266364555
-1.695912029481367
-1.6878244548351298
-1.591194537878638
-1.5860353219053893
-1.5819193627910244
-1.5796759829329603
-1.5786897405579718
-1.5686826282511175
-1.5677701265620605
-1.5610607418780589
-1.559777251862408
-1.5572820165846109
-1.5529853490127647
-1.5502692670548794
-1.2104825350714468
-1.208496415970819
-1.2072005005609676
-1.205139981182967
-1.204575456278836
-1.1939589041963217
-1.1934444111166747
-1.1880508832814345
-1.1856467082724051
-1.1833013101407546
-1.1789255957756484
-1.1782511874501749
-1.1626970062053776
-1.1618348891845145
-1.1607567388525282
-1.1596964696460241
-1.1594490751962065
-0.297320161710917
-0.29655322529749634
-0.29503026939722876
-0.29421214517244204
-0.29362221904780916
-0.24820620539845395
-0.24676716637936968
-0.2389340727129454
-0.23521392310582293
-0.2293103389416228
-0.2124276005761008
-0.20795641197202622
-0.15556955344525988
-0.15118502430962694
-0.1337611997867377
-0.12980078663704248
-0.11095018771351454
-0.09505722013421732
-0.07684475668323516
-0.06956996933749163
-0.05730110490810022
-0.045813762210596805
-0.008094436109972196
0.001106123254700748
0.015747953606883774
0.029258917905521813
0.03127637651983761
0.047292704609425265
0.04739777634374025
0.10519079722837306
0.10521285148383724
0.10995101606294251
0.11024477328874122
0.11258721882227146
0.7753553900009374
0.7774785515609401
0.7818037438201515
0.788320731987301
0.7943331592152186
0.8042876152900349
0.812951424360448
0.8298509319790913
0.839010320643914
0.8484375329096249
0.8547197576040753
0.8601064384514767
0.9542268910089555
0.9577167889772736
0.9618604258881749
0.9645267751783742
0.9657598792476757
1.2045321808113423
1.2183914229262773
1.242469740498328
1.2617599041513492
1.2690952329501692
1.2883282994388623
1.3043603523267568
1.3106605488851992
1.3291813933001475
1.3321453464849902
1.3438296518180066
1.3457733376972223
1.556110866796025
1.5583053760573717
1.5663456479144213
1.569881778166508
1.5776079671983092
1.6218500094013804
1.6311466603307523
1.6403484041511667
1.6513755048202186
1.669878158157735
1.6732100071543712
1.691153913534487
1.7050195788402736
1.708179900492974
1.718464100505043
1.7222472574054153
1.7233705520575893
2.161988520120238
2.172524838845992
2.187596874945035
2.2061514540212563
2.2269663273405573
2.2489568371286857
2.270877431032717
2.2919005941078248
2.3112720560528928
2.3283671756534554
2.342665722024843
2.353505701657714
2.357719570544621
2.3616516396518783
2.363368053233261
2.365755313914067
2.366262760317444
3.073931943641928
3.083120398062369
3.093471259876744
3.1049237072051348
3.1173497716294927
3.1305638012414008
3.1443332072028447
3.158402261713064
3.172505481953859
3.1863828861667383
3.1997904257370435
3.2125065347942954
3.2243354813443528
3.2351081451771195
3.244681538155924
3.252937096311223
3.259778728239126
-2.571220037517204
-2.568974005332955
-2.566444535576631
-2.563612963752483
-2.5604609948623067
-2.5569082266462844
-2.553071668972263
-2.548863728699731
-2.5442682762475486
-2.539270178672013
-2.533855664785971
-2.528012843239773
-2.5216823909557604
-2.5149382822745325
-2.5077457533610255
-2.5001084779423497
-2.4920363421104246
-2.0725498405867326
-2.061091138997067
-2.0596399195906865
-2.0534136308448563
-2.0520394484318962
-2.0413562008096506
-2.0384348426071206
-2.033654786049863
-2.0289559343370733
-2.0275109597129486
-2.018173813597992
-2.0160216539200793
-2.010955099848126
-2.008811332316877
-2.0078437028008698
-2.0055363900845977
-2.0051528073683444
-1.86823739396969
-1.8681035080538453
-1.8636116949633865
-1.8630588771145036
-1.8610960111549009
-1.850127910804713
-1.8494988309429454
-1.8395947198339055
-1.8382431021822179
-1.8364613013757471
-1.8339217701607784
-1.8305799465482238
-1.7139834751955336
-1.7096271983823852
-1.7034392658563073
-1.6959120297698425
-1.6878244547608197
-1.5911947223699556
-1.5860317464564866
-1.5819555697195695
-1.5795314282062043
-1.5788078602360909
-1.5685780560193459
-1.5678809462546448
-1.560986338293404
-1.5598548473794742
-1.5572648473092137
-1.5529869158254441
-1.5502690492030726
-1.2104818939721533
-1.208503950940449
-1.2071824842855452
-1.205182882333344
-1.2045428278136285
-1.1939828989555576
-1.1934193871721035
-1.1880498479620463
-1.1856583375526928
-1.1832880333118878
-1.178943597848982
-1.1782376807413786
-1.1627016831154828
-1.1618235675298
-1.1607686834776911
-1.1596824885125747
-1.1594578228577517
-0.29732021684972676
-0.29655306473513926
-0.2950306976662396
-0.29421157114482205
-0.29362247035352407
-0.2482061081568703
-0.24676729191100386
-0.23893411315106833
-0.23521373643689084
-0.2293104981856522
-0.212427452849121
-0.20795652406281673
-0.15556922575441573
-0.15118551170315767
-0.13376051145279622
-0.1298012956360021
-0.11095036093583711
-0.09505675846129479
-0.07684620289056716
-0.06956827005441528
-0.057301872838749934
-0.04581353921000658
-0.008094437702164838
0.0011060749087977565
0.015748076104290257
0.029258279267323252
0.03127696843479282
0.047290955275972164
0.047399489430123225
0.10519075813822906
0.1052128904738393
0.10995102238965815
0.11024476659394974
0.1125872192635489
0.7753553899575136
0.7774785516816325
0.7818037436398358
0.7883207322383519
0.7943331589869987
0.8042876154227157
0.8129514243028951
0.8298509319520653
0.8390103207430387
0.8484375327510735
0.8547197577344441
0.8601064384126172
0.9542268910178723
0.9577167889499414
0.9618604259362529
0.9645267751224501
0.9657598792739701
1.2045321808113414
1.2183914229262949
1.2424697404981437
1.2617599041532872
1.269095232947154
1.288328299442657
1.3043603523158627
1.3106605488960863
1.329181393286693
1.332145346497159
1.3438296518149926
1.3457733376989849
1.556110866796217
1.5583053760570333
1.5663456479149167
1.5698817781660954
1.577607967198372
1.62185000940141
1.6311466603306501
1.640348404151309
1.651375504820117
1.669878158157916
1.6732100071542118
1.6911539135345104
1.7050195788402345
1.7081799004930098
1.7184641005050323
1.722247257405427
1.7233705520575828
2.16198852012024
2.1725248388459937
2.1875968749450347
2.2061514540212572
2.2269663273405578
2.2489568371286857
2.270877431032716
2.291900594107824
2.3112720560528923
2.3283671756534554
2.342665722024843
2.353505701657714
2.3577195705446212
2.361651639651878
2.3633680532332595
2.365755313914067
2.366262760317443
3.0739319436419277
3.083120398062369
3.093471259876743
3.104923707205135
3.117349771629492
3.1305638012414003
3.1443332072028505
3.1584022617130656
3.17250548195386
3.1863828861667387
3.199790425737044
3.212506534794298
3.2243354813443506
3.235108145177123
3.244681538155925
3.252937096311225
3.259778728239131
-2.5712200375172043
-2.568974005332951
-2.5664445355766348
-2.563612963752482
-2.5604609948623116
-2.556908226646282
-2.5530716689722635
-2.5488637286997284
-2.5442682762475455
-2.5392701786720053
-2.53385566478597
-2.5280128432397726
-2.5216823909557604
-2.5149382822745303
-2.507745753361024
-2.5001084779423546
-2.4920363421104255
-2.072549840586735
-2.061091138993185
-2.0596399196003947
-2.0534136306891493
-2.052039448653182
-2.0413561975921852
-2.0384348532849668
-2.0336547531713265
-2.0289561052983154
-2.0275107830596366
-2.018174175413827
-2.0160210418901148
-2.0109568111802116
-2.008806053941015
-2.0078484782450907
-2.0055338237489555
-2.0051544465565074
-1.868219405132032
-1.8681231704638253
-1.8635707387567706
-1.863106890595911
-1.8610868002956447
-1.8501341444529797
-1.8494928869373728
-1.8395945474483855
-1.838244647806182
-1.8364596391690626
-1.8339223008937828
-1.8305798951529704
-1.7139834751864182
-1.7096271983977278
-1.7034392658531907
-1.6959120297629497
-1.6878244547646253
-1.591194818921359
-1.5860297227556066
-1.5819762097928556
-1.5794154615169977
-1.578909185310817
-1.5684851695288562
-1.567978287235125
-1.560928979080513
-1.559914564487501
-1.5572529958480419
-1.5529880416991075
-1.5502688910960294
-1.2104803997124747
-1.208522849357389
-1.207131184977524
-1.2052998866880518
-1.2044557090449501
-1.1941559375421884
-1.193206249847951
-1.1882151109252863
-1.185402152546471
-1.1834579703960029
-1.1788103018791818
-1.1783362841524645
-1.162689578519598
-1.1618514833652267
-1.1607403144564772
-1.1597135790538005
-1.1594390759180346
-0.29732020549632565
-0.2965530985291317
-0.295030603621754
-0.2942117001429858
-0.29362241291659474
-0.24820622725082475
-0.24676711130627804
-0.23893433841074732
-0.23521352049386393
-0.22931054706886328
-0.21242748533913783
-0.20795649162671784
-0.15556959003467935
-0.1511849051263449
-0.13376220281259132
-0.1297996156245471
-0.11095071691344961
-0.09505667636654641
-0.07684551030128403
-0.06956942948631366
-0.057301073520276795
-0.04581386688701414
-0.008094248438903249
0.0011058213786906454
0.01574825477522855
0.029257964027136228
0.031277201425549746
0.04729140587822692
0.047399041441204014
0.1051919740565716
0.10521166444217236
0.10995115191030568
0.11024464263865194
0.11258722387967059
0.7753553899876561
0.7774785515902118
0.7818037438021471
0.7883207319463131
0.7943331593264814
0.8042876151052724
0.812951424553801
0.8298509316957136
0.8390103210846901
0.8484375324336291
0.8547197579322654
0.860106438365004
0.9542268910080542
0.9577167889841566
0.9618604258658238
0.9645267752135295
0.965759879228919
1.2045321808113345
1.2183914229263197
1.2424697404980292
1.2617599041537488
1.2690952329467928
1.28832829944196
1.3043603523208487
1.3106605488897631
1.329181393300822
1.3321453464831645
1.3438296518200454
1.345773337695819
1.5561108667959394
1.5583053760575554
1.5663456479139268
1.5698817781670318
1.577607967198175
1.6218500094015105
1.6311466603304108
1.6403484041515506
1.6513755048199896
1.6698781581580533
1.6732100071541012
1.6911539135345195
1.7050195788402271
1.708179900493015
1.718464100505031
1.7222472574054277
1.7233705520575824
2.161988520120239
2.172524838845992
2.1875968749450347
2.2061514540212577
2.226966327340557
2.248956837128688
2.270877431032717
2.2919005941078243
2.311272056052892
2.328367175653456
2.3426657220248432
2.353505701657714
2.3577195705446212
2.3616516396518787
2.363368053233259
2.3657553139140672
2.366262760317443
3.073931943641926
3.0831203980623676
3.0934712598767424
3.104923707205131
3.1173497716294936
3.130563801241397
3.1443332072028465
3.1584022617130625
3.172505481953861
3.1863828861667347
3.199790425737042
3.2125065347942967
3.224335481344352
3.23510814517712
3.2446815381559273
3.252937096311224
3.259778728239127
-2.571220037517203
-2.568974005332957
-2.566444535576631
-2.563612963752479
-2.5604609948623085
-2.556908226646285
-2.5530716689722572
-2.5488637286997293
-2.5442682762475446
-2.5392701786720133
-2.5338556647859707
-2.5280128432397677
-2.5216823909557617
-2.5149382822745356
-2.507745753361023
-2.5001084779423497
-2.492036342110429
-2.072549840586734
-2.061091138991035
-2.0596399196055186
-2.053413630623049
-2.0520394487424753
-2.041356196762515
-2.038434855663274
-2.0336547476149773
-2.0289561258665865
-2.027510764315132
-2.0181741834465243
-2.0160210390787667
-2.010956751957334
-2.0088063213530285
-2.0078482030217195
-2.0055340136942803
-2.0051543205818563
-1.8682781892706766
-1.8680561927960602
-1.8637496998368008
-1.8628765617761174
-1.8611509587989978
-1.8500100563766475
-1.8496197327265145
-1.8394596863911856
-1.838452665295896
-1.836359217501036
-1.8339436581538724
-1.8305784481808525
-1.7139834753614533
-1.7096271979298958
-1.70343926636144
-1.6959120294744747
-1.6878244548389427
-1.5911946344531513
-1.5860333065640837
-1.581941031197059
-1.5795925439888172
-1.5787575176039894
-1.568616561206473
-1.567840719324925
-1.5610101856326979
-1.5598303631626798
-1.5572698820222404
-1.552986473237041
-1.550269108878636
-1.21048104371867
-1.2085156440409368
-1.207149674866646
-1.205265104370316
-1.20447941481359
-1.1941420850594806
-1.1932212074415376
-1.1882156039247187
-1.1853890003226724
-1.183473064614637
-1.178784695882883
-1.17835756441463
-1.1626846809078533
-1.1618626856486454
-1.1607284490622918
-1.1597261922140385
-1.1594319570795295
-0.2973201503543407
-0.29655325908796365
-0.2950301752685355
-0.29421227418049223
-0.29362216169190214
-0.24820632447119784
-0.24676698579498338
-0.23893429798362553
-0.2352137071565235
-0.22931038782095453
-0.2124276330643792
-0.2079563795376949
-0.1555699176498253
-0.15118441779725292
-0.13376289067691735
-0.12979910710751635
-0.11095054369520749
-0.09505713803146636
-0.07684406378336928
-0.06957112899403045
-0.05730030565780427
-0.04581408990818444
-0.00809424684734177
0.0011058697240488645
0.0157481322767474
0.02925860250766285
0.03127660967048033
0.04729317014490248
0.04739731342158302
0.10519201800880866
0.10521162059008117
0.10995114557800993
0.11024464933901133
0.11258722343840266
0.7753553900310816
0.7774785514695254
0.7818037439824637
0.7883207316952632
0.7943331595547022
0.8042876149725906
0.8129514246113544
0.8298509317227392
0.8390103209855659
0.8484375325921796
0.8547197578018951
0.860106438403861
0.9542268909991335
0.9577167890114886
0.9618604258177491
0.9645267752694543
0.9657598792026241
1.204532180811335
1.2183914229263
1.2424697404982146
1.2617599041518135
1.2690952329498089
1.2883282994381646
1.3043603523317435
1.3106605488788763
1.3291813933142755
1.3321453464709991
1.343829651823061
1.3457733376940566
1.5561108667957493
1.5583053760578947
1.56634564791343
1.5698817781674461
1.57760796719811
1.621850009401481
1.631146660330515
1.6403484041514071
1.6513755048200922
1.669878158157872
1.6732100071542617
1.6911539135344964
1.7050195788402664
1.7081799004929785
1.7184641005050403
1.7222472574054142
1.72337055205759
2.1619885201202393
2.17252483884599
2.187596874945036
2.206151454021257
2.2269663273405578
2.2489568371286865
2.2708774310327167
2.2919005941078243
2.3112720560528914
2.3283671756534554
2.3426657220248424
2.353505701657714
2.357719570544621
2.361651639651877
2.3633680532332613
2.3657553139140677
2.366262760317443
3.0739319436419206
3.083120398062371
3.093471259876746
3.104923707205134
3.117349771629493
3.1305638012414008
3.1443332072028505
3.158402261713063
3.1725054819538614
3.186382886166742
3.199790425737043
3.212506534794303
3.2243354813443537
3.2351081451771235
3.2446815381559273
3.252937096311224
3.2597787282391293
