-2.601832497227705
-2.5998590449668364
-2.5976079216634775
-2.595057767649659
-2.592187450206476
-2.588976222901949
-2.585403898791981
-2.581437658314105
-2.577085558543214
-2.5723186713691693
-2.567120055665742
-2.5614759104166027
-2.555374873439315
-2.5488087149114396
-2.541773247405851
-2.123581762441999
-2.1168069236638525
-2.1102412780463347
-2.10968113070632
-2.104510851221443
-2.1027669362697288
-2.1009020387448007
-2.077459686554351
-2.0753444913606027
-2.074553018105828
-2.0735713129453317
-2.07269022244124
-2.071060211544577
-2.0700440519076326
-2.0683493170518013
-1.9150471268108433
-1.9115340445287996
-1.9085642027219278
-1.906941111752926
-1.904997047497386
-1.9039653196341075
-1.8999489712511175
-1.894813691467956
-1.87528931732981
-1.8726355867847335
-1.8643237122876113
-1.853523788248537
-1.8423412015889984
-1.8315296380037747
-1.8209200883950916
-1.69087777958733
-1.685938980341456
-1.6822154420885829
-1.6792857861577517
-1.67722189251389
-1.6758078139985924
-1.6727544569245747
-1.5406457932479156
-1.5312995982327824
-1.5285330147819154
-1.5244956348709762
-1.5228306341392397
-1.5198440621484917
-1.5144022004828939
-1.507957131074698
-1.4921776937529363
-1.4837300282633445
-1.4790588288046846
-1.4764595297552665
-1.4740070236704235
-1.4691869616733277
-1.4623191410951895
-1.1157464161012018
-1.1151648425246667
-1.1143255158554513
-1.1128702232105745
-1.1115744958778702
-1.1099371786845043
-1.1076631867226554
-1.0999646423019342
-1.0934269484608266
-1.091251185442291
-1.090228085431905
-1.0890354429956792
-1.0879475871497157
-1.0867396099972728
-1.0853377237026849
-0.24369461654291732
-0.24028696819654233
-0.2333965196901794
-0.22772222792151087
-0.22551593454885016
-0.22298662229566918
-0.21738344047495295
-0.19186208461201162
-0.17074638799075448
-0.15936341987696798
-0.15475197711879032
-0.13984460109485244
-0.13582627204409548
-0.11955216775549425
-0.11109478657963036
-0.08513364721352547
-0.07913328358682539
-0.05750493555175987
-0.05559340190200767
-0.03503017457067202
-0.0317973685299423
-0.017303861784676713
0.016212023641531025
0.03847207179130822
0.045242063013043135
0.04887065901658202
0.05335631153388401
0.056157322062873966
0.05868009358625496
0.07052748232306359
0.7120210471997906
0.714318605961406
0.7182433785807171
0.7241744500207276
0.739072552239796
0.745171583501372
0.7515526591299398
0.7782788156497501
0.7964439858411803
0.7998472425086525
0.8154655345627093
0.8169107315317168
0.8311135045522575
0.8314412347351193
0.8374088353483465
1.1053103734141807
1.1081976713455484
1.1133079262121082
1.1223788343444219
1.1241380696971772
1.1243463412135992
1.1296119516472605
1.2681043517282988
1.270989555611986
1.2914430980944758
1.3240313845928426
1.3486599456742152
1.3603292923031614
1.3784721800901314
1.3906708925949496
1.4400921910876532
1.4522754511563654
1.459586113449201
1.4770919265367284
1.4811794454435676
1.4926813986813388
1.4939769285147309
1.7410999430118939
1.7468645248197434
1.7479698272176023
1.7616933990729198
1.7660196175049951
1.7815678651956983
1.7901602075921776
1.8038616784275292
1.8208736206699778
1.8265243592181375
1.8456556445332943
1.8472519436596893
1.8616640669099946
1.8721547130347886
1.873065076401002
2.3090676288213983
2.3244747911643864
2.342647784637066
2.3622640776732933
2.3821737000265273
2.401431067197616
2.4192771402364013
2.4351168394429714
2.44850803500947
2.459053450131857
2.466561613255014
2.466873510266732
2.470780374363545
2.4709470745165447
2.472275436919905
3.120718666804161
3.1307104940358386
3.1418050607080557
3.1539032985680238
3.166846352573914
3.180424537029722
3.1943916690205714
3.2084815836839162
3.2224235744404743
3.235955461753417
3.2488326315458362
3.260833764103614
3.271763689718868
3.2814541643484456
3.2897633156980923
-2.601832497227702
-2.599859044966833
-2.597607921663485
-2.5950577676496605
-2.5921874502064775
-2.588976222901944
-2.585403898791981
-2.5814376583141057
-2.577085558543216
-2.5723186713691724
-2.56712005566574
-2.5614759104165965
-2.55537487343932
-2.548808714911445
-2.5417732474058474
-2.1235817624420026
-2.1168069236638467
-2.110241278047836
-2.109681130704289
-2.104510851226235
-2.1027669362615673
-2.1009020387489663
-2.0774596835568615
-2.075344587025548
-2.0745527464566833
-2.073571686095218
-2.0726899752233914
-2.071060291137241
-2.070044023577698
-2.0683493188384747
-1.9150471146771064
-1.9115343199477888
-1.9085609395952354
-1.9069496602956395
-1.9049826447227143
-1.9039748364674494
-1.8999482311883886
-1.8948137702459558
-1.875289315357223
-1.8726355859095507
-1.8643237144197051
-1.8535237871654304
-1.8423412020169327
-1.8315296378818917
-1.820920088412617
-1.6908777818256568
-1.685938948517278
-1.682215613274146
-1.6792852918802186
-1.6772226028610722
-1.6758074255117639
-1.6727544877423552
-1.540645551834129
-1.531339206817816
-1.5283406190723168
-1.525163569788326
-1.5217148271938084
-1.5205278316362603
-1.51429977506227
-1.5079786161961328
-1.4921725238933348
-1.4837425270100812
-1.4790307296034784
-1.4764882583899543
-1.473996480134223
-1.4691876321020225
-1.4623191272596021
-1.1157543902385216
-1.1151343370318325
-1.1143710017304396
-1.1128124082547992
-1.1116284725201333
-1.109912725157075
-1.1076689217604214
-1.0999636600306069
-1.0934370699888487
-1.0911720779602632
-1.0903590165878416
-1.0889270774388384
-1.088005349008029
-1.086727915701936
-1.085338661049626
-0.2436946167169932
-0.240286967224821
-0.23339652975269912
-0.2277221103623091
-0.22551615989835266
-0.22298648342342756
-0.21738346349722834
-0.19186208124529844
-0.17074639743027523
-0.15936346124092376
-0.15475185652225437
-0.1398452026840069
-0.13582558845284945
-0.11955254981838372
-0.11109450113525364
-0.08513395533774629
-0.07913296473092023
-0.05750551846181884
-0.055592870075090804
-0.035030197019183584
-0.03179736737645988
-0.01730385680985855
0.016212021820231966
0.03847208900728765
0.04524197670450356
0.048870793721194315
0.05335618590718309
0.05615740150645873
0.05868007528580243
0.07052748234939162
0.7120210472039318
0.7143186059485895
0.7182433785988638
0.7241744500052506
0.739072552275927
0.7451715834427585
0.7515526591623206
0.7782788156369442
0.7964439859303567
0.7998472424108461
0.8154655346593224
0.8169107314547164
0.8311135043930388
0.8314412348961195
0.8374088353445098
1.1053103734091718
1.1081976713607269
1.1133079261870251
1.122378834698498
1.124138066666158
1.124346343917193
1.1296119516355294
1.2681043517282407
1.2709895556120576
1.2914430980944507
1.324031384592877
1.3486599456741364
1.3603292923032435
1.3784721800901032
1.390670892594951
1.4400921910876974
1.4522754511561922
1.4595861134493857
1.4770919265364961
1.4811794454437763
1.4926813986812282
1.49397692851481
1.7410999430118945
1.7468645248197425
1.7479698272176056
1.761693399072919
1.766019617504997
1.7815678651956977
1.790160207592176
1.8038616784275283
1.820873620669978
1.8265243592181384
1.845655644533296
1.8472519436596904
1.8616640669099944
1.872154713034789
1.8730650764010013
2.3090676288213987
2.3244747911643877
2.342647784637066
2.3622640776732924
2.3821737000265295
2.4014310671976156
2.4192771402364017
2.4351168394429723
2.448508035009471
2.4590534501318566
2.466561613255013
2.4668735102667316
2.4707803743635464
2.4709470745165447
2.472275436919906
3.120718666804166
3.130710494035841
3.1418050607080588
3.153903298568029
3.166846352573914
3.180424537029722
3.1943916690205665
3.2084815836839184
3.2224235744404703
3.2359554617534187
3.248832631545834
3.26083376410361
3.2717636897188656
3.281454164348442
3.28976331569809
-2.601832497227697
-2.599859044966835
-2.597607921663484
-2.5950577676496565
-2.592187450206482
-2.5889762229019473
-2.585403898791987
-2.581437658314106
-2.5770855585432155
-2.5723186713691737
-2.567120055665742
-2.5614759104165956
-2.5553748734393236
-2.5488087149114476
-2.541773247405854
-2.123581762442
-2.1168069236638516
-2.110241278046781
-2.10968113070573
-2.1045108512225443
-2.1027669362680292
-2.1009020387455712
-2.0774596871304407
-2.0753444687618505
-2.074553086868982
-2.0735712104266417
-2.072690295270628
-2.0710601851060937
-2.070044062006586
-2.0683493163401425
-1.9150472576520399
-1.9115311551081298
-1.9085969570426566
-1.9068491481940775
-1.9051416831969887
-1.9038752711874798
-1.8999573188779335
-1.8948126890985126
-1.875289555819317
-1.8726353421383113
-1.8643237630507108
-1.85352377650617
-1.8423412046151708
-1.8315296373411944
-1.8209200884749852
-1.6908777732592286
-1.6859390681466013
-1.68221497374248
-1.6792871340314683
-1.6772199529561336
-1.6758088771051431
-1.6727543723703324
-1.540645659926271
-1.531324680869678
-1.5284118942398555
-1.5249740205426163
-1.5221012863865593
-1.5202510648555287
-1.5143277445215413
-1.5079732569693645
-1.4921734162674354
-1.4837409727817836
-1.4790333814659236
-1.476486075949805
-1.473997073628565
-1.4691876210230073
-1.4623191265668762
-1.1157157888367215
-1.1152551933600416
-1.1141885375138139
-1.1130268942231238
-1.1114457489727332
-1.1099974007620845
-1.107651679303955
-1.0999659493816576
-1.0934175798936225
-1.0913046157582078
-1.0901320258932852
-1.089113157477655
-1.0879147998874976
-1.0867464613534223
-1.085337251841389
-0.24369461677032406
-0.24028696695205384
-0.2333965320510113
-0.22772208871566638
-0.22551619739843579
-0.22298646319807425
-0.21738346574127074
-0.19186208197671853
-0.17074638353217797
-0.15936358012787838
-0.15475169648144116
-0.1398454470444902
-0.13582537491149782
-0.11955257201002517
-0.11109451333986524
-0.08513384756886747
-0.0791331036697657
-0.05750497308796056
-0.05559340853908308
-0.03503005140699215
-0.03179748364878191
-0.017303850987460703
0.016212022083112787
0.03847207967056816
0.04524203504916584
0.04887069201995545
0.05335629431481359
0.05615732699557402
0.058680093802490334
0.07052748231006584
0.7120210472067332
0.7143186059407035
0.7182433786082426
0.7241744499993674
0.7390725522785572
0.7451715834455793
0.7515526591565868
0.7782788156479448
0.7964439857688186
0.7998472426192877
0.815465533986363
0.8169107321176887
0.8311135033088717
0.8314412359486741
0.83740883533007
1.1053103734103467
1.1081976713563868
1.1133079261965675
1.1223788344983396
1.124138068498645
1.1243463422698434
1.1296119516441698
1.2681043517282233
1.2709895556120756
1.2914430980944507
1.3240313845928566
1.3486599456742416
1.3603292923030863
1.3784721800902375
1.3906708925948805
1.4400921910877544
1.4522754511560425
1.459586113449517
1.4770919265364082
1.4811794454438436
1.492681398681212
1.4939769285148208
1.7410999430118936
1.7468645248197427
1.747969827217606
1.7616933990729187
1.766019617504995
1.781567865195698
1.790160207592178
1.8038616784275299
1.8208736206699787
1.826524359218139
1.8456556445332957
1.84725194365969
1.8616640669099942
1.8721547130347878
1.8730650764010022
2.3090676288213987
2.3244747911643864
2.342647784637065
2.362264077673296
2.3821737000265286
2.401431067197617
2.4192771402364013
2.435116839442972
2.4485080350094695
2.459053450131857
2.466561613255015
2.4668735102667316
2.470780374363545
2.4709470745165456
2.472275436919905
3.1207186668041627
3.1307104940358386
3.141805060708058
3.1539032985680255
3.1668463525739092
3.180424537029716
3.1943916690205647
3.20848158368392
3.222423574440471
3.2359554617534183
3.248832631545836
3.260833764103614
3.271763689718869
3.281454164348446
3.289763315698091
-2.6018324972277003
-2.5998590449668333
-2.5976079216634806
-2.5950577676496627
-2.5921874502064814
-2.5889762229019433
-2.5854038987919874
-2.5814376583141088
-2.577085558543212
-2.5723186713691764
-2.567120055665742
-2.561475910416604
-2.5553748734393196
-2.548808714911447
-2.541773247405849
-2.1235817624420017
-2.116806923663855
-2.11024127804528
-2.1096811307077554
-2.104510851217755
-2.1027669362761885
-2.1009020387414092
-2.0774596901278954
-2.0753443730467955
-2.074553358418337
-2.073570837242019
-2.072690542662956
-2.0710601055200195
-2.070044090340119
-2.0683493145534824
-1.915047269782294
-1.9115308782082625
-1.9086000067523878
-1.9068399954119117
-1.9051550166698779
-1.9038676362302978
-1.899958065429918
-1.8948126103976306
-1.8752895577918243
-1.8726353430136229
-1.864323760918597
-1.8535237775892683
-1.8423412041872351
-1.8315296374630758
-1.820920088457459
-1.690877771020875
-1.6859390999667863
-1.6822148024603714
-1.6792876276351318
-1.6772192422892995
-1.6758092666795723
-1.6727543415590334
-1.5406459013152876
-1.5312841389759788
-1.5285960679478894
-1.5240849384256518
-1.5233101209719473
-1.519702966009688
-1.5144317076494256
-1.507951838116036
-1.4921785855780785
-1.48372846695461
-1.4790614504435657
-1.4764573761942241
-1.4740076264032234
-1.4691869506070772
-1.4623191404024563
-1.1157049458123094
-1.1152823208013052
-1.1141409784207055
-1.1130844461701583
-1.1113969221830802
-1.1100251329596762
-1.1076460986073815
-1.0999669313332403
-1.0934070919537304
-1.0913645887252257
-1.0899888857336175
-1.0892434807405553
-1.0878660542127856
-1.0867588864681161
-1.0853363203373256
-0.24369461659624808
-0.2402869679237768
-0.23339652198850783
-0.22772220627793144
-0.22551597204852775
-0.222986602067683
-0.21738344271895774
-0.19186208534343208
-0.17074637409262544
-0.15936353876757775
-0.1547518170756748
-0.1398448455211707
-0.13582605843666035
-0.1195521899460444
-0.11109479878412089
-0.08513353943340529
-0.07913342253632992
-0.05750438986778289
-0.055593940676674815
-0.035030028957935604
-0.031797484802983736
-0.01730385596227378
0.01621202390441048
0.03847206245468005
0.04524212136079027
0.04887055731510483
0.05335641994287409
0.05615724754827801
0.05868011210236128
0.07052748228373558
0.7120210472025946
0.7143186059535186
0.7182433785900947
0.7241744500148467
0.7390725522424259
0.7451715835041948
0.7515526591242074
0.7782788156607516
0.7964439856796407
0.7998472427170936
0.8154655338897507
0.8169107321946881
0.8311135034680932
0.8314412357876768
0.837408835333908
1.1053103734153586
1.1081976713412083
1.1133079262216512
1.1223788341442629
1.1241380715297107
1.1243463395662023
1.1296119516559027
1.2681043517282804
1.2709895556120043
1.2914430980944775
1.3240313845928247
1.3486599456743185
1.360329292303004
1.3784721800902653
1.3906708925948787
1.4400921910877083
1.4522754511562153
1.4595861134493313
1.4770919265366391
1.4811794454436376
1.4926813986813225
1.4939769285147426
1.7410999430118932
1.7468645248197452
1.747969827217601
1.76169339907292
1.7660196175049931
1.7815678651956983
1.7901602075921763
1.8038616784275294
1.820873620669978
1.8265243592181395
1.8456556445332961
1.8472519436596906
1.8616640669099942
1.8721547130347886
1.8730650764010008
2.309067628821398
2.324474791164387
2.3426477846370664
2.3622640776732933
2.3821737000265295
2.4014310671976182
2.4192771402364013
2.4351168394429723
2.4485080350094695
2.4590534501318557
2.4665616132550148
2.466873510266732
2.4707803743635464
2.4709470745165456
2.4722754369199045
3.1207186668041618
3.1307104940358412
3.1418050607080548
3.153903298568029
3.166846352573913
3.1804245370297193
3.194391669020569
3.2084815836839193
3.222423574440473
3.235955461753415
3.2488326315458336
3.2608337641036127
3.271763689718866
3.2814541643484443
3.28976331569809
-2.6022849855662704
-2.600377602349311
-2.598197904978131
-2.595724501304225
-2.592936187637396
-2.589812105282549
-2.5863319103234033
-2.582462613046249
-2.578211627670058
-2.5735502832105044
-2.5684609759684127
-2.562929384037801
-2.556943477542558
-2.5504941678827318
-2.543576156743358
-2.125270952310205
-2.1184954034679264
-2.111838480492837
-2.10756421431892
-2.1058030081938255
-2.1020475396413834
-2.1011432283611993
-2.077493283249922
-2.075673575110244
-2.0750390294016503
-2.074209276013247
-2.071992419572078
-2.071625751784939
-2.069912678554939
-2.068359686640735
-1.9150471883117415
-1.911512440040273
-1.9086015758313823
-1.905994124813118
-1.9048379361540333
-1.9037720420254165
-1.9003171247670982
-1.8948810613825267
-1.875388420639523
-1.8711392162463534
-1.8617247093725193
-1.8507259383196526
-1.8395883682198972
-1.8289943285274943
-1.8188875734487033
-1.6915537672192862
-1.686760383186833
-1.6830055209944648
-1.6799470465462136
-1.677626177384281
-1.6761413655564732
-1.673288600450019
-1.5397052886507856
-1.5309901752851747
-1.528336916200405
-1.5245094377533122
-1.5226388277902079
-1.5196109778660252
-1.5141598697539278
-1.508399441133783
-1.491049160318223
-1.482691516100498
-1.478297658683449
-1.4760157536276397
-1.473110662270457
-1.4680545452716198
-1.461253160876622
-1.1158663622724447
-1.115504353484604
-1.1145086093773628
-1.1131301327420626
-1.1117161090528271
-1.1099776712786364
-1.1076604880520715
-1.0999648083245432
-1.0934268520630555
-1.091276720952592
-1.0903655439812088
-1.0892390375223495
-1.0880223597355259
-1.0867489806426918
-1.0853368462252493
-0.24393035614731376
-0.2413784851112841
-0.2354062647540547
-0.22742730094402352
-0.2268078123197053
-0.2226727365597584
-0.2174100034208627
-0.19188252427708058
-0.1704274851942983
-0.1612420579403813
-0.15095428122995277
-0.14525773559792743
-0.13031775787450137
-0.12430640149483456
-0.10823452669004317
-0.0878327025279061
-0.07472188729221084
-0.0639397461599895
-0.04943286705543883
-0.03929936161603737
-0.029002150501283436
-0.017708055088566124
0.016243326638261557
0.03866844790580003
0.04413301680340658
0.05054232956501565
0.052762799359666906
0.05513732176435756
0.056267154775949214
0.06804880995426661
0.7126051755066449
0.7131678586712824
0.7210178115324772
0.7210895083102024
0.735153077284034
0.7467603352948154
0.7505655188070106
0.7785031607055294
0.7949687873574747
0.8019705182426338
0.8122990275518458
0.8199330660645998
0.8282583020917523
0.8337406405395498
0.8370652967263201
1.1048258878772432
1.1107091822895625
1.1109277964522868
1.1217874614132248
1.1251068248771323
1.1294246885427983
1.1299674010132537
1.2672098923985815
1.274462713634137
1.2988018722880545
1.3330730254790961
1.3404691961092106
1.3688308150714956
1.3720787424647092
1.3921960155140447
1.4394446004015904
1.4537462399855834
1.4586246289954012
1.4763510587153068
1.482203134572555
1.491887666563204
1.494503831657185
1.7416029004585687
1.744406736148194
1.7515829166995647
1.7573246233513857
1.771755321108864
1.7763708026426364
1.7944188185733025
1.8011115240444848
1.8216000661363798
1.8272816583404408
1.8410922743436344
1.8537447928269908
1.8580440652083912
1.8707101751572546
1.8778608947154267
2.3125843135747517
2.3288125493988465
2.3474649345753313
2.367254372535731
2.3870817983921024
2.406050885490625
2.4234444377917677
2.438703598937081
2.451419280279509
2.4612209810553334
2.4655850207328296
2.467950892496407
2.4700097676533144
2.4715596237318285
2.4721533570458623
3.11839874303029
3.1281066522768106
3.1389323940734424
3.1507923708405174
3.1635421077542936
3.176983440356921
3.1908777927825756
3.204962466715073
3.218966525450258
3.232624679798355
3.245687255903691
3.2579267427961076
3.269141293191019
3.2791559431052435
3.287822327891162
-2.6022849855662726
-2.6003776023493095
-2.598197904978127
-2.5957245013042196
-2.592936187637395
-2.589812105282548
-2.5863319103234024
-2.5824626130462525
-2.578211627670057
-2.5735502832105075
-2.568460975968414
-2.5629293840378042
-2.556943477542561
-2.550494167882729
-2.543576156743365
-2.1252709523102036
-2.118495403467927
-2.1118384804929042
-2.107564214317769
-2.1058030081962076
-2.1020475396350675
-2.1011432283664204
-2.0774932796940284
-2.0756736676594327
-2.075038826975489
-2.0742094278602283
-2.071992222128661
-2.071625922019542
-2.069912666063832
-2.068359687926357
-1.9150472141562254
-1.9115119343492577
-1.9086055035423977
-1.905966616534455
-1.9048845806735024
-1.9037476035245828
-1.900319112905156
-1.8948809252157472
-1.875388427784549
-1.8711392107152103
-1.8617247103379357
-1.850725938111969
-1.8395883682967302
-1.8289943284967496
-1.8188875734553158
-1.6915537678478505
-1.6867603706897891
-1.6830055985304546
-1.6799468075971011
-1.6776265647454114
-1.676141125129594
-1.6732886267978315
-1.5397050183325256
-1.5310283141960133
-1.5281600073880213
-1.5250617523396512
-1.521805917971507
-1.520101869784554
-1.5140690195424915
-1.5084204386402817
-1.491044821368893
-1.482704459228219
-1.4782659688805568
-1.4760452476449404
-1.4731023027950643
-1.468055106301283
-1.4612531471676375
-1.115880273392817
-1.1154720378383
-1.1145497606314265
-1.1130776652360974
-1.1117632133693434
-1.1099547965429208
-1.1076664577968838
-1.099963573313848
-1.0934412395792532
-1.0911333987352452
-1.0905814890404284
-1.0891005500483257
-1.0880862715092448
-1.086736218724332
-1.0853379299487544
-0.2439303561871202
-0.24137848492877634
-0.2354062659614693
-0.2274271997434092
-0.22680793396284407
-0.2226727065868688
-0.21741001268789642
-0.1918825208489481
-0.17042752637241412
-0.16124191438827834
-0.1509546566098754
-0.14525737935076038
-0.13031793141873874
-0.12430632456159317
-0.10823448950690924
-0.08783281025125665
-0.0747216660909435
-0.06393998852118098
-0.04943265114719981
-0.039299533719247715
-0.029002078370671806
-0.017708068880986146
0.016243326767465135
0.03866846081359253
0.04413296525889495
0.050542619410836404
0.05276229612404182
0.05513777483804939
0.056266953792062764
0.06804881006171931
0.7126051754933611
0.7131678586879916
0.7210178110234139
0.7210895088176618
0.7351530772815802
0.7467603352908987
0.7505655188130071
0.7785031606962105
0.7949687874234693
0.8019705181206139
0.8122990277014621
0.819933065923181
0.8282583021885629
0.8337406404807721
0.8370652967439673
1.1048258878767971
1.1107091823592847
1.1109277963800703
1.1217874614350212
1.125106824839907
1.1294246886280042
1.1299674009464251
1.2672098923985873
1.2744627136341315
1.2988018722880523
1.3330730254791887
1.3404691961090736
1.368830815072054
1.3720787424641514
1.3921960155141009
1.4394446004015398
1.4537462399857903
1.4586246289952072
1.476351058715377
1.4822031345725057
1.4918876665632164
1.494503831657182
1.7416029004585687
1.7444067361481947
1.7515829166995625
1.7573246233513866
1.7717553211088646
1.7763708026426364
1.7944188185733023
1.8011115240444846
1.8216000661363803
1.8272816583404412
1.841092274343633
1.8537447928269901
1.8580440652083914
1.8707101751572546
1.8778608947154285
2.3125843135747504
2.328812549398848
2.3474649345753313
2.367254372535732
2.387081798392102
2.406050885490623
2.423444437791769
2.4387035989370816
2.451419280279508
2.4612209810553347
2.46558502073283
2.467950892496408
2.470009767653314
2.471559623731829
2.4721533570458614
3.118398743030292
3.128106652276812
3.138932394073441
3.15079237084052
3.1635421077542945
3.176983440356921
3.19087779278258
3.2049624667150733
3.218966525450259
3.2326246797983593
3.2456872559036873
3.257926742796107
3.2691412931910198
3.279155943105242
3.2878223278911647
-2.6022849855662677
-2.6003776023493126
-2.598197904978127
-2.5957245013042143
-2.5929361876374006
-2.5898121052825496
-2.5863319103234033
-2.582462613046248
-2.5782116276700604
-2.5735502832105066
-2.568460975968413
-2.5629293840378016
-2.55694347754256
-2.5504941678827295
-2.543576156743364
-2.1252709523102067
-2.118495403467928
-2.1118384804928523
-2.1075642143186695
-2.1058030081943087
-2.102047539640326
-2.1011432283620355
-2.0774932835374313
-2.0756735655567025
-2.0750390519060864
-2.074209257528221
-2.0719924493503714
-2.0716257252706742
-2.069912680796763
-2.0683596863814855
-1.9150473085777338
-1.911510041144393
-1.9086203885083752
-1.9058348469024788
-1.905082990995104
-1.9036598492929981
-1.9003277861305
-1.8948802616661558
-1.8753884969186239
-1.8711391453180206
-1.8617247284771874
-1.8507259325500198
-1.8395883700610458
-1.828994328036184
-1.8188875735210186
-1.6915537603771278
-1.6867604622678731
-1.683005155636451
-1.679947974753334
-1.6776248493155572
-1.6761421326360144
-1.6732885263504378
-1.5397052082536742
-1.531008367821686
-1.5282480708854396
-1.5248498219810531
-1.522132711241293
-1.5198979253206861
-1.5140942745728134
-1.5084157878842057
-1.4910451614679552
-1.4827041139772517
-1.4782660212219552
-1.4760455625549904
-1.473102081963185
-1.4680551365272563
-1.461253145909348
-1.1158112796393311
-1.1156024460144045
-1.1144057691541915
-1.1132441085925533
-1.1116303735682658
-1.1100168865415312
-1.1076524137542023
-1.0999657449264446
-1.0934203405553575
-1.0913166280507876
-1.0902997249937871
-1.0892833025949922
-1.0880074078719633
-1.0867517916671172
-1.085336657782323
-0.24393035633284846
-0.2413784843446011
-0.23540626904366319
-0.22742699039724845
-0.22680818207645823
-0.22267265062213312
-0.21741002832033546
-0.1918825171306949
-0.17042755462922726
-0.16124184232335362
-0.1509547503985609
-0.14525735621882135
-0.13031775871788032
-0.1243065309935941
-0.10823439245497926
-0.08783292272098939
-0.07472150347158506
-0.06394012211452736
-0.0494325783265628
-0.039299566269005756
-0.029002076746702292
-0.017708066002292553
0.0162433255032086
0.03866847624861147
0.044132917991276076
0.05054282075300585
0.052761977746573284
0.055138034226458146
0.05626684406089215
0.06804881009531305
0.7126051755153243
0.7131678586597021
0.7210178122643286
0.7210895075760213
0.7351530773002453
0.7467603352436609
0.7505655188518789
0.7785031606846932
0.7949687874659004
0.8019705180639778
0.8122990277369038
0.8199330659113204
0.82825830218103
0.8337406404916611
0.837065296739523
1.104825887874842
1.1107091825685054
1.110927796165903
1.1217874614747203
1.1251068247800131
1.1294246887457666
1.1299674008557532
1.267209892398573
1.2744627136341578
1.29880187228803
1.3330730254793057
1.3404691961089346
1.3688308150722628
1.372078742463974
1.3921960155141013
1.439444600401579
1.4537462399855445
1.4586246289954723
1.476351058715203
1.4822031345726596
1.4918876665631446
1.4945038316572166
1.7416029004585687
1.7444067361481936
1.7515829166995638
1.7573246233513846
1.7717553211088632
1.7763708026426344
1.7944188185733025
1.8011115240444844
1.821600066136378
1.8272816583404414
1.8410922743436338
1.8537447928269901
1.858044065208391
1.870710175157253
1.8778608947154274
2.3125843135747517
2.328812549398847
2.3474649345753322
2.3672543725357307
2.3870817983921016
2.406050885490623
2.423444437791768
2.438703598937082
2.4514192802795085
2.4612209810553343
2.46558502073283
2.4679508924964058
2.470009767653314
2.4715596237318294
2.4721533570458627
3.118398743030286
3.128106652276812
3.1389323940734455
3.150792370840519
3.163542107754296
3.176983440356923
3.190877792782575
3.2049624667150716
3.2189665254502597
3.2326246797983584
3.2456872559036944
3.2579267427961067
3.269141293191024
3.2791559431052453
3.2878223278911634
-2.6022849855662695
-2.600377602349315
-2.5981979049781345
-2.5957245013042183
-2.592936187637396
-2.5898121052825522
-2.5863319103234037
-2.5824626130462445
-2.5782116276700577
-2.573550283210506
-2.5684609759684145
-2.5629293840377985
-2.5569434775425655
-2.5504941678827358
-2.543576156743367
-2.1252709523102062
-2.1184954034679278
-2.1118384804927937
-2.1075642143198223
-2.105803008191918
-2.1020475396466405
-2.1011432283568143
-2.077493287093278
-2.0756734729610584
-2.075039254322129
-2.074209105734066
-2.071992646597137
-2.0716255552360856
-2.0699126932883134
-2.0683596850958734
-1.9150472827379743
-1.9115105483631143
-1.908616539493269
-1.9058727410619651
-1.9050303745010924
-1.9036798150308756
-1.9003257767054518
-1.8948803977482953
-1.875388489773754
-1.8711391508490065
-1.86172472751177
-1.850725932757696
-1.8395883699842166
-1.8289943280669285
-1.8188875735144103
-1.6915537597485586
-1.6867604747636906
-1.6830050780712436
-1.6799482135191053
-1.6776244617529927
-1.6761423734732557
-1.6732885000074773
-1.5397054785210933
-1.530968966388559
-1.5284161337053264
-1.5241484766090365
-1.523051217871582
-1.5194793266795934
-1.5141863073588562
-1.50839485697888
-1.4910495002476818
-1.4826911696404461
-1.478297715621258
-1.476016067270437
-1.4731104395917836
-1.4680545754804515
-1.4612531596183131
-1.115775741008646
-1.115652612933449
-1.1143617777775543
-1.1132978148293726
-1.11158663387829
-1.1100416500307444
-1.1076465679290561
-1.0999669794782616
-1.093405366794497
-1.0914105481850873
-1.0900794849910969
-1.0894668673475005
-1.0879520707066164
-1.086765179771769
-1.0853355800452795
-0.24393035629304255
-0.24137848452710808
-0.2354062678362547
-0.22742709167733008
-0.2268080603547062
-0.22267268059426265
-0.21741001905321491
-0.19188252055882662
-0.17042751345152568
-0.1612419858768965
-0.15095437502312775
-0.14525771245891622
-0.13031758516772826
-0.12430660793360863
-0.10823442963821024
-0.0878328149991447
-0.07472172467522935
-0.06393987975054505
-0.04943279423465844
-0.039299394164727094
-0.02900214887719749
-0.017708052209883574
0.016243325374006818
0.03866846334069092
0.04413296953503505
0.050542530846732575
0.05276248098390636
0.05513758114461123
0.05626704511257029
0.06804880998786123
0.7126051755286081
0.7131678586429935
0.7210178127734073
0.7210895070685467
0.7351530773026973
0.7467603352475769
0.7505655188458809
0.7785031606940135
0.7949687873999055
0.801970518185991
0.8122990275872862
0.8199330660527319
0.828258302084219
0.8337406405504316
0.8370652967218756
1.10482588787529
1.1107091824987876
1.1109277962381199
1.1217874614529268
1.1251068248172378
1.129424688660562
1.1299674009225846
1.267209892398569
1.2744627136341629
1.2988018722880348
1.3330730254792138
1.3404691961090738
1.3688308150717046
1.37207874246453
1.3921960155140458
1.4394446004016317
1.4537462399853374
1.4586246289956653
1.476351058715132
1.4822031345727071
1.4918876665631329
1.4945038316572212
1.7416029004585698
1.7444067361481947
1.7515829166995636
1.7573246233513853
1.7717553211088632
1.7763708026426355
1.7944188185733023
1.8011115240444844
1.8216000661363774
1.8272816583404414
1.8410922743436333
1.8537447928269908
1.8580440652083916
1.8707101751572548
1.8778608947154274
2.3125843135747504
2.3288125493988474
2.3474649345753327
2.3672543725357333
2.3870817983921024
2.406050885490623
2.4234444377917685
2.4387035989370816
2.451419280279509
2.461220981055334
2.4655850207328296
2.4679508924964066
2.4700097676533144
2.471559623731829
2.472153357045863
3.118398743030288
3.1281066522768097
3.13893239407344
3.150792370840519
3.163542107754297
3.1769834403569206
3.190877792782577
3.2049624667150716
3.218966525450257
3.232624679798359
3.245687255903688
3.257926742796107
3.269141293191019
3.2791559431052466
3.287822327891162
-2.602721793652326
-2.6008791397527173
-2.5987695307474037
-2.5963715514059675
-2.5936639370219736
-2.590625727218674
-2.587236432701389
-2.5834629506678946
-2.579311949283094
-2.5747551387115437
-2.569774242378458
-2.5643544487633223
-2.5584831006116686
-2.55215030328364
-2.5453497174206414
-2.1269522970960675
-2.120190175653017
-2.1134713159194365
-2.1072057469438144
-2.1056720818142285
-2.102435727357606
-2.1009246093232914
-2.077497734167117
-2.076913103829883
-2.0751052562510868
-2.0740957810318688
-2.0724557661286926
-2.0713248630379137
-2.0699451362570995
-2.0683574623003715
-1.9150469741295764
-1.9115150048199037
-1.9085426507055752
-1.9061007300239252
-1.9042517618570438
-1.9028197424580418
-1.900731709889052
-1.8948130452628595
-1.8751075384500222
-1.8691090253250087
-1.8590417256293266
-1.847921779551554
-1.8368726531034083
-1.8265302359826276
-1.8169608594374798
-1.6921643933377506
-1.6875629043515066
-1.6838108596890442
-1.6806483323773804
-1.6781133525781207
-1.6764678045125898
-1.673842140017103
-1.53882937963027
-1.5310505568304251
-1.5278575962319758
-1.5247292419844936
-1.5223785621293
-1.5194017423383084
-1.5140631967103944
-1.5088281209564762
-1.4898164803876368
-1.4816670470194064
-1.4776153538334542
-1.4755239306356722
-1.4721327978090433
-1.4669292849015556
-1.4602474892425572
-1.1163081040068468
-1.1156103904928558
-1.1146609638636324
-1.1133564229316655
-1.1119062433763156
-1.1100252254177683
-1.1076593892608664
-1.0999645705256802
-1.0934302346130045
-1.091314606593889
-1.0904824451770851
-1.0894014076056422
-1.0881316989962921
-1.0867688226062755
-1.0853354739524652
-0.24403249398198212
-0.24206836504781395
-0.2372541269782487
-0.22917012634804654
-0.22639935007262263
-0.2226013209069281
-0.21750043629293286
-0.19187377821597937
-0.1704500547575344
-0.16129927330671198
-0.1502983357561229
-0.1462532462142639
-0.13005376000788965
-0.12482363129281493
-0.10762998529942966
-0.08858008313361498
-0.07035115004599232
-0.06864532378096289
-0.045051429961464606
-0.04349840640715912
-0.027687516019687126
-0.018119121387123602
0.016313258999884745
0.038197901932092146
0.04495873598635098
0.05110010896889941
0.05158153408289192
0.05235514593115559
0.056308715616989864
0.0652141792608151
0.7120907759810592
0.7141499331504358
0.718390653837638
0.7242215314778014
0.731283170258246
0.7459456956486129
0.7505062579425001
0.7787604173311615
0.79361184787471
0.8062185688021195
0.8076395384805273
0.8241086777314958
0.8245294816289653
0.8354575216915363
0.8361708030700327
1.105039071921868
1.1085003421069193
1.114521481962367
1.1189901594362501
1.1270049320000644
1.1287017466062896
1.1363727863223672
1.2672702306559702
1.2791319645221695
1.3067737062796332
1.33228841209835
1.3422301579086107
1.3646159020616901
1.3764955813469053
1.3910148917335334
1.4416823760353412
1.4482371410191395
1.4650283134890594
1.471060121876371
1.486587836447604
1.4890427706658624
1.4952755213751394
1.7425060495984908
1.743024233352914
1.7533285373101628
1.755847980918303
1.7712806400131336
1.7777987449966381
1.7917278082762251
1.80456088900159
1.8171659490858674
1.8339500873160046
1.8363557301332802
1.854154940525471
1.8600793459168197
1.868017015017241
1.8833035464325325
2.3163388445415434
2.3333013165988254
2.352352174705609
2.3722460298321413
2.3919353731585304
2.4105715141393724
2.4274770814476363
2.442128124141663
2.4541496481014042
2.4631958543230783
2.4641925644505562
2.469095742119196
2.469144337743031
2.471859289157186
2.4719829165422103
3.1161504087794256
3.125572973622916
3.136124669728495
3.1477373193140528
3.160281286881335
3.1735707752146323
3.1873758466534547
3.201438284486018
3.215487779410776
3.229256563958377
3.2424903104232548
3.254955530742464
3.2664437724662627
3.2767733307901605
3.2857892745719757
-2.602721793652329
-2.600879139752713
-2.5987695307474055
-2.596371551405973
-2.5936639370219687
-2.59062572721868
-2.5872364327013937
-2.5834629506678914
-2.579311949283091
-2.5747551387115397
-2.569774242378466
-2.564354448763333
-2.558483100611676
-2.5521503032836392
-2.5453497174206388
-2.126952297096067
-2.120190175653015
-2.1134713159194485
-2.1072057469430012
-2.1056720818160204
-2.1024357273546372
-2.100924609325407
-2.0774977268777293
-2.076913119717743
-2.075105217158024
-2.0740958333931383
-2.072455723283648
-2.0713248901117542
-2.069945129497717
-2.0683574629641326
-1.9150470010081104
-1.911514468030109
-1.9085469729016218
-1.9060824119487902
-1.9042874148850455
-1.9027918881732269
-1.9007386714943322
-1.8948127849092136
-1.8751075541628697
-1.8691090122608722
-1.8590417297290602
-1.8479217783245128
-1.8368726534419166
-1.826530235909566
-1.8169608594461533
-1.6921643912033006
-1.6875629240932617
-1.68381078685298
-1.6806484783658795
-1.678113180039924
-1.6764678949949186
-1.6738421313137601
-1.5388289859438307
-1.5310813007015065
-1.5276560547625166
-1.5252233203301424
-1.5217103202330249
-1.5198114323145837
-1.513980297221457
-1.5088475870897926
-1.4898132472514922
-1.4816786297034632
-1.4775866553870585
-1.4755483970080425
-1.4721273889115731
-1.4669296861779741
-1.4602474776039658
-1.116308690441326
-1.1156068507649761
-1.1146700431448036
-1.113341339353804
-1.1119214709154412
-1.110016376926116
-1.1076622821138178
-1.0999636638941104
-1.0934435537771734
-1.0911569066691842
-1.090712796427219
-1.089272072578665
-1.088184799623366
-1.0867587867549098
-1.0853363660353683
-0.2440324939416953
-0.2420683651923422
-0.23725412649526087
-0.22917013308932221
-0.22639933599690348
-0.22260133219763534
-0.217500432421567
-0.19187377913423967
-0.17045005254796966
-0.1612992630281209
-0.15029847874507363
-0.14625305759962964
-0.13005401405241776
-0.12482339006072896
-0.1076300568052492
-0.08858002641136867
-0.07035140013470416
-0.06864510341925423
-0.045051273544949644
-0.043498579980954445
-0.02768748816096668
-0.018119132989848383
0.016313260905844906
0.03819788506305121
0.04495881738609005
0.05109656828040166
0.05158693533753036
0.05235319194397685
0.056308743411253616
0.0652141791858213
0.7120907759755652
0.7141499331658254
0.7183906538138857
0.724221531505839
0.7312831702364525
0.7459456956781716
0.7505062579179411
0.7787604173413718
0.7936118478477574
0.8062185690016344
0.807639538292965
0.8241086777714065
0.8245294815992408
0.8354575216723932
0.8361708030863934
1.105039071923591
1.1085003421011723
1.1145214819761595
1.118990159420355
1.1270049320232816
1.1287017465885179
1.1363727863230506
1.2672702306559764
1.2791319645221562
1.3067737062796623
1.3322884120982288
1.342230157908757
1.3646159020615969
1.3764955813469577
1.3910148917335297
1.4416823760352586
1.4482371410192767
1.4650283134888393
1.4710601218765782
1.4865878364474063
1.4890427706660316
1.4952755213751232
1.7425060495984885
1.743024233352916
1.7533285373101604
1.7558479809183045
1.7712806400131347
1.777798744996636
1.7917278082762238
1.8045608890015905
1.8171659490858671
1.8339500873160053
1.8363557301332794
1.8541549405254718
1.860079345916819
1.868017015017241
1.8833035464325305
2.316338844541543
2.333301316598824
2.3523521747056066
2.372246029832141
2.3919353731585304
2.4105715141393715
2.427477081447636
2.442128124141662
2.4541496481014047
2.4631958543230787
2.4641925644505567
2.4690957421191966
2.46914433774303
2.471859289157186
2.4719829165422107
3.116150408779422
3.1255729736229214
3.1361246697284915
3.147737319314045
3.160281286881332
3.173570775214635
3.187375846653457
3.201438284486014
3.215487779410776
3.2292565639583763
3.2424903104232516
3.2549555307424627
3.266443772466259
3.276773330790161
3.2857892745719792
-2.6027217936523326
-2.6008791397527133
-2.598769530747402
-2.596371551405959
-2.5936639370219794
-2.590625727218675
-2.587236432701389
-2.5834629506678906
-2.5793119492830967
-2.574755138711543
-2.569774242378464
-2.564354448763326
-2.55848310061167
-2.55215030328364
-2.545349717420639
-2.126952297096065
-2.120190175653019
-2.1134713159194343
-2.1072057469437975
-2.1056720818142263
-2.102435727357757
-2.100924609323137
-2.077497737307205
-2.076913096845343
-2.075105274499056
-2.0740957557988984
-2.072455787822314
-2.0713248488768397
-2.069945139930134
-2.0683574619242613
-1.9150470858645339
-1.911512893307178
-1.9085588042877597
-1.906031852320064
-1.9043773067514411
-1.902725421422175
-1.9007560428995756
-1.8948121946989225
-1.8751075860830653
-1.8691089854212108
-1.8590417387902067
-1.8479217751203323
-1.8368726545854133
-1.8265302355722495
-1.8169608595013824
-1.6921643814288276
-1.6875630267414035
-1.6838103496099672
-1.6806495071676795
-1.678111742444779
-1.676468757624298
-1.6738420218460193
-1.538829385370567
-1.5310541836763938
-1.52782532343135
-1.5248507112975735
-1.5221945689917447
-1.5195192980136683
-1.5140273098454398
-1.508838277494806
-1.4898137734142198
-1.4816780267273433
-1.4775867249887797
-1.4755489172131633
-1.4721270739095762
-1.4669297306575415
-1.4602474756092008
-1.1162896748771993
-1.11567583930168
-1.1145371197527982
-1.1134937799477298
-1.1118131020614908
-1.1100663494041394
-1.1076503321599138
-1.0999656933284445
-1.0934226212663931
-1.0913614200750046
-1.0904095284712556
-1.0894443193326946
-1.0881203591556987
-1.0867704727132201
-1.0853353875726277
-0.24403249377564298
-0.2420683656123502
-0.23725412589922865
-0.22917013219258284
-0.22639934230949643
-0.22260132288412698
-0.21750043736256203
-0.19187377536841885
-0.17045011055467088
-0.16129904303178502
-0.15029938125024583
-0.14625213561792957
-0.13005458007896245
-0.12482296538445538
-0.1076301008382258
-0.08858006088972571
-0.07035057791881083
-0.06864595732388099
-0.045050332351993044
-0.04349950156627089
-0.0276874209755519
-0.018119153386441416
0.01631326190101367
0.03819788815085727
0.04495877747065082
0.051099644849609674
0.0515820427531025
0.0523550814216175
0.05630870617555743
0.0652141794147114
0.7120907759722195
0.7141499331743542
0.7183906538032166
0.7242215315147679
0.73128317023266
0.7459456956751119
0.7505062579225992
0.7787604173327447
0.7936118478872404
0.8062185684828205
0.8076395388218471
0.8241086765544964
0.824529482795377
0.8354575215685403
0.8361708031688567
1.1050390719231793
1.1085003421028925
1.1145214819704954
1.1189901594282854
1.1270049320076256
1.1287017466012272
1.136372786322421
1.2672702306559804
1.2791319645221535
1.3067737062796536
1.3322884120983254
1.3422301579086005
1.3646159020618016
1.3764955813467494
1.391014891733608
1.4416823760351591
1.4482371410194161
1.4650283134887039
1.4710601218766817
1.4865878364473566
1.4890427706660685
1.495275521375122
1.7425060495984883
1.7430242333529165
1.7533285373101615
1.755847980918303
1.7712806400131351
1.7777987449966386
1.7917278082762262
1.80456088900159
1.8171659490858663
1.833950087316005
1.8363557301332791
1.8541549405254718
1.8600793459168201
1.8680170150172422
1.8833035464325325
2.316338844541544
2.333301316598826
2.352352174705608
2.3722460298321413
2.391935373158529
2.41057151413937
2.427477081447637
2.4421281241416635
2.454149648101404
2.4631958543230774
2.464192564450557
2.4690957421191952
2.4691443377430313
2.4718592891571864
2.4719829165422103
3.1161504087794243
3.1255729736229143
3.136124669728494
3.147737319314043
3.1602812868813235
3.1735707752146345
3.187375846653453
3.201438284486013
3.215487779410777
3.229256563958378
3.2424903104232534
3.2549555307424622
3.266443772466257
3.276773330790158
3.285789274571975
-2.602721793652331
-2.6008791397527156
-2.5987695307474024
-2.596371551405963
-2.5936639370219736
-2.5906257272186752
-2.587236432701396
-2.5834629506678914
-2.579311949283093
-2.5747551387115433
-2.569774242378458
-2.5643544487633254
-2.558483100611665
-2.5521503032836397
-2.5453497174206405
-2.1269522970960635
-2.120190175653017
-2.1134713159194245
-2.107205746944608
-2.1056720818124317
-2.1024357273607257
-2.100924609321026
-2.077497744596148
-2.0769130809576537
-2.075105313587977
-2.074095703440278
-2.0724558306670575
-2.071324821804874
-2.0699451466896917
-2.068357461260503
-1.9150470589904145
-1.9115134314141184
-1.9085545496834024
-1.9060513128147862
-1.904342620187067
-1.9027513206259354
-1.9007488587223962
-1.8948124549090715
-1.8751075703703028
-1.8691089984852516
-1.8590417346904666
-1.847921776347366
-1.8368726542469056
-1.8265302356453106
-1.816960859492704
-1.6921643835632987
-1.6875630070014729
-1.683810422466973
-1.6806493612440627
-1.6781119150196695
-1.6764686670195605
-1.6738420305473958
-1.538829778892164
-1.5310221968765416
-1.5280014551469185
-1.5242023301633976
-1.5229628766107592
-1.5191883873275542
-1.514112181658206
-1.5088189495856863
-1.489817006276988
-1.4816664418018275
-1.4776154318724775
-1.4755244465494868
-1.4721324812682524
-1.4669293293638739
-1.4602474872477598
-1.1162890023752041
-1.1156789310932593
-1.1145267325644737
-1.1135093433365466
-1.1117987143646417
-1.1100756730400383
-1.107647486222012
-1.0999665995711925
-1.0934087335085099
-1.0914560255370018
-1.0901852413658921
-1.089624734001501
-1.0880734285944647
-1.0867808546419357
-1.0853344992035947
-0.24403249381592976
-0.24206836546782348
-0.2372541263822138
-0.22917012545129475
-0.22639935638519376
-0.22260131159344404
-0.21750044123393997
-0.1918737744501578
-0.17045011276421732
-0.16129905331128766
-0.15029923832693912
-0.1462523241693036
-0.1300543260719068
-0.12482320657631327
-0.10763002933188487
-0.0885801176116836
-0.07035032760167116
-0.06864617791429889
-0.04505048896468424
-0.04349932779656139
-0.02768744883411106
-0.018119141783634565
0.01631325999505624
0.03819790501993657
0.04495869607291926
0.05110324675334882
0.05157659567772993
0.0523570200139518
0.05630867837958482
0.06521417948970512
0.7120907759777122
0.7141499331589641
0.7183906538269726
0.7242215314867291
0.7312831702544518
0.7459456956455525
0.7505062579471575
0.7787604173225334
0.7936118479141928
0.8062185682833033
0.8076395390094082
0.8241086765145846
0.8245294828251013
0.8354575215876824
0.8361708031524969
1.1050390719214596
1.1085003421086386
1.1145214819567029
1.1189901594441798
1.1270049319844084
1.1287017466190006
1.1363727863217352
1.267270230655973
1.2791319645221688
1.3067737062796247
1.332288412098447
1.342230157908453
1.3646159020618944
1.3764955813466968
1.3910148917336105
1.4416823760352402
1.4482371410192765
1.4650283134889237
1.4710601218764758
1.4865878364475547
1.4890427706658982
1.4952755213751365
1.7425060495984912
1.7430242333529147
1.7533285373101626
1.755847980918303
1.771280640013135
1.7777987449966375
1.7917278082762265
1.8045608890015898
1.8171659490858665
1.8339500873160064
1.8363557301332796
1.8541549405254723
1.8600793459168186
1.8680170150172408
1.883303546432532
2.3163388445415416
2.333301316598825
2.3523521747056075
2.3722460298321395
2.3919353731585313
2.41057151413937
2.4274770814476367
2.442128124141663
2.4541496481014033
2.463195854323078
2.4641925644505562
2.4690957421191957
2.4691443377430304
2.4718592891571864
2.4719829165422107
3.1161504087794216
3.125572973622916
3.1361246697284897
3.147737319314046
3.1602812868813297
3.1735707752146305
3.18737584665345
3.2014382844860174
3.215487779410772
3.2292565639583772
3.242490310423251
3.2549555307424627
3.2664437724662614
3.2767733307901583
3.2857892745719743
-2.6031432556234186
-2.6013639922478107
-2.5993231326581903
-2.596999247837142
-2.594371021901713
-2.591417403188832
-2.588117768320335
-2.584438955792739
-2.5803867899636996
-2.575933480708386
-2.5710600672744284
-2.5657512779576526
-2.5599938659044246
-2.5537771796869206
-2.5470939039398295
-2.1286233106264056
-2.121886753695529
-2.115130081076337
-2.108691871186677
-2.1040562942451713
-2.103359541765784
-2.100766953381346
-2.078309497190061
-2.077427146935828
-2.0753374193792102
-2.0734371607268276
-2.073387117226233
-2.070919575128376
-2.07009460991585
-2.068347180526634
-1.9150464762946278
-1.9115267856115525
-1.9084163188304604
-1.9064854486258835
-1.9032084354744387
-1.902746650715137
-1.9003717948546335
-1.8944832914778098
-1.874279656834387
-1.866804369812099
-1.856301273749344
-1.8451236771443902
-1.8342033291288444
-1.8241456870317092
-1.8151461360939947
-1.692704332489286
-1.6883396721062198
-1.6846256415700205
-1.6813838958292568
-1.6786698861159102
-1.6768090787348664
-1.674406267611658
-1.5380349992126747
-1.5312606940506126
-1.5274008088461923
-1.5248398876553364
-1.5223120593088304
-1.519135671393448
-1.5141479995193137
-1.509197172125588
-1.4885083192018802
-1.4806693977740628
-1.4770339192416135
-1.4749185970203587
-1.4710995362368218
-1.4658213026831242
-1.4593065523004027
-1.11689346106463
-1.115614438089052
-1.1148096257844646
-1.113574224552577
-1.1121243945226602
-1.1100936119403308
-1.1076594125422963
-1.0999637062411702
-1.0934405427556737
-1.0913536393397536
-1.090629488981852
-1.0894711854510513
-1.0882759682335355
-1.0868039268036527
-1.0853342628304699
-0.24415810944826316
-0.24219771718272493
-0.2388934888948441
-0.23128593682736578
-0.22579570799817716
-0.2231025417833606
-0.21751540427589464
-0.19185596217256806
-0.1707743867023418
-0.15952812703322175
-0.1544698325616967
-0.14118467426943726
-0.1358700295969768
-0.11998424815114782
-0.11017103966046438
-0.08576853963594434
-0.07620256706410194
-0.06243880392474463
-0.05114991816840234
-0.03814533023833528
-0.029470968762157383
-0.017660904329552935
0.016281930094639
0.038047592049544915
0.046488028991458936
0.04844037940462792
0.04942275696976825
0.0531862186871227
0.056220416025988054
0.06208017340046723
0.7118020742263456
0.7159421096376177
0.7161222177964772
0.7275941013882057
0.7277916346365984
0.7428384982747793
0.7512681912085414
0.7784882814463235
0.794435119354072
0.8031155547077415
0.810845602198725
0.8203375549256811
0.827872338968591
0.8339796185463951
0.8369889829264054
1.1058243547068443
1.1069851308199978
1.116112586454285
1.1189432234187597
1.126429601421551
1.1290494013206775
1.1432382169917858
1.2684490338772842
1.2848384443560283
1.3152251843836744
1.3242155518095342
1.3513708717580653
1.3567562949771332
1.3812753476658945
1.3888779628267414
1.443148501021989
1.4465685351057211
1.4654237731167836
1.4711824587512607
1.4854418934054776
1.490148883033921
1.4950844998041166
1.7414993942790722
1.7450776308213833
1.749776480710114
1.7606879086081686
1.7663669489479294
1.7840219930419854
1.786779347217016
1.8069423580666373
1.8160436241662279
1.8314814163142825
1.840636867139628
1.8500179813591828
1.8649956064730804
1.866226427156874
1.8884713114908462
2.320309615094175
2.337919930533951
2.3572910885726257
2.3772239188288884
2.3967222857707946
2.414983301395685
2.431367395090718
2.445384136367136
2.4566954396448324
2.4627078899178603
2.4649764279835553
2.4680471536798456
2.4701426293888744
2.4713993827500924
2.472220177329195
3.1139734826581225
3.1231101567803585
3.133383560527997
3.144740753863081
3.1570672790450205
3.1701904725892147
3.1838900400535795
3.1979132816267772
3.2119914217184693
3.2258549043249296
3.239245208229867
3.251923125855222
3.2636737026680804
3.2743084913405593
3.2836659302179094
-2.603143255623421
-2.6013639922478085
-2.599323132658191
-2.5969992478371466
-2.594371021901712
-2.591417403188837
-2.58811776832034
-2.5844389557927467
-2.580386789963703
-2.575933480708387
-2.5710600672744333
-2.565751277957653
-2.5599938659044263
-2.5537771796869246
-2.547093903939827
-2.128623310626406
-2.121886753695525
-2.115130081076342
-2.10869187118656
-2.104056294249019
-2.1033595417609527
-2.1007669533825744
-2.0783094954548273
-2.077427151583558
-2.0753374063394103
-2.07343767646318
-2.073386605455586
-2.0709195873868285
-2.0700946034147942
-2.06834718093069
-1.9150464841290658
-1.911526621344757
-1.9084179634911598
-1.9064813512529613
-1.903236095210804
-1.9027186759530041
-1.900374849988933
-1.8944831569996183
-1.8742796661582755
-1.866804361165103
-1.8563012778843004
-1.845123675297945
-1.8342033298625655
-1.824145686812375
-1.8151461361284644
-1.692704330391974
-1.6883396926387444
-1.6846255599883568
-1.6813840743808457
-1.6786696501915757
-1.676809222715325
-1.674406244150632
-1.5380343006945036
-1.531290673313938
-1.5270736575777024
-1.5254925660442595
-1.5215862612340325
-1.5195864499583587
-1.5140462696587058
-1.509219822318357
-1.4885054297746874
-1.4806810718644698
-1.4770079860566343
-1.4749384071681149
-1.4710958794760873
-1.4658215988901404
-1.459306542540028
-1.1168930825689924
-1.1156176015720793
-1.1148044971103699
-1.113576829072009
-1.1121251553927554
-1.1100917757648014
-1.107660385899874
-1.0999631845964508
-1.0934501184736256
-1.0912277117446445
-1.0908062893117374
-1.089378717762269
-1.0883140484010005
-1.0867976664170185
-1.0853348250455273
-0.24415811000999108
-0.2421977153565521
-0.23889349155533982
-0.23128593011891338
-0.22579572783022137
-0.2231025239013136
-0.21751540762888838
-0.19185596330567412
-0.1707743585021185
-0.15952838040269113
-0.15446944836851
-0.14118526208732202
-0.13586949459741005
-0.11998443864007297
-0.11017094229103815
-0.08576854250468166
-0.07620261163188141
-0.06243870650453464
-0.05115003096945175
-0.03814523289443851
-0.02947102572096157
-0.01766089346227297
0.016281929522660672
0.0380475870463434
0.04648833679979124
0.0484391486890551
0.049423806893334046
0.053186064905094504
0.05622044884570925
0.062080172524193164
0.7118020742286446
0.7159421094708522
0.7161222179650533
0.7275941011888903
0.7277916348325106
0.7428384982753035
0.7512681912063112
0.7784882814533306
0.794435119311142
0.8031155548137447
0.8108456020757052
0.820337555025613
0.8278723388946553
0.8339796185892278
0.8369889829115204
1.1058243547077904
1.1069851308185261
1.1161125864595904
1.1189432234115317
1.1264296014276833
1.1290494013169128
1.1432382169918662
1.2684490338772823
1.2848384443560281
1.3152251843837157
1.3242155518094523
1.3513708717584447
1.3567562949767127
1.3812753476661093
1.3888779628265957
1.4431485010221907
1.446568535105484
1.4654237731169224
1.4711824587511517
1.485441893405511
1.490148883033903
1.4950844998041204
1.741499394279073
1.7450776308213822
1.7497764807101162
1.7606879086081695
1.7663669489479286
1.7840219930419854
1.7867793472170141
1.806942358066637
1.8160436241662263
1.831481416314283
1.8406368671396272
1.8500179813591824
1.864995606473082
1.8662264271568743
1.8884713114908478
2.3203096150941738
2.337919930533951
2.357291088572625
2.3772239188288897
2.3967222857707946
2.414983301395685
2.4313673950907186
2.445384136367135
2.4566954396448315
2.4627078899178603
2.4649764279835558
2.468047153679845
2.4701426293888753
2.4713993827500924
2.4722201773291967
3.1139734826581202
3.1231101567803563
3.133383560528
3.1447407538630805
3.157067279045019
3.1701904725892147
3.1838900400535817
3.197913281626776
3.211991421718467
3.225854904324929
3.2392452082298644
3.2519231258552197
3.263673702668078
3.2743084913405562
3.2836659302179028
-2.60314325562342
-2.6013639922478125
-2.599323132658197
-2.5969992478371458
-2.5943710219017104
-2.591417403188836
-2.588117768320338
-2.5844389557927387
-2.5803867899636965
-2.5759334807083825
-2.571060067274437
-2.5657512779576512
-2.5599938659044286
-2.553777179686926
-2.5470939039398313
-2.1286233106264065
-2.121886753695529
-2.115130081076335
-2.108691871186665
-2.104056294245298
-2.1033595417656943
-2.1007669533813056
-2.0783094982494497
-2.077427143963912
-2.07533742864156
-2.0734367521307573
-2.07338752367882
-2.0709195644362324
-2.0700946157955125
-2.0683471801327893
-1.9150465457867962
-1.9115255331465453
-1.908427400398198
-1.9064593115303614
-1.90334101626761
-1.9026144436640695
-1.9003882704085495
-1.8944826679896307
-1.8742796879269414
-1.8668043432592412
-1.8563012853676004
-1.8451236722708968
-1.8342033310112296
-1.8241456864653107
-1.8151461361864418
-1.6927043159050272
-1.68833982967446
-1.684625025959276
-1.681385232062579
-1.6786681216346906
-1.676810158831726
-1.674406090388745
-1.5380349207290263
-1.5312654612276386
-1.5273502635877514
-1.5249742782994027
-1.5221495153451765
-1.5192326155068532
-1.5141177464469031
-1.5092048392817745
-1.4885065931194357
-1.4806777410944099
-1.4770139579467938
-1.4749344837308584
-1.471096374578585
-1.4658215836384456
-1.459306542037788
-1.116886768535159
-1.1156823809439198
-1.1146354869137316
-1.113763680729498
-1.112009241907224
-1.1101432902864006
-1.1076474514978776
-1.0999656684951489
-1.0934221817769094
-1.0914779245608923
-1.0904220502315396
-1.089603766399708
-1.0882384413775357
-1.0868097189922064
-1.0853338364854148
-0.24415810959769826
-0.24219771674697008
-0.23889348939357444
-0.23128593659355895
-0.22579570545021507
-0.22310254605393204
-0.21751540226431385
-0.19185596368484034
-0.1707743717986335
-0.15952820648400953
-0.15446974704024186
-0.14118465607759428
-0.13587010876586775
-0.1199841285970721
-0.11017115166891063
-0.08576838770311344
-0.0762027778130709
-0.062438628954219866
-0.051150037266701094
-0.03814528019639742
-0.029470980030043434
-0.017660907227649687
0.016281932638349428
0.03804755410971501
0.04648930294893254
0.04843577656974179
0.0494265037655058
0.05318574960498393
0.056220505266587305
0.06208017144669525
0.7118020742252994
0.7159421097639055
0.716122217666253
0.7275941018862371
0.7277916341364327
0.7428384982921009
0.75126819119526
0.7784882814612794
0.7944351192845689
0.8031155548581808
0.8108456020432695
0.8203375550343868
0.8278723388981677
0.8339796185824373
0.836988982914714
1.1058243547117668
1.1069851308128293
1.1161125864719197
1.1189432233967094
1.1264296014370827
1.1290494013116625
1.1432382169919342
1.2684490338772871
1.2848384443560132
1.3152251843838134
1.3242155518093188
1.3513708717587198
1.3567562949764613
1.3812753476661492
1.388877962826585
1.4431485010220197
1.4465685351057056
1.4654237731167006
1.4711824587513667
1.4854418934053928
1.490148883033991
1.495084499804102
1.7414993942790737
1.7450776308213827
1.7497764807101148
1.7606879086081693
1.7663669489479272
1.7840219930419867
1.7867793472170141
1.8069423580666366
1.8160436241662263
1.8314814163142825
1.8406368671396272
1.8500179813591835
1.864995606473081
1.8662264271568738
1.888471311490847
2.320309615094174
2.3379199305339506
2.3572910885726235
2.377223918828892
2.396722285770797
2.414983301395684
2.431367395090717
2.4453841363671365
2.4566954396448324
2.4627078899178603
2.464976427983555
2.468047153679845
2.4701426293888753
2.4713993827500937
2.472220177329195
3.1139734826581225
3.1231101567803567
3.1333835605279985
3.1447407538630805
3.157067279045021
3.170190472589216
3.1838900400535772
3.1979132816267755
3.211991421718466
3.225854904324929
3.2392452082298657
3.251923125855222
3.263673702668078
3.274308491340558
3.2836659302179054
-2.603143255623418
-2.601363992247811
-2.599323132658186
-2.5969992478371404
-2.594371021901714
-2.591417403188835
-2.5881177683203385
-2.584438955792743
-2.5803867899637014
-2.5759334807083873
-2.5710600672744293
-2.565751277957643
-2.55999386590442
-2.55377717968692
-2.547093903939831
-2.1286233106264048
-2.121886753695527
-2.115130081076335
-2.108691871186781
-2.104056294241453
-2.103359541770532
-2.100766953380082
-2.0783094999846656
-2.0774271393161685
-2.075337441680949
-2.0734362167649567
-2.073388055079174
-2.0709195521776462
-2.0700946222968435
-2.0683471797287365
-1.9150465379533064
-1.9115256976883996
-1.9084257792349733
-1.9064634376560066
-1.9033215332874054
-1.9026342616533367
-1.9003851428250096
-1.8944828024075935
-1.874279678603076
-1.8668043519062154
-1.8563012812326414
-1.8451236741173485
-1.8342033302775091
-1.824145686684642
-1.81514613615197
-1.6927043180023793
-1.6883398091444959
-1.6846251075688936
-1.6813850535948327
-1.6786683576142132
-1.6768100146888907
-1.6744061138425481
-1.5380356187598092
-1.531234489566553
-1.5275972295593219
-1.5241591834346035
-1.523024010947216
-1.5188725890274297
-1.5142233442933335
-1.5091824660649131
-1.4885094816781446
-1.4806660444173638
-1.4770398321109728
-1.4749147541188365
-1.4711000333570192
-1.465821287437419
-1.4593065517981578
-1.1168871577019956
-1.115679781010201
-1.1146410209033026
-1.1137601405880446
-1.1120083590767138
-1.11014518965457
-1.1076464928746839
-1.0999661898083593
-1.0934120315383153
-1.0915430002958573
-1.0902460488639476
-1.0897510075436248
-1.0882059993517745
-1.0868161933401426
-1.085333276581648
-0.24415810903596788
-0.24219771857313965
-0.23889348673307656
-0.2312859433019882
-0.22579568561792762
-0.22310256393622763
-0.2175153989113359
-0.1918559625517345
-0.1707743999986908
-0.1595279530921506
-0.15447013124832784
-0.1411840681572787
-0.1358706438710525
-0.11998393810772548
-0.11017124904311126
-0.08576838483488591
-0.07620273324551247
-0.062438726374259824
-0.05114992446499022
-0.03814537753990635
-0.029470923071788533
-0.017660918094980133
0.01628193321032903
0.03804755911280724
0.04648899459660057
0.04843700164800863
0.04942545998334914
0.053185903424332485
0.05622047244955731
0.06208017232297533
0.7118020742230003
0.7159421099306695
0.716122217497682
0.7275941020855569
0.7277916339405194
0.7428384982915792
0.7512681911974914
0.7784882814542714
0.7944351193274974
0.8031155547521769
0.8108456021662854
0.8203375549344555
0.8278723389721093
0.8339796185396056
0.8369889829295972
1.1058243547108217
1.1069851308143028
1.1161125864666168
1.1189432234039365
1.1264296014309467
1.1290494013154253
1.1432382169918565
1.2684490338772885
1.2848384443560115
1.3152251843837712
1.3242155518093994
1.3513708717583361
1.3567562949768808
1.3812753476659336
1.388877962826732
1.443148501021819
1.4465685351059423
1.4654237731165634
1.4711824587514781
1.4854418934053604
1.490148883034011
1.4950844998040986
1.7414993942790735
1.7450776308213836
1.7497764807101142
1.760687908608169
1.7663669489479281
1.7840219930419872
1.7867793472170135
1.8069423580666364
1.8160436241662266
1.831481416314282
1.8406368671396283
1.8500179813591828
1.8649956064730815
1.8662264271568736
1.8884713114908462
2.320309615094173
2.337919930533951
2.3572910885726257
2.3772239188288915
2.3967222857707955
2.4149833013956843
2.431367395090717
2.4453841363671356
2.4566954396448333
2.4627078899178603
2.464976427983554
2.468047153679845
2.4701426293888735
2.471399382750093
2.472220177329195
3.1139734826581216
3.1231101567803545
3.1333835605279945
3.144740753863082
3.157067279045021
3.170190472589216
3.1838900400535803
3.197913281626778
3.2119914217184657
3.2258549043249283
3.239245208229864
3.25192312585522
3.263673702668079
3.2743084913405625
3.2836659302179023
