-2.652225453766195
-2.6509937541775677
-2.649539988502834
-2.6478384852276893
-2.6458641251533956
-2.6435914756798575
-2.640995004340987
-2.6380493052673
-2.6347293454008267
-2.6310107405897396
-2.62687007557233
-2.622285094435539
-2.252200449068529
-2.245774611135724
-2.2389150403048124
-2.2316403170258825
-2.224027979932442
-2.2161936822948305
-2.208308772256546
-2.2006269282097306
-2.1935225295582286
-2.1875442275675923
-2.183457982316583
-2.1807985051726404
-2.038442194886563
-2.0314984675077743
-2.0228151300615864
-2.0119581375234943
-1.999636515851557
-1.986570721785801
-1.9734063394407249
-1.960786483234985
-1.9494205563841278
-1.940120951420528
-1.9338384960678972
-1.9309717626253926
-1.803245676875683
-1.7939316079068357
-1.7867412602273172
-1.7817521156627971
-1.7748437611951795
-1.7654602646722406
-1.7547987513155565
-1.7436097199263345
-1.7326455442576885
-1.7229772415279705
-1.716167731695076
-1.7085549989614834
-1.63061879317997
-1.6152288309380252
-1.605751669039134
-1.6022989824527674
-1.5967497356520044
-1.589128714063538
-1.5812061089447933
-1.572971426548602
-1.5644262823668857
-1.55534949214126
-1.545737609166763
-1.5350658655071874
-1.5223615208007322
-1.3590903746276926
-1.3522486841957633
-1.3496582437251305
-1.3449859698283342
-1.3420514913325166
-1.3395673156468502
-1.3381327725002723
-1.3352572084277503
-1.33081256919329
-1.325439261974937
-1.3195026460728148
-1.3132354741431371
-0.9744715170703068
-0.9708665545158572
-0.9694013861292551
-0.9674664577162954
-0.9663398839489047
-0.9650436774636533
-0.9645332509975444
-0.96355102755015
-0.9629300978941234
-0.9620363632218573
-0.960854897628521
-0.9599413349953017
-0.17720708393001877
-0.17036692748500415
-0.1641362745694897
-0.15884715842500952
-0.15348421131724868
-0.15139316120243507
-0.14261011869190207
-0.14233103391838398
-0.13424570428740804
-0.12873535144054712
-0.11474887976309849
-0.1041381076590855
-0.060339252884209306
-0.05156994847221608
-0.04713953235504277
-0.03915593387109147
-0.03243161932845714
-0.023856136452489612
-0.016809427389561336
-0.0106060781251601
-0.005191793960343075
0.0012327471771962264
0.009011451794678854
0.017835332776694836
0.6191630611491745
0.6234958389198919
0.628941173044227
0.6303195193901519
0.6404414030877971
0.6441517000078493
0.6533927214784422
0.6619764532802486
0.6629087710064171
0.6725041190461708
0.6803066132021504
0.6987167453842221
0.9638298541078221
0.9764562409866238
0.9875519334185682
0.990598947517505
1.0123272897602666
1.0170923461889125
1.0420284377271114
1.0501900230439045
1.0737984290146538
1.0852713041000597
1.100213567662455
1.1171950239603032
1.16783324068649
1.2316828552865855
1.2502006859546668
1.265446566409746
1.281497423455432
1.2940598571755038
1.325009464217128
1.3255535019378746
1.3715700416161876
1.4148846524886178
1.4496993971059835
1.4587934791750248
1.473006970067589
1.6285105340424846
1.6382220013431252
1.6419527979259994
1.6677446013033275
1.6905524693393286
1.697060849558788
1.7202989419859958
1.7243352794260869
1.743351521952716
1.7454633829396125
1.7550781879597506
1.7608172251038974
2.033451403585213
2.035448729493217
2.041982965335957
2.044917596810135
2.055880556990333
2.0614946887749723
2.0726676985008448
2.0816021621365657
2.089743242910455
2.1053430859964335
2.118337784242839
2.1280705485366567
2.559061271756898
2.5760047078381376
2.592255467456659
2.607140314687826
2.620170633594056
2.631003728480247
2.6394209172184984
2.6453184364493123
2.6455372129267287
2.6485432372334934
2.648704992020208
2.649708975690369
3.1805262261327707
3.190277772270422
3.2012411385208606
3.2132979507917763
3.226266388997675
3.2399109934137167
3.253957761100395
3.2681114522546717
3.28207212177819
3.2955488243318043
3.3082696181273987
3.319987948025344
-2.6522254537661953
-2.6509937541775703
-2.6495399885028386
-2.6478384852276906
-2.645864125153394
-2.643591475679861
-2.6409950043409953
-2.6380493052673
-2.6347293454008294
-2.631010740589742
-2.6268700755723344
-2.6222850944355414
-2.252200449068526
-2.24577461113572
-2.2389150403048133
-2.2316403170258754
-2.2240279799324387
-2.216193682294841
-2.2083087722565544
-2.200626928209733
-2.1935225295582224
-2.187544227567593
-2.1834579823165843
-2.180798505172643
-2.038442194886564
-2.031498467507774
-2.0228151300615895
-2.0119581375234894
-1.999636515851559
-1.9865707217857815
-1.9734063394407626
-1.9607864832349018
-1.949420556384278
-1.9401209514203008
-1.9338384960681372
-1.930971762625287
-1.803245676859919
-1.7939316085064092
-1.7867412533366807
-1.781752135142306
-1.7748437288873073
-1.7654603138440967
-1.754798672409051
-1.7436098475734012
-1.732645345897625
-1.722977507364041
-1.7161675350024885
-1.7085550500692273
-1.6306186629895285
-1.6152329065548314
-1.605682212285996
-1.6024314786401377
-1.596636953069355
-1.5892048101680778
-1.5811589559991237
-1.5729953920206512
-1.5644169958231289
-1.5553521286458027
-1.5457370909456787
-1.5350659250513412
-1.5223615179396088
-1.359090237665072
-1.3522569686290011
-1.34962897321762
-1.3451218950830572
-1.3414427324262626
-1.340457169681828
-1.3375992094734848
-1.3354078651543966
-1.3307984159205777
-1.3254405022099012
-1.3195025651865895
-1.3132354770207035
-0.9744715162391325
-0.9708666871798183
-0.9694003763774763
-0.9674774825457613
-0.9662929867738606
-0.9652177933358023
-0.9642016405728586
-0.9638437234000965
-0.9627979872418776
-0.9620735570582408
-0.9608509282814606
-0.9599417701253803
-0.17720708393620885
-0.17036692729821004
-0.1641362770674952
-0.15884714260226565
-0.15348431403486304
-0.15139303587421069
-0.14261140895854116
-0.1423297532265735
-0.1342457423324859
-0.12873533923557162
-0.11474888056230156
-0.10413810757815498
-0.0603392509587027
-0.05156996666524774
-0.04713950043368575
-0.03915596893007389
-0.03243158753868228
-0.02385615916044357
-0.0168094103933355
-0.010606087639012036
-0.005191790640369991
0.0012327466851578402
0.009011451825703811
0.017835332775946337
0.6191630611491784
0.62349583892005
0.6289411730396427
0.6303195193960878
0.6404414030777983
0.6441517000211296
0.6533927214667314
0.6619764533419153
0.662908770949866
0.6725041190482725
0.6803066132018378
0.6987167453842267
0.9638298541078241
0.9764562409866687
0.9875519334172745
0.9905989475191949
1.0123272897561026
1.0170923461935766
1.042028437723141
1.0501900230478167
1.0737984290125266
1.0852713041017348
1.1002135676619489
1.1171950239603745
1.1678332406864915
1.2316828552865766
1.2502006859546995
1.2654465664096954
1.2814974234554806
1.294059857175479
1.3250094642171946
1.3255535019378104
1.371570041616186
1.4148846524886176
1.449699397105983
1.4587934791750237
1.473006970067589
1.6285105340424848
1.6382220013431255
1.641952797925999
1.6677446013033272
1.6905524693393275
1.6970608495587904
1.7202989419859935
1.7243352794260887
1.7433515219527163
1.7454633829396127
1.7550781879597517
1.760817225103898
2.0334514035852136
2.035448729493216
2.041982965335958
2.0449175968101345
2.055880556990332
2.0614946887749697
2.0726676985008448
2.0816021621365657
2.0897432429104534
2.1053430859964335
2.1183377842428395
2.1280705485366553
2.5590612717568972
2.5760047078381376
2.5922554674566607
2.6071403146878263
2.6201706335940558
2.631003728480245
2.6394209172184975
2.6453184364493136
2.6455372129267283
2.6485432372334934
2.6487049920202064
2.6497089756903693
3.1805262261327747
3.1902777722704174
3.201241138520864
3.2132979507917856
3.2262663889976753
3.2399109934137127
3.2539577611003967
3.2681114522546757
3.282072121778189
3.295548824331801
3.3082696181273996
3.319987948025338
-2.6522254537661993
-2.6509937541775677
-2.649539988502837
-2.6478384852276924
-2.645864125153393
-2.6435914756798593
-2.6409950043409918
-2.6380493052672964
-2.634729345400833
-2.6310107405897427
-2.626870075572334
-2.6222850944355374
-2.2522004490685235
-2.245774611135718
-2.2389150403048137
-2.2316403170258767
-2.2240279799324436
-2.2161936822948385
-2.208308772256552
-2.200626928209726
-2.1935225295582224
-2.187544227567592
-2.1834579823165825
-2.1807985051726413
-2.0384421948865654
-2.031498467507775
-2.0228151300615913
-2.011958137523489
-1.9996365158515699
-1.9865707217857616
-1.9734063394408186
-1.960786483234727
-1.949420556384701
-1.9401209514194158
-1.9338384960693986
-1.9309717626246066
-1.8032456773605352
-1.793931597908973
-1.7867413305940325
-1.781751972859428
-1.7748439128207025
-1.7654601373976382
-1.7547988522977624
-1.7436096529460938
-1.732645564488151
-1.7229772748443843
-1.716167685645008
-1.7085550153920934
-1.6306187142153692
-1.6152317267656933
-1.605696073820331
-1.6024107217427364
-1.5966459160079878
-1.5892072850051895
-1.5811509318861399
-1.5730032024523706
-1.5644123920450839
-1.5553539231374172
-1.5457366407217472
-1.5350659883705695
-1.5223615143001528
-1.3590902893719363
-1.3522543199674
-1.3496377838084777
-1.3450878735381047
-1.3416331044874734
-1.3402317108361539
-1.3376891467839656
-1.3353790777819983
-1.3308002495228697
-1.3254404132950894
-1.3195025649829146
-1.3132354772923194
-0.9744715163605457
-0.9708666723338731
-0.9694004759818236
-0.9674766001196362
-0.9662964715666152
-0.9652090513043907
-0.9642251699803218
-0.9638228318071198
-0.962802690815852
-0.962072184309021
-0.9608510212741974
-0.9599417632783669
-0.1772070839359475
-0.17036692731572192
-0.16413627671233413
-0.15884714553928653
-0.15348429010676665
-0.15139306753173584
-0.1426109644871875
-0.14233019864170077
-0.13424572487899256
-0.12873534603094341
-0.11474887973640062
-0.1041381078035821
-0.06033925101315715
-0.051569963848780764
-0.047139507192166294
-0.03915595809966693
-0.03243159992154976
-0.023856147890787036
-0.016809420457336476
-0.010606081102839962
-0.0051917932368523625
0.001232747136540647
0.00901145179047902
0.017835332777091973
0.619163061148826
0.6234958389230375
0.6289411730076512
0.6303195194317996
0.6404414030486267
0.6441517000533001
0.6533927214474762
0.6619764534159661
0.6629087708841784
0.6725041190499983
0.6803066132016512
0.6987167453842288
0.963829854107796
0.976456240987092
0.9875519334128701
0.9905989475240735
1.0123272897508833
1.017092346198612
1.0420284377213016
1.0501900230490397
1.0737984290126972
1.0852713041012698
1.1002135676622369
1.117195023960299
1.167833240686494
1.2316828552865706
1.2502006859547088
1.2654465664096899
1.2814974234554743
1.2940598571754882
1.3250094642171264
1.3255535019378744
1.3715700416161878
1.414884652488619
1.449699397105984
1.4587934791750243
1.4730069700675894
1.6285105340424857
1.6382220013431248
1.6419527979259996
1.6677446013033264
1.6905524693393292
1.6970608495587882
1.7202989419859944
1.7243352794260867
1.7433515219527156
1.7454633829396118
1.7550781879597508
1.7608172251038972
2.0334514035852136
2.035448729493218
2.0419829653359574
2.0449175968101367
2.055880556990333
2.0614946887749714
2.0726676985008443
2.0816021621365657
2.0897432429104548
2.105343085996433
2.1183377842428395
2.1280705485366567
2.5590612717568986
2.5760047078381376
2.592255467456659
2.6071403146878267
2.620170633594056
2.631003728480244
2.6394209172184997
2.6453184364493114
2.6455372129267287
2.648543237233493
2.648704992020208
2.6497089756903685
3.1805262261327663
3.190277772270423
3.2012411385208646
3.213297950791781
3.2262663889976753
3.2399109934137145
3.253957761100394
3.2681114522546753
3.2820721217781874
3.295548824331802
3.308269618127399
3.3199879480253407
-2.652225453766197
-2.6509937541775686
-2.649539988502838
-2.6478384852276915
-2.645864125153387
-2.643591475679854
-2.6409950043409975
-2.6380493052672946
-2.634729345400828
-2.631010740589745
-2.6268700755723327
-2.6222850944355356
-2.252200449068529
-2.2457746111357153
-2.2389150403048133
-2.231640317025878
-2.224027979932441
-2.2161936822948354
-2.208308772256557
-2.200626928209728
-2.193522529558228
-2.1875442275675905
-2.1834579823165847
-2.1807985051726435
-2.038442194886565
-2.0314984675077747
-2.0228151300615873
-2.0119581375234916
-1.9996365158515652
-1.9865707217857735
-1.9734063394407864
-1.9607864832348114
-1.9494205563845501
-1.9401209514196414
-1.9338384960691595
-1.9309717626247167
-1.8032456773763021
-1.7939315973093968
-1.786741337484354
-1.7817519533795434
-1.774843945128537
-1.765460088225512
-1.7547989312036367
-1.7436095252977302
-1.732645762845612
-1.7229770090052996
-1.7161678823452242
-1.7085549642852873
-1.6306188444030527
-1.6152276486427224
-1.6057647870549006
-1.602278622178296
-1.5967590254804847
-1.5891312610648927
-1.5811980716463248
-1.572979211137909
-1.5644216693888753
-1.5553512852966818
-1.5457371588589994
-1.535065928824769
-1.522361517161273
-1.3590904263265235
-1.3522460021328329
-1.3496669520759061
-1.344947446294282
-1.3421552746687282
-1.3393559058206805
-1.3382945843385075
-1.3352336961572118
-1.3308144303914637
-1.3254391731786144
-1.319502645869213
-1.3132354744147556
-0.9744715171917195
-0.9708665396630508
-0.9694014855319592
-0.9674655450930412
-0.9663430645156245
-0.9650291856768313
-0.9645516725007895
-0.9635391529066686
-0.962936766830965
-0.9620351989810828
-0.9608549920711129
-0.9599413281689161
-0.17720708392975762
-0.17036692750251592
-0.1641362742143306
-0.15884716136200186
-0.15348418738658268
-0.1513931928623357
-0.1426096701168554
-0.14233148343725005
-0.1342456868340498
-0.12873535823596452
-0.11474887893719804
-0.10413810788451325
-0.06033925293866376
-0.05156994565571925
-0.047139539113521284
-0.039155923040646294
-0.03243163171136593
-0.02385612518283348
-0.01680943745357558
-0.01060607158900311
-0.005191796556827217
0.0012327476285782842
0.009011451759452633
0.017835332777839774
0.61916306114882
0.6234958389228784
0.6289411730122354
0.6303195194258611
0.6404414030586267
0.6441517000400228
0.6533927214591861
0.6619764533543002
0.6629087709407292
0.6725041190478972
0.6803066132019632
0.698716745384225
0.9638298541077921
0.9764562409870464
0.9875519334141618
0.990598947522381
1.0123272897550468
1.017092346193947
1.042028437725273
1.050190023045127
1.073798429014827
1.0852713040995963
1.1002135676627463
1.1171950239602266
1.1678332406864935
1.231682855286581
1.2502006859546764
1.2654465664097427
1.281497423455425
1.294059857175514
1.3250094642170578
1.3255535019379405
1.371570041616187
1.4148846524886187
1.4496993971059835
1.4587934791750243
1.4730069700675885
1.6285105340424855
1.6382220013431255
1.641952797926001
1.6677446013033255
1.6905524693393286
1.6970608495587898
1.7202989419859944
1.724335279426086
1.743351521952717
1.7454633829396105
1.7550781879597506
1.7608172251038976
2.0334514035852145
2.0354487294932184
2.041982965335959
2.0449175968101363
2.0558805569903313
2.061494688774971
2.072667698500844
2.0816021621365657
2.089743242910454
2.105343085996432
2.118337784242839
2.1280705485366553
2.5590612717568986
2.5760047078381376
2.592255467456659
2.607140314687827
2.620170633594057
2.631003728480246
2.6394209172184984
2.6453184364493127
2.6455372129267287
2.648543237233494
2.648704992020207
2.6497089756903707
3.1805262261327627
3.190277772270423
3.201241138520863
3.213297950791782
3.226266388997677
3.2399109934137185
3.2539577611003936
3.2681114522546753
3.2820721217781874
3.295548824331804
3.3082696181274
3.3199879480253407
-2.6525012019068592
-2.6513213836443206
-2.649925683928702
-2.648288453197408
-2.6463846829559645
-2.6441889993521452
-2.641675874250725
-2.6388198479692644
-2.6355957697361414
-2.631979065171287
-2.627946043725039
-2.623474051727828
-2.25372724907264
-2.2474182071155773
-2.2406712251152703
-2.2334942244422695
-2.225957180361425
-2.218164859408601
-2.2102725941854637
-2.2025103771035015
-2.1952181072771233
-2.188894193592706
-2.1842271260057213
-2.1810464642134826
-2.0374800607700583
-2.029640805354716
-2.0202842731387376
-2.0089851113225086
-1.9964138437341041
-1.9832642958488576
-1.9701741874210843
-1.9577975566168206
-1.9468678767441947
-1.938225069066872
-1.9329708960684489
-1.9305054929482854
-1.8032458734768047
-1.7939329859968967
-1.7866368922348657
-1.7824559631737442
-1.776869652084491
-1.7679596812753455
-1.757540783487307
-1.7464176466740815
-1.7353135986826498
-1.725137715812924
-1.7169346930454772
-1.7085737713873368
-1.6306186552458894
-1.615224202595284
-1.6057225298718574
-1.6011486743092536
-1.5950256951339346
-1.587201104182371
-1.5793405006435812
-1.5713838938033078
-1.5633150860414842
-1.5547917848479134
-1.5455934907153774
-1.5350584532271585
-1.5223633007804136
-1.359090919529754
-1.3519238098493278
-1.348680619858792
-1.3450553701609964
-1.3417413641429552
-1.3392217178403345
-1.3381006381409524
-1.3346856327480652
-1.3301961961865398
-1.3248970651394552
-1.3191207510457394
-1.313076502352358
-0.9748241650252615
-0.9710426507164953
-0.9694603180260025
-0.9675222689092003
-0.9663955856041032
-0.9650554321256213
-0.9645781927803105
-0.9635464031077857
-0.962994352072343
-0.9620350729431658
-0.9609339613136334
-0.9599679143143635
-0.1772071563077121
-0.1703645109654124
-0.16417175165335762
-0.15856885076792288
-0.15465044449936347
-0.14951707035297496
-0.14563842997609364
-0.13991853815697336
-0.1333342301448932
-0.13233731584474379
-0.11778410959110398
-0.10460007122686905
-0.060322069477612754
-0.052546907994219245
-0.04418852804031114
-0.04272345704631851
-0.02833428103994552
-0.027672556072893855
-0.013909695998502402
-0.012937439127692891
-0.004658128958069281
0.001120495072162471
0.009020481387166943
0.01783500485695495
0.619134981027384
0.623724614516703
0.6278828372724666
0.6314211292483416
0.6401861455104092
0.6437446075784288
0.6561330656356534
0.6573499309915183
0.6638903991237529
0.6730890704551534
0.6761555263607365
0.6954064042033187
0.9638091617018204
0.9770120865205559
0.985966324911746
0.9938046906207927
1.0057808495111988
1.024633461959251
1.0342246302437306
1.0591508950851731
1.0659511233099745
1.0918230961197362
1.0963857972256752
1.11762365116366
1.1678381407804286
1.2312443619569622
1.2533150608230317
1.2605444599123825
1.286619788553466
1.2919387665847093
1.3179471589072094
1.3370871492637486
1.3828174554748158
1.4247270771184966
1.4529411174295876
1.4570382727699993
1.4733066427173258
1.6286367750696016
1.6371443463820876
1.6432838625959159
1.660670804307505
1.6897520246636446
1.6983769409170824
1.7179345161930641
1.7268418999369162
1.7409883089327327
1.7475624607186462
1.7546069812037062
1.7609010548648414
2.033356887605208
2.0356472867417597
2.0417138481287136
2.0450100182852298
2.056893724663898
2.0599237120326856
2.07641438444644
2.076991375437604
2.0938349002675
2.108868962096028
2.1210928924846746
2.1299532896084
2.5633168201518406
2.5801622582269665
2.5961266140725496
2.6105874137193013
2.6230954520321905
2.6333405040763442
2.641133086022341
2.6445402044119715
2.646397711014476
2.647951098351391
2.649169330465679
2.649612051378165
3.178285237392401
3.187723115968001
3.1983920313341763
3.2101901651550966
3.222950903258301
3.2364509385929723
3.250424312273172
3.2645794695279013
3.278616222552501
3.2922402890020654
3.3051742443834677
3.3171647655476546
-2.6525012019068614
-2.6513213836443184
-2.6499256839287044
-2.6482884531974102
-2.646384682955961
-2.6441889993521412
-2.6416758742507396
-2.6388198479692653
-2.635595769736141
-2.6319790651712855
-2.62794604372504
-2.623474051727826
-2.253727249072641
-2.2474182071155764
-2.2406712251152694
-2.233494224442269
-2.225957180361423
-2.2181648594085948
-2.210272594185458
-2.2025103771034953
-2.195218107277123
-2.1888941935927053
-2.1842271260057218
-2.1810464642134813
-2.0374800607700574
-2.029640805354716
-2.020284273138736
-2.0089851113225046
-1.9964138437341128
-1.9832642958488298
-1.9701741874211631
-1.9577975566166024
-1.9468678767447711
-1.9382250690655995
-1.9329708960702008
-1.9305054929473864
-1.8032458732813497
-1.7939329907636798
-1.7866368448594303
-1.782456066550878
-1.7768695493460238
-1.7679597593937466
-1.7575407115569843
-1.7464177231567244
-1.735313511038516
-1.725137808724598
-1.7169346295400834
-1.7085737895280801
-1.6306185471280157
-1.615227441595994
-1.6056826412428202
-1.6012366529271485
-1.594929915401504
-1.5872813056689985
-1.5792818474644374
-1.57141759061049
-1.5633010547916857
-1.5547957853347287
-1.5455927666671982
-1.5350585242073105
-1.5223632979492956
-1.3590908188020456
-1.3519302821177155
-1.348642735823885
-1.345192047188998
-1.3411202329986478
-1.3401947032894694
-1.3375390637020064
-1.334802655658845
-1.3301824174264218
-1.324898478068082
-1.3191206453178863
-1.3130765066012768
-0.9748241645672685
-0.9710427302357078
-0.9694596108973028
-0.9675305105445781
-0.966361207382393
-0.9652025276600111
-0.9643280731855463
-0.9637691978816966
-0.9628753525263133
-0.9620644671045417
-0.9609302055967974
-0.9599682693561391
-0.17720715630984094
-0.1703645108775404
-0.16417175308785306
-0.15856883697827528
-0.15465048655833766
-0.14951696650812507
-0.14563856524067614
-0.1399184232768644
-0.13333449345576476
-0.13233710429143328
-0.11778411206127397
-0.1046000708097315
-0.06032206997457338
-0.0525469075396754
-0.0441885124677791
-0.042723476008177545
-0.028334185687214804
-0.027672652137718984
-0.013909651636915338
-0.012937481475913474
-0.004658126256805447
0.0011204944226861657
0.009020481435831212
0.01783500485529763
0.6191349810277079
0.623724614513272
0.6278828372856174
0.6314211292309931
0.6401861455424416
0.6437446075450078
0.6561330657448398
0.6573499308793058
0.6638903991374209
0.6730890704519054
0.6761555263620385
0.6954064042033169
0.9638091617018434
0.9770120865201397
0.985966324913496
0.9938046906181801
1.0057808495132878
1.0246334619570538
1.0342246302453828
1.0591508950846698
1.065951123310081
1.0918230961204751
1.0963857972249909
1.1176236511637174
1.1678381407804255
1.2312443619569664
1.2533150608230197
1.2605444599123903
1.2866197885534787
1.2919387665846975
1.317947158907212
1.337087149263747
1.3828174554748165
1.4247270771184963
1.4529411174295888
1.4570382727700002
1.4733066427173271
1.6286367750696022
1.6371443463820867
1.6432838625959165
1.6606708043075034
1.6897520246636444
1.6983769409170828
1.7179345161930653
1.7268418999369155
1.7409883089327325
1.7475624607186453
1.7546069812037037
1.7609010548648392
2.0333568876052093
2.03564728674176
2.041713848128712
2.045010018285227
2.056893724663899
2.0599237120326856
2.0764143844464393
2.076991375437604
2.093834900267501
2.108868962096029
2.121092892484674
2.1299532896083995
2.563316820151841
2.580162258226966
2.5961266140725496
2.6105874137193
2.623095452032192
2.633340504076344
2.6411330860223408
2.6445402044119715
2.646397711014475
2.647951098351391
2.649169330465679
2.6496120513781647
3.1782852373924033
3.187723115968009
3.198392031334174
3.2101901651550926
3.222950903258296
3.2364509385929687
3.2504243122731675
3.2645794695278987
3.2786162225525004
3.292240289002062
3.305174244383466
3.317164765547653
-2.652501201906862
-2.6513213836443197
-2.6499256839287004
-2.6482884531974116
-2.6463846829559627
-2.6441889993521426
-2.6416758742507307
-2.6388198479692644
-2.6355957697361454
-2.6319790651712873
-2.6279460437250375
-2.6234740517278285
-2.253727249072641
-2.2474182071155786
-2.240671225115274
-2.233494224442268
-2.225957180361429
-2.218164859408597
-2.210272594185467
-2.2025103771034997
-2.1952181072771206
-2.1888941935927066
-2.1842271260057196
-2.1810464642134795
-2.0374800607700574
-2.029640805354715
-2.0202842731387363
-2.0089851113225032
-1.9964138437341272
-1.9832642958487932
-1.9701741874212846
-1.9577975566162602
-1.9468678767456797
-1.9382250690635472
-1.9329708960731253
-1.9305054929458616
-1.8032458741023611
-1.79393297005186
-1.7866370556646696
-1.782455602051613
-1.7768700134684885
-1.7679594125706732
-1.7575410076400013
-1.7464174547740465
-1.735313753469163
-1.7251376128597942
-1.7169347345151054
-1.7085737663956218
-1.6306185690658714
-1.6152269103184813
-1.6056881696474317
-1.6012259519175587
-1.594939157251661
-1.5872766553235769
-1.5792821184837926
-1.5714197533213698
-1.5632988682520454
-1.5547969115921372
-1.5455924360723208
-1.535058575177391
-1.522363294742355
-1.3590908459844717
-1.3519291643400366
-1.3486479245335359
-1.3451791794486654
-1.3411782519304534
-1.3401352196319114
-1.3375498471064087
-1.3348025195332367
-1.3301819040091598
-1.3248985911274824
-1.3191206320034439
-1.313076507346793
-0.9748241645815703
-0.9710427343841703
-0.9694595513405461
-0.9675314935583055
-0.9663561052049796
-0.9652214749422352
-0.9642759413762729
-0.9638208396642497
-0.9628550686331464
-0.9620712472789646
-0.9609293385939576
-0.9599683573798987
-0.1772071563132703
-0.1703645107615866
-0.16417175473386386
-0.15856882279106982
-0.15465052687602604
-0.14951687540591702
-0.14563867637083372
-0.13991833760796693
-0.1333346684109976
-0.1323369662527946
-0.11778411325638523
-0.10460007067479332
-0.06032206921490336
-0.052546912358163216
-0.04418846542306958
-0.04272352391181635
-0.02833408774930737
-0.027672748244697752
-0.013909623695083062
-0.012937507373061555
-0.004658124972325928
0.0011204941660422191
0.009020481450241273
0.017835004854979256
0.6191349810276996
0.6237246145136587
0.6278828372830394
0.6314211292356148
0.6401861455281146
0.643744607562556
0.6561330656536963
0.657349930976916
0.6638903991226441
0.6730890704566945
0.6761555263598941
0.6954064042033228
0.9638091617018453
0.9770120865201811
0.9859663249130373
0.9938046906192596
1.0057808495118796
1.0246334619598194
1.034224630242494
1.0591508950883937
1.0659511233067103
1.0918230961223923
1.0963857972235362
1.1176236511637758
1.1678381407804275
1.2312443619569597
1.2533150608230663
1.260544459912338
1.2866197885535284
1.2919387665846558
1.3179471589072138
1.3370871492637495
1.3828174554748147
1.4247270771184959
1.4529411174295883
1.4570382727699984
1.4733066427173267
1.6286367750696018
1.637144346382088
1.6432838625959152
1.6606708043075051
1.6897520246636462
1.6983769409170832
1.7179345161930633
1.726841899936916
1.7409883089327323
1.7475624607186462
1.754606981203706
1.7609010548648403
2.033356887605208
2.035647286741761
2.041713848128712
2.0450100182852284
2.0568937246638983
2.0599237120326865
2.0764143844464384
2.0769913754376046
2.093834900267499
2.10886896209603
2.121092892484675
2.129953289608399
2.563316820151841
2.580162258226965
2.5961266140725505
2.6105874137193035
2.62309545203219
2.6333405040763442
2.64113308602234
2.644540204411972
2.646397711014476
2.6479510983513914
2.649169330465679
2.649612051378165
3.178285237392402
3.187723115968005
3.1983920313341785
3.2101901651550966
3.2229509032582975
3.236450938592969
3.2504243122731684
3.264579469527898
3.2786162225524995
3.2922402890020632
3.305174244383469
3.317164765547651
-2.6525012019068592
-2.651321383644323
-2.649925683928703
-2.648288453197409
-2.646384682955965
-2.644188999352153
-2.641675874250729
-2.6388198479692715
-2.635595769736148
-2.6319790651712887
-2.6279460437250384
-2.6234740517278268
-2.253727249072642
-2.247418207115577
-2.2406712251152716
-2.23349422444227
-2.225957180361423
-2.2181648594086014
-2.2102725941854593
-2.2025103771035046
-2.1952181072771237
-2.188894193592711
-2.18422712600572
-2.1810464642134835
-2.0374800607700583
-2.029640805354716
-2.0202842731387385
-2.008985111322503
-1.99641384373412
-1.983264295848814
-1.9701741874212033
-1.9577975566164774
-1.9468678767450995
-1.9382250690648164
-1.9329708960713745
-1.9305054929467589
-1.8032458742978188
-1.7939329652850087
-1.7866371030332067
-1.782455498670855
-1.7768701162139013
-1.7679593344537343
-1.7575410795706845
-1.7464173782913655
-1.7353138411131268
-1.7251375199485033
-1.7169347980219607
-1.7085737482550807
-1.6306186771827558
-1.6152236704361154
-1.6057279208951833
-1.601137937967081
-1.5950350323747806
-1.5871965128112802
-1.5793407996034352
-1.5713860546669804
-1.5633128940025482
-1.5547929098339919
-1.5455931600309505
-1.5350585041956182
-1.5223632975734684
-1.3590909467092376
-1.3519226822270165
-1.348685667606816
-1.3450414722689608
-1.3417698177688373
-1.3391770634445994
-1.3381272168684915
-1.334685623315873
-1.3301956778833361
-1.3248971780745042
-1.3191207377300374
-1.3130765030978686
-0.9748241650395595
-0.9710426548662223
-0.9694602585726633
-0.9675232792736589
-0.9663908477934653
-0.9650855973651267
-0.9645331294502175
-0.9635874126691395
-0.9629667506468141
-0.9620411370029026
-0.9609330821135005
-0.9599680021450141
-0.17720715631114226
-0.17036451084945725
-0.16417175329936895
-0.15856883658087534
-0.15465048481756113
-0.149516979254283
-0.1456385411040897
-0.13991845248742577
-0.13333440516948195
-0.13233717773537693
-0.11778411078621213
-0.10460007109192987
-0.06032206871794266
-0.05254691281270773
-0.04418848099668863
-0.04272350494887655
-0.028334183129962012
-0.02767265215195048
-0.013909668059022951
-0.01293746502248219
-0.004658127673588762
0.001120494815517784
0.009020481401576673
0.017835004856637603
0.6191349810273744
0.6237246145170906
0.6278828372698898
0.6314211292529626
0.640186145496082
0.643744607595978
0.6561330655445092
0.6573499310891328
0.6638903991089766
0.6730890704599438
0.6761555263585954
0.695406404203325
0.963809161701823
0.9770120865205979
0.9859663249112869
0.9938046906218729
1.0057808495097866
1.0246334619620168
1.0342246302408387
1.0591508950888984
1.0659511233066092
1.091823096121653
1.0963857972242204
1.1176236511637194
1.1678381407804301
1.2312443619569546
1.2533150608230776
1.2605444599123294
1.2866197885535187
1.291938766584669
1.3179471589072136
1.3370871492637506
1.382817455474814
1.424727077118497
1.4529411174295885
1.4570382727700002
1.4733066427173258
1.6286367750696014
1.6371443463820876
1.6432838625959156
1.6606708043075036
1.6897520246636437
1.698376940917084
1.7179345161930653
1.7268418999369155
1.740988308932734
1.7475624607186466
1.7546069812037066
1.7609010548648412
2.0333568876052097
2.0356472867417605
2.0417138481287127
2.0450100182852293
2.0568937246638983
2.0599237120326856
2.07641438444644
2.0769913754376033
2.093834900267501
2.108868962096028
2.1210928924846746
2.1299532896083995
2.56331682015184
2.5801622582269657
2.596126614072552
2.6105874137193026
2.6230954520321887
2.6333405040763447
2.6411330860223403
2.644540204411971
2.6463977110144765
2.647951098351391
2.649169330465678
2.6496120513781647
3.1782852373924055
3.1877231159680037
3.1983920313341763
3.210190165155088
3.2229509032582957
3.236450938592968
3.2504243122731706
3.2645794695279005
3.2786162225525013
3.2922402890020623
3.305174244383468
3.3171647655476555
-2.65276487476514
-2.6516354485821556
-2.6502962864301414
-2.648721764237876
-2.6468869969337314
-2.64476668260765
-2.6423353113453216
-2.639567384634976
-2.6364376506464473
-2.6329213639011777
-2.628994581267288
-2.6246342798005244
-2.255222549457184
-2.2490319975513424
-2.2424004136369495
-2.2353254629574555
-2.2278701843408517
-2.22012943275417
-2.212244015855363
-2.204422434892382
-2.196973118511169
-2.1903492477424837
-2.185178119894151
-2.1814483998207335
-2.036296243091033
-2.0275930813892256
-2.017623036146706
-2.0059329687356113
-1.9931553254656884
-1.9799614977899958
-1.9669862137539853
-1.954898523002721
-1.9444575539495976
-1.9365334911350793
-1.9325116514924872
-1.9299783125910255
-1.8032460482948396
-1.7939409551398817
-1.7866253737639144
-1.7824042997247653
-1.7787080527015309
-1.7703672983170036
-1.7602390239864294
-1.7492256156094055
-1.7380340752800032
-1.7274193933785045
-1.7180082784886113
-1.7086683943076602
-1.6306186505771454
-1.6152271597540575
-1.6056671011050927
-1.5998367113702112
-1.5931434354965444
-1.5852424194356394
-1.5774982265541238
-1.569841425061737
-1.562338266659761
-1.5543842817555982
-1.5455140863434895
-1.5350554128337657
-1.5223639718304833
-1.3590929627859918
-1.351823251552276
-1.3475976800822391
-1.3450423937874327
-1.3415259202856273
-1.3390782573042108
-1.3377869107280893
-1.334114507565399
-1.3295969914020078
-1.3243954624549534
-1.3187916620450943
-1.3129562903854384
-0.9751446966015274
-0.9712854156353115
-0.9694546711271153
-0.9676491044965375
-0.9663789236509748
-0.9651741475273039
-0.9645146164361289
-0.9636112346984315
-0.9630187826040654
-0.9620376070857246
-0.9610212018670589
-0.959986233580163
-0.1772071430008281
-0.1703647898260736
-0.164170696481492
-0.158545349548113
-0.15479791789143083
-0.14845282156983675
-0.14718997291766567
-0.1376569013739183
-0.13595500953022485
-0.13294087424441656
-0.12111565855492029
-0.10581205084372004
-0.060317802817876666
-0.0523742558775361
-0.045962654054026136
-0.040497043604495374
-0.031546170629690826
-0.024313505032325013
-0.016673926460786002
-0.010564793061358348
-0.0052541494440102
0.0012534936981397308
0.009008721273285883
0.017835473160573993
0.6190903733565319
0.6243991790682568
0.6262925087266362
0.6342050442232824
0.63652395611639
0.6470641247683605
0.6527890047164747
0.6583041829964618
0.6643648203347001
0.6713026846836446
0.6739816957673007
0.6916619126555227
0.9637950111447645
0.9774613270091054
0.9850228813560047
0.9994955109762264
0.9999381251822148
1.026626689535971
1.0327254083772723
1.0579715617758634
1.0681437530338456
1.0883363753584037
1.0994066245280085
1.1171204236416752
1.1678936213150592
1.2311384132097765
1.2523160804113058
1.2635375919319851
1.2792880434982485
1.3028718833227677
1.310733836374151
1.3486438931900795
1.3938360205263374
1.43394984263585
1.447413356250014
1.460677406646377
1.472962135922358
1.6297607523225897
1.633771445364499
1.6491525900580823
1.6539113565150478
1.6823778849648725
1.7059656230796898
1.7112145985441338
1.7329119316346395
1.7359299474967198
1.7505953965717547
1.7530533989055916
1.7610466081805882
2.0330224905248793
2.037169938936568
2.0390044972983032
2.048372378777861
2.052561926791791
2.0640969393851742
2.0713047565498197
2.081297111665791
2.0978106696767274
2.112217123894091
2.123635397178339
2.131612868045464
2.567568847882793
2.584263652617322
2.599902954147889
2.6139117971296573
2.6258782517666686
2.6355234472508395
2.642686706576318
2.643457190973436
2.6472487471718167
2.647320756118921
2.649363879810574
2.6495074287679756
3.17612375706167
3.1852457234275113
3.1956138217344643
3.2071428230583092
3.219681833803128
3.2330205922475863
3.2469022653892594
3.2610400552926384
3.2751344456585927
3.2888885019880627
3.3020197669354103
3.314268399460768
-2.652764874765142
-2.651635448582153
-2.6502962864301374
-2.6487217642378713
-2.6468869969337283
-2.6447666826076524
-2.6423353113453163
-2.639567384634972
-2.636437650646447
-2.6329213639011755
-2.628994581267284
-2.6246342798005218
-2.255222549457183
-2.2490319975513433
-2.242400413636952
-2.235325462957456
-2.227870184340851
-2.2201294327541694
-2.212244015855362
-2.204422434892383
-2.196973118511171
-2.190349247742481
-2.1851781198941516
-2.1814483998207335
-2.036296243091036
-2.0275930813892256
-2.017623036146708
-2.005932968735608
-1.993155325465695
-1.9799614977899818
-1.966986213754056
-1.9548985230024325
-1.9444575539505984
-1.9365334911320753
-1.9325116514965943
-1.9299783125891519
-1.8032460479792716
-1.7939409657050374
-1.7866252305841173
-1.7824047426951422
-1.7787076009864806
-1.7703675361365756
-1.760238851525592
-1.7492257557277922
-1.7380339601418129
-1.7274194779937302
-1.7180082346984697
-1.7086684050369711
-1.6306185858850597
-1.615229050444154
-1.6056483263511587
-1.599886462224114
-1.5930721893953796
-1.5853198895522864
-1.5774280257061388
-1.5698900549544421
-1.5623147388808403
-1.5543915491988445
-1.5455127732839105
-1.5350555354421636
-1.5223639672407852
-1.3590928951042487
-1.3518269841337107
-1.3475499821056758
-1.3451733228900733
-1.34108116842634
-1.3397748879244586
-1.3373818991460433
-1.3341902364567482
-1.3295863481832477
-1.3243967145154667
-1.318791556405783
-1.3129562950869098
-0.9751446963163442
-0.9712854579516348
-0.9694541525641025
-0.9676542098617641
-0.9663537981368988
-0.9652660196965175
-0.96434302069821
-0.9637799637201221
-0.9629322868033111
-0.962058445135242
-0.9610181143770524
-0.9599864700491467
-0.17720714299899948
-0.1703647898816547
-0.16417069576356566
-0.1585453553249399
-0.15479790387238443
-0.14845289785634289
-0.14718989685408193
-0.13765694827254332
-0.13595496303866908
-0.13294088230703077
-0.12111565884531555
-0.10581205075077098
-0.060317804007265934
-0.052374248956656703
-0.04596267074984865
-0.040497026369329836
-0.031546182535405726
-0.02431349619609427
-0.016673931537201377
-0.010564790570441737
-0.0052541501330391534
0.0012534937542317951
0.009008721274294003
0.01783547316033633
0.6190903733564986
0.6243991790681843
0.6262925087272637
0.6342050442150203
0.6365239561277042
0.6470641247518537
0.6527890047477194
0.658304182965286
0.6643648203532639
0.6713026846733722
0.6739816957718833
0.6916619126555095
0.9637950111447595
0.9774613270090815
0.9850228813562353
0.9994955109567137
0.9999381252020062
1.026626689532769
1.0327254083806992
1.0579715617736392
1.0681437530358942
1.0883363753574464
1.099406624528489
1.1171204236416192
1.167893621315059
1.2311384132097818
1.2523160804112807
1.2635375919320166
1.2792880434982292
1.3028718833227781
1.3107338363741459
1.348643893190079
1.393836020526337
1.4339498426358497
1.4474133562500142
1.4606774066463777
1.4729621359223584
1.6297607523225879
1.6337714453644974
1.649152590058082
1.6539113565150476
1.6823778849648727
1.7059656230796905
1.711214598544135
1.7329119316346406
1.7359299474967194
1.7505953965717527
1.7530533989055914
1.7610466081805867
2.0330224905248793
2.0371699389365676
2.039004497298302
2.04837237877786
2.05256192679179
2.0640969393851747
2.0713047565498206
2.081297111665793
2.097810669676726
2.112217123894091
2.1236353971783393
2.1316128680454653
2.5675688478827925
2.584263652617323
2.599902954147888
2.6139117971296577
2.6258782517666694
2.6355234472508386
2.6426867065763178
2.643457190973436
2.6472487471718167
2.647320756118921
2.649363879810574
2.6495074287679756
3.176123757061668
3.1852457234275144
3.1956138217344656
3.2071428230583177
3.2196818338031297
3.2330205922475916
3.2469022653892643
3.2610400552926406
3.275134445658593
3.288888501988066
3.302019766935405
3.3142683994607633
-2.6527648747651433
-2.6516354485821516
-2.65029628643014
-2.6487217642378758
-2.64688699693373
-2.644766682607651
-2.642335311345318
-2.6395673846349688
-2.6364376506464446
-2.6329213639011755
-2.6289945812672877
-2.6246342798005236
-2.255222549457186
-2.2490319975513433
-2.2424004136369518
-2.2353254629574573
-2.2278701843408544
-2.220129432754179
-2.2122440158553616
-2.204422434892381
-2.196973118511171
-2.1903492477424824
-2.1851781198941507
-2.1814483998207335
-2.0362962430910336
-2.027593081389226
-2.0176230361467105
-2.005932968735608
-1.9931553254657068
-1.9799614977899251
-1.9669862137542582
-1.954898523001701
-1.9444575539529538
-1.9365334911253782
-1.9325116515054928
-1.9299783125851606
-1.8032460489109714
-1.7939409388078609
-1.7866255703032605
-1.7824037200874663
-1.7787086251483761
-1.7703670101120577
-1.7602392292039772
-1.7492254488781038
-1.7380342115082659
-1.7274192968585986
-1.718008324586948
-1.7086683845790327
-1.630618595612169
-1.6152290107294112
-1.6056477029918497
-1.5998893856781715
-1.5930660888259602
-1.5853285856839041
-1.5774183213609334
-1.569898111856251
-1.562310146313466
-1.554393264845402
-1.5455123866739922
-1.5350555836394668
-1.522363964574013
-1.3590929330262642
-1.3518256457450721
-1.3475623647727097
-1.3451479032822429
-1.3411440667907144
-1.3397138074205595
-1.3373933537111486
-1.3341922072864525
-1.329585234198149
-1.3243969493575563
-1.318791528080053
-1.3129562967081323
-0.9751446964651312
-0.9712854422093885
-0.9694543092088654
-0.9676530240458459
-0.9663585560940958
-0.9652540574553623
-0.9643637432805325
-0.9637636332047604
-0.9629367098472387
-0.9620579077603401
-0.9610180736321908
-0.9599864821066032
-0.17720714299745724
-0.17036478989183806
-0.1641706960807424
-0.15854534902002923
-0.15479792642730664
-0.14845268538896542
-0.14719013211110352
-0.13765659066297947
-0.1359554033807767
-0.1329407564695886
-0.12111566297355317
-0.1058120503227784
-0.060317805434490945
-0.05237424261660229
-0.045962682261455626
-0.04049701793705376
-0.03154618398959597
-0.024313498397747126
-0.016673927472656433
-0.010564794321420653
-0.005254148341291918
0.001253493400933095
0.009008721306660817
0.017835473159131414
0.6190903733568146
0.6243991790607821
0.6262925087392608
0.6342050441796071
0.6365239561669433
0.6470641247224215
0.652789004790349
0.6583041829315834
0.6643648203689897
0.6713026846668085
0.673981695774496
0.6916619126555064
0.96379501114478
0.9774613270086592
0.9850228813574682
0.9994955109152616
0.9999381252432274
1.026626689530294
1.0327254083828092
1.0579715617733423
1.0681437530358324
1.0883363753577904
1.099406624528218
1.1171204236416739
1.1678936213150564
1.2311384132097842
1.2523160804112745
1.2635375919320209
1.2792880434982317
1.3028718833227724
1.3107338363741505
1.348643893190078
1.393836020526337
1.433949842635851
1.4474133562500133
1.4606774066463777
1.472962135922357
1.6297607523225888
1.633771445364498
1.6491525900580832
1.6539113565150467
1.682377884964875
1.7059656230796898
1.7112145985441365
1.7329119316346415
1.7359299474967216
1.7505953965717538
1.753053398905592
1.7610466081805882
2.0330224905248793
2.0371699389365676
2.0390044972983037
2.0483723787778594
2.0525619267917903
2.0640969393851734
2.07130475654982
2.081297111665794
2.0978106696767274
2.1122171238940917
2.1236353971783384
2.131612868045464
2.5675688478827934
2.584263652617323
2.59990295414789
2.613911797129657
2.625878251766669
2.6355234472508386
2.6426867065763173
2.6434571909734355
2.647248747171817
2.647320756118921
2.6493638798105743
2.6495074287679765
3.1761237570616703
3.185245723427516
3.1956138217344616
3.207142823058312
3.2196818338031292
3.23302059224759
3.2469022653892634
3.2610400552926375
3.2751344456585847
3.2888885019880667
3.302019766935407
3.3142683994607647
-2.6527648747651447
-2.651635448582155
-2.650296286430141
-2.6487217642378735
-2.646886996933726
-2.644766682607656
-2.642335311345319
-2.639567384634976
-2.636437650646449
-2.632921363901175
-2.628994581267288
-2.624634279800525
-2.2552225494571827
-2.2490319975513473
-2.242400413636949
-2.2353254629574546
-2.227870184340848
-2.220129432754173
-2.2122440158553607
-2.204422434892381
-2.1969731185111705
-2.190349247742485
-2.185178119894152
-2.1814483998207344
-2.0362962430910345
-2.027593081389227
-2.017623036146709
-2.0059329687356096
-1.9931553254657022
-1.9799614977899431
-1.9669862137541878
-1.954898523001987
-1.9444575539519606
-1.9365334911283862
-1.9325116515013818
-1.9299783125870358
-1.803246049226542
-1.7939409282424992
-1.7866257134447983
-1.7824032769669773
-1.77870907702988
-1.7703667723064713
-1.760239401668311
-1.749225308761205
-1.738034326647527
-1.727419212244535
-1.71800836837793
-1.708668373849821
-1.6306186603040291
-1.6152271200242023
-1.6056664856133416
-1.5998396693463033
-1.593137365141274
-1.5852511367497992
-1.5774885036324404
-1.5698494358491484
-1.5623336493714024
-1.5543859932556148
-1.5455136995238117
-1.5350554610282972
-1.5223639691637063
-1.3590930007053244
-1.3518219071114976
-1.3476093701644374
-1.3450161268703642
-1.3415682008144247
-1.3390267440051309
-1.3378110114213986
-1.3341164373034924
-1.3295958691892396
-1.3243956970704818
-1.3187916337166712
-1.3129562920066533
-0.9751446967503159
-0.9712853998910163
-0.9694548275799717
-0.967647902189893
-0.9663834329298724
-0.9651591307937885
-0.9645339125976257
-0.9635979020461158
-0.9630249015706637
-0.962037122392032
-0.961021160946795
-0.9599862456222518
-0.17720714299928475
-0.17036478983625436
-0.1641706967986682
-0.15854534324316644
-0.1547979404462721
-0.14845260907670868
-0.1471902082003461
-0.13765654374511213
-0.1359554498903805
-0.13294074840836748
-0.12111566268315681
-0.1058120504157288
-0.06031780424510251
-0.05237424953749697
-0.04596266556566112
-0.04049703517217773
-0.031546172083876084
-0.02431350723397258
-0.016673922396243275
-0.010564796812335752
-0.005254147652263071
0.0012534933448429704
0.009008721305654211
0.017835473159368967
0.6190903733568465
0.6243991790608545
0.626292508738635
0.6342050441878684
0.6365239561556326
0.6470641247389302
0.6527890047591002
0.6583041829627594
0.6643648203504272
0.6713026846770793
0.6739816957699141
0.6916619126555196
0.9637950111447838
0.9774613270086829
0.9850228813572377
0.999495510934771
0.9999381252234326
1.0266266895335014
1.032725408379384
1.057971561775572
1.0681437530337838
1.0883363753587474
1.0994066245277379
1.1171204236417303
1.1678936213150566
1.23113841320978
1.252316080411298
1.2635375919319878
1.2792880434982512
1.3028718833227604
1.3107338363741543
1.3486438931900775
1.393836020526337
1.4339498426358508
1.4474133562500138
1.4606774066463792
1.4729621359223584
1.6297607523225879
1.6337714453644976
1.6491525900580832
1.6539113565150465
1.6823778849648734
1.70596562307969
1.7112145985441352
1.7329119316346395
1.7359299474967207
1.7505953965717538
1.7530533989055936
1.7610466081805867
2.0330224905248797
2.037169938936569
2.0390044972983015
2.0483723787778585
2.0525619267917907
2.064096939385175
2.071304756549821
2.081297111665793
2.0978106696767274
2.112217123894091
2.1236353971783393
2.131612868045463
2.567568847882792
2.584263652617323
2.5999029541478893
2.6139117971296564
2.62587825176667
2.635523447250839
2.642686706576318
2.643457190973436
2.6472487471718167
2.6473207561189205
2.6493638798105734
2.6495074287679765
3.1761237570616725
3.1852457234275104
3.195613821734461
3.207142823058311
3.2196818338031257
3.2330205922475925
3.246902265389266
3.261040055292638
3.2751344456585874
3.2888885019880663
3.3020197669354063
3.3142683994607602
-2.6530168331561796
-2.6519363240592884
-2.6506521819303237
-2.649138812000521
-2.6473714652445106
-2.6453249247588646
-2.64297371253518
-2.64029230589621
-2.637255368124905
-2.633838001065269
-2.630016030691621
-2.6257660920827792
-2.2566859825360805
-2.250615463572222
-2.244101779513072
-2.2371327790598694
-2.2297651266472918
-2.2220846407956962
-2.2142189476285257
-2.206357061021504
-2.1987787375207013
-2.191895945296497
-2.1862829328071376
-2.182012932047587
-2.0348977809139503
-2.0253717732122323
-2.0148451845443804
-2.0028131417795363
-1.9898709947582562
-1.9766721800056204
-1.9638532433916338
-1.9521018812143793
-1.942203711237881
-1.935069296028268
-1.9324246275695631
-1.9293971584802547
-1.8032460886687207
-1.7939453440404707
-1.7867842675049268
-1.781759305567535
-1.7801270809224898
-1.7726655303833718
-1.762882387464055
-1.7520218761238664
-1.7407897852260945
-1.729800392780051
-1.7193476552242102
-1.7088868130392316
-1.6306183143674997
-1.6152208053102663
-1.6054365377795843
-1.598456024857991
-1.5912020278100567
-1.583287655682493
-1.5756661037758228
-1.5683547023891953
-1.5615097606047639
-1.554119340590258
-1.545477294003405
-1.5350543110585082
-1.5223641887905497
-1.359094647091631
-1.351795001252955
-1.3467413456147972
-1.3447567006368335
-1.3414213929249008
-1.3390061604343213
-1.3373118280896477
-1.3335347812016438
-1.3290218807165668
-1.3239399017453495
-1.3185175702900764
-1.3128699506894979
-0.9754309245451808
-0.9715662025186541
-0.9694229165872473
-0.9678065622191332
-0.9663420953527251
-0.9652782542041195
-0.9644941015120684
-0.9636393765534192
-0.9630661097896686
-0.9620350267745825
-0.9611144269721577
-0.9599984518997078
-0.1772070706230368
-0.17036720582472575
-0.16413520885701194
-0.15882963986981113
-0.15379321178504504
-0.1507921892697583
-0.1447965557939229
-0.13937360095966578
-0.13574185191968163
-0.13324126658144184
-0.12453110074938298
-0.10769025282898989
-0.0604049220375194
-0.05109503998363827
-0.0484097745324843
-0.03652253498735158
-0.03540366305214817
-0.020470020884620063
-0.02013654082557361
-0.009117298741951127
-0.0060139997084936595
0.0013573037256345763
0.008999618299873047
0.017835800950045094
0.6191168934488239
0.6240021553263688
0.6269629281318282
0.6332143770342229
0.6372364993345524
0.6483704525321683
0.6503044486811951
0.6594634830066258
0.6646041903727967
0.6669352678305692
0.6741857430793823
0.6875471298571978
0.96382025962602
0.9770492608366219
0.9870683843379731
0.9944576103517857
1.0064539553937675
1.0193034513760464
1.0412499589600088
1.0499688204964044
1.076952225611935
1.0813763557311988
1.101896730166656
1.1166361139819876
1.1678887489786718
1.2315718380689604
1.2497847547710965
1.271376832556336
1.2725878597758706
1.3034198420235492
1.3141177090836271
1.3601585254340003
1.4045533136330393
1.4402625741407653
1.442399049803178
1.4618868708448396
1.4727583698392541
1.6295092170460177
1.6343148530708371
1.6476108582217142
1.655619450677167
1.6750135824199706
1.7042362630238932
1.7132607340822488
1.7303552118566499
1.7384425402146078
1.7491562018426474
1.7539847781637412
1.7609724555629496
2.0330793604616724
2.0368248402265112
2.0393556703411178
2.048551949367675
2.052013562991077
2.0663178577793966
2.0683578393572946
2.085556300894724
2.101652175089045
2.1153765478022986
2.1259602513497438
2.1330502916122778
2.5718026738637936
2.588298061247477
2.6035766062934904
2.6171078914646415
2.6285154022859385
2.637550718049538
2.6422943527893277
2.644081702122222
2.6464421340264486
2.648089202860243
2.6490190530272013
2.649672844984069
3.1740417432614882
3.182846532782782
3.192908494311536
3.204158900773351
3.2164629784668337
3.2296243247235004
3.2433962865302264
3.25749791367869
3.271631324712737
3.2854976779017773
3.2988099894748104
3.311302196004062
-2.653016833156175
-2.651936324059291
-2.6506521819303237
-2.64913881200052
-2.647371465244517
-2.6453249247588735
-2.642973712535196
-2.640292305896214
-2.6372553681249062
-2.6338380010652656
-2.630016030691618
-2.6257660920827814
-2.256685982536081
-2.250615463572223
-2.244101779513072
-2.237132779059866
-2.2297651266472953
-2.2220846407957
-2.2142189476285283
-2.206357061021504
-2.198778737520702
-2.1918959452964986
-2.186282932807141
-2.18201293204759
-2.034897780913951
-2.02537177321223
-2.0148451845443813
-2.002813141779534
-1.9898709947582565
-1.9766721800056033
-1.9638532433917038
-1.9521018812141107
-1.9422037112389265
-1.9350692960241438
-1.9324246275743298
-1.929397158478777
-1.8032460887724655
-1.7939453457755463
-1.7867841978061574
-1.781760022253119
-1.7801262581915576
-1.7726658121786212
-1.7628821941843338
-1.7520220322750097
-1.7407896605253004
-1.7298004780122682
-1.7193476143812982
-1.708886822802613
-1.6306182748962097
-1.615221775105468
-1.6054284093325055
-1.5984809745862725
-1.591157225458267
-1.583348611491499
-1.5755989351669188
-1.568410571484072
-1.5614785957095878
-1.5541295701616187
-1.5454754584472272
-1.5350544829497783
-1.5223641820177598
-1.359094579320757
-1.3517980263400913
-1.3466664217641011
-1.3449310248416668
-1.3409919626276752
-1.339580243067738
-1.3370131068466837
-1.3335947560783192
-1.3290125284377918
-1.3239410915509517
-1.3185174642688433
-1.3128699555435221
-0.9754309242038365
-0.9715662425564396
-0.9694221767486466
-0.9678122101029267
-0.9663063179616423
-0.965385877209657
-0.9642560526724684
-0.9638898888676872
-0.9629540897261669
-0.9620621452670532
-0.9611097962134982
-0.9599987273986432
-0.17720707062701768
-0.17036720572691544
-0.1641352098904459
-0.1588296348413677
-0.15379322702649237
-0.15079217596760047
-0.14479654730914343
-0.13937365346950184
-0.13574175988582224
-0.13324132011221992
-0.12453109718787088
-0.10769025303672548
-0.060404921258055556
-0.05109504828096908
-0.04840976466932068
-0.03652255310222943
-0.03540364706305673
-0.020470005808358963
-0.020136556759017286
-0.009117296868785861
-0.006014001076089329
0.0013573038925701738
0.00899961828307565
0.017835800950673976
0.6191168934484338
0.6240021553319882
0.626962928119235
0.6332143770618666
0.6372364993028949
0.6483704526371626
0.6503044485684348
0.6594634830515546
0.6646041903172037
0.6669352678615971
0.674185743078147
0.6875471298572057
0.9638202596260018
0.9770492608369251
0.987068384336387
0.9944576103543238
1.006453955391477
1.019303451377563
1.0412499589588855
1.049968820497097
1.0769522256123507
1.0813763557306404
1.1018967301668146
1.1166361139819327
1.1678887489786727
1.2315718380689562
1.249784754771099
1.2713768325563337
1.27258785977587
1.3034198420235508
1.3141177090836256
1.3601585254340005
1.4045533136330393
1.4402625741407664
1.4423990498031778
1.4618868708448414
1.4727583698392552
1.6295092170460193
1.6343148530708393
1.647610858221714
1.655619450677168
1.6750135824199697
1.7042362630238936
1.7132607340822512
1.7303552118566496
1.7384425402146098
1.7491562018426468
1.7539847781637419
1.7609724555629496
2.0330793604616737
2.0368248402265094
2.039355670341114
2.0485519493676754
2.052013562991078
2.066317857779397
2.068357839357291
2.085556300894724
2.1016521750890442
2.1153765478022977
2.1259602513497438
2.1330502916122795
2.5718026738637936
2.5882980612474755
2.6035766062934886
2.6171078914646393
2.628515402285938
2.637550718049535
2.6422943527893272
2.6440817021222216
2.6464421340264486
2.6480892028602425
2.649019053027201
2.649672844984069
3.174041743261489
3.1828465327827815
3.1929084943115407
3.2041589007733524
3.2164629784668386
3.229624324723502
3.243396286530229
3.2574979136786895
3.271631324712732
3.2854976779017844
3.298809989474809
3.3113021960040636
-2.6530168331561716
-2.651936324059291
-2.650652181930325
-2.6491388120005195
-2.647371465244515
-2.645324924758869
-2.6429737125351944
-2.6402923058962164
-2.6372553681249076
-2.6338380010652664
-2.6300160306916167
-2.6257660920827846
-2.256685982536082
-2.250615463572226
-2.244101779513074
-2.2371327790598654
-2.229765126647292
-2.222084640795702
-2.2142189476285163
-2.206357061021506
-2.1987787375207026
-2.1918959452964994
-2.186282932807137
-2.182012932047589
-2.0348977809139495
-2.025371773212229
-2.0148451845443796
-2.002813141779527
-1.9898709947582696
-1.9766721800055425
-1.9638532433919744
-1.9521018812129265
-1.9422037112437236
-1.935069296005276
-1.9324246275959875
-1.92939715847215
-1.803246090028469
-1.7939453091924054
-1.7867846474973972
-1.7817569150169137
-1.7801294841926723
-1.7726650352192466
-1.7628825913663675
-1.7520217695767981
-1.7407898462548659
-1.7298003593096696
-1.719347669289608
-1.7088868099541112
-1.6306182957148059
-1.6152215477125091
-1.6054289667283832
-1.5984818382851589
-1.5911514173520391
-1.5833616453563646
-1.5755798088339465
-1.5684295680308422
-1.561466699553178
-1.5541339322919265
-1.5454745962740286
-1.5350545729913618
-1.522364177942145
-1.3590946334394447
-1.3517960356675849
-1.3467092752195717
-1.344841245834911
-1.3412025681521862
-1.339339254837792
-1.3371075205563319
-1.3335780847741214
-1.3290140974103573
-1.323941032363083
-1.318517455842097
-1.312869956590954
-0.9754309244040791
-0.9715662214544594
-0.9694225414465152
-0.9678095876820723
-0.9663225522007518
-0.9653427402875498
-0.9643676971052912
-0.9637775898491563
-0.9629925660020383
-0.9620520025444851
-0.9611113879949663
-0.9599986379573107
-0.17720707062052204
-0.1703672059165878
-0.16413520740650941
-0.15882965066896348
-0.15379315296037763
-0.15079228148772722
-0.14479644393067215
-0.13937379253172255
-0.13574162873498272
-0.1332413709941606
-0.12453109690419273
-0.10769025290127478
-0.060404923086592906
-0.05109502247221348
-0.04840979851788744
-0.03652243459033386
-0.035403762092126846
-0.020469805165929878
-0.02013675383864264
-0.009117290912288146
-0.006014004456956951
0.0013573041286186127
0.008999618270555435
0.0178358009508021
0.6191168934483781
0.6240021553323026
0.626962928119222
0.6332143770586401
0.6372364993091096
0.6483704525907049
0.6503044486238062
0.6594634830174756
0.6646041903699461
0.666935267829047
0.674185743079935
0.6875471298571786
0.9638202596259982
0.9770492608369092
0.9870683843367315
0.9944576103534439
1.0064539553928142
1.0193034513761707
1.041249958961171
1.049968820494918
1.0769522256150763
1.0813763557282112
1.1018967301670684
1.1166361139818812
1.1678887489786733
1.2315718380689604
1.2497847547710883
1.2713768325564914
1.2725878597757154
1.3034198420235545
1.3141177090836245
1.3601585254339998
1.4045533136330377
1.4402625741407653
1.4423990498031787
1.4618868708448405
1.4727583698392548
1.629509217046018
1.6343148530708385
1.6476108582217142
1.6556194506771675
1.6750135824199714
1.704236263023894
1.71326073408225
1.7303552118566514
1.7384425402146089
1.7491562018426479
1.7539847781637417
1.7609724555629493
2.0330793604616737
2.036824840226509
2.039355670341115
2.048551949367676
2.0520135629910796
2.0663178577793957
2.068357839357291
2.0855563008947224
2.101652175089048
2.115376547802298
2.1259602513497433
2.1330502916122778
2.571802673863793
2.5882980612474773
2.603576606293489
2.617107891464641
2.62851540228594
2.6375507180495377
2.6422943527893277
2.6440817021222216
2.646442134026449
2.648089202860242
2.649019053027201
2.64967284498407
3.174041743261485
3.1828465327827793
3.1929084943115362
3.2041589007733493
3.216462978466836
3.229624324723501
3.243396286530227
3.2574979136786855
3.27163132471273
3.285497677901777
3.2988099894748135
3.311302196004064
-2.6530168331561756
-2.65193632405929
-2.650652181930322
-2.649138812000519
-2.647371465244514
-2.6453249247588677
-2.642973712535184
-2.640292305896212
-2.6372553681249027
-2.6338380010652633
-2.630016030691613
-2.6257660920827823
-2.2566859825360797
-2.2506154635722266
-2.2441017795130715
-2.237132779059866
-2.229765126647295
-2.222084640795697
-2.214218947628524
-2.2063570610215004
-2.1987787375207026
-2.1918959452964994
-2.186282932807137
-2.1820129320475923
-2.034897780913952
-2.0253717732122314
-2.01484518454438
-2.0028131417795327
-1.9898709947582642
-1.9766721800055593
-1.963853243391903
-1.9521018812131965
-1.942203711242678
-1.9350692960093958
-1.9324246275912198
-1.9293971584736251
-1.8032460899247247
-1.7939453074572647
-1.7867847171691387
-1.7817561955676608
-1.7801303096613577
-1.772664753465831
-1.762882784652382
-1.752021613427806
-1.7407899709569405
-1.7298002740784222
-1.719347710132962
-1.7088868001907804
-1.6306183351857846
-1.6152205778286608
-1.6054370941975904
-1.5984569019761665
-1.5911962690214445
-1.5833007708145592
-1.5756470176534494
-1.5683736188575537
-1.5614977783661554
-1.5541236864341108
-1.5454764311369094
-1.5350544010925977
-1.5223641847149196
-1.3590947012065255
-1.351793003739332
-1.3467793157798758
-1.344664966183147
-1.341576768704869
-1.3387781357225503
-1.3374543946200397
-1.3335190546394844
-1.3290234638423164
-1.3239398426507016
-1.3185175618627325
-1.3128699517369242
-0.9754309247454229
-0.9715661814142393
-0.9694232805367398
-0.9678039038281726
-0.9663568017931443
-0.9652239489539027
-0.964576284740346
-0.9635475541147822
-0.963125452095201
-0.962025700610306
-0.9611160534895304
-0.9599983626068908
-0.17720707061654403
-0.1703672060143962
-0.16413520637307683
-0.1588296556973593
-0.15379313771827977
-0.15079229479052347
-0.1447964524159926
-0.13937374002467945
-0.13574172076894048
-0.133241317460007
-0.12453110046570459
-0.10769025269353898
-0.060404923866057086
-0.051095014174702726
-0.048409808381223496
-0.03652241647196111
-0.03540377808471832
-0.020469820260680918
-0.020136737886704635
-0.009117292785455259
-0.006014003089358186
0.001357303961685039
0.008999618287352136
0.017835800950170153
0.6191168934487685
0.6240021553266819
0.626962928131817
0.6332143770309928
0.6372364993407681
0.6483704524857111
0.650304448736565
0.6594634829725452
0.6646041904255381
0.6669352677980175
0.6741857430811706
0.6875471298571705
0.9638202596260168
0.9770492608366038
0.987068384338316
0.9944576103509072
1.0064539553951044
1.0193034513746617
1.0412499589622926
1.0499688204942241
1.0769522256146622
1.0813763557287668
1.101896730166911
1.1166361139819352
1.1678887489786713
1.2315718380689633
1.249784754771084
1.271376832556495
1.2725878597757172
1.3034198420235528
1.314117709083626
1.3601585254340007
1.40455331363304
1.4402625741407644
1.4423990498031785
1.4618868708448411
1.4727583698392552
1.62950921704602
1.6343148530708393
1.6476108582217148
1.6556194506771666
1.67501358241997
1.7042362630238943
1.71326073408225
1.73035521185665
1.7384425402146095
1.749156201842647
1.7539847781637414
1.7609724555629493
2.0330793604616733
2.0368248402265094
2.0393556703411155
2.0485519493676745
2.0520135629910796
2.0663178577793953
2.0683578393572932
2.085556300894724
2.101652175089046
2.1153765478022977
2.125960251349743
2.133050291612278
2.5718026738637927
2.5882980612474777
2.603576606293488
2.617107891464641
2.6285154022859394
2.6375507180495386
2.6422943527893277
2.644081702122222
2.6464421340264486
2.648089202860242
2.6490190530272004
2.6496728449840696
3.1740417432614834
3.1828465327827846
3.192908494311538
3.2041589007733506
3.2164629784668377
3.2296243247235044
3.2433962865302286
3.2574979136786837
3.2716313247127298
3.285497677901774
3.298809989474813
3.311302196004057
