-2.669398205279784
-2.6684087299145345
-2.6672208213475113
-2.6658093642377447
-2.6641483127187375
-2.6622109652231982
-2.6599701830123483
-2.6573986379081345
-2.6544690770041153
-2.651154609630616
-2.6474290418625257
-2.2994018400442138
-2.2936229704576787
-2.287316320668865
-2.2805150431016656
-2.2732659284168006
-2.2656454030239366
-2.2577702567982736
-2.2498173497948044
-2.2420542366431357
-2.234880326006422
-2.2288680807609165
-2.074061071466052
-2.0631752538661186
-2.050728336947864
-2.037527626593438
-2.0242275973347175
-2.011533096550549
-2.0002414497783434
-1.9911487792285005
-1.985554416535974
-1.9776124959881773
-1.9762525470427548
-1.851884171918535
-1.8516515378520129
-1.8381135777971203
-1.8367528107648206
-1.827913142497942
-1.8264147337975463
-1.820538766344876
-1.8133912235535325
-1.8054332077452735
-1.788990038131534
-1.777375935820169
-1.659081688345647
-1.6533729076532564
-1.643384346069005
-1.6409506124597955
-1.6329691375297963
-1.627997968584027
-1.6254581574840288
-1.6172089346048062
-1.6149523725251818
-1.5627240355709955
-1.556214275123954
-1.5276489780119082
-1.526375620271183
-1.513772566479249
-1.50843464056385
-1.5074564740526797
-1.500124907809173
-1.498725253563313
-1.4865598321096216
-1.4821466140003303
-1.2971412247359382
-1.295806621226811
-1.284565875222351
-1.2823811680766388
-1.2775417998778555
-1.276079574097618
-1.2746409228883204
-1.2727087667440893
-1.2717430205423739
-1.2674622627942007
-1.265778790397342
-0.9213848630844369
-0.9213727977968
-0.91930783057467
-0.9191846472146011
-0.9185702071279889
-0.9180560054830413
-0.9175002052729025
-0.9160468188154969
-0.9155845454098155
-0.9134171370063284
-0.9133471423475413
-0.16003170176269638
-0.15958413369544794
-0.15157035251106235
-0.14919963791536514
-0.1413714823528649
-0.13350883235976882
-0.1312656110673336
-0.1246615198102285
-0.12138137331184713
-0.1141959065155732
-0.11293856805024327
-0.048095719676918995
-0.04549469743862768
-0.04052072170189694
-0.034402663324712576
-0.029720675845041022
-0.022495475594722477
-0.019942095145951896
-0.016121292901077944
-0.012359305649031628
-0.003644416944894378
-0.003294855080560574
0.5777282889379023
0.5803047096692755
0.5817052198441189
0.5893698615558107
0.5905810954131884
0.6030799606127153
0.6183089780357234
0.6265381713197433
0.6299198686637723
0.6395423930414414
0.640826658319376
0.925806712500291
0.9287707997860929
0.9396518911787027
0.9478590528463692
0.9622205130052007
0.964400474654771
0.9907672858309826
0.9973156350600908
1.0155933185641677
1.046896253942531
1.0537509080679368
1.135513250341663
1.1398322877170546
1.1700339974217062
1.1710832568777998
1.2066219830191218
1.211365973752449
1.239173717622314
1.2486643002382682
1.2598098205697965
1.3696884984341469
1.3720579574400353
1.3919801824264453
1.4050034891665582
1.447625895542093
1.490949512177338
1.5302347028296155
1.5391772226864902
1.559915499339364
1.5662233065047337
1.574269618031242
1.7555306506155812
1.7601293277273011
1.7682137022726085
1.77854834733201
1.7901981105611318
1.8157746894280906
1.8369236119665988
1.8387249177478786
1.8538097337533852
1.8547440235368333
1.8602099675487935
2.136367448518404
2.136837196232854
2.1442596425295823
2.144527777228558
2.156733776619819
2.1591751237334917
2.1707716255038116
2.184650215262204
2.1970913946436195
2.2073675937354045
2.215160449810537
2.642253896011964
2.657826240356806
2.672131793190872
2.6846833636171428
2.6951393549351477
2.7032757051052934
2.7084814945578546
2.708972846990363
2.7117417917305753
2.7122123952202246
2.7130752301131316
3.2005047027508478
3.210069434065128
3.2209180887592366
3.232926229139358
3.2458983441438014
3.2595803782176973
3.2736777760904885
3.287875241328836
3.301854870945154
3.3153106227766687
3.327958460273115
-2.669398205279775
-2.668408729914538
-2.667220821347512
-2.6658093642377443
-2.664148312718736
-2.6622109652231964
-2.659970183012341
-2.657398637908131
-2.654469077004116
-2.6511546096306193
-2.647429041862524
-2.2994018400442124
-2.293622970457684
-2.2873163206688645
-2.2805150431016625
-2.2732659284168006
-2.265645403023937
-2.2577702567982683
-2.249817349794809
-2.242054236643141
-2.2348803260064205
-2.2288680807609125
-2.0740610714660574
-2.063175253866119
-2.050728336947858
-2.0375276265934352
-2.0242275973347126
-2.0115330965505573
-2.0002414497783216
-1.9911487792285845
-1.985554416535855
-1.9776124959883838
-1.9762525470426033
-1.8518841877312548
-1.8516515206743243
-1.8381137235839728
-1.8367526026629697
-1.8279139030362213
-1.826413874330831
-1.8205389829318284
-1.8133911561249463
-1.8054332221186817
-1.788990037016333
-1.777375936012492
-1.6590820796821528
-1.6533701703400807
-1.6434550544758422
-1.6408268503887387
-1.6331923042843166
-1.627312044244979
-1.626035598271495
-1.617078244684918
-1.6150238772218861
-1.5627224085786144
-1.5562167961589268
-1.5273988695106848
-1.5266722406136681
-1.513315659327659
-1.5098910994199033
-1.5061658595324285
-1.5006628174219514
-1.4984282644285039
-1.4865631469097411
-1.4821459373148664
-1.2971411828885344
-1.2958066914243043
-1.2845630322819053
-1.2823896866254247
-1.2774312797549683
-1.276322707926596
-1.2743911187786958
-1.272890373096348
-1.271671409559747
-1.2674641510822886
-1.2657783931846902
-0.9213902368075158
-0.9213671917914495
-0.9193554639601359
-0.9191018284761883
-0.918638023971048
-0.9180044450829401
-0.9175211205664101
-0.9160434909689812
-0.9155861523864928
-0.9134168961438999
-0.9133473499785743
-0.16003170181624873
-0.1595841336275219
-0.15157035279472852
-0.1491996374253758
-0.1413714832950525
-0.13350882463873562
-0.13126562146507692
-0.12466151095665633
-0.1213813801335517
-0.11419590262919976
-0.1129385705705292
-0.04809572123587915
-0.045494692986015425
-0.04052072942453153
-0.034402649164898075
-0.029720692613559876
-0.02249544576499008
-0.01994212716038716
-0.016121280721855143
-0.012359308314594652
-0.0036444162853987074
-0.0032948556310779522
0.577728288937997
0.5803047096686156
0.581705219844862
0.5893698615545677
0.5905810954143085
0.603079960612628
0.618308978035819
0.6265381713195507
0.6299198686639182
0.6395423930413909
0.6408266583194143
0.9258067124999271
0.9287707997868677
0.9396518911768539
0.9478590528494808
0.9622205129923017
0.9644004746665417
0.9907672858292907
0.9973156350613476
1.0155933185640715
1.0468962539424513
1.0537509080680103
1.1355132503414151
1.1398322877173659
1.170033997419786
1.1710832568796834
1.2066219830189924
1.2113659737525437
1.2391737176223219
1.2486643002382567
1.259809820569801
1.3696884984341433
1.3720579574400378
1.3919801824264473
1.4050034891665582
1.4476258955420922
1.4909495121773413
1.5302347028296155
1.5391772226864904
1.559915499339364
1.5662233065047342
1.5742696180312412
1.7555306506155828
1.7601293277272974
1.7682137022726077
1.77854834733201
1.790198110561131
1.8157746894280904
1.8369236119665995
1.8387249177478782
1.8538097337533859
1.854744023536833
1.8602099675487944
2.1363674485184054
2.136837196232852
2.1442596425295815
2.1445277772285567
2.1567337766198196
2.1591751237334926
2.170771625503811
2.1846502152622014
2.1970913946436204
2.207367593735405
2.2151604498105364
2.6422538960119644
2.657826240356806
2.6721317931908697
2.684683363617143
2.695139354935148
2.7032757051052947
2.7084814945578546
2.7089728469903642
2.711741791730576
2.712212395220225
2.7130752301131302
3.200504702750848
3.210069434065135
3.220918088759237
3.232926229139356
3.2458983441438076
3.2595803782176964
3.2736777760904903
3.287875241328839
3.3018548709451547
3.315310622776673
3.327958460273115
-2.669398205279781
-2.6684087299145354
-2.667220821347509
-2.665809364237743
-2.6641483127187406
-2.6622109652231973
-2.6599701830123466
-2.6573986379081322
-2.6544690770041184
-2.651154609630613
-2.6474290418625306
-2.299401840044208
-2.29362297045768
-2.2873163206688605
-2.2805150431016625
-2.273265928416799
-2.2656454030239397
-2.257770256798273
-2.249817349794809
-2.242054236643143
-2.2348803260064236
-2.2288680807609103
-2.074061071466053
-2.0631752538661217
-2.050728336947864
-2.0375276265934357
-2.024227597334715
-2.011533096550555
-2.000241449778333
-1.9911487792285536
-1.9855544165358958
-1.9776124959883192
-1.9762525470426426
-1.8518842007287877
-1.8516515065632755
-1.8381138390935043
-1.8367524383170122
-1.827914492413015
-1.8264132096927994
-1.8205391496518812
-1.8133911041126463
-1.8054332334052643
-1.7889900360377946
-1.7773759362112942
-1.6590810327859677
-1.653377252923269
-1.6432723071338748
-1.6411296435244271
-1.6326696355316468
-1.6285538805780253
-1.6250787719676565
-1.6173075224671094
-1.6149061081784486
-1.5627227263139778
-1.5562165931173886
-1.527295708420715
-1.5267889601961844
-1.5131130430698476
-1.5102886168463685
-1.505844582021212
-1.5008684182167407
-1.4983341424912227
-1.4865647972935332
-1.482145579730263
-1.2971411900903578
-1.2958066815566713
-1.2845626058113786
-1.2823914787997994
-1.2773828132483775
-1.2764177065493152
-1.2742773405882912
-1.2729882027071076
-1.271638476697545
-1.2674654281154027
-1.265778102439323
-0.9213902657643077
-0.9213671596046833
-0.9193568457414498
-0.9190984569635006
-0.9186417628366351
-0.9180012111220889
-0.9175227747697018
-0.9160431484277077
-0.9155863337479596
-0.9134168575791242
-0.9133473835764679
-0.16003170181245774
-0.15958413363255972
-0.15157035275684486
-0.1491996374995055
-0.14137148309566358
-0.13350882677830145
-0.13126561837535533
-0.12466151415454454
-0.12138137742785883
-0.11419590452021874
-0.11293856929876743
-0.04809572153558207
-0.04549469242597535
-0.040520729580295387
-0.0344026503679699
-0.029720690028954205
-0.022495453214697154
-0.019942118147245367
-0.016121284716802953
-0.01235930732006454
-0.0036444166007880453
-0.003294855365433435
0.5777282889380105
0.5803047096685664
0.581705219844887
0.5893698615547518
0.5905810954141109
0.603079960612671
0.6183089780357244
0.6265381713198137
0.6299198686636934
0.6395423930415068
0.6408266583193382
0.9258067124998579
0.9287707997869723
0.9396518911769641
0.947859052848821
0.9622205129988614
0.9644004746599597
0.9907672858317951
0.9973156350589515
1.015593318564591
1.0468962539421864
1.0537509080681837
1.1355132503414318
1.1398322877173233
1.1700339974211713
1.1710832568782756
1.2066219830193186
1.2113659737522369
1.239173717622391
1.248664300238205
1.25980982056981
1.3696884984341466
1.3720579574400333
1.391980182426444
1.4050034891665588
1.4476258955420915
1.4909495121773388
1.5302347028296166
1.5391772226864902
1.5599154993393651
1.5662233065047344
1.5742696180312403
1.7555306506155812
1.7601293277272985
1.7682137022726088
1.778548347332009
1.7901981105611322
1.8157746894280893
1.8369236119665988
1.8387249177478775
1.8538097337533852
1.8547440235368324
1.8602099675487935
2.1363674485184054
2.1368371962328534
2.1442596425295815
2.1445277772285585
2.156733776619818
2.159175123733494
2.1707716255038134
2.184650215262201
2.1970913946436204
2.2073675937354063
2.215160449810537
2.642253896011965
2.6578262403568056
2.672131793190871
2.6846833636171437
2.695139354935148
2.703275705105293
2.708481494557854
2.7089728469903633
2.711741791730577
2.7122123952202237
2.7130752301131307
3.200504702750848
3.210069434065131
3.2209180887592375
3.23292622913936
3.245898344143806
3.2595803782177004
3.2736777760904907
3.287875241328838
3.301854870945153
3.315310622776669
3.327958460273116
-2.669398205279781
-2.668408729914535
-2.667220821347513
-2.665809364237747
-2.6641483127187406
-2.6622109652231916
-2.659970183012344
-2.6573986379081367
-2.6544690770041166
-2.6511546096306167
-2.6474290418625266
-2.29940184004421
-2.293622970457681
-2.2873163206688654
-2.2805150431016616
-2.2732659284168006
-2.265645403023935
-2.257770256798267
-2.2498173497948106
-2.2420542366431393
-2.234880326006423
-2.2288680807609116
-2.074061071466058
-2.0631752538661208
-2.0507283369478615
-2.0375276265934352
-2.0242275973347144
-2.0115330965505542
-2.0002414497783527
-1.991148779228469
-1.9855544165360153
-1.977612495988114
-1.976252547042798
-1.8518841849179808
-1.8516515237390567
-1.8381136933393387
-1.8367526463881565
-1.8279137325087376
-1.8264140685379386
-1.8205389330518316
-1.8133911715400033
-1.8054332190317777
-1.7889900371529965
-1.777375936018966
-1.6590806410651497
-1.653379981823464
-1.6431827439385827
-1.6412683551582372
-1.632379847971463
-1.6290324958172613
-1.6247748789536922
-1.6174321965777856
-1.6148449154447921
-1.5627243531487836
-1.5562140722528501
-1.527599113047189
-1.5264393299711727
-1.5136327072411473
-1.5091231345539144
-1.5068010682311432
-1.5003611081287602
-1.49858064263844
-1.4865614806934628
-1.4821462561510208
-1.2971412319371303
-1.295806611359774
-1.284565451070164
-1.2823829671281342
-1.2775058193125222
-1.2761772781080714
-1.2745277300136628
-1.2727982297104095
-1.2717026707847396
-1.2674635378525227
-1.2657784993264765
-0.9213849195636723
-0.9213727380910024
-0.9193108339373962
-0.9191801136506522
-0.9185738882227052
-0.9180525529621455
-0.9175016773483794
-0.9160464771637642
-0.9155847248074793
-0.9134170986688317
-0.9133471757176147
-0.1600317017589054
-0.15958413370048088
-0.15157035247317982
-0.14919963798949282
-0.14137148215347922
-0.13350883449931086
-0.13126560797763015
-0.12466152300810968
-0.12138137060616143
-0.11419590840658739
-0.11293856677848854
-0.04809571997662071
-0.04549469687858705
-0.04052072185765799
-0.034402664527777314
-0.029720673260432654
-0.02249548304427492
-0.01994208613293855
-0.016121296896056864
-0.012359304654499746
-0.0036444172602789976
-0.0032948548149168773
0.5777282889379136
0.5803047096692276
0.5817052198441439
0.5893698615559936
0.5905810954129902
0.6030799606127556
0.6183089780356357
0.6265381713200037
0.6299198686635471
0.6395423930415569
0.6408266583193002
0.9258067125002225
0.9287707997861975
0.939651891178813
0.947859052845707
0.9622205130117609
0.9644004746481899
0.9907672858334833
0.9973156350576977
1.015593318564688
1.0468962539422686
1.0537509080681082
1.1355132503416787
1.1398322877170097
1.1700339974230929
1.17108325687639
1.2066219830194405
1.2113659737521398
1.2391737176223836
1.2486643002382192
1.2598098205698056
1.3696884984341475
1.3720579574400324
1.3919801824264442
1.4050034891665577
1.4476258955420924
1.4909495121773384
1.530234702829616
1.5391772226864902
1.559915499339365
1.566223306504732
1.5742696180312419
1.755530650615583
1.7601293277272985
1.7682137022726052
1.7785483473320098
1.7901981105611315
1.8157746894280884
1.8369236119665986
1.838724917747878
1.8538097337533854
1.8547440235368329
1.8602099675487942
2.1363674485184054
2.136837196232854
2.1442596425295815
2.1445277772285585
2.1567337766198187
2.1591751237334913
2.1707716255038103
2.1846502152622014
2.1970913946436204
2.207367593735405
2.2151604498105364
2.6422538960119626
2.657826240356806
2.672131793190871
2.6846833636171437
2.6951393549351477
2.7032757051052934
2.7084814945578546
2.708972846990363
2.711741791730576
2.712212395220225
2.7130752301131302
3.200504702750849
3.2100694340651317
3.2209180887592384
3.232926229139363
3.2458983441438085
3.2595803782176933
3.273677776090491
3.287875241328839
3.3018548709451507
3.3153106227766727
3.3279584602731163
-2.6696174161679993
-2.6686737406744863
-2.6675377548500143
-2.6661845979681695
-2.6645884259980157
-2.6627226838010403
-2.660560319259073
-2.6580740274981856
-2.655236510806713
-2.652020756966251
-2.64840037212771
-2.300762868079915
-2.2951175459473223
-2.2889404942723166
-2.2822596457906177
-2.2751165858584295
-2.267579810375865
-2.2597545102727405
-2.2518001527451657
-2.24395800177126
-2.236590778222049
-2.2302231584976897
-2.0715331526806118
-2.0601781370656296
-2.0474751803575826
-2.0341851103496853
-2.020968363194811
-2.0085441678487492
-1.9977483286538544
-1.9893766433515523
-1.9848513555073246
-1.9770745426022622
-1.9761423148918884
-1.8518573704634445
-1.8517933335060452
-1.838294644962267
-1.837189642917005
-1.82763838616433
-1.8272546618191812
-1.8218913717841603
-1.8153150595706367
-1.8074298822625008
-1.7918963080555024
-1.7802530601109452
-1.6573499415987618
-1.6528272801676838
-1.6433000123533372
-1.6413128741140321
-1.6325099781561838
-1.6283414154446785
-1.6255904710945324
-1.6167330541726697
-1.6146025225548957
-1.5608280631864806
-1.5550852602098426
-1.5275789883719062
-1.5264425934488723
-1.5136023106444245
-1.508364245666387
-1.5070353922827904
-1.500225656091547
-1.498846997151054
-1.485499787939939
-1.4810299804785445
-1.29681827183978
-1.2954601707440248
-1.2839548494869197
-1.2820211572283415
-1.2775616491004518
-1.2761223566719548
-1.2743077664213776
-1.2726397730039816
-1.2716012958483813
-1.266996865591361
-1.265435670371298
-0.9213904119958013
-0.9213750589677405
-0.9193800593854277
-0.9192220571976513
-0.9185284179554829
-0.9181896085457311
-0.9175973643993888
-0.9161710659201676
-0.9156805351419465
-0.9134530663655808
-0.9133551177995604
-0.16015084330083204
-0.1597306323177449
-0.1512524180679449
-0.15035503053874696
-0.14345742134445405
-0.1339769952461388
-0.13134028614504456
-0.1234869990410654
-0.12260650638573758
-0.11374150715615851
-0.11332989851120952
-0.04728196619082533
-0.04686794687105729
-0.03820984190089564
-0.037278687806192486
-0.026985859522747974
-0.025177848139940385
-0.020397417021187796
-0.0157896109402528
-0.012669891709316511
-0.003672349049705459
-0.0033274897742493555
0.5781228644213321
0.5790533957074367
0.5835228814941312
0.5865901614205445
0.5932641599526491
0.5993587100839122
0.614605974905849
0.6279192397443607
0.6286752241512303
0.6400301065197943
0.6403437017329991
0.9268258709770719
0.9272318617011471
0.9426277168996335
0.9445250612000212
0.9557819035631947
0.9721808577137586
0.9834909795313009
1.0050704447201966
1.0115161926160026
1.050040257603376
1.0511664825964537
1.1348882129753095
1.141433321983393
1.1625939400860137
1.181121386906191
1.197746908198025
1.2215972032064897
1.231837489422561
1.2546103323885847
1.2570335569564355
1.3672026434307676
1.3774380114892515
1.3862097365966037
1.4152132542364708
1.4586061389098721
1.501316691589929
1.5308503835915428
1.5388761785509026
1.5597504123557024
1.5664259210223506
1.5742181198421825
1.7552454911864344
1.7613093131970292
1.766295108642167
1.7836943624493153
1.7840715808279177
1.8094349932993357
1.8334866554987017
1.8420106952790913
1.8515437298371757
1.8565559568637402
1.8599296431463612
2.135705285527291
2.138170402431079
2.1415430239435382
2.1472690581689404
2.1549314030537583
2.1601627814828217
2.174317077316129
2.1879319364177454
2.199881572007076
2.209552645729757
2.2167176872929537
2.6462324263295343
2.6615432710484264
2.6754496730422477
2.6875044393937824
2.6973973129885516
2.704931118608017
2.7074036925440126
2.7100115880527467
2.711095353573042
2.7126453222631146
2.712938776286773
3.1983215189958463
3.207554682355273
3.2180910832959855
3.229825061990709
3.2425779931756145
3.256108917951977
3.2701315557585535
3.284333985582338
3.2983974355040138
3.3120117782892295
3.324886754540257
-2.669617416168
-2.668673740674492
-2.6675377548500125
-2.6661845979681718
-2.6645884259980153
-2.662722683801043
-2.660560319259072
-2.658074027498187
-2.6552365108067133
-2.6520207569662473
-2.648400372127724
-2.300762868079915
-2.2951175459473214
-2.2889404942723144
-2.2822596457906235
-2.275116585858436
-2.2675798103758686
-2.259754510272744
-2.251800152745168
-2.2439580017712637
-2.2365907782220478
-2.230223158497692
-2.0715331526806113
-2.0601781370656345
-2.047475180357579
-2.034185110349685
-2.0209683631948123
-2.008544167848756
-1.997748328653787
-1.9893766433518332
-1.9848513555069425
-1.9770745426030334
-1.976142314891269
-1.851857425147071
-1.8517932775355632
-1.838294823600509
-1.8371894018615909
-1.8276421552257844
-1.827250693635368
-1.8218917134851444
-1.8153149633483747
-1.8074299009084849
-1.7918963064871543
-1.780253060382993
-1.6573508891004038
-1.6528221275743342
-1.6434263868373202
-1.64111535206496
-1.632877477828708
-1.627119708524426
-1.626592803574548
-1.6165587087202387
-1.614704204027635
-1.5608261233223328
-1.5550881072542477
-1.5273492051237072
-1.526707976255081
-1.513265130934078
-1.509468797008618
-1.5060209860749676
-1.500687087570823
-1.4985944553830572
-1.4855017502295604
-1.4810295477175186
-1.296818212956653
-1.2954602705219913
-1.2839491515089898
-1.2820371617610917
-1.2774035836946742
-1.2764108642818273
-1.273985528406285
-1.27290376175738
-1.2715172748185355
-1.266998822256426
-1.2654351943439803
-0.9213969833348953
-0.9213681191827083
-0.9194329226582656
-0.9191182241707274
-0.9186514248223779
-0.9180842703191567
-0.917633832060512
-0.9161660498368138
-0.915682796962926
-0.9134528276672683
-0.9133553126588306
-0.1601508433168896
-0.15973063229698928
-0.15125241845840282
-0.15035503003334852
-0.143457421699126
-0.133976992125337
-0.13134029097534944
-0.12348697869341499
-0.12260652596137173
-0.11374149720258181
-0.11332990729366373
-0.047281956615100346
-0.04686795769896331
-0.03820982654373078
-0.03727870283620208
-0.026985858165778257
-0.025177847263356163
-0.020397419619864972
-0.015789608823414125
-0.012669892578935022
-0.0036723487522984806
-0.003327490027338462
0.5781228644212613
0.5790533957075514
0.5835228814940467
0.5865901614205872
0.5932641599526844
0.599358710083868
0.614605974905889
0.6279192397438401
0.6286752241517559
0.6400301065195375
0.6403437017332327
0.9268258709775783
0.9272318617006128
0.9426277168986983
0.9445250612014567
0.9557819035622405
0.9721808577151149
0.9834909795299819
1.0050704447216465
1.0115161926149379
1.0500402576044068
1.0511664825954885
1.1348882129752995
1.1414333219834298
1.1625939400859355
1.181121386906312
1.1977469081979133
1.2215972032065971
1.2318374894224824
1.2546103323886395
1.2570335569563975
1.3672026434307671
1.377438011489252
1.3862097365966028
1.4152132542364717
1.4586061389098741
1.5013166915899296
1.5308503835915437
1.5388761785509015
1.5597504123557036
1.5664259210223495
1.5742181198421838
1.7552454911864352
1.7613093131970294
1.7662951086421665
1.7836943624493165
1.7840715808279173
1.8094349932993323
1.8334866554987008
1.8420106952790916
1.8515437298371764
1.8565559568637404
1.8599296431463588
2.13570528552729
2.138170402431079
2.1415430239435387
2.14726905816894
2.1549314030537596
2.1601627814828204
2.174317077316128
2.1879319364177445
2.199881572007077
2.2095526457297554
2.2167176872929537
2.6462324263295387
2.6615432710484246
2.675449673042247
2.6875044393937824
2.6973973129885502
2.7049311186080165
2.7074036925440126
2.7100115880527462
2.711095353573042
2.7126453222631146
2.7129387762867725
3.1983215189958467
3.2075546823552687
3.2180910832959877
3.229825061990712
3.242577993175612
3.2561089179519684
3.2701315557585517
3.284333985582341
3.2983974355040124
3.312011778289229
3.3248867545402567
-2.6696174161679966
-2.6686737406744916
-2.6675377548500143
-2.6661845979681704
-2.664588425998017
-2.662722683801037
-2.6605603192590745
-2.658074027498185
-2.6552365108067137
-2.652020756966248
-2.648400372127722
-2.300762868079918
-2.295117545947319
-2.2889404942723193
-2.2822596457906172
-2.275116585858438
-2.2675798103758673
-2.2597545102727423
-2.251800152745165
-2.243958001771265
-2.2365907782220473
-2.2302231584976906
-2.0715331526806096
-2.0601781370656296
-2.0474751803575844
-2.0341851103496786
-2.020968363194809
-2.008544167848757
-1.9977483286537914
-1.9893766433518016
-1.984851355506994
-1.9770745426029186
-1.9761423148913646
-1.8518574852712422
-1.8517932159472477
-1.838295044158694
-1.8371891024541271
-1.8276468903290382
-1.8272456983492966
-1.821892156523311
-1.8153148383511544
-1.8074299250147186
-1.7918963044967744
-1.7802530607255096
-1.6573492860677987
-1.6528303218564602
-1.6432364961219588
-1.6414021953163682
-1.6323690435631657
-1.6285928107084255
-1.6254336909608795
-1.616770863686867
-1.6145828467196193
-1.5608272649045778
-1.5550867485357265
-1.5273124346442015
-1.5267531667143281
-1.513112610367088
-1.5098378433736603
-1.5056625464602331
-1.500934746881284
-1.498479439210766
-1.4855032808481419
-1.4810291881818949
-1.296818224767153
-1.2954602518607898
-1.283949465162294
-1.2820367011046963
-1.2773957467946908
-1.2764281103513362
-1.273949767584165
-1.2729404454428284
-1.2715067611327968
-1.266999288259354
-1.2654350638477778
-0.921398341333335
-0.9213666546095411
-0.9194438459417669
-0.9190868303961822
-0.9186884251058456
-0.9180552086489161
-0.9176473724225305
-0.9161644054492774
-0.9156835546358478
-0.9134527438123577
-0.9133553813188988
-0.1601508433461977
-0.1597306322599248
-0.1512524189656121
-0.15035502939334022
-0.14345742207852857
-0.13397698935638042
-0.13134029506292996
-0.12348696366374476
-0.12260654020458606
-0.11374149099342058
-0.11332991273218648
-0.04728196070929122
-0.04686795286799825
-0.0382098432361114
-0.037278684656937164
-0.02698587871310793
-0.025177822600844734
-0.020397428934390244
-0.015789604503589485
-0.012669893970574159
-0.0036723484550257924
-0.003327490276714811
0.5781228644216042
0.5790533957069741
0.5835228814948441
0.5865901614197627
0.5932641599531215
0.5993587100836596
0.614605974905955
0.6279192397433726
0.6286752241522043
0.6400301065194113
0.6403437017333462
0.9268258709741659
0.9272318617043844
0.9426277168892107
0.9445250612125516
0.9557819035592604
0.972180857717172
0.9834909795286318
1.0050704447222822
1.011516192614608
1.0500402576040182
1.0511664825958693
1.134888212975148
1.1414333219836492
1.1625939400857874
1.181121386906442
1.197746908197841
1.2215972032066151
1.2318374894224808
1.2546103323886209
1.2570335569564106
1.3672026434307665
1.37743801148925
1.3862097365966008
1.4152132542364713
1.4586061389098741
1.5013166915899292
1.5308503835915444
1.538876178550904
1.559750412355701
1.5664259210223503
1.5742181198421832
1.755245491186434
1.7613093131970308
1.7662951086421683
1.7836943624493176
1.7840715808279195
1.8094349932993332
1.8334866554987033
1.8420106952790902
1.8515437298371764
1.8565559568637402
1.859929643146357
2.1357052855272904
2.1381704024310797
2.1415430239435382
2.14726905816894
2.154931403053759
2.1601627814828217
2.1743170773161284
2.1879319364177454
2.199881572007077
2.209552645729756
2.2167176872929533
2.6462324263295334
2.6615432710484255
2.6754496730422477
2.687504439393783
2.697397312988551
2.7049311186080174
2.7074036925440126
2.7100115880527467
2.7110953535730418
2.7126453222631164
2.712938776286772
3.1983215189958463
3.2075546823552723
3.218091083295989
3.2298250619907134
3.2425779931756114
3.256108917951978
3.2701315557585517
3.284333985582337
3.298397435504014
3.3120117782892287
3.3248867545402536
-2.669617416167997
-2.6686737406744903
-2.6675377548500134
-2.6661845979681726
-2.6645884259980197
-2.662722683801038
-2.660560319259076
-2.658074027498188
-2.6552365108067146
-2.652020756966253
-2.648400372127721
-2.300762868079919
-2.2951175459473223
-2.2889404942723144
-2.2822596457906212
-2.2751165858584366
-2.2675798103758673
-2.25975451027274
-2.251800152745166
-2.2439580017712677
-2.2365907782220527
-2.23022315849769
-2.07153315268061
-2.060178137065632
-2.0474751803575866
-2.034185110349685
-2.020968363194813
-2.0085441678487443
-1.99774832865386
-1.9893766433515185
-1.9848513555073761
-1.9770745426021439
-1.9761423148919843
-1.8518574306925268
-1.851793271812812
-1.8382948656116889
-1.8371893434215385
-1.8276432162688736
-1.827249571601031
-1.8218918147550454
-1.8153149345684834
-1.8074299063685189
-1.7918963060651236
-1.7802530604534663
-1.6573483368981807
-1.652835458042076
-1.6430665260299402
-1.6416390697715102
-1.6318464528149472
-1.629416289530661
-1.6249848996596084
-1.6169340011503366
-1.614496412506712
-1.5608292038537617
-1.5550839023336323
-1.5275606861968651
-1.526469448931754
-1.5134854862265634
-1.5089503809050724
-1.506445519176524
-1.5005033701420047
-1.4986804424663682
-1.4855013177094223
-1.4810296207795006
-1.2968182836487712
-1.295460152084156
-1.283955160144875
-1.2820206982739724
-1.2775565775423248
-1.2761396575654385
-1.2742791912040714
-1.272669316552155
-1.27158791855353
-1.266997331040842
-1.2654355396977814
-0.9213927615502103
-0.9213726029968778
-0.9194003921773028
-0.9191880111045545
-0.9185689294306539
-0.9181531547400608
-0.9176080379808794
-0.9161694234535002
-0.9156812812723577
-0.9134529828364706
-0.9133551861316169
-0.16015084333013663
-0.1597306322806758
-0.15125241857515237
-0.15035502989874025
-0.14345742172385556
-0.13397699247718958
-0.13134029023262084
-0.12348698401205396
-0.12260652062830404
-0.11374150094725823
-0.11332990394946776
-0.04728197028479789
-0.0468679420403096
-0.03820985859271518
-0.03727866962748352
-0.026985880070068455
-0.025177823477445446
-0.020397426335711528
-0.015789606620427755
-0.012669893100952586
-0.003672348752431393
-0.0033274900236255484
0.5781228644216758
0.5790533957068614
0.5835228814949327
0.5865901614197219
0.593264159953085
0.5993587100837053
0.6146059749059142
0.6279192397438967
0.6286752241516862
0.6400301065196689
0.6403437017331117
0.9268258709736596
0.9272318617049239
0.9426277168901497
0.9445250612111185
0.9557819035602158
0.9721808577158155
0.9834909795299593
1.0050704447208363
1.0115161926156735
1.050040257602989
1.0511664825968334
1.1348882129751623
1.1414333219836148
1.162593940085866
1.1811213869063208
1.1977469081979537
1.2215972032065083
1.2318374894225608
1.2546103323885696
1.257033556956451
1.3672026434307685
1.37743801148925
1.3862097365966017
1.4152132542364728
1.458606138909873
1.5013166915899303
1.5308503835915435
1.5388761785509042
1.5597504123557013
1.566425921022349
1.5742181198421823
1.7552454911864348
1.76130931319703
1.7662951086421668
1.7836943624493153
1.784071580827918
1.8094349932993337
1.8334866554987004
1.8420106952790904
1.8515437298371769
1.8565559568637393
1.8599296431463606
2.1357052855272918
2.138170402431079
2.1415430239435382
2.147269058168938
2.1549314030537587
2.160162781482821
2.1743170773161276
2.1879319364177445
2.1998815720070763
2.2095526457297545
2.2167176872929537
2.6462324263295365
2.6615432710484255
2.67544967304225
2.687504439393782
2.6973973129885507
2.704931118608016
2.707403692544013
2.710011588052747
2.711095353573042
2.712645322263114
2.7129387762867716
3.198321518995847
3.207554682355274
3.218091083295989
3.229825061990706
3.242577993175615
3.256108917951973
3.2701315557585504
3.284333985582342
3.298397435504016
3.3120117782892264
3.3248867545402594
-2.669826098705406
-2.668926738717259
-2.6678411187034032
-2.666544646821043
-2.6650116935725294
-2.663215864726205
-2.66113021003346
-2.6587274641381256
-2.6559803021035977
-2.652861609173628
-2.649344815388845
-2.3020901814281656
-2.2965790256634007
-2.2905330097612384
-2.2839752378544884
-2.2769424609100954
-2.2694959262163192
-2.261730307261932
-2.2537893782199374
-2.245890679628189
-2.238362623897803
-2.2316851199639687
-2.06886657704198
-2.057097572506762
-2.0441833889565393
-2.030847065576293
-2.0177581135372504
-2.005655903035575
-1.995423173695461
-1.987838445968957
-1.9844572582814697
-1.9766867744706866
-1.976064113742777
-1.8518684031091945
-1.8518266419612432
-1.8383814394287123
-1.8375524412535895
-1.8277907039063157
-1.8274132562652874
-1.8227554159652701
-1.817170290489629
-1.8094304204369798
-1.7947787789076304
-1.783156175296414
-1.6557534114313242
-1.6527410004778336
-1.6432650145449776
-1.6411980534732329
-1.6323566492006398
-1.6286777080236665
-1.6257027498729069
-1.6162372670834706
-1.6143075525659518
-1.5591010167930508
-1.554162497669485
-1.5275951462650372
-1.526060813601755
-1.5134420368454975
-1.5085772248678762
-1.5064611386026747
-1.5003367866802149
-1.4987288649323622
-1.4843973089015297
-1.4799349340838155
-1.296487524667599
-1.295113156348765
-1.2833834327571827
-1.281768134247888
-1.2776124347468865
-1.2761251238952547
-1.274055880817065
-1.272460441844883
-1.2714994628174228
-1.266560332771483
-1.2651250425987162
-0.921401797720637
-0.9213750475227481
-0.9194939949846435
-0.9192190601969243
-0.9185311988705636
-0.9182760400377046
-0.9176671037250944
-0.9162871543671964
-0.9157908669984955
-0.9134971621522767
-0.9133685368531248
-0.16025005220235922
-0.159828359902329
-0.15115211582790317
-0.15074566007853055
-0.14519583106490852
-0.13657109123152517
-0.12913047655564855
-0.12595587013111376
-0.12096820765929137
-0.11475770104446911
-0.11272936690171521
-0.04787856045585421
-0.0460095308125253
-0.03986269045212834
-0.035495764656052274
-0.028368550905781866
-0.024048683966841036
-0.022435105605652466
-0.014494008318761359
-0.013577662022703208
-0.0035422938917970053
-0.003464148828846289
0.5781907846943651
0.5789167971920829
0.5841472161697572
0.5856523987143526
0.595796180241209
0.5960203451252856
0.6107731610265666
0.6251695191661898
0.6302392639314224
0.6397274713316244
0.6404248109316092
0.9255375765597191
0.9292575698787005
0.9384299203493667
0.9496324521189358
0.9505996921682949
0.976172097505959
0.9803186209524852
1.005419598689514
1.0117859218340384
1.0479602447226977
1.0531251050104318
1.132144770866353
1.1487612514509569
1.155170582023045
1.188798373118963
1.1926845510460382
1.2237893165107236
1.2312833639662253
1.2525498550085001
1.2586993408558402
1.366642871292745
1.3781362265628667
1.3872414355795737
1.4258228758268126
1.469531173602424
1.511369259523263
1.5220427039293418
1.5468428988097809
1.553884390079368
1.570172618961151
1.5727515518855901
1.7560122773351765
1.7590939757363098
1.7692362345298558
1.7781617336106315
1.7890882535502861
1.8030017855447078
1.8278709603016843
1.8465630391301548
1.8478150602294798
1.8585092660588416
1.8589013136172547
2.1355744379022785
2.1392640811254817
2.139967960458162
2.150246458489479
2.1509988823292097
2.1636665962817134
2.177825501556997
2.1911071375385633
2.2025272545741448
2.2115796591305763
2.21812370962587
2.6501611425290075
2.665171661880958
2.678651171440814
2.690189853282325
2.6995073318810254
2.706232210974937
2.7064327089422564
2.7103328907425337
2.7108968865818817
2.7126683758705594
2.712931693226595
3.196222052252513
3.205121754121966
3.215339288634091
3.2267878879619722
3.2393064897898403
3.252668314242726
3.266596603611941
3.2807839985255485
3.2949118311481
3.308666589564481
3.3217522310225265
-2.6698260987054083
-2.668926738717257
-2.6678411187034046
-2.6665446468210448
-2.6650116935725263
-2.663215864726196
-2.6611302100334577
-2.658727464138123
-2.6559803021035977
-2.652861609173629
-2.6493448153888477
-2.30209018142817
-2.296579025663397
-2.29053300976124
-2.2839752378544884
-2.276942460910098
-2.2694959262163183
-2.2617303072619332
-2.2537893782199343
-2.2458906796281917
-2.238362623897804
-2.23168511996397
-2.068866577041975
-2.057097572506758
-2.0441833889565384
-2.030847065576294
-2.017758113537249
-2.0056559030355943
-1.9954231736953367
-1.9878384459696028
-1.9844572582806512
-1.9766867744725558
-1.9760641137411792
-1.851868533699754
-1.8518265094111912
-1.8383817621669007
-1.8375520400253662
-1.8277959963684745
-1.8274076114226867
-1.8227559726996856
-1.8171701474259776
-1.8094304407837145
-1.7947787775156487
-1.783156175502565
-1.6557544033118572
-1.652737387945766
-1.6433505394872248
-1.6410588876255547
-1.632686368199282
-1.6278645367264515
-1.6262999519510297
-1.6160786444501019
-1.6144088183832495
-1.559097736435505
-1.5541671890765505
-1.5274116474026591
-1.526285378790313
-1.5130749882654293
-1.509511845061937
-1.5056390779779394
-1.5007480764937742
-1.4985285642136263
-1.484398462714552
-1.479934671402794
-1.2964874574285166
-1.295113272513824
-1.2833725397081963
-1.2817955337262052
-1.2774089576808092
-1.2764621270262242
-1.2736354997820183
-1.272843225814784
-1.2713853262299648
-1.266562642457663
-1.265124385144957
-0.9214058323276598
-0.921370685402524
-0.9195217436532664
-0.9191509870700413
-0.9186506561728287
-0.918167513846473
-0.9176993701062469
-0.9162827438046375
-0.9157927639427433
-0.9134970236270322
-0.9133686434759345
-0.16025005218095903
-0.15982835992926336
-0.15115211499661238
-0.1507456610100882
-0.14519583087284166
-0.13657109151987687
-0.12913047557903917
-0.12595587130268443
-0.12096820714751207
-0.1147577012237408
-0.11272936683757745
-0.0478785581801612
-0.04600953534178843
-0.03986268227754914
-0.03549577587641856
-0.028368533003515547
-0.024048723807408457
-0.022435076395965498
-0.014494015695140151
-0.01357765657610008
-0.0035422949380948983
-0.003464147824414645
0.5781907846938055
0.5789167971929218
0.5841472161678559
0.5856523987162671
0.5957961802309562
0.5960203451352977
0.610773161026484
0.6251695191662625
0.6302392639313594
0.6397274713316875
0.6404248109315582
0.9255375765600143
0.9292575698778921
0.9384299203512493
0.9496324520965254
0.9505996921899569
0.9761720975025362
0.9803186209555446
1.005419598688922
1.0117859218343717
1.0479602447227594
1.0531251050103734
1.1321447708664092
1.148761251450684
1.1551705820233065
1.188798373118701
1.1926845510462738
1.223789316510706
1.2312833639662335
1.2525498550085077
1.2586993408558362
1.3666428712927436
1.378136226562866
1.387241435579574
1.4258228758268119
1.4695311736024244
1.511369259523266
1.522042703929343
1.5468428988097793
1.5538843900793682
1.5701726189611522
1.5727515518855917
1.7560122773351794
1.7590939757363098
1.7692362345298571
1.7781617336106326
1.7890882535502848
1.8030017855447071
1.827870960301684
1.8465630391301562
1.8478150602294807
1.8585092660588423
1.858901313617255
2.135574437902278
2.1392640811254813
2.139967960458161
2.150246458489477
2.1509988823292088
2.1636665962817134
2.1778255015569967
2.191107137538564
2.202527254574147
2.211579659130578
2.218123709625871
2.6501611425290093
2.6651716618809584
2.678651171440814
2.6901898532823236
2.6995073318810268
2.706232210974937
2.7064327089422555
2.7103328907425337
2.7108968865818808
2.71266837587056
2.712931693226595
3.1962220522525095
3.2051217541219645
3.2153392886340977
3.2267878879619696
3.2393064897898403
3.2526683142427255
3.266596603611942
3.280783998525546
3.2949118311481005
3.308666589564483
3.321752231022527
-2.6698260987054065
-2.668926738717267
-2.667841118703403
-2.6665446468210394
-2.665011693572529
-2.6632158647261996
-2.6611302100334546
-2.658727464138125
-2.6559803021036004
-2.6528616091736303
-2.649344815388841
-2.302090181428166
-2.2965790256633967
-2.2905330097612393
-2.283975237854483
-2.2769424609101008
-2.269495926216321
-2.261730307261929
-2.2537893782199356
-2.2458906796281903
-2.2383626238978023
-2.2316851199639687
-2.0688665770419794
-2.057097572506761
-2.0441833889565406
-2.030847065576291
-2.01775811353725
-2.0056559030355965
-1.995423173695321
-1.9878384459697118
-1.9844572582805233
-1.9766867744728427
-1.9760641137409396
-1.8518685866216662
-1.8518264555918735
-1.8383819875080893
-1.8375517513732131
-1.8278010926215567
-1.827402101755739
-1.8227566092205956
-1.817169959237508
-1.809430472319667
-1.7947787748361985
-1.7831561759396757
-1.655751252702251
-1.6527469170672102
-1.643198511199869
-1.641284057933329
-1.6322768385589503
-1.628758083985635
-1.625683577140583
-1.6162190452012721
-1.6143211723375404
-1.5590994126938482
-1.5541649326771358
-1.5274597927629223
-1.526231741361207
-1.513077573137018
-1.5095621882995136
-1.5055420822989507
-1.5008474435590822
-1.498478850274894
-1.4843992434936213
-1.4799344592268657
-1.2964874563964386
-1.2951132756578916
-1.2833711940454866
-1.2817992091322938
-1.2773618957014665
-1.276531293240348
-1.2735073608979393
-1.2729671684146724
-1.2713646559554068
-1.2665632568706116
-1.2651242012006725
-0.9214080654711118
-0.9213682280624171
-0.9195376267178925
-0.9190956960238219
-0.9187276067541211
-0.91810263274381
-0.9177288660145465
-0.9162793375870215
-0.9157942629182236
-0.913496909672611
-0.9133687314638147
-0.16025005215504215
-0.1598283599609384
-0.15115211461363773
-0.15074566140734103
-0.14519583088502655
-0.13657109123394187
-0.12913047771703462
-0.12595586784878227
-0.12096820961652824
-0.11475769925433006
-0.11272936790906525
-0.047878554714790335
-0.046009541936564036
-0.03986267207246219
-0.03549578831567116
-0.028368517125119886
-0.024048753788342207
-0.022435055901368888
-0.014494018935455865
-0.013577654358945349
-0.003542294943799781
-0.0034641478225730187
0.5781907846937632
0.5789167971929728
0.5841472161678933
0.5856523987161815
0.5957961802330272
0.5960203451332395
0.6107731610265249
0.6251695191662022
0.6302392639314196
0.6397274713315921
0.6404248109316342
0.9255375765600431
0.9292575698778565
0.9384299203510678
0.9496324521026983
0.9505996921836457
0.9761720975052489
0.9803186209527902
1.0054195986901584
1.0117859218334426
1.047960244722983
1.0531251050102104
1.1321447708664052
1.1487612514507712
1.1551705820231983
1.1887983731190188
1.1926845510459525
1.2237893165108154
1.231283363966143
1.2525498550085312
1.2586993408558236
1.3666428712927448
1.3781362265628652
1.3872414355795737
1.4258228758268126
1.4695311736024248
1.5113692595232653
1.5220427039293432
1.546842898809781
1.5538843900793662
1.570172618961152
1.5727515518855906
1.756012277335178
1.7590939757363102
1.7692362345298553
1.7781617336106315
1.789088253550287
1.803001785544709
1.8278709603016845
1.8465630391301555
1.847815060229481
1.858509266058841
1.8589013136172559
2.1355744379022754
2.1392640811254817
2.1399679604581605
2.1502464584894816
2.1509988823292083
2.163666596281713
2.1778255015569954
2.191107137538564
2.2025272545741466
2.211579659130578
2.21812370962587
2.6501611425290093
2.665171661880958
2.6786511714408126
2.690189853282324
2.6995073318810268
2.7062322109749366
2.7064327089422546
2.7103328907425337
2.710896886581882
2.7126683758705594
2.712931693226597
3.1962220522525127
3.205121754121967
3.2153392886340937
3.2267878879619705
3.2393064897898416
3.2526683142427255
3.26659660361195
3.280783998525545
3.294911831148099
3.3086665895644765
3.32175223102253
-2.669826098705402
-2.6689267387172624
-2.6678411187034072
-2.666544646821043
-2.66501169357253
-2.6632158647262014
-2.6611302100334573
-2.658727464138121
-2.6559803021035946
-2.6528616091736295
-2.6493448153888437
-2.3020901814281665
-2.2965790256633976
-2.290533009761238
-2.283975237854489
-2.2769424609100963
-2.26949592621632
-2.2617303072619306
-2.2537893782199343
-2.245890679628189
-2.238362623897798
-2.2316851199639727
-2.068866577041977
-2.057097572506756
-2.0441833889565393
-2.0308470655762902
-2.0177581135372504
-2.005655903035582
-1.995423173695441
-1.9878384459690541
-1.9844572582813411
-1.9766867744709669
-1.9760641137425379
-1.8518684563664796
-1.851826587806564
-1.8383816649837437
-1.8375521523909006
-1.8277959481975787
-1.8274075987459706
-1.8227560523116415
-1.8171701022869151
-1.8094304519725948
-1.7947787762281788
-1.7831561757335244
-1.6557502564200246
-1.6527505228201151
-1.6430920616502416
-1.641441657807643
-1.6318251173782394
-1.6294854914430228
-1.6252949132130563
-1.6163675632602195
-1.6142317407258926
-1.5591026902642762
-1.5541602438134574
-1.5276308357662163
-1.5260195244517665
-1.513446253564301
-1.5086659753550984
-1.5063321560977503
-1.5004459073682472
-1.498661453194243
-1.4843980894684896
-1.4799347218510956
-1.2964875236357174
-1.2951131594927252
-1.2833821204840246
-1.2817718255020671
-1.2775836322209135
-1.2761830719273746
-1.2739823294953476
-1.2725310261442133
-1.271470473795787
-1.2665609465207186
-1.2651248582943428
-0.9214046416591717
-0.921371979690252
-0.9195145579024384
-0.9191705546629634
-0.91862172218989
-0.9181921756589903
-0.9176905637326529
-0.9162837484091327
-0.9157923464877422
-0.9134970483786451
-0.9133686246575147
-0.1602500521764453
-0.15982835993399983
-0.15115211544492488
-0.1507456604757813
-0.1451958310770929
-0.1365710909455927
-0.12913047869363992
-0.1259558666772118
-0.12096821012830695
-0.11475769907505882
-0.11272936797320514
-0.04787855699049668
-0.04600953740729254
-0.03986268024706917
-0.03549577709528938
-0.02836853502748836
-0.024048713948581962
-0.022435085110136237
-0.0144940115591084
-0.013577659805512591
-0.0035422938975048506
-0.0034641488270013886
0.5781907846943245
0.5789167971921338
0.5841472161697929
0.5856523987142714
0.5957961802432782
0.5960203451232289
0.610773161026603
0.6251695191661265
0.6302392639314841
0.6397274713315316
0.6404248109316872
0.9255375765597496
0.9292575698786643
0.9384299203491817
0.9496324521251098
0.9505996921619831
0.9761720975086697
0.9803186209497303
1.0054195986907495
1.0117859218331107
1.047960244722924
1.0531251050102695
1.1321447708663512
1.1487612514510444
1.1551705820229352
1.1887983731192813
1.1926845510457162
1.2237893165108342
1.2312833639661356
1.2525498550085234
1.2586993408558274
1.366642871292745
1.3781362265628645
1.3872414355795728
1.425822875826812
1.4695311736024248
1.511369259523264
1.522042703929343
1.5468428988097804
1.5538843900793684
1.5701726189611522
1.5727515518855901
1.7560122773351776
1.759093975736308
1.7692362345298538
1.7781617336106306
1.7890882535502877
1.8030017855447102
1.8278709603016845
1.8465630391301553
1.8478150602294812
1.8585092660588416
1.8589013136172572
2.1355744379022763
2.1392640811254813
2.139967960458162
2.1502464584894794
2.150998882329207
2.163666596281714
2.1778255015569967
2.191107137538564
2.202527254574146
2.211579659130577
2.21812370962587
2.65016114252901
2.665171661880958
2.6786511714408143
2.6901898532823245
2.6995073318810254
2.706232210974937
2.706432708942255
2.710332890742534
2.710896886581882
2.712668375870559
2.7129316932265954
3.196222052252514
3.205121754121966
3.21533928863409
3.226787887961967
3.2393064897898443
3.252668314242722
3.2665966036119483
3.280783998525542
3.294911831148101
3.3086665895644796
3.321752231022525
-2.6700246113053763
-2.669168102375796
-2.6681313079637783
-2.6668899194278657
-2.6654185341446612
-2.663690933083614
-2.6616802829111674
-2.659359373732421
-2.6567008705739728
-2.653677574575773
-2.6502627625872104
-2.3033837367473615
-2.298007182652691
-2.292093397654309
-2.2856610294798174
-2.2787423164596032
-2.271391865205731
-2.263694795524797
-2.255780709999285
-2.2478457562670306
-2.2401865114119874
-2.2332414406873125
-2.066075916320239
-2.0539460540987013
-2.040863944636102
-2.027524252348971
-2.0146088822487864
-2.002883058847617
-1.993289526330694
-1.9865567162626392
-1.9843629736058945
-1.976423116490764
-1.9760010815907267
-1.8518931694381333
-1.8518019076308847
-1.8383637758454956
-1.8378602298762234
-1.8280002593819848
-1.8275721790537682
-1.82281367822624
-1.8189181632228661
-1.8114205762125646
-1.7976235971315697
-1.7860725907060928
-1.6544022611627256
-1.6529996498673212
-1.643393878808706
-1.6405123396537074
-1.6326237455469939
-1.6287682034023687
-1.625918285478403
-1.6157087191858701
-1.6140950822388798
-1.5575619570018528
-1.553433278889742
-1.5275846485354279
-1.5253210338858192
-1.5133945290284014
-1.5085674360157504
-1.506261752434346
-1.5002686586760108
-1.498413239377866
-1.4832738612531255
-1.4788711028693855
-1.2961498819495576
-1.2947691812671858
-1.2828673987930812
-1.2816307182276623
-1.2776283791387344
-1.2761324348178271
-1.273828362592757
-1.2722582679696692
-1.2713934282838149
-1.2661543721651496
-1.26484683875591
-0.9214176158640951
-0.9213756868933792
-0.9196116144592101
-0.9192140985644602
-0.9186279695589543
-0.9182613545204927
-0.917720048160011
-0.9163893633697271
-0.915911152480279
-0.9135489932494765
-0.9133887279118806
-0.16030262003927545
-0.15992124176845637
-0.15155660794450415
-0.1503732243365598
-0.14629823652162385
-0.1390546162633429
-0.1285917804316952
-0.12687415069224986
-0.12039276554937636
-0.11534395985555523
-0.11258197872802285
-0.04830553061954767
-0.044906063112152464
-0.04150807834099147
-0.032660426238395136
-0.03134880994572085
-0.024916094353744946
-0.02163998550482351
-0.014901082136803053
-0.013425796576030795
-0.0036337690098344096
-0.0033815141312003387
0.5777485522156616
0.5800757562592156
0.582086087589764
0.5880218557210919
0.5924562535026204
0.5987702446375861
0.6069063577210266
0.6219424961015098
0.6307649655245563
0.63936379448921
0.6404805802133249
0.9251000627335724
0.9303591667116622
0.9368411912497866
0.9443633641886029
0.9571162256170812
0.9690473368327712
0.9885904964504303
0.9985024873153749
1.0158472155218767
1.0459622758767948
1.0545456796868373
1.1322785126430808
1.1461450063619703
1.1597682188634357
1.1798753822873476
1.204547510958911
1.2153385785727175
1.2398510207042626
1.2470575846913934
1.2604561787639956
1.368326741297544
1.3736105022528808
1.3954522172095292
1.4366669655887998
1.480333394454411
1.5128469161600286
1.5210356040880957
1.5469044609501819
1.5539875420242069
1.5699662122377813
1.572895906797799
1.7568636265988378
1.7577330816924677
1.7727806643294906
1.7736382483317552
1.794485372340603
1.7965585267499893
1.821944050928838
1.8435216738743878
1.8505288963989937
1.857145579059905
1.859732746784031
2.135960121041101
2.1375664554684395
2.142069877500722
2.1474261874331924
2.1534153515400245
2.167212674553208
2.1812760208470903
2.194163719261874
2.2050229550783427
2.2134485470936753
2.219383041746289
2.6540291055889185
2.6687035630852196
2.681730749686788
2.6927359150910273
2.701467351394548
2.704973032966181
2.707779984801452
2.7094597812945804
2.7116297334374964
2.7122681913714914
2.713073995386653
3.1942060809753356
3.2027715564608012
3.2126648043885018
3.223817914741868
3.236087934194715
3.2492632638449472
3.2630778988078823
3.2772302608590396
3.291402821560451
3.3052794539969677
3.3185588330275846
-2.6700246113053754
-2.6691681023757865
-2.6681313079637743
-2.6668899194278644
-2.665418534144665
-2.663690933083612
-2.6616802829111688
-2.659359373732423
-2.656700870573968
-2.653677574575771
-2.650262762587218
-2.303383736747363
-2.298007182652695
-2.292093397654309
-2.2856610294798205
-2.278742316459608
-2.2713918652057297
-2.2636947955247977
-2.2557807099992844
-2.247845756267032
-2.2401865114119897
-2.233241440687321
-2.0660759163202354
-2.0539460540987045
-2.040863944636106
-2.0275242523489707
-2.014608882248788
-2.002883058847648
-1.9932895263304882
-1.986556716263985
-1.9843629736044057
-1.9764231164937909
-1.9760010815880333
-1.8518932958889118
-1.8518017768817
-1.8383650509092666
-1.8378587682195877
-1.8280120301404486
-1.8275594052690076
-1.8228154484869317
-1.8189175311453476
-1.8114206344059243
-1.7976235944042085
-1.786072590975033
-1.6544025977810863
-1.6529988203464177
-1.6434132983343048
-1.6404695295712757
-1.6327681742497577
-1.6284393820426255
-1.6261525694888932
-1.61562032167136
-1.6141575763071594
-1.5575574891287736
-1.5534396427780672
-1.527429227420069
-1.5255367634163737
-1.512860109584906
-1.5097519289266095
-1.5052672864198748
-1.5007605018025951
-1.4982026215558804
-1.483274987484518
-1.478870835001624
-1.2961498245795628
-1.2947692815997955
-1.2828514559338946
-1.2816641080263476
-1.277454239968423
-1.2764067526354461
-1.2734828642036802
-1.272599667027198
-1.2712785346533253
-1.2661563470821533
-1.2648461882515034
-0.9214199644628146
-0.921373055883428
-0.9196258434474759
-0.9191678142817605
-0.9187079699584586
-0.9181895233471901
-0.9177463053212563
-0.916385790180369
-0.9159126566951892
-0.913548922210581
-0.9133887792434437
-0.1603026200908351
-0.15992124170536
-0.15155660848307123
-0.15037322356116872
-0.14629823688687832
-0.13905461606450448
-0.12859178078193403
-0.12687415049771414
-0.1203927652889484
-0.115343960222852
-0.11258197854672311
-0.04830553171399485
-0.04490605870134483
-0.04150808400229628
-0.03266040030479088
-0.031348837834591324
-0.024916086048123388
-0.021639990158924153
-0.014901080703562247
-0.013425797364888298
-0.003633768994735125
-0.0033815141426631057
0.5777485522156585
0.5800757562592613
0.5820860875896652
0.5880218557213029
0.5924562535023348
0.59877024463778
0.6069063577209443
0.6219424961015521
0.6307649655245199
0.6393637944892663
0.6404805802132827
0.9251000627335454
0.9303591667117069
0.9368411912499215
0.94436336418816
0.9571162256178776
0.9690473368318584
0.9885904964516344
0.9985024873143047
1.015847215522213
1.045962275876647
1.054545679686924
1.1322785126430825
1.1461450063619363
1.1597682188634997
1.1798753822872823
1.2045475109590134
1.2153385785726267
1.239851020704319
1.2470575846913552
1.2604561787640016
1.368326741297544
1.3736105022528808
1.3954522172095285
1.4366669655887994
1.4803333944544124
1.5128469161600273
1.5210356040880977
1.5469044609501834
1.5539875420242075
1.5699662122377798
1.5728959067977994
1.756863626598837
1.757733081692466
1.7727806643294912
1.7736382483317548
1.794485372340602
1.7965585267499924
1.8219440509288394
1.8435216738743883
1.8505288963989965
1.857145579059906
1.8597327467840317
2.1359601210411037
2.1375664554684377
2.1420698775007216
2.147426187433194
2.153415351540025
2.1672126745532063
2.1812760208470907
2.1941637192618746
2.2050229550783422
2.2134485470936744
2.219383041746289
2.6540291055889207
2.668703563085219
2.681730749686791
2.692735915091029
2.7014673513945477
2.7049730329661807
2.707779984801451
2.7094597812945818
2.711629733437497
2.7122681913714923
2.7130739953866536
3.194206080975335
3.20277155646081
3.212664804388496
3.223817914741874
3.2360879341947117
3.2492632638449503
3.2630778988078837
3.2772302608590387
3.291402821560452
3.30527945399697
3.3185588330275864
-2.6700246113053736
-2.669168102375791
-2.6681313079637783
-2.666889919427867
-2.6654185341446643
-2.6636909330836125
-2.6616802829111665
-2.659359373732421
-2.656700870573966
-2.653677574575773
-2.6502627625872126
-2.3033837367473615
-2.2980071826526993
-2.29209339765431
-2.285661029479817
-2.2787423164595966
-2.2713918652057323
-2.2636947955248004
-2.2557807099992875
-2.2478457562670306
-2.2401865114119874
-2.233241440687317
-2.0660759163202345
-2.0539460540987045
-2.0408639446361083
-2.027524252348972
-2.0146088822487873
-2.002883058847633
-1.993289526330522
-1.9865567162639186
-1.9843629736044246
-1.9764231164940869
-1.976001081587752
-1.8518933272216442
-1.851801744465787
-1.8383654137089804
-1.837858348812103
-1.8280159821518867
-1.8275550577156718
-1.8228161498493585
-1.8189172530230708
-1.8114206664195067
-1.797623592038354
-1.7860725913231736
-1.6543890345896555
-1.6530215441075229
-1.6432599653255664
-1.640724645214872
-1.6322204632563488
-1.6293214420472142
-1.6256633423862843
-1.6157482832477037
-1.6140735022273922
-1.5575586719970749
-1.5534380963920935
-1.5274507225855323
-1.5255097865115703
-1.5128913448254815
-1.509721674577475
-1.5052621522380099
-1.5007827397952227
-1.4981902240170695
-1.4832752851714828
-1.4788707427953631
-1.2961498207759685
-1.2947692909772048
-1.28284656549755
-1.2816747183772828
-1.2773661089428683
-1.2765315324936277
-1.2732384091179434
-1.2728423572666847
-1.2712372432650931
-1.2661573782244975
-1.2648458390227026
-0.9214207431639313
-0.9213721704014363
-0.9196316703201859
-0.9191433077713885
-0.9187458049070426
-0.9181552963748941
-0.9177627249189341
-0.9163835902173515
-0.9159136302920251
-0.9135488671480957
-0.9133888195166614
-0.16030262000284018
-0.1599212418138594
-0.15155660736298984
-0.15037322522618812
-0.14629823599857802
-0.1390546167240549
-0.1285917768411754
-0.1268741550008605
-0.12039276385789452
-0.11534396101272415
-0.11258197828932764
-0.0483055296083819
-0.044906067902658255
-0.0415080711577892
-0.03266047535760024
-0.03134875378079107
-0.024916117420863422
-0.021639969956406914
-0.014901089787350452
-0.013425791784090119
-0.0036337696243190776
-0.0033815135891643294
0.5777485522154927
0.5800757562601123
0.5820860875885819
0.5880218557223403
0.592456253501343
0.5987702446382607
0.6069063577207942
0.6219424961015959
0.6307649655244927
0.6393637944893016
0.6404805802132575
0.9251000627337328
0.9303591667107812
0.9368411912519128
0.9443633641859944
0.9571162256196781
0.969047336830555
0.9885904964525553
0.9985024873137149
1.015847215522299
1.045962275876679
1.054545679686893
1.1322785126431305
1.146145006361816
1.159768218863624
1.1798753822872152
1.20454751095906
1.2153385785725994
1.2398510207043143
1.2470575846913614
1.2604561787639992
1.3683267412975424
1.3736105022528817
1.3954522172095276
1.4366669655887978
1.4803333944544097
1.5128469161600278
1.5210356040880961
1.5469044609501834
1.5539875420242069
1.5699662122377795
1.5728959067977961
1.756863626598838
1.7577330816924661
1.7727806643294899
1.7736382483317543
1.7944853723406018
1.7965585267499924
1.8219440509288376
1.8435216738743867
1.8505288963989934
1.8571455790599063
1.8597327467840312
2.135960121041101
2.137566455468438
2.142069877500721
2.1474261874331937
2.153415351540024
2.1672126745532085
2.18127602084709
2.1941637192618733
2.205022955078341
2.213448547093674
2.2193830417462896
2.6540291055889194
2.6687035630852187
2.6817307496867904
2.6927359150910277
2.701467351394549
2.704973032966181
2.707779984801452
2.709459781294582
2.711629733437496
2.7122681913714914
2.713073995386653
3.1942060809753356
3.2027715564608017
3.212664804388492
3.223817914741872
3.2360879341947104
3.2492632638449495
3.2630778988078823
3.277230260859041
3.2914028215604505
3.3052794539969734
3.318558833027584
-2.6700246113053736
-2.6691681023757954
-2.6681313079637796
-2.666889919427866
-2.6654185341446652
-2.6636909330836143
-2.6616802829111674
-2.6593593737324217
-2.656700870573971
-2.653677574575776
-2.650262762587216
-2.303383736747365
-2.298007182652693
-2.292093397654308
-2.285661029479814
-2.278742316459601
-2.2713918652057297
-2.2636947955248012
-2.2557807099992866
-2.247845756267031
-2.2401865114119857
-2.233241440687309
-2.066075916320235
-2.0539460540987027
-2.0408639446361048
-2.0275242523489703
-2.0146088822487846
-2.002883058847615
-1.9932895263307304
-1.986556716262574
-1.9843629736059152
-1.9764231164910637
-1.9760010815904474
-1.8518932008605469
-1.8518018751252876
-1.8383641407286688
-1.8378598083923718
-1.8280044416255674
-1.8275676017577867
-1.8228143792289797
-1.8189178849648016
-1.811420608225027
-1.7976235947657109
-1.786072591054228
-1.6543886864638149
-1.6530223818727205
-1.6432369526495632
-1.640769486166
-1.632004931125837
-1.6296518165097125
-1.625499555130008
-1.6158294283061176
-1.614018879730092
-1.5575631366571197
-1.5534317355127478
-1.5276025346818771
-1.5252975069647892
-1.5134177440592842
-1.5085398347145766
-1.5062640865344337
-1.500293250333479
-1.4983965463826607
-1.4832741588761957
-1.4788710106384215
-1.2961498781465157
-1.294769190644226
-1.2828627223911258
-1.2816412452377322
-1.2775697477919152
-1.2762362411936177
-1.2736940571490099
-1.2723990240792573
-1.2713352657511037
-1.2661554027520254
-1.2648464888249198
-0.9214184883431992
-0.921374707761468
-0.9196181904168506
-0.9191931431561425
-0.918668803989816
-0.9182225246003498
-0.9177337813546367
-0.9163871634267481
-0.9159121156115934
-0.9135489382199378
-0.9133887681512182
-0.16030261995128134
-0.1599212418769561
-0.1515566068244215
-0.15037322600158184
-0.14629823563332509
-0.13905461692289003
-0.12859177649093242
-0.1268741551953967
-0.12039276411832056
-0.1153439606454274
-0.11258197847062243
-0.04830552851392762
-0.04490607231344438
-0.041508065496500095
-0.032660501288111814
-0.031348725894980126
-0.024916125726465736
-0.02163996530237691
-0.014901091220584993
-0.013425790995244163
-0.003633769639421112
-0.0033815135777010884
0.5777485522154947
0.5800757562600646
0.582086087588683
0.5880218557221266
0.5924562535016259
0.5987702446380673
0.6069063577208751
0.6219424961015532
0.6307649655245291
0.6393637944892444
0.640480580213299
0.9251000627337596
0.9303591667107375
0.9368411912517762
0.9443633641864336
0.957116225618878
0.9690473368314697
0.9885904964513521
0.9985024873147853
1.015847215521961
1.045962275876824
1.0545456796868065
1.132278512643126
1.146145006361847
1.1597682188635587
1.179875382287284
1.204547510958959
1.2153385785726913
1.2398510207042568
1.2470575846914003
1.2604561787639936
1.368326741297543
1.3736105022528828
1.395452217209528
1.4366669655887971
1.480333394454412
1.5128469161600278
1.5210356040880968
1.5469044609501814
1.5539875420242077
1.569966212237779
1.5728959067977977
1.7568636265988369
1.7577330816924672
1.7727806643294897
1.7736382483317545
1.7944853723406022
1.796558526749991
1.8219440509288374
1.8435216738743863
1.8505288963989937
1.8571455790599043
1.8597327467840328
2.1359601210411037
2.1375664554684386
2.1420698775007208
2.147426187433192
2.153415351540025
2.167212674553207
2.181276020847089
2.1941637192618737
2.205022955078342
2.2134485470936744
2.2193830417462888
2.6540291055889202
2.668703563085219
2.6817307496867913
2.692735915091028
2.7014673513945473
2.7049730329661807
2.707779984801452
2.7094597812945813
2.7116297334374964
2.712268191371492
2.7130739953866527
3.194206080975336
3.2027715564608044
3.212664804388499
3.2238179147418697
3.2360879341947073
3.2492632638449437
3.2630778988078855
3.2772302608590382
3.2914028215604523
3.3052794539969725
3.3185588330275904
