-2.6867029110579037
-2.685943072736773
-2.685012747434743
-2.683886788889705
-2.682538719425275
-2.680940931126862
-2.6790649590144366
-2.6768817445613586
-2.6743619258487903
-2.671476142485558
-2.3480429450164797
-2.343022362375945
-2.3374497540903687
-2.3313320150873436
-2.3246930287129186
-2.3175738961437005
-2.3100440265899294
-2.3022116747832855
-2.2942497529895243
-2.286424476805835
-2.104187446688632
-2.0905049365274513
-2.076695741272685
-2.063462809366884
-2.051779362547165
-2.042773831753916
-2.0401474225985514
-2.035088397725072
-2.034768451206103
-2.0339575942859582
-1.9081983376727862
-1.907858344522191
-1.9054061672882106
-1.9029179783627035
-1.8983707596427752
-1.8959798616654788
-1.8939424103270552
-1.876189854478572
-1.8707915690024737
-1.8608317466816322
-1.7041443807859848
-1.6974402526213037
-1.6965236387041533
-1.6850296645679226
-1.680331568165259
-1.67872733816433
-1.673511292429173
-1.6530406263301918
-1.6505778951821801
-1.6493796098303788
-1.5867623181062032
-1.5849547605338563
-1.580246158236937
-1.5732149379301064
-1.5624082426948631
-1.559861169523709
-1.5547232887417273
-1.4894303108297484
-1.4863910924298487
-1.4820119112403687
-1.4479948709347783
-1.442882487087499
-1.4383623984208633
-1.4307496359814385
-1.4300770042997244
-1.427627488019459
-1.4259196342776856
-1.2240937141697186
-1.223462512385904
-1.2232772814557535
-1.2197494724377451
-1.2181558354580717
-1.2169930745791362
-1.2145989065344964
-1.2118939878729322
-1.2116936708499866
-1.2108507121620513
-0.8698445285752283
-0.869641217555702
-0.869400433678216
-0.8681452130815243
-0.8678831554704058
-0.8675708873854148
-0.8673489199864481
-0.8662002778302659
-0.866111612438617
-0.8660176748388877
-0.14349173427750883
-0.1380406187812351
-0.13594508283367943
-0.13431831235043293
-0.13418610967317396
-0.12975679276451263
-0.1281883805172539
-0.12380347635809968
-0.12187139496033612
-0.1210760898440978
-0.03901582944611512
-0.038465164502617215
-0.035015576151321004
-0.0319605310822239
-0.027033234940992166
-0.02443018004537226
-0.02149127369142192
-0.014853425146155447
-0.011919973878833822
-0.011736226233144836
0.5369156878378799
0.5457850575788197
0.5565934746840691
0.5586667532213972
0.5595215056655078
0.5632953222695537
0.5676913112875427
0.5716439838708585
0.5758195109211831
0.5759690279994992
0.8739502850223182
0.8751014225126367
0.8871112981930962
0.8905197273121164
0.9118595603152208
0.9148773319838
0.9359190115530617
0.9576406224149054
0.9735720894690836
0.9789830766691529
1.064855164917432
1.0769350805881974
1.0884250377094347
1.1172887346071305
1.1250962779128215
1.1600553095384012
1.160937701581658
1.2256997790858448
1.2345588366104736
1.2599901275711707
1.2831064380332282
1.3004131350198105
1.332961686649895
1.3373621913047498
1.3682221305713425
1.3818125557347318
1.383194597597783
1.512360283316984
1.5375367310674874
1.5742550733739464
1.6127737010016527
1.6220303986237745
1.6466843387193981
1.6535461356240915
1.6719291749213727
1.6760629850609776
1.6829874613563882
1.8864351103365862
1.8873120051862948
1.8954531901799292
1.9000055109919893
1.908768059076828
1.920141634398832
1.941443489502056
1.9585738612569579
1.9656714019165802
1.9674127895369715
2.2401702206997762
2.2406410147835736
2.2471795753237793
2.2473645562881623
2.257660312540632
2.2695595853998287
2.2814162088912884
2.2922778315302206
2.3016412307650174
2.3093123220449634
2.724769698393467
2.73864295087086
2.7508436800868443
2.7610096834257165
2.768891031063246
2.7722025929077905
2.7743355413309763
2.7760100724278898
2.777287511320051
2.7777936906710683
3.2204980425803256
3.2298097475109158
3.2404904404093187
3.2524140237574044
3.2653714853781914
3.2790868384342957
3.2932396220299256
3.307488688927189
3.3214930923128745
3.3349278977172494
-2.6867029110579033
-2.6859430727367695
-2.685012747434743
-2.683886788889709
-2.6825387194252768
-2.6809409311268544
-2.679064959014434
-2.6768817445613564
-2.674361925848804
-2.6714761424855547
-2.3480429450164846
-2.343022362375944
-2.337449754090372
-2.3313320150873404
-2.324693028712917
-2.3175738961436956
-2.310044026589934
-2.302211674783286
-2.2942497529895203
-2.2864244768058364
-2.1041874466886332
-2.0905049365274517
-2.0766957412726827
-2.063462809366885
-2.051779362547163
-2.0427738317538986
-2.0401474225985954
-2.0350883977241008
-2.034768451207308
-2.0339575942857
-1.9081983918200882
-1.9078582695606925
-1.9054062181416693
-1.9029179284384936
-1.8983708161979076
-1.8959798047427132
-1.893942430718955
-1.876189854205059
-1.870791569150706
-1.8608317466675741
-1.7041446106791183
-1.6974252704801462
-1.6965418812688258
-1.6849798046336806
-1.6805861152387298
-1.678469462893579
-1.6735653298400486
-1.6529693659854063
-1.6507331264943748
-1.6492912396681814
-1.5867117667165267
-1.585059772171345
-1.5801398479082516
-1.573304641566124
-1.5622101082873774
-1.5600506438186827
-1.5546940977313535
-1.4894358764575089
-1.4863810331067775
-1.4820167553032375
-1.447985314643407
-1.4429151184914497
-1.4383178756595039
-1.4310171691389355
-1.4297482343091374
-1.4277313039653974
-1.4258982096126458
-1.2240619650858249
-1.2236014825726402
-1.2231592344812232
-1.219801370700126
-1.2180371676776645
-1.2170905347216892
-1.2145688405545345
-1.211972353620253
-1.211616905613291
-1.2108593128785619
-0.8698444153232805
-0.869641581502811
-0.8694000853815456
-0.8681476548474147
-0.8678770791471563
-0.8675777708892725
-0.8673456162444262
-0.8662019941387439
-0.8661091716737164
-0.8660185516923236
-0.14349173429021694
-0.13804061584565183
-0.13594511710685728
-0.13431768307633646
-0.13418672082149014
-0.12975675364038297
-0.12818841204317696
-0.12380346331525797
-0.12187140919300547
-0.12107608302794373
-0.03901582882049953
-0.03846516544511615
-0.03501557518404222
-0.031960532308924
-0.027033233180924914
-0.02443018186193456
-0.021491272980126448
-0.01485342530516147
-0.011919973286191909
-0.011736226745288817
0.5369156878378802
0.545785057578824
0.5565934746850784
0.5586667532128757
0.5595215056750312
0.5632953222662679
0.5676913112897722
0.5716439838693868
0.575819510927191
0.5759690279940205
0.8739502850222284
0.8751014225127604
0.8871112981930064
0.8905197273121658
0.9118595603156349
0.9148773319833242
0.935919011553211
0.9576406224147223
0.9735720894693756
0.9789830766689701
1.0648551649174571
1.0769350805881626
1.0884250377094409
1.1172887346072224
1.12509627791272
1.1600553095389672
1.1609377015811113
1.2256997790858657
1.2345588366104507
1.2599901275711773
1.2831064380332269
1.3004131350198107
1.3329616866498997
1.337362191304748
1.3682221305713422
1.3818125557347312
1.383194597597786
1.5123602833169838
1.5375367310674894
1.574255073373947
1.6127737010016518
1.6220303986237739
1.6466843387194
1.6535461356240888
1.671929174921375
1.6760629850609763
1.6829874613563882
1.8864351103365875
1.887312005186294
1.8954531901799285
1.9000055109919913
1.9087680590768292
1.9201416343988333
1.9414434895020563
1.9585738612569574
1.9656714019165828
1.9674127895369737
2.240170220699775
2.240641014783574
2.2471795753237793
2.247364556288163
2.257660312540633
2.269559585399827
2.2814162088912875
2.2922778315302215
2.301641230765017
2.309312322044965
2.724769698393467
2.7386429508708616
2.7508436800868448
2.7610096834257174
2.7688910310632435
2.7722025929077905
2.7743355413309776
2.776010072427888
2.777287511320051
2.7777936906710674
3.220498042580323
3.229809747510914
3.2404904404093196
3.252414023757404
3.2653714853781968
3.2790868384343006
3.293239622029926
3.3074886889271946
3.3214930923128754
3.3349278977172494
-2.6867029110579055
-2.6859430727367712
-2.6850127474347483
-2.6838867888897067
-2.682538719425274
-2.680940931126853
-2.679064959014438
-2.676881744561357
-2.6743619258487916
-2.6714761424855555
-2.3480429450164824
-2.343022362375945
-2.3374497540903687
-2.3313320150873444
-2.324693028712918
-2.317573896143694
-2.310044026589928
-2.302211674783286
-2.2942497529895163
-2.286424476805832
-2.1041874466886337
-2.0905049365274526
-2.0766957412726805
-2.063462809366884
-2.0517793625471614
-2.042773831753977
-2.0401474225983915
-2.035088397729035
-2.034768451201163
-2.033957594287041
-1.9081983752442797
-1.9078582923123795
-1.9054062035978017
-1.9029179419437139
-1.8983708021979953
-1.895979818284334
-1.893942426011614
-1.8761898542606872
-1.8707915691205375
-1.8608317466705238
-1.7041450068551638
-1.6973950142018106
-1.6965787084379635
-1.6848642656801658
-1.6810251578037478
-1.67801467664929
-1.673700411181417
-1.6527433847381026
-1.6511286411953598
-1.6491107119624955
-1.5869463526580314
-1.5846137345017122
-1.580466642064142
-1.5731359979890112
-1.5624303354421842
-1.559859827171274
-1.5547182335026277
-1.4894349850056932
-1.4863824937166004
-1.4820161621964782
-1.4479834900027346
-1.4429241004399194
-1.4383012649135476
-1.4311231574392922
-1.429588737696784
-1.4278096823006625
-1.4258828003235173
-1.2240198539829743
-1.2237038943411933
-1.2230877546399004
-1.219852177706568
-1.2178835963367594
-1.217225912817794
-1.2145353361532283
-1.2120358896118935
-1.2115544649817374
-1.2108702873337411
-0.8698440438348296
-0.8696427962194866
-0.8693988879917137
-0.868156946315874
-0.8678497175828996
-0.8676090351364931
-0.8673319933238703
-0.866210314207247
-0.8660959905704307
-0.8660241956578468
-0.14349173428936265
-0.13804061616349628
-0.13594511286636682
-0.13431776878818458
-0.13418663697993855
-0.1297567602521933
-0.12818840635327516
-0.12380346609203806
-0.12187140595649226
-0.12107608461898238
-0.03901582803537195
-0.038465166547368985
-0.03501557442837784
-0.03196053299838576
-0.02703323260495644
-0.02443018229216902
-0.02149127287201132
-0.014853425305667198
-0.011919973316011733
-0.011736226717895213
0.5369156878378811
0.5457850575788021
0.5565934746915809
0.5586667531673725
0.5595215057224144
0.5632953222537656
0.5676913112963389
0.5716439838658296
0.5758195109391945
0.575969027983127
0.873950285022515
0.8751014225123639
0.887111298193833
0.8905197273112647
0.911859560317219
0.9148773319817723
0.9359190115534283
0.9576406224145886
0.9735720894694917
0.9789830766689152
1.0648551649173932
1.0769350805883529
1.0884250377092524
1.1172887346074503
1.1250962779125226
1.1600553095393447
1.1609377015807545
1.2256997790858555
1.2345588366104647
1.2599901275711682
1.2831064380332367
1.3004131350198023
1.3329616866499079
1.3373621913047384
1.3682221305713418
1.381812555734728
1.383194597597785
1.512360283316984
1.5375367310674872
1.574255073373948
1.612773701001652
1.622030398623777
1.6466843387193955
1.6535461356240901
1.6719291749213738
1.6760629850609765
1.682987461356388
1.8864351103365857
1.8873120051862955
1.8954531901799276
1.900005510991991
1.908768059076829
1.9201416343988331
1.9414434895020563
1.958573861256958
1.965671401916581
1.9674127895369735
2.2401702206997762
2.240641014783574
2.24717957532378
2.247364556288163
2.2576603125406303
2.2695595853998274
2.281416208891288
2.2922778315302206
2.3016412307650183
2.309312322044964
2.724769698393466
2.738642950870861
2.750843680086845
2.761009683425717
2.7688910310632453
2.7722025929077905
2.7743355413309776
2.7760100724278893
2.7772875113200506
2.777793690671069
3.2204980425803247
3.229809747510913
3.24049044040932
3.25241402375741
3.265371485378198
3.2790868384342997
3.2932396220299243
3.307488688927195
3.321493092312876
3.3349278977172503
-2.6867029110579015
-2.6859430727367646
-2.6850127474347456
-2.683886788889704
-2.682538719425278
-2.6809409311268575
-2.679064959014432
-2.676881744561357
-2.674361925848793
-2.6714761424855507
-2.3480429450164793
-2.3430223623759443
-2.3374497540903745
-2.331332015087344
-2.324693028712914
-2.3175738961436934
-2.310044026589931
-2.302211674783285
-2.2942497529895176
-2.286424476805838
-2.1041874466886323
-2.090504936527451
-2.0766957412726854
-2.0634628093668863
-2.05177936254716
-2.0427738317539954
-2.040147422598352
-2.035088397730007
-2.034768451199959
-2.033957594287296
-1.9081983210900653
-1.9078583672805691
-1.9054061527442117
-1.9029179918681773
-1.8983707456425076
-1.8959798752073813
-1.893942405619886
-1.8761898545341993
-1.8707915689723078
-1.860831746684586
-1.7041447770630538
-1.6974112559793753
-1.6965592193312193
-1.6849190549237236
-1.6808426621068977
-1.6782007073573393
-1.6736412391571058
-1.6528378816469875
-1.6509782346969377
-1.649171006043694
-1.5869810712441563
-1.5845140811454
-1.5805803108605623
-1.573048495703766
-1.562604711417526
-1.559694373427771
-1.5547480770954047
-1.4894294147757396
-1.4863925556935513
-1.4820113200817118
-1.4479930600001538
-1.442891585999538
-1.4383457920326417
-1.4309219658499661
-1.4298604706331306
-1.4276972764862497
-1.4259033753160881
-1.224062830138145
-1.2235996718476352
-1.2231600242487317
-1.2198036533422427
-1.218027626610256
-1.21710028760326
-1.2145648677863112
-1.21198318274972
-1.2116059441500617
-1.2108610794294299
-0.869844157919349
-0.8696424341443965
-0.869399233759403
-0.8681547603289499
-0.867856459975278
-0.867601745836435
-0.8673347815277391
-0.8662089048309497
-0.8660983517258234
-0.8660230907923705
-0.14349173427665876
-0.13804061909907844
-0.1359450785928368
-0.1343183972720312
-0.13418602662219178
-0.1297567993761315
-0.1281883748275732
-0.1238034791348644
-0.12187139172380146
-0.12107609143518204
-0.03901582866099175
-0.03846516560486492
-0.035015575395651054
-0.03196053177168315
-0.027033234365026092
-0.02443018047560398
-0.021491273583306974
-0.014853425146660819
-0.011919973908651014
-0.011736226205755103
0.5369156878378817
0.5457850575788015
0.5565934746905697
0.5586667531759038
0.55952150571289
0.5632953222570491
0.5676913112941085
0.5716439838673018
0.5758195109331892
0.5759690279886099
0.8739502850226086
0.875101422512246
0.8871112981939233
0.8905197273112142
0.9118595603168055
0.9148773319822502
0.9359190115532798
0.9576406224147708
0.973572089469197
0.9789830766691
1.064855164917368
1.076935080588391
1.0884250377092495
1.1172887346073601
1.125096277912628
1.160055309538777
1.1609377015813027
1.2256997790858355
1.2345588366104883
1.2599901275711625
1.2831064380332393
1.3004131350198043
1.3329616866499054
1.3373621913047433
1.368222130571343
1.3818125557347312
1.3831945975977842
1.5123602833169838
1.537536731067489
1.574255073373946
1.6127737010016496
1.6220303986237743
1.6466843387194003
1.6535461356240917
1.671929174921374
1.676062985060976
1.6829874613563873
1.8864351103365857
1.8873120051862957
1.8954531901799283
1.90000551099199
1.9087680590768286
1.9201416343988345
1.941443489502057
1.9585738612569576
1.9656714019165822
1.9674127895369722
2.2401702206997762
2.240641014783573
2.24717957532378
2.2473645562881637
2.257660312540632
2.2695595853998283
2.2814162088912884
2.292277831530224
2.301641230765017
2.309312322044963
2.724769698393466
2.7386429508708607
2.7508436800868434
2.761009683425718
2.7688910310632426
2.7722025929077905
2.7743355413309763
2.776010072427889
2.777287511320051
2.777793690671068
3.2204980425803247
3.2298097475109153
3.240490440409316
3.252414023757407
3.2653714853781945
3.279086838434299
3.2932396220299314
3.307488688927184
3.3214930923128785
3.3349278977172516
-2.6868690329326235
-2.686148066070429
-2.685262662117421
-2.6841880450349347
-2.6828980529541755
-2.6813653337658394
-2.6795616133566726
-2.6774579554004623
-2.6750250459125153
-2.6722334937833176
-2.349212050524405
-2.3443292915937786
-2.33889445824883
-2.3329113592124333
-2.326399819532601
-2.319395467705891
-2.311959843187702
-2.304189834310175
-2.2962398873933476
-2.2883484787991564
-2.100817821904517
-2.0870365310426324
-2.073309169199173
-2.060362093780037
-2.049218785593465
-2.0411939768387577
-2.041019288440457
-2.0352301068351086
-2.0345109781248905
-2.0339105594347995
-1.9083350080127228
-1.9076146497245106
-1.9054921071863506
-1.9028681986908138
-1.8979832326954182
-1.8968356460903406
-1.8941506336750726
-1.8757991468873874
-1.872865082517094
-1.8634530017142392
-1.702223222670535
-1.697935386816239
-1.696141847762829
-1.6851775767596129
-1.6800254684687597
-1.6791329312509182
-1.6728692509692602
-1.6535814749568578
-1.6506528992857383
-1.6496468963548307
-1.5871900338045848
-1.585217428223689
-1.5808671589952072
-1.5729605504525201
-1.5628009595165704
-1.5605641160145078
-1.5556330068181656
-1.488877143352544
-1.4854393808849855
-1.4806932933502321
-1.4468600814720103
-1.4416246177495404
-1.4375651968183443
-1.4306489519170247
-1.4297076444333898
-1.4270739667876318
-1.4255064303315794
-1.22396700483063
-1.2235101107421156
-1.2231784771161385
-1.2192149560685326
-1.2181155225558353
-1.2167434098209327
-1.214296376829464
-1.2119192276562574
-1.211592611746297
-1.2107147148975692
-0.8698745737369279
-0.8696980764419183
-0.8694611728811118
-0.8681482963506114
-0.867944891459951
-0.8676259484580985
-0.8673558524309326
-0.8662018904594004
-0.8661360906805771
-0.8660299508350628
-0.14493738179225824
-0.13906951423022781
-0.13643404209074772
-0.1349546721237382
-0.13348996243664488
-0.13007135770062075
-0.12844286809671754
-0.12305163867433894
-0.12271989308001938
-0.12084836977480806
-0.03915685746742289
-0.0382521749857284
-0.034952983829156174
-0.032093736688061744
-0.026366084655569517
-0.025330056854416538
-0.021197503969211766
-0.015491612621084144
-0.012299196928971523
-0.011507589624412243
0.5354100910683032
0.5432111189380202
0.5541171417094363
0.558482354124797
0.55945128856064
0.5648910889795017
0.5658096152686682
0.5726640972719913
0.5747833266703164
0.5765212330353654
0.873423463112498
0.8760015437003427
0.8850989329089752
0.8930822603256118
0.9081104030913666
0.9190545696978741
0.9340004545649446
0.9594480050055032
0.9731074092188036
0.9756121615714919
1.0640787432138386
1.0805355837999548
1.0856570697773282
1.1155563559039503
1.1285609834299606
1.1528554578058443
1.1671513913175593
1.2209337042423198
1.2451681813379414
1.2508353499965736
1.2908503463267773
1.2952682618510218
1.328491991134116
1.3454192132555414
1.3614896753743204
1.381815781069162
1.393339517599178
1.5166424065039026
1.5462111200448303
1.583716292335553
1.6136761505312187
1.6217989853460029
1.6462303492580643
1.6540094840878636
1.6716681212441147
1.676243097764818
1.6829695192327125
1.8859406355936126
1.887968192714616
1.895873477971377
1.8986093537544297
1.9121841837882083
1.9147616278637019
1.9363217802675123
1.9549323544017316
1.9661460998098594
1.9671290904325647
2.2396013352882025
2.2418115493121142
2.244781607693243
2.2496226145874583
2.260565455474195
2.2725741523722327
2.2842510175795367
2.2947710777868564
2.3037201017172206
2.3109632624386856
2.7283699747775416
2.741866235978896
2.7535874489911847
2.7632017744240316
2.770484468408667
2.7709754385366603
2.7752351026110675
2.775307319105026
2.777553910742112
2.7776391586511813
3.218390369098143
3.227350498866803
3.2376973212804088
3.24932673830532
3.262049340901613
3.2756039413937112
3.2896789322569684
3.3039362128944303
3.3180330880677404
3.3316394413173662
-2.686869032932624
-2.686148066070429
-2.6852626621174167
-2.6841880450349342
-2.6828980529541764
-2.681365333765834
-2.6795616133566673
-2.6774579554004685
-2.675025045912514
-2.6722334937833185
-2.349212050524405
-2.344329291593773
-2.3388944582488365
-2.3329113592124395
-2.326399819532605
-2.3193954677058852
-2.3119598431877035
-2.3041898343101743
-2.296239887393348
-2.28834847879915
-2.100817821904518
-2.087036531042635
-2.073309169199176
-2.0603620937800353
-2.0492187855934745
-2.0411939768369765
-2.0410192884423424
-2.035230106833404
-2.0345109781277695
-2.0339105594335134
-1.9083350236954202
-1.9076146178411741
-1.9054921433863183
-1.902868164266413
-1.897983311155353
-1.8968355694536017
-1.8941506463854756
-1.8757991465306245
-1.8728650827823026
-1.8634530016972344
-1.7022240775885453
-1.6979250703387374
-1.6961551881775545
-1.6851378572689708
-1.6803006231818147
-1.6788686333758485
-1.6728964456114348
-1.6535605532745659
-1.6507058255404892
-1.6496126760101641
-1.5871552057158722
-1.5852900372138923
-1.5808036084427055
-1.5730093765051196
-1.5626708834217398
-1.5606897448531682
-1.5556143681734627
-1.488880803070292
-1.4854323632317115
-1.480696996351686
-1.4468466557589845
-1.4416806720889044
-1.4374804465618656
-1.430982732568182
-1.4292960163575277
-1.4272313764497735
-1.4254686790851576
-1.2239377593631136
-1.223591388332308
-1.223120714542751
-1.219262369882945
-1.2180297592353329
-1.2168007278457986
-1.2142747245462893
-1.2119626737875338
-1.2115528125698642
-1.2107194821578193
-0.8698740736974007
-0.8696994899165561
-0.8694599267882764
-0.8681601547307868
-0.8679183220182473
-0.8676500583866957
-0.8673461693176847
-0.8662108085615681
-0.8661239854895705
-0.8660337548278143
-0.1449373817927369
-0.13906951405182896
-0.13643404532057535
-0.1349546620660161
-0.13348997336660373
-0.13007134640821555
-0.1284428771040473
-0.12305161731171775
-0.12271991414105608
-0.12084836843729864
-0.03915685867649588
-0.03825217283631111
-0.034952986243894306
-0.03209373439191202
-0.026366089354578064
-0.02533005254683015
-0.021197504457289434
-0.01549161253477415
-0.012299196987634157
-0.011507589594336532
0.5354100910683014
0.5432111189380278
0.5541171417088608
0.5584823541359862
0.5594512885468382
0.5648910889983694
0.5658096152519418
0.5726640972745917
0.5747833266681773
0.5765212330359544
0.8734234631124012
0.876001543700538
0.885098932908638
0.8930822603260347
0.9081104030908821
0.9190545696983368
0.9340004545647167
0.9594480050056403
0.9731074092185451
0.9756121615716687
1.0640787432138776
1.0805355837996506
1.085657069777638
1.1155563559038233
1.1285609834300616
1.1528554578058057
1.1671513913175728
1.2209337042423232
1.2451681813379187
1.2508353499965956
1.2908503463267569
1.2952682618510398
1.3284919911341133
1.3454192132555447
1.3614896753743206
1.3818157810691625
1.3933395175991783
1.5166424065039041
1.5462111200448299
1.5837162923355523
1.6136761505312185
1.6217989853460018
1.6462303492580634
1.6540094840878625
1.6716681212441158
1.6762430977648186
1.6829695192327137
1.8859406355936117
1.8879681927146204
1.8958734779713793
1.8986093537544286
1.9121841837882094
1.9147616278637034
1.9363217802675132
1.9549323544017312
1.9661460998098597
1.9671290904325671
2.239601335288202
2.2418115493121142
2.244781607693245
2.249622614587459
2.260565455474196
2.2725741523722336
2.2842510175795354
2.2947710777868564
2.30372010171722
2.3109632624386856
2.7283699747775407
2.7418662359788963
2.753587448991185
2.7632017744240307
2.7704844684086667
2.7709754385366603
2.7752351026110675
2.7753073191050257
2.777553910742114
2.7776391586511804
3.2183903690981475
3.2273504988668025
3.2376973212804128
3.249326738305323
3.2620493409016107
3.2756039413937086
3.289678932256961
3.303936212894431
3.3180330880677387
3.3316394413173644
-2.686869032932625
-2.686148066070426
-2.6852626621174203
-2.684188045034935
-2.682898052954174
-2.6813653337658323
-2.6795616133566713
-2.677457955400467
-2.675025045912519
-2.6722334937833145
-2.3492120505244074
-2.344329291593777
-2.33889445824884
-2.3329113592124364
-2.3263998195326097
-2.319395467705892
-2.311959843187704
-2.304189834310177
-2.296239887393346
-2.2883484787991515
-2.1008178219045157
-2.087036531042634
-2.0733091691991747
-2.060362093780037
-2.049218785593469
-2.0411939768397005
-2.0410192884394536
-2.035230106836078
-2.0345109781232344
-2.0339105594355464
-1.9083350043731742
-1.9076146562277159
-1.9054921027529437
-1.9028681995464158
-1.8979832441317461
-1.8968356320274935
-1.8941506370821992
-1.8757991466364214
-1.8728650827164457
-1.8634530016993782
-1.7022248388010393
-1.6979138492817707
-1.69617076741903
-1.6850613296667636
-1.6807092736050033
-1.6784553288765867
-1.672982991658829
-1.653399195242867
-1.6510704865641048
-1.6493986029207628
-1.5874487913859692
-1.5846395945659555
-1.5813082302200774
-1.572769237004324
-1.5630436845858977
-1.5603671693241987
-1.555656813489789
-1.4888810353343471
-1.4854317224902067
-1.4806974623222107
-1.4468422851570504
-1.4417004000392055
-1.43744745225214
-1.431092947383766
-1.429134958391729
-1.4273176627035864
-1.425450805530948
-1.2238864601537458
-1.2236884746611936
-1.2230674505079175
-1.219322523765021
-1.217897080838605
-1.2169021005600962
-1.2142378391938609
-1.2120283695817131
-1.2114929136419224
-1.2107291993597031
-0.8698737999955729
-0.869700262740117
-0.869459238106324
-0.8681664582069814
-0.8679013299907129
-0.8676661845923287
-0.8673405116257187
-0.866215806569347
-0.8661163989766695
-0.8660367529308288
-0.1449373817944594
-0.13906951370085482
-0.13643405077007703
-0.1349546462641425
-0.1334899894917056
-0.1300713317039769
-0.1284428882455772
-0.12305159445771616
-0.12271993649314086
-0.1208483670784346
-0.0391568586957781
-0.03825217283415218
-0.03495298610423246
-0.03209373465733253
-0.026366088138664617
-0.025330053796223856
-0.021197504242753698
-0.015491612599932675
-0.012299196926502661
-0.011507589628487958
0.5354100910683007
0.5432111189380269
0.554117141709042
0.5584823541315791
0.5594512885525025
0.5648910889888097
0.5658096152606945
0.5726640972728865
0.5747833266696738
0.5765212330355167
0.8734234631123658
0.8760015437006049
0.885098932908588
0.8930822603260353
0.9081104030910084
0.919054569698121
0.9340004545648931
0.9594480050054056
0.9731074092192697
0.9756121615711053
1.064078743213897
1.080535583799599
1.0856570697776637
1.1155563559038753
1.1285609834299926
1.152855457805856
1.1671513913175453
1.2209337042423314
1.2451681813378863
1.2508353499966223
1.2908503463267496
1.2952682618510463
1.328491991134114
1.3454192132555434
1.3614896753743206
1.3818157810691627
1.39333951759918
1.5166424065039052
1.546211120044831
1.583716292335552
1.6136761505312212
1.6217989853460026
1.646230349258065
1.654009484087865
1.6716681212441138
1.6762430977648193
1.682969519232714
1.8859406355936126
1.8879681927146172
1.8958734779713786
1.8986093537544282
1.9121841837882079
1.914761627863702
1.9363217802675141
1.9549323544017316
1.9661460998098583
1.9671290904325653
2.2396013352882007
2.2418115493121147
2.244781607693243
2.2496226145874596
2.2605654554741954
2.2725741523722323
2.284251017579536
2.294771077786858
2.303720101717221
2.3109632624386856
2.7283699747775403
2.7418662359788963
2.753587448991185
2.7632017744240307
2.770484468408669
2.7709754385366603
2.7752351026110675
2.7753073191050257
2.777553910742114
2.7776391586511813
3.218390369098143
3.2273504988668043
3.2376973212804154
3.2493267383053226
3.262049340901612
3.2756039413937126
3.2896789322569635
3.3039362128944347
3.318033088067741
3.331639441317371
-2.686869032932623
-2.686148066070424
-2.6852626621174203
-2.6841880450349382
-2.682898052954181
-2.6813653337658416
-2.6795616133566647
-2.6774579554004676
-2.675025045912513
-2.6722334937833137
-2.3492120505244034
-2.344329291593777
-2.338894458248831
-2.3329113592124417
-2.3263998195326083
-2.3193954677058923
-2.3119598431877018
-2.30418983431018
-2.2962398873933516
-2.288348478799153
-2.1008178219045144
-2.0870365310426315
-2.0733091691991716
-2.0603620937800353
-2.049218785593461
-2.0411939768414835
-2.0410192884375626
-2.035230106837785
-2.034510978120353
-2.033910559436834
-1.9083349886890917
-1.907614688111862
-1.9054920665529471
-1.9028682339712215
-1.8979831656640416
-1.8968357086719931
-1.8941506243719866
-1.8757991469931847
-1.8728650824512338
-1.8634530017163815
-1.7022239847780165
-1.6979243228648226
-1.6961572798393993
-1.6851033772219846
-1.6805457512835207
-1.6786070478088604
-1.6729544122542435
-1.653423797072654
-1.6510270805685139
-1.6494196152724254
-1.5874715151976169
-1.5845648704111244
-1.5813841445082342
-1.5727212467190321
-1.5631468748550232
-1.56026866171
-1.5556762366742056
-1.4888773764724323
-1.4854387401451203
-1.4806937584677244
-1.4468557555557224
-1.4416448608765506
-1.4375321682103515
-1.4308214561979715
-1.429497513899481
-1.4271483213573322
-1.425486745995771
-1.2239319860593139
-1.2236056333154233
-1.223110562323173
-1.219280892089041
-1.2179870714813437
-1.2168352085930074
-1.2142592568455348
-1.2119949495728108
-1.2115227024717046
-1.2107241495124261
-0.8698743029907753
-0.8696988523044499
-0.8694604785202626
-0.8681556669019342
-0.8679287697128496
-0.8676407218868496
-0.8673496112797227
-0.866208209272327
-0.866127622914088
-0.8660325079513396
-0.1449373817939827
-0.13906951387925054
-0.1364340475402883
-0.1349546563219887
-0.1334899785616093
-0.1300713429964811
-0.12844287923811992
-0.12305161582317489
-0.12271991542926397
-0.1208483684159416
-0.039156857486703944
-0.038252174983568116
-0.034952983689490257
-0.032093736953483484
-0.0263660834396475
-0.025330058103822314
-0.021197503754676068
-0.015491612686241227
-0.012299196867838372
-0.011507589658562299
0.5354100910683028
0.5432111189380202
0.5541171417096181
0.558482354120391
0.5594512885663054
0.5648910889699438
0.5658096152774238
0.5726640972702863
0.5747833266718126
0.5765212330349336
0.8734234631124611
0.8760015437004083
0.8850989329089229
0.8930822603256107
0.9081104030914943
0.9190545696976546
0.934000454565121
0.9594480050052695
0.973107409219528
0.9756121615709303
1.0640787432138585
1.0805355837998996
1.0856570697773544
1.1155563559039996
1.1285609834298915
1.1528554578058936
1.1671513913175318
1.2209337042423285
1.2451681813379092
1.2508353499965967
1.2908503463267715
1.2952682618510252
1.328491991134115
1.3454192132555405
1.3614896753743218
1.3818157810691614
1.3933395175991796
1.516642406503904
1.5462111200448323
1.5837162923355523
1.6136761505312203
1.6217989853460035
1.646230349258064
1.654009484087863
1.6716681212441122
1.6762430977648197
1.6829695192327145
1.8859406355936117
1.8879681927146177
1.895873477971379
1.8986093537544289
1.912184183788209
1.9147616278637027
1.936321780267513
1.954932354401733
1.9661460998098585
1.9671290904325653
2.239601335288201
2.2418115493121147
2.2447816076932425
2.24962261458746
2.260565455474196
2.2725741523722327
2.2842510175795354
2.294771077786856
2.30372010171722
2.310963262438685
2.7283699747775403
2.7418662359788963
2.7535874489911865
2.763201774424029
2.770484468408667
2.77097543853666
2.775235102611067
2.7753073191050253
2.777553910742114
2.777639158651182
3.218390369098145
3.227350498866805
3.2376973212804128
3.2493267383053235
3.2620493409016142
3.275603941393716
3.2896789322569617
3.303936212894433
3.318033088067744
3.331639441317367
-2.6870263342140377
-2.686342789929721
-2.6855007581522266
-2.684475845690674
-2.683242220575338
-2.68177280206807
-2.680039523520333
-2.6780135883970075
-2.675665749608077
-2.672966605712145
-2.3503469915902433
-2.345601664461341
-2.3403048788713274
-2.3344575447850535
-2.3280756892124255
-2.3211899101416957
-2.313854580209557
-2.306156318360861
-2.2982330482957516
-2.290298365949422
-2.097406684353994
-2.0835712648046925
-2.0699733523804262
-2.0573700186533594
-2.0468436365710696
-2.0421383076126767
-2.0400997745765337
-2.035571935514647
-2.034049985675546
-2.0340092129219176
-1.908537379272766
-1.9068247775961242
-1.9063466403367946
-1.9018290880303221
-1.8997012489161444
-1.8954787774101927
-1.8949309064845687
-1.8746655297316637
-1.8745697864746318
-1.866016082963798
-1.7005657290192906
-1.6990563402047933
-1.6957873476420813
-1.6852703047658428
-1.6799145365719064
-1.679147216849165
-1.6724164141696614
-1.654253290497685
-1.6507717402527833
-1.6499778328502588
-1.5876298380963167
-1.585153004522794
-1.5816304989915104
-1.5725502725304004
-1.5633308711455292
-1.560942509922578
-1.5565367888516468
-1.4882134245269574
-1.4843933110863061
-1.4793017476179262
-1.445741857878639
-1.4404246996724663
-1.4369475207551086
-1.4306232855637366
-1.4293640892971102
-1.4265963856729043
-1.4249366874010228
-1.2238969954419556
-1.2235020903988931
-1.2231283916330435
-1.2187397520120848
-1.2180758445578412
-1.2165007455703158
-1.2140685778396438
-1.211899025172191
-1.211492535516226
-1.2105779950060718
-0.8698977599866504
-0.8697505335884833
-0.8695202791699261
-0.8681388743680625
-0.8680342494841818
-0.8676681417313402
-0.8673719610790186
-0.8661933650638632
-0.8661668947103451
-0.8660377577639935
-0.14626905940753557
-0.14044990914778885
-0.1369077225779349
-0.1350642686182735
-0.13259164285364886
-0.13150761798788574
-0.12783550208702918
-0.12362944484610934
-0.12224544317892543
-0.12090833131030283
-0.039483885356184745
-0.037197619390808075
-0.036193459582586886
-0.03068397492176934
-0.028302553233610736
-0.023763791603640744
-0.021756926372774814
-0.015660297015506097
-0.013062915536793899
-0.011332791097244714
0.5342424590249804
0.5408477600627617
0.5513342516237504
0.558119415212092
0.5605132286908198
0.5632763490399392
0.5664895687482486
0.5734265112224319
0.5739400973370995
0.5766952492304626
0.8726593574153604
0.878957021374924
0.8810239692471084
0.8990691210856105
0.9016830193503027
0.9261729213867514
0.9284674232420287
0.9643551400835131
0.9667492055671006
0.9752646467727591
1.0661859582371642
1.073651236211848
1.0954432974975046
1.1062939045214908
1.139728639786861
1.1438842543243999
1.1697604926629726
1.2207356758268313
1.2416736576849143
1.2564811025253138
1.2814744551190203
1.3077993763306988
1.31934337838301
1.353771885211289
1.3579791701397064
1.3786658946655128
1.4044375612563522
1.5224674277890455
1.5553373226398728
1.592600021556705
1.6058481037817989
1.6305052231324506
1.6384613799928096
1.6607153713687979
1.6663799814679203
1.679574905177782
1.6817853061353527
1.885356776500593
1.890047918411938
1.892338327809049
1.901915439513075
1.9095438348051958
1.9155243833752336
1.9310096795289617
1.950821781659588
1.9642271661299175
1.9679102524135312
2.2395051013601024
2.2427633885268214
2.2433349398955267
2.2521559621290104
2.2635336639293846
2.2755651757769133
2.287011546065029
2.297164787667561
2.305691512507105
2.312509639831711
2.731887608742706
2.7449779351673222
2.7561990254614264
2.7652476753815103
2.769650841643174
2.771923685309013
2.774338581348596
2.7761226731558706
2.77717400295027
2.777839187703309
3.2163707996993316
3.2249783526380127
3.234984788679284
3.2463081326058054
3.2587794440414366
3.2721536965936937
3.2861296547883696
3.300373646464074
3.3145423044170026
3.328301058832126
-2.687026334214034
-2.686342789929721
-2.6855007581522288
-2.6844758456906734
-2.683242220575333
-2.6817728020680764
-2.680039523520333
-2.6780135883970106
-2.675665749608073
-2.6729666057121455
-2.3503469915902424
-2.345601664461344
-2.3403048788713274
-2.334457544785054
-2.328075689212421
-2.321189910141691
-2.3138545802095587
-2.306156318360858
-2.298233048295753
-2.2902983659494205
-2.0974066843539956
-2.0835712648046893
-2.069973352380428
-2.057370018653361
-2.0468436365710763
-2.042138307612565
-2.0400997745767406
-2.035571935513929
-2.0340499856913565
-2.034009212906714
-1.9085373919668458
-1.90682462450507
-1.906346802986078
-1.9018290108873035
-1.8997013296266496
-1.8954786618976986
-1.8949309963013976
-1.8746655190064323
-1.8745697971034994
-1.866016082936039
-1.7005744145772677
-1.6990360213874662
-1.695807005874251
-1.6851903094616965
-1.68043267667107
-1.678651114954505
-1.6724717923878434
-1.6542169758188452
-1.6508739625759092
-1.649906515113706
-1.587522480702514
-1.5854015183225891
-1.581431125970007
-1.5726625706849398
-1.5630756807685058
-1.5611784551743404
-1.5565018930332108
-1.4882154418474236
-1.4843893089829072
-1.479303989179266
-1.4457287799721557
-1.4404933096108707
-1.4368391092669734
-1.4309224161355614
-1.429013732081324
-1.426733681602948
-1.4249032641983717
-1.2238504431433856
-1.223603972750747
-1.2230669186127496
-1.2188306181271416
-1.2179384245481313
-1.2165705210188247
-1.2140393284034339
-1.211946412239043
-1.2114523263896322
-1.2105829879151726
-0.8698967582122134
-0.8697529777446387
-0.8695183650662441
-0.8681686778897573
-0.8679841539989994
-0.8677002403474199
-0.8673597271969933
-0.8662145130915998
-0.8661412682470303
-0.866043135150943
-0.14626905940682278
-0.14044990921177142
-0.1369077212893951
-0.13506427279828745
-0.13259163085400993
-0.1315076288669281
-0.12783549934019084
-0.12362944757212838
-0.12224544071611936
-0.12090833195978666
-0.03948388566172494
-0.03719761687576209
-0.036193462418112984
-0.03068397253237219
-0.028302555863393978
-0.02376378967027571
-0.021756927542870202
-0.01566029683774228
-0.01306291563713917
-0.011332791071534669
0.5342424590249794
0.5408477600627607
0.5513342516237298
0.5581194152128617
0.5605132286885167
0.5632763490427976
0.5664895687465298
0.573426511226599
0.573940097333116
0.5766952492306886
0.8726593574153824
0.878957021374721
0.8810239692473111
0.8990691210855984
0.9016830193502524
0.9261729213874588
0.9284674232413047
0.9643551400847076
0.9667492055657478
0.9752646467729735
1.066185958237129
1.0736512362118922
1.0954432974975046
1.1062939045214673
1.139728639787011
1.1438842543242533
1.1697604926629876
1.2207356758268222
1.2416736576849288
1.2564811025253055
1.2814744551190231
1.307799376330698
1.319343378383007
1.35377188521129
1.357979170139705
1.3786658946655126
1.4044375612563518
1.522467427789046
1.555337322639873
1.5926000215567038
1.6058481037817989
1.63050522313245
1.6384613799928103
1.6607153713688008
1.6663799814679212
1.6795749051777822
1.6817853061353525
1.8853567765005934
1.8900479184119394
1.8923383278090493
1.9019154395130755
1.9095438348051963
1.915524383375234
1.9310096795289626
1.950821781659589
1.9642271661299167
1.9679102524135315
2.2395051013601033
2.242763388526822
2.243334939895527
2.252155962129009
2.263533663929384
2.2755651757769138
2.2870115460650275
2.297164787667562
2.3056915125071056
2.3125096398317115
2.731887608742707
2.7449779351673262
2.75619902546143
2.7652476753815076
2.769650841643174
2.7719236853090163
2.7743385813486023
2.77612267315587
2.777174002950271
2.7778391877033113
3.216370799699333
3.2249783526380082
3.2349847886792844
3.2463081326058054
3.2587794440414397
3.272153696593694
3.2861296547883705
3.3003736464640707
3.314542304417009
3.3283010588321202
-2.6870263342140297
-2.686342789929716
-2.685500758152224
-2.6844758456906685
-2.683242220575336
-2.681772802068064
-2.680039523520332
-2.6780135883970075
-2.675665749608072
-2.672966605712135
-2.3503469915902406
-2.3456016644613404
-2.340304878871323
-2.3344575447850517
-2.328075689212423
-2.321189910141693
-2.3138545802095627
-2.306156318360862
-2.2982330482957503
-2.290298365949415
-2.0974066843539947
-2.083571264804696
-2.0699733523804253
-2.057370018653365
-2.0468436365710616
-2.042138307612801
-2.0400997745763285
-2.035571935515129
-2.0340499856661407
-2.0340092129309335
-1.9085373743008365
-1.90682483750682
-1.9063465767247836
-1.9018291176502375
-1.8997012184711373
-1.8954788186280178
-1.8949308747384361
-1.8746655308421156
-1.8745697853928425
-1.8660160829617634
-1.7005786603655597
-1.6990256844544955
-1.6958176591377379
-1.6851327482391105
-1.680698145571731
-1.6783888686426505
-1.6725296302149912
-1.6541260199600407
-1.6511225699430983
-1.6497405775028724
-1.5877922030288238
-1.5846975301655857
-1.5820092431994663
-1.5723907070930074
-1.563594007585565
-1.5607151373851194
-1.5565751422325478
-1.4882152576961034
-1.4843893148247715
-1.479304234049281
-1.445720616343882
-1.4405380219784847
-1.4367623785961985
-1.4311016725009722
-1.428775765482819
-1.4268580903549428
-1.4248776598066004
-1.223816800418495
-1.2236580330856506
-1.2230432433058849
-1.2188771665638625
-1.2178530067636293
-1.2166261999665817
-1.2140141287300314
-1.2119877423592937
-1.2114170542708123
-1.2105885776840193
-0.8698958904321601
-0.8697550487810248
-0.8695167575169366
-0.8681859403836891
-0.8679435942794
-0.867732815225712
-0.8673500552585603
-0.866225276599375
-0.8661253360533442
-0.8660491024156589
-0.1462690594055423
-0.14044990929948037
-0.1369077198436211
-0.13506427694757137
-0.13259162104265373
-0.13150763691672834
-0.12783549805082442
-0.12362944794710266
-0.12224544066478205
-0.12090833189711961
-0.03948388630506133
-0.03719761183863022
-0.03619346797488687
-0.03068396837063103
-0.028302560217236383
-0.023763786767034212
-0.021756929224440846
-0.015660296615368916
-0.013062915755039518
-0.01133279104260912
0.5342424590249804
0.5408477600627639
0.5513342516236466
0.5581194152147557
0.5605132286836093
0.5632763490480547
0.5664895687438163
0.5734265112315289
0.5739400973284963
0.5766952492309333
0.8726593574153404
0.8789570213752224
0.8810239692467446
0.8990691210868142
0.9016830193490044
0.9261729213887407
0.9284674232401205
0.9643551400852192
0.966749205565228
0.9752646467730249
1.0661859582371975
1.0736512362117752
1.0954432974976644
1.1062939045213285
1.139728639787175
1.1438842543241117
1.1697604926629936
1.2207356758268262
1.2416736576849194
1.2564811025253144
1.2814744551190167
1.3077993763307039
1.319343378383005
1.353771885211291
1.357979170139703
1.3786658946655144
1.4044375612563518
1.5224674277890469
1.5553373226398735
1.592600021556704
1.6058481037817995
1.6305052231324488
1.6384613799928094
1.6607153713687997
1.6663799814679212
1.6795749051777815
1.6817853061353536
1.8853567765005943
1.8900479184119388
1.8923383278090489
1.9019154395130746
1.9095438348051956
1.9155243833752331
1.9310096795289602
1.950821781659589
1.9642271661299162
1.967910252413531
2.239505101360103
2.2427633885268214
2.243334939895526
2.25215596212901
2.263533663929385
2.2755651757769146
2.287011546065028
2.2971647876675627
2.3056915125071042
2.3125096398317115
2.7318876087427055
2.7449779351673227
2.756199025461426
2.7652476753815085
2.7696508416431764
2.771923685309017
2.7743385813485992
2.776122673155871
2.7771740029502716
2.7778391877033086
3.216370799699332
3.2249783526380043
3.2349847886792866
3.246308132605811
3.2587794440414415
3.272153696593696
3.2861296547883723
3.300373646464068
3.314542304417005
3.3283010588321225
-2.687026334214036
-2.6863427899297188
-2.685500758152229
-2.6844758456906708
-2.683242220575333
-2.6817728020680667
-2.680039523520329
-2.6780135883970067
-2.675665749608072
-2.672966605712147
-2.35034699159024
-2.345601664461335
-2.340304878871329
-2.3344575447850526
-2.3280756892124224
-2.3211899101416886
-2.313854580209558
-2.306156318360856
-2.2982330482957503
-2.2902983659494147
-2.0974066843539942
-2.0835712648046933
-2.0699733523804205
-2.057370018653361
-2.046843636571055
-2.042138307612911
-2.040099774576119
-2.0355719355158497
-2.0340499856503316
-2.0340092129461356
-1.908537361606061
-1.9068249904591235
-1.9063464142141702
-1.9018291947878334
-1.8997011377658422
-1.8954789340921865
-1.894930784970935
-1.8746655415647202
-1.8745697747666017
-1.8660160829895265
-1.7005700612810977
-1.6990459947503695
-1.695797942945352
-1.685216031986664
-1.6803463828180334
-1.6787169722490733
-1.6724725792232673
-1.6541650201682934
-1.6510435723301222
-1.6497859702797393
-1.5878684691323686
-1.5843925807645123
-1.5822923408689682
-1.5722786635590886
-1.5637871256488118
-1.560541931350146
-1.5566129187720126
-1.488213240178098
-1.4843933172937642
-1.4793019923242612
-1.445733780092912
-1.4404712527733075
-1.4368704769343112
-1.430861645475234
-1.4290823490811762
-1.4267059997911273
-1.4249089342843078
-1.2238790229420866
-1.2235481872444554
-1.2230970389904272
-1.2188001631153926
-1.2179820773039824
-1.2165512986899392
-1.2140432636969312
-1.2119460846066898
-1.2114513930318234
-1.2105834235265565
-0.8698969135398147
-0.8697526067948809
-0.8695186490614579
-0.8681655340437091
-0.8679902265996358
-0.8676959011893517
-0.86736117362325
-0.8662129023703893
-0.8661434118683567
-0.8660424978550157
-0.14626905940625468
-0.14044990923549783
-0.13690772113216498
-0.1350642727675737
-0.132591633042442
-0.13150762603752944
-0.1278355007976596
-0.12362944522108286
-0.12224544312760051
-0.12090833124762988
-0.03948388599952359
-0.037197614353701676
-0.03619346513934237
-0.03068397076003756
-0.028302557587448495
-0.023763788700401075
-0.02175692805434299
-0.01566029679313473
-0.01306291565469513
-0.011332791068319737
0.5342424590249797
0.5408477600627636
0.5513342516236664
0.5581194152139854
0.5605132286859117
0.5632763490451945
0.5664895687455342
0.5734265112273605
0.5739400973324787
0.5766952492307015
0.8726593574153213
0.8789570213754221
0.8810239692465415
0.8990691210868282
0.9016830193490561
0.9261729213880323
0.9284674232408431
0.9643551400840268
0.9667492055665825
0.9752646467728111
1.0661859582372304
1.073651236211729
1.0954432974976653
1.1062939045213527
1.1397286397870283
1.1438842543242567
1.1697604926629792
1.2207356758268324
1.2416736576849072
1.2564811025253226
1.281474455119015
1.307799376330705
1.3193433783830055
1.3537718852112897
1.3579791701397048
1.3786658946655133
1.4044375612563522
1.5224674277890466
1.555337322639873
1.592600021556704
1.6058481037818
1.6305052231324495
1.6384613799928094
1.6607153713687983
1.6663799814679217
1.6795749051777817
1.6817853061353532
1.8853567765005934
1.8900479184119374
1.8923383278090486
1.9019154395130753
1.9095438348051956
1.9155243833752325
1.9310096795289613
1.9508217816595872
1.9642271661299164
1.9679102524135312
2.2395051013601024
2.2427633885268214
2.2433349398955262
2.25215596212901
2.2635336639293864
2.275565175776914
2.287011546065028
2.297164787667561
2.3056915125071047
2.3125096398317115
2.73188760874271
2.7449779351673205
2.7561990254614273
2.7652476753815036
2.769650841643178
2.7719236853090172
2.7743385813486015
2.77612267315587
2.7771740029502716
2.7778391877033117
3.2163707996993307
3.2249783526380114
3.2349847886792857
3.2463081326058094
3.258779444041441
3.2721536965936933
3.286129654788374
3.300373646464071
3.3145423044170075
3.328301058832127
-2.6871751601664196
-2.6865276163869
-2.685727431578261
-2.6847506075523673
-2.6835716559576137
-2.682163782688911
-2.680499144902558
-2.6785491031685886
-2.67628449594509
-2.673675931366077
-2.3514479548798937
-2.346839522162927
-2.341680876896211
-2.335970200128811
-2.32971995323647
-2.32295609717259
-2.315726460719193
-2.30810836116043
-2.3002249291264776
-2.292267455405739
-2.0939653452961484
-2.0801204588515505
-2.066701584304177
-2.0545034787301772
-2.0446817811580833
-2.0434044032346423
-2.039743092671528
-2.0355357443682682
-2.0343495964484326
-2.0336644057141022
-1.908490617883523
-1.9071977155933342
-1.9058475208174233
-1.9018519394393616
-1.899813263148679
-1.896189737232374
-1.894403969859443
-1.8757493960041154
-1.8729663743082494
-1.8684809000776554
-1.7009012891039057
-1.6985528441997402
-1.6959976108006374
-1.6852490194499348
-1.6802515863017349
-1.678513222474808
-1.6721628114326486
-1.6550926247328728
-1.6509528764177046
-1.650346765196036
-1.5879288571812449
-1.5850300172564944
-1.582333076795165
-1.5720716592837292
-1.5639158881056867
-1.5610676857044132
-1.5574306382410028
-1.4874391987588371
-1.4832565934803372
-1.4778498435051808
-1.4446443195188223
-1.439339086731064
-1.4364827316589475
-1.4307028292210737
-1.4289223524475638
-1.4262496299341476
-1.4242185445865203
-1.22387838177066
-1.2234381352224513
-1.223127930623477
-1.2183190701415503
-1.2180543778664255
-1.216246230468628
-1.2139394250039828
-1.2118074410995519
-1.211401047382667
-1.2104404825835842
-0.869913714486376
-0.869798380830569
-0.8695766595184912
-0.8681473590313017
-0.8681057852824086
-0.8677210266913092
-0.8673880879620013
-0.8661985808450334
-0.8661764890748935
-0.8660466952173876
-0.14746241131966628
-0.14197173280883665
-0.13739180025351808
-0.1347843251942395
-0.13302169630972896
-0.1315753711181633
-0.12767566249284418
-0.12413999760461268
-0.12156017006472841
-0.12126612577810184
-0.03943442827608032
-0.03745240871651973
-0.035934605506301315
-0.03041120306610326
-0.028738633352523777
-0.023026498268976146
-0.02242719950364189
-0.015493091261137149
-0.013960291268994928
-0.011409442718569984
0.5334279123012665
0.5387376292641066
0.548516629381605
0.5582061792170544
0.5604770827162691
0.5618127840197222
0.5677907533793446
0.5720183682785205
0.5750840408651855
0.5764635774320539
0.8728326860382059
0.877655032937996
0.8827589574384997
0.8956791967370826
0.9057466265633295
0.9217821450192826
0.9324684704547034
0.9608942180975775
0.9695384967269598
0.9726612529569404
1.0682330199268673
1.0709971382822654
1.0969165724242318
1.1063642828579048
1.1345033470347028
1.1504608750201202
1.1671586968169951
1.2258143910422155
1.2330615435444243
1.265499600066364
1.2748721672018457
1.30998003592076
1.3203988405595208
1.3458608880928258
1.369957942347836
1.3740366501002474
1.4149790866601135
1.52953336876214
1.5647368644817823
1.594538265163129
1.604989535849044
1.6303524268168255
1.6388241942593622
1.6602962688019376
1.6667252880623697
1.6794634212342932
1.6818438234046502
1.8855385895800025
1.8894592428596935
1.892576267072969
1.9045894908914573
1.9053257367297207
1.9187463335954857
1.9255878408447802
1.9463052046341653
1.9616889641401105
1.9680046808112124
2.2398609744423807
2.2412235393669695
2.2451712861120368
2.2548466910353357
2.2665393301719168
2.278517043611587
2.2896894496115765
2.2994556269986277
2.307555410172919
2.3139531645758815
2.7353144378527467
2.7479722045209507
2.758674331391652
2.7671448253109214
2.7682356539371886
2.7732076069338185
2.7733257300268197
2.7766579282662613
2.7767824657102578
2.777889813889704
3.214438784226919
3.2226940632431655
3.2323549955888597
3.243361652377441
3.255566257921648
3.268741215918093
3.2825971738039654
3.2968063250807313
3.3110257917254167
3.324917364703229
-2.687175160166417
-2.6865276163869076
-2.685727431578259
-2.68475060755237
-2.6835716559576244
-2.6821637826889266
-2.6804991449025573
-2.678549103168589
-2.6762844959450898
-2.673675931366074
-2.3514479548798914
-2.3468395221629237
-2.341680876896218
-2.335970200128812
-2.3297199532364727
-2.3229560971725967
-2.31572646071919
-2.3081083611604285
-2.3002249291264767
-2.2922674554057387
-2.0939653452961533
-2.0801204588515474
-2.066701584304174
-2.0545034787301737
-2.044681781157979
-2.0434044032348173
-2.0397430926713542
-2.035535744368766
-2.0343495964476603
-2.0336644057144673
-1.90849064254587
-1.9071976151248313
-1.9058476411267988
-1.90185178285718
-1.8998134277191863
-1.896189644205579
-1.8944040106417195
-1.875749395035182
-1.8729663751825034
-1.868480899925271
-1.700906663392862
-1.6985308581184884
-1.6960236249298164
-1.6851446060946724
-1.6806959589101544
-1.6780822148359738
-1.672256530763925
-1.6550158958799923
-1.6512145065608022
-1.650149751214604
-1.5878445306470343
-1.5852952688646311
-1.5820931669454386
-1.5722125753985765
-1.5635746131690291
-1.5613941678610004
-1.5573635097465361
-1.487440991023214
-1.4832530671925694
-1.4778518166531902
-1.4446322952403012
-1.439414237266943
-1.436369480228253
-1.4308972474884192
-1.4287111615057442
-1.426332635922161
-1.424202226665954
-1.2238165283234428
-1.2235816434423592
-1.2230381757558149
-1.2185402658939712
-1.2177553241725962
-1.216364314665482
-1.2138834511588037
-1.2118925382515748
-1.2113311102116657
-1.2104491702872595
-0.869912872483055
-0.8698001305214803
-0.8695754958968904
-0.8681794318277253
-0.8680634745981498
-0.8677367901431902
-0.8673823623012473
-0.8662132833494401
-0.866159472315259
-0.8660494655033426
-0.14746241132043467
-0.14197173277752845
-0.1373918010288422
-0.13478432006416965
-0.13302170773427838
-0.13157536241718976
-0.12767566516552903
-0.12413999573747943
-0.12156017383278961
-0.12126612286617969
-0.03943442791665329
-0.03745241048099042
-0.0359346034820162
-0.030411206108071118
-0.02873863028078389
-0.023026502382937634
-0.022427195958580694
-0.015493091447666573
-0.013960291151078729
-0.011409442730062192
0.5334279123012643
0.5387376292641048
0.5485166293816313
0.558206179215442
0.5604770827224702
0.5618127840143772
0.5677907533806895
0.5720183682774352
0.575084040865968
0.5764635774317426
0.8728326860382519
0.8776550329377694
0.8827589574388112
0.8956791967366869
0.9057466265637792
0.9217821450188682
0.932468470454979
0.9608942180973888
0.9695384967272637
0.9726612529567746
1.0682330199266783
1.0709971382824952
1.0969165724240701
1.1063642828580529
1.1345033470346448
1.1504608750201557
1.167158696816987
1.2258143910422075
1.233061543544434
1.2654996000663539
1.2748721672018553
1.3099800359207603
1.3203988405595226
1.3458608880928233
1.3699579423478354
1.3740366501002472
1.4149790866601135
1.5295333687621415
1.5647368644817823
1.5945382651631281
1.6049895358490445
1.6303524268168266
1.6388241942593624
1.6602962688019371
1.6667252880623689
1.6794634212342936
1.6818438234046513
1.8855385895800039
1.8894592428596932
1.8925762670729696
1.9045894908914578
1.9053257367297212
1.918746333595486
1.9255878408447813
1.9463052046341651
1.961688964140113
1.9680046808112135
2.2398609744423816
2.2412235393669677
2.245171286112037
2.2548466910353357
2.2665393301719177
2.278517043611587
2.289689449611577
2.299455626998628
2.3075554101729185
2.313953164575882
2.7353144378527454
2.747972204520948
2.7586743313916524
2.767144825310924
2.7682356539371855
2.7732076069338185
2.773325730026823
2.776657928266261
2.7767824657102556
2.7778898138897
3.2144387842269224
3.222694063243171
3.2323549955888575
3.2433616523774385
3.255566257921646
3.268741215918087
3.282597173803962
3.296806325080733
3.3110257917254216
3.3249173647032255
-2.687175160166416
-2.6865276163869067
-2.6857274315782527
-2.6847506075523677
-2.683571655957622
-2.6821637826889195
-2.6804991449025537
-2.67854910316859
-2.6762844959450898
-2.6736759313660787
-2.3514479548798946
-2.346839522162927
-2.3416808768962136
-2.335970200128809
-2.3297199532364696
-2.322956097172599
-2.315726460719189
-2.308108361160427
-2.300224929126472
-2.2922674554057405
-2.0939653452961506
-2.0801204588515474
-2.066701584304175
-2.054503478730179
-2.04468178115755
-2.043404403235612
-2.039743092670505
-2.035535744371602
-2.0343495964430627
-2.033664405716722
-1.908490624700148
-1.9071976881748278
-1.9058475532051038
-1.901851899064098
-1.8998133046048435
-1.8961897147935547
-1.894403979480513
-1.8757493958227531
-1.872966374467455
-1.8684809000508378
-1.7009109425389823
-1.6985128711212205
-1.696045004890262
-1.6850499127654193
-1.6810014892144378
-1.6777865640918475
-1.6723454463602851
-1.6549268705164226
-1.6514429833333066
-1.649998356493639
-1.588018666105527
-1.5847377381361372
-1.5825702645889046
-1.572005325571874
-1.5640061497282292
-1.5609950884469177
-1.5574447940284002
-1.4874401416716165
-1.483254482991325
-1.4778512270668627
-1.4446257238741629
-1.4394641967206376
-1.4362812001752157
-1.4310602430521946
-1.4285119254423995
-1.4264319717853748
-1.4241840218086714
-1.2237647710506216
-1.2236579608577602
-1.2230100420253454
-1.2186017646600649
-1.2176465399423173
-1.2164314333648498
-1.2138532152311148
-1.2119347218284162
-1.2112974320652303
-1.210454641137263
-0.8699110463632727
-0.8698038213441193
-0.8695730879243017
-0.8682116820283756
-0.8680031113246939
-0.8677760789428431
-0.8673707099996908
-0.8662301123356198
-0.8661360898734247
-0.8660570388034309
-0.14746241131921264
-0.1419717328320098
-0.13739179955982106
-0.13478433031679454
-0.13302168400438688
-0.13157538110326367
-0.12767565882532314
-0.12414000066139871
-0.12156016295727959
-0.12126613136496518
-0.039434428413254854
-0.03745240792222235
-0.03593460652608944
-0.030411200905384107
-0.02873863574032999
-0.023026494038718166
-0.022427203250720062
-0.015493090993456058
-0.013960291449750603
-0.011409442698906907
0.5334279123012649
0.5387376292641044
0.548516629381635
0.5582061792156677
0.5604770827212738
0.5618127840155828
0.5677907533801781
0.5720183682779824
0.5750840408654965
0.5764635774319407
0.8728326860382776
0.8776550329376823
0.8827589574389062
0.8956791967366465
0.9057466265637532
0.9217821450190078
0.9324684704548226
0.9608942180977023
0.9695384967265075
0.9726612529572678
1.0682330199265995
1.0709971382825823
1.09691657242407
1.1063642828580322
1.134503347034681
1.1504608750201186
1.1671586968170036
1.2258143910421917
1.2330615435444516
1.2654996000663452
1.2748721672018593
1.3099800359207574
1.320398840559521
1.3458608880928244
1.3699579423478345
1.3740366501002466
1.4149790866601153
1.529533368762141
1.5647368644817827
1.5945382651631281
1.6049895358490442
1.630352426816826
1.6388241942593624
1.6602962688019347
1.6667252880623693
1.679463421234294
1.6818438234046504
1.8855385895800034
1.889459242859693
1.892576267072969
1.9045894908914602
1.905325736729721
1.918746333595487
1.925587840844781
1.9463052046341645
1.9616889641401103
1.9680046808112128
2.239860974442381
2.24122353936697
2.2451712861120368
2.2548466910353366
2.2665393301719154
2.278517043611588
2.289689449611577
2.2994556269986264
2.307555410172919
2.313953164575882
2.735314437852748
2.7479722045209485
2.7586743313916564
2.7671448253109223
2.7682356539371864
2.77320760693382
2.773325730026821
2.776657928266262
2.7767824657102573
2.7778898138896997
3.214438784226917
3.222694063243164
3.2323549955888655
3.2433616523774425
3.2555662579216507
3.2687412159180833
3.282597173803959
3.2968063250807287
3.3110257917254176
3.3249173647032286
-2.6871751601664204
-2.686527616386905
-2.6857274315782558
-2.684750607552374
-2.6835716559576235
-2.6821637826889173
-2.6804991449025537
-2.678549103168585
-2.676284495945088
-2.673675931366078
-2.351447954879896
-2.3468395221629295
-2.3416808768962203
-2.3359702001288056
-2.329719953236467
-2.322956097172596
-2.3157264607191888
-2.308108361160428
-2.300224929126475
-2.292267455405739
-2.0939653452961493
-2.080120458851545
-2.0667015843041754
-2.0545034787301755
-2.0446817811576405
-2.0434044032354364
-2.039743092670678
-2.0355357443711037
-2.034349596443829
-2.033664405716354
-1.908490600036316
-1.9071977886348612
-1.905847432903964
-1.901852055633487
-1.8998131400464453
-1.8961898078203594
-1.8944039387006142
-1.8757493967916832
-1.872966373593198
-1.8684809002032217
-1.7009056110486767
-1.6985351033264382
-1.6960187409806058
-1.6851615749921829
-1.6806414569076291
-1.6781302036084795
-1.6722475153899998
-1.6550080878161575
-1.6512513232464643
-1.650120863418951
-1.5880864994399237
-1.5843581460703215
-1.5829385792130188
-1.5718617486327866
-1.5642863468642358
-1.5607277451107768
-1.5575189512092973
-1.4874383483656748
-1.483258009707706
-1.4778492545320707
-1.4446378168977256
-1.4393919798348251
-1.4363932636992232
-1.4308891962327326
-1.4287067417940684
-1.426340817870053
-1.4241996763102214
-1.2238575150904698
-1.2234986184905898
-1.2230847813803978
-1.218452164262048
-1.217884318727074
-1.2163039580652042
-1.2139089378803631
-1.2118591089925426
-1.2113574314367432
-1.2104456878375758
-0.8699119341624865
-0.8698020497579408
-0.8695742283299603
-0.8681990569208574
-0.8680299397878712
-0.8677569137529861
-0.8673758738153586
-0.8662236981795031
-0.8661456881783096
-0.8660533960545062
-0.14746241131844148
-0.1419717328633172
-0.13739179878449775
-0.13478433544677873
-0.13302167257967978
-0.13157538980445396
-0.12767565615264434
-0.12414000252853485
-0.12156015918899203
-0.12126613427709586
-0.03943442877268046
-0.03745240615774326
-0.03593460855037968
-0.030411197863403457
-0.028738638812085753
-0.0230264899246608
-0.022427206795878736
-0.015493090806930327
-0.013960291567664599
-0.01140944268741263
0.5334279123012656
0.5387376292641055
0.548516629381607
0.5582061792172777
0.560477082715074
0.5618127840209316
0.5677907533788324
0.5720183682790665
0.5750840408647131
0.5764635774322561
0.8728326860382298
0.8776550329379093
0.8827589574385935
0.8956791967370458
0.905746626563305
0.9217821450194255
0.9324684704545488
0.9608942180978934
0.9695384967262056
0.9726612529574334
1.0682330199267869
1.0709971382823515
1.096916572424235
1.106364282857882
1.1345033470347392
1.1504608750200802
1.1671586968170125
1.2258143910421997
1.2330615435444412
1.2654996000663565
1.2748721672018501
1.3099800359207632
1.3203988405595182
1.3458608880928258
1.3699579423478352
1.3740366501002488
1.4149790866601126
1.5295333687621415
1.5647368644817823
1.5945382651631286
1.6049895358490445
1.630352426816827
1.6388241942593622
1.6602962688019351
1.6667252880623686
1.6794634212342947
1.6818438234046504
1.8855385895800034
1.8894592428596926
1.8925762670729698
1.9045894908914593
1.905325736729722
1.918746333595487
1.9255878408447815
1.9463052046341647
1.961688964140111
1.968004680811212
2.239860974442381
2.2412235393669673
2.2451712861120368
2.254846691035337
2.2665393301719168
2.2785170436115867
2.2896894496115774
2.2994556269986273
2.3075554101729185
2.3139531645758815
2.735314437852747
2.7479722045209503
2.758674331391652
2.7671448253109263
2.768235653937186
2.7732076069338185
2.77332573002682
2.7766579282662605
2.776782465710253
2.7778898138896992
3.2144387842269193
3.2226940632431647
3.2323549955888637
3.2433616523774393
3.2555662579216516
3.2687412159180917
3.282597173803964
3.2968063250807345
3.311025791725417
3.324917364703235
