-2.72160732039068
-2.7212437885199687
-2.7207732089023997
-2.7201731226920223
-2.7194186217244396
-2.718482508326835
-2.7173355178340146
-2.7159465946548202
-2.448138175088011
-2.4449277180238993
-2.441194376572704
-2.4369106688501523
-2.4320570340722103
-2.4266237909735184
-2.4206139494300696
-2.4140475493377687
-2.183452888534579
-2.176417983289365
-2.1695272110593384
-2.1666768651320174
-2.163340526611003
-2.159626636876718
-2.158774340236539
-2.1570739531594154
-2.053493886030172
-2.0515670193758355
-2.049500191171866
-2.041083119774694
-2.029421767186048
-2.0162432307582976
-2.0030933000679916
-1.9914458271286761
-1.865965044544261
-1.8606423402249466
-1.852638581960151
-1.8430904071113998
-1.8330242537593395
-1.8235806789023195
-1.8163370926440519
-1.8123037448417731
-1.7190614634154675
-1.714215988164151
-1.7066201558098595
-1.6969510266440486
-1.6873020195727582
-1.679319996885713
-1.6728111909935557
-1.6640564733855703
-1.6065676443223835
-1.5870265243155064
-1.5736837309726677
-1.5624167992925984
-1.552444829555152
-1.5467323670980155
-1.5421759430152977
-1.5362560643661607
-1.4955012722470693
-1.477171884408448
-1.4698973103244006
-1.4631453616459635
-1.45749521131074
-1.4524371934637343
-1.4439325507369432
-1.4348499038400446
-1.4256190134290325
-1.3140237920036963
-1.3082620238216354
-1.3070747962953972
-1.305179518607747
-1.3039292542553786
-1.3008874266101471
-1.2962348742090453
-1.2905186868614527
-1.0881729800350313
-1.0872545834469771
-1.0865412896673743
-1.086008937371413
-1.0856298602555603
-1.0853263600559548
-1.0848572155059615
-1.084482843103739
-0.7619320655792601
-0.7617180462984608
-0.7615579815686031
-0.7614455033294556
-0.7614031435976077
-0.7613387332513462
-0.7612344608131562
-0.7610518519600071
-0.1341048153088524
-0.13168229535601012
-0.12891760846606148
-0.12729799425644972
-0.12656675882888951
-0.12646776405184176
-0.12560979920160883
-0.1254158491783826
-0.024197927896412032
-0.023617027643187054
-0.022802211894359936
-0.021809579458878982
-0.02058419801044169
-0.01978340501572734
-0.018891098159526484
-0.018146899013583472
0.4519960333744331
0.4555174910581619
0.4613967769810952
0.4678339599907711
0.46988652080094334
0.47205142829757823
0.4724018450000201
0.4738463844452652
0.7753482260037379
0.7779865099994598
0.785655683893845
0.7911176346335564
0.802446476796915
0.80766032970914
0.8125531982640908
0.8146771935212872
0.9260307480725153
0.9404048651710024
0.9438684808650195
0.9766205933075476
0.9776914873285659
1.0182665928423165
1.0219600845898462
1.0596385168213422
1.0721382978727803
1.1111620659127084
1.130368098544922
1.1525618412112042
1.1840285451037735
1.2268562600014186
1.2378938337656908
1.2700820255204222
1.289731574672572
1.3381409773759205
1.3575474728261214
1.3774518684673833
1.4063407995619972
1.420739361979051
1.4539048595685726
1.458890316480045
1.476834165120837
1.5708210962733824
1.5874327898969627
1.5899382708916132
1.624203671805286
1.6575416412742827
1.683899908019023
1.6962020631026733
1.698305962530147
1.8816258174672946
1.8898047566126686
1.889938351884573
1.9040529287110233
1.9094219455270434
1.9176428024320844
1.9217583689606823
1.9245835667493847
2.146915994288258
2.1476365333015837
2.1502755104436155
2.154122015367109
2.1559272447216813
2.166349016314052
2.181715985683976
2.196004905302336
2.4534954272632055
2.458787346321179
2.4676976929735086
2.4783600836086292
2.4894133262807827
2.4999274614014704
2.509256214205195
2.5169295661786886
2.8878473570868017
2.8973637088538022
2.901552752882441
2.904507778784569
2.906886750777011
2.9090633316964944
2.9101356479161375
2.910927498546981
3.260417098655781
3.268969555132509
3.2791050607529773
3.2907132553760157
3.30356189682626
3.317320664448792
3.331598122834178
3.3459800431161977
-2.7216073203906754
-2.721243788519968
-2.720773208902397
-2.7201731226920214
-2.7194186217244365
-2.718482508326832
-2.717335517834012
-2.7159465946548216
-2.44813817508801
-2.4449277180239006
-2.441194376572705
-2.436910668850164
-2.432057034072216
-2.426623790973515
-2.4206139494300687
-2.414047549337767
-2.1834528885345823
-2.1764179832893626
-2.1695272110593424
-2.1666768651320174
-2.163340526611002
-2.159626636876718
-2.1587743402365374
-2.1570739531594185
-2.0534938860301737
-2.0515670193758373
-2.0495001911718678
-2.0410831197746937
-2.029421767186055
-2.0162432307583
-2.003093300067991
-1.9914458271286724
-1.8659650445433682
-1.8606423402294192
-1.8526385819458473
-1.8430904071495584
-1.8330242536720165
-1.8235806790661624
-1.8163370924382634
-1.8123037449442365
-1.7190614983072052
-1.7142158378212813
-1.7066205506608831
-1.6969500617236843
-1.6873041757459233
-1.6793167703522824
-1.6728134982733358
-1.6640559028788342
-1.606567959238157
-1.5870234775816867
-1.5736986116993856
-1.5623699603223216
-1.5525680430730713
-1.5465701874117856
-1.542254966214861
-1.5362514246293515
-1.4954954501141293
-1.4772526707562172
-1.469591775709227
-1.4636901264019795
-1.4568848083511683
-1.4527820109935845
-1.4438747777260699
-1.4348591963241368
-1.4256181767697753
-1.3140243638648255
-1.3082166807832183
-1.3071732077896079
-1.3050562960025045
-1.3040055238499015
-1.300880400127924
-1.2962352206774785
-1.2905186797033643
-1.088173146718793
-1.0872518421947066
-1.0865592510387578
-1.0859198089135622
-1.085751696302712
-1.085260307372072
-1.084878641561582
-1.084479375339819
-0.7619320670370417
-0.7617180157732858
-0.7615582733764036
-0.7614434327889773
-0.7614058671713251
-0.7613376734009848
-0.761234610013564
-0.7610518468363239
-0.13410481530886062
-0.1316822953558952
-0.12891760846927017
-0.1272979941906683
-0.12656675976018117
-0.12646776311004354
-0.12560979936707442
-0.12541584908610157
-0.024197927923261267
-0.02361702754491015
-0.02280221206487615
-0.021809579270412573
-0.020584198204986505
-0.019783404868834356
-0.018891098210355266
-0.018146899004475584
0.4519960333744329
0.4555174910581634
0.46139677698109516
0.4678339599907673
0.4698865208009497
0.47205142829755803
0.47240184500003785
0.4738463844452663
0.7753482260037728
0.7779865099993886
0.7856556838940221
0.7911176346333264
0.8024464767972813
0.8076603297086429
0.8125531982644822
0.8146771935211257
0.926030748072505
0.940404865171125
0.9438684808648921
0.9766205933079357
0.9776914873281887
1.0182665928423256
1.0219600845898458
1.0596385168213287
1.0721382978727902
1.1111620659127015
1.1303680985449298
1.1525618412112029
1.1840285451037735
1.226856260001419
1.2378938337656926
1.2700820255204228
1.2897315746725737
1.338140977375922
1.357547472826121
1.3774518684673818
1.406340799561997
1.4207393619790503
1.4539048595685728
1.4588903164800455
1.47683416512084
1.5708210962733835
1.5874327898969616
1.5899382708916137
1.624203671805286
1.657541641274282
1.6838999080190216
1.696202063102672
1.6983059625301478
1.8816258174672957
1.8898047566126677
1.8899383518845723
1.9040529287110242
1.9094219455270427
1.9176428024320826
1.9217583689606819
1.9245835667493847
2.1469159942882574
2.147636533301584
2.150275510443615
2.154122015367107
2.1559272447216795
2.166349016314052
2.1817159856839754
2.1960049053023356
2.453495427263205
2.4587873463211785
2.46769769297351
2.478360083608629
2.4894133262807836
2.49992746140147
2.5092562142051946
2.5169295661786886
2.887847357086805
2.8973637088537996
2.901552752882442
2.904507778784571
2.906886750777005
2.909063331696492
2.910135647916138
2.91092749854698
3.2604170986557794
3.2689695551325086
3.279105060752975
3.2907132553760166
3.3035618968262637
3.3173206644487974
3.3315981228341807
3.3459800431162043
-2.721607320390671
-2.72124378851997
-2.720773208902401
-2.7201731226920236
-2.7194186217244334
-2.7184825083268374
-2.7173355178340106
-2.7159465946548225
-2.4481381750880082
-2.444927718023899
-2.4411943765727036
-2.4369106688501545
-2.4320570340722054
-2.4266237909735136
-2.4206139494300656
-2.4140475493377695
-2.18345288853458
-2.1764179832893635
-2.169527211059339
-2.1666768651320147
-2.1633405266109995
-2.1596266368767156
-2.158774340236529
-2.157073953159417
-2.0534938860301746
-2.051567019375835
-2.0495001911718678
-2.041083119774697
-2.0294217671860557
-2.016243230758298
-2.003093300067993
-1.9914458271286704
-1.8659650445410672
-1.8606423402408423
-1.8526385819100448
-1.8430904072427283
-1.833024253463097
-1.8235806794554572
-1.8163370919454953
-1.812303745192324
-1.719061478914427
-1.7142159098201124
-1.7066203956887054
-1.6969503719828232
-1.6873035782038135
-1.6793175852236715
-1.6728129502488531
-1.664056029019139
-1.6065679631041205
-1.5870224253111354
-1.5737111591174675
-1.5622873691336092
-1.552958567228625
-1.5453823839767817
-1.5433145838769615
-1.5360558133159836
-1.4955206393642473
-1.4769801623501528
-1.4704154484182785
-1.4622313545485317
-1.4583183997815559
-1.4521554028830004
-1.4439641736493862
-1.4348490314264228
-1.4256187423539664
-1.3140253911946633
-1.308095009309847
-1.307395028064717
-1.3046812654193776
-1.3042965627688887
-1.300862079534212
-1.2962363979471156
-1.2905186386964027
-1.0881730096153555
-1.0872540649038136
-1.0865450265417083
-1.0859944505607986
-1.0856534926635788
-1.085310259358428
-1.0848617223554538
-1.0844820434429026
-0.7619320538310486
-0.7617182875956766
-0.7615555899922289
-0.7614573320259764
-0.7613837827483263
-0.7613495024227854
-0.7612333470003512
-0.7610518907814945
-0.13410481530886093
-0.13168229535584433
-0.12891760847042263
-0.1272979941701651
-0.12656676003252018
-0.1264677628370044
-0.1256097994115883
-0.1254158490616955
-0.024197927903102153
-0.02361702761990925
-0.022802211931665456
-0.021809579422011064
-0.020584198042545264
-0.019783404994620717
-0.01889109816555667
-0.018146899012708953
0.4519960333744329
0.45551749105816164
0.46139677698109544
0.46783395999078636
0.4698865208009064
0.4720514282977702
0.4724018449998424
0.4738463844452762
0.7753482260037333
0.7779865099994923
0.7856556838937119
0.7911176346338064
0.8024464767961081
0.8076603297106931
0.8125531982623007
0.8146771935221954
0.9260307480725063
0.9404048651710742
0.9438684808649555
0.9766205933073557
0.9776914873287722
1.0182665928421657
1.0219600845899994
1.0596385168213074
1.0721382978728065
1.1111620659126997
1.13036809854493
1.1525618412112042
1.1840285451037758
1.2268562600014197
1.2378938337656897
1.2700820255204235
1.2897315746725715
1.3381409773759212
1.3575474728261216
1.377451868467386
1.4063407995619965
1.4207393619790514
1.4539048595685724
1.458890316480046
1.4768341651208385
1.5708210962733828
1.5874327898969638
1.5899382708916143
1.624203671805285
1.6575416412742827
1.6838999080190218
1.696202063102672
1.6983059625301473
1.8816258174672955
1.8898047566126672
1.8899383518845727
1.904052928711023
1.9094219455270423
1.9176428024320846
1.9217583689606819
1.9245835667493836
2.1469159942882574
2.147636533301583
2.150275510443616
2.1541220153671063
2.1559272447216786
2.1663490163140517
2.181715985683976
2.1960049053023356
2.453495427263206
2.458787346321179
2.4676976929735095
2.4783600836086297
2.4894133262807836
2.4999274614014704
2.509256214205195
2.5169295661786886
2.8878473570867986
2.897363708853801
2.901552752882441
2.9045077787845726
2.906886750777007
2.909063331696495
2.9101356479161335
2.9109274985469837
3.2604170986557843
3.268969555132508
3.2791050607529817
3.290713255376016
3.303561896826259
3.3173206644487943
3.3315981228341793
3.3459800431162
-2.7216073203906737
-2.721243788519966
-2.7207732089024015
-2.720173122692019
-2.71941862172444
-2.7184825083268302
-2.7173355178340146
-2.715946594654819
-2.4481381750880136
-2.444927718023899
-2.441194376572704
-2.436910668850154
-2.432057034072203
-2.42662379097352
-2.420613949430067
-2.414047549337767
-2.183452888534583
-2.176417983289366
-2.1695272110593415
-2.1666768651320156
-2.1633405266110097
-2.159626636876717
-2.1587743402365365
-2.1570739531594167
-2.0534938860301764
-2.051567019375833
-2.0495001911718673
-2.041083119774696
-2.0294217671860553
-2.016243230758297
-2.00309330006799
-1.9914458271286752
-1.865965044541957
-1.8606423402363674
-1.852638581924349
-1.843090407204568
-1.8330242535504258
-1.8235806792916154
-1.816337092151286
-1.8123037450898616
-1.7190614440220728
-1.7142160601602503
-1.7066200008285006
-1.6969513368555658
-1.6873014218264328
-1.6793208116355494
-1.672810643323658
-1.6640565995571797
-1.606567648189676
-1.5870254731574178
-1.5736963335256788
-1.5623352576530003
-1.552849355599451
-1.5456141105035492
-1.5431518360824947
-1.536059522605605
-1.4955264322121513
-1.476887848437218
-1.4706746485714328
-1.4613675492933869
-1.4592200500378176
-1.451893960807594
-1.4440242100912415
-1.4348397847556176
-1.425619579344158
-1.3140248200504243
-1.3081603063158371
-1.3072861094954737
-1.3048780529000346
-1.3041374633890321
-1.3008689238231943
-1.296236050972815
-1.2905186458540703
-1.088172842774555
-1.0872567703409421
-1.0865254958398651
-1.08605719527565
-1.0855185577606572
-1.0854152858239325
-1.0848422843760255
-1.08448563725039
-0.7619320523726711
-0.7617183178801125
-0.7615552709058282
-0.7614585644145496
-0.7613808773362393
-0.7613516020493581
-0.7612332055253953
-0.761051895913743
-0.13410481530885462
-0.13168229535595627
-0.12891760846721304
-0.12729799423594498
-0.12656675910123352
-0.12646776377879623
-0.1256097992461167
-0.12541584915398105
-0.024197927876254265
-0.02361702771818259
-0.02280221176115211
-0.021809579610485293
-0.020584197847997563
-0.01978340514151213
-0.018891098114719927
-0.01814689902181074
0.45199603337443245
0.4555174910581631
0.461396776981094
0.4678339599907837
0.46988652080090065
0.47205142829778896
0.4724018449998198
0.473846384445281
0.775348226003701
0.7779865099995673
0.7856556838935379
0.7911176346340368
0.802446476795741
0.8076603297111897
0.812553198261911
0.8146771935223583
0.926030748072516
0.9404048651709499
0.9438684808650842
0.9766205933069684
0.9776914873291472
1.0182665928421535
1.0219600845899994
1.0596385168213192
1.072138297872795
1.1111620659127057
1.1303680985449216
1.152561841211205
1.1840285451037715
1.2268562600014192
1.2378938337656893
1.2700820255204217
1.2897315746725713
1.3381409773759207
1.357547472826121
1.3774518684673835
1.4063407995619974
1.4207393619790525
1.4539048595685735
1.4588903164800457
1.4768341651208372
1.5708210962733826
1.5874327898969625
1.5899382708916143
1.624203671805288
1.657541641274282
1.6838999080190238
1.6962020631026729
1.6983059625301464
1.8816258174672966
1.8898047566126677
1.889938351884573
1.9040529287110228
1.9094219455270423
1.9176428024320844
1.9217583689606825
1.924583566749386
2.146915994288256
2.1476365333015837
2.150275510443614
2.1541220153671072
2.1559272447216786
2.1663490163140535
2.1817159856839767
2.1960049053023347
2.4534954272632046
2.4587873463211793
2.46769769297351
2.4783600836086297
2.489413326280783
2.499927461401471
2.509256214205195
2.516929566178688
2.8878473570868017
2.8973637088537996
2.901552752882441
2.9045077787845717
2.906886750777006
2.909063331696492
2.9101356479161407
2.910927498546983
3.2604170986557803
3.268969555132512
3.2791050607529786
3.290713255376019
3.303561896826259
3.3173206644487947
3.3315981228341776
3.3459800431161955
-2.721683867738153
-2.721343885316828
-2.720902074946112
-2.7203366070615793
-2.719623173482212
-2.7187351303527247
-2.7176437058017773
-2.7163182635122314
-2.448862933948224
-2.4457781273705557
-2.4421783579997713
-2.4380344139144747
-2.433324594142489
-2.4280365260092056
-2.422169714612418
-2.4157394114013417
-2.1851904423693216
-2.1781790339661966
-2.171210822707183
-2.1647784305993722
-2.1645212611772924
-2.1596966681355796
-2.1585683388181103
-2.157136541393198
-2.0532940509045954
-2.052173192585213
-2.0478004508489507
-2.038401346426361
-2.026206366091313
-2.0128951897623533
-1.9999842313890155
-1.9889423407612636
-1.8667851233145714
-1.8622653328656187
-1.8548261682969431
-1.8455657235743956
-1.8355318635556586
-1.8258073149417102
-1.8178099055770354
-1.8126316331798267
-1.718899896028674
-1.7127280368277995
-1.7043014590168062
-1.6944681809610507
-1.6851011729473926
-1.6779520458849524
-1.6724999329535077
-1.6640294862246643
-1.6065856851606852
-1.5872593506304955
-1.5745365982220922
-1.563984628248779
-1.5541038112973915
-1.547166974652046
-1.54330489297919
-1.5362866119500644
-1.4954692028986205
-1.476392162413349
-1.4692030474890043
-1.4629789841372687
-1.4576756972603697
-1.4516500031256618
-1.4434933224933366
-1.4348617203931227
-1.4257307269541823
-1.3128146043445001
-1.308189709683658
-1.3064600538280806
-1.3052070678904535
-1.3035068745822274
-1.3002064159969278
-1.2955671912109787
-1.2900590176036804
-1.0881654907089495
-1.087268545174556
-1.0865082272594542
-1.0860214455111528
-1.085616377762741
-1.085309339797387
-1.0848598911623135
-1.084438010081547
-0.7619320753687381
-0.761718329881087
-0.7615589944076893
-0.7614577287609006
-0.7614023054929259
-0.7613390487603005
-0.7612467606953791
-0.7610623351701508
-0.1345560138480548
-0.13233126603009335
-0.12960656147938926
-0.1271751343454212
-0.1270656147712346
-0.12625145543838368
-0.12556970378922144
-0.12545956700527078
-0.024239307330693606
-0.023293169848582932
-0.02323384410944129
-0.0212616688747052
-0.02115372854034086
-0.019475056906769962
-0.019049720432866117
-0.01824239414823136
0.45156541750589346
0.4543754193221723
0.45978470156488316
0.46630628417107384
0.4703439630171809
0.4715460558598371
0.4725967384232344
0.4738609057263434
0.7754574618395705
0.7777152403730156
0.7868221506459998
0.7894913053742857
0.803560162675678
0.8065643391139711
0.8067784600319312
0.8148903000282588
0.9263321719350622
0.937584166875542
0.9478270962179541
0.9683256480945264
0.9873404181587851
1.007800816661464
1.034119786099741
1.0499534297517585
1.08022772830788
1.104458823413377
1.1418909976445188
1.1435029935309557
1.197628328174489
1.2150514861579003
1.250756021739225
1.260825443788301
1.293849628576878
1.334471157026405
1.3666012526863098
1.3694495716997774
1.4101267358434078
1.4185589841971604
1.4503432454536036
1.46253443227618
1.4759945167631112
1.5724736825279673
1.580751311570927
1.5980492138318931
1.6329194039917605
1.6649755221667915
1.6888172506688603
1.6930529893770747
1.6994161589594647
1.8807969767642334
1.887136821276204
1.8952354959718214
1.9002955780206485
1.9132944517713142
1.9146691197705195
1.9234040905314163
1.9237143529139613
2.1469661495139256
2.147451201144928
2.151530808860105
2.1519171181089707
2.1575474724502737
2.1628563359067425
2.177798221517001
2.192780018083542
2.4543630473503013
2.4607564823284993
2.470260949959328
2.4811292625983787
2.4921214664303695
2.5023915657298517
2.5113451876294755
2.5185462558699316
2.8904331880568157
2.899382340138613
2.899952221120226
2.905730544979764
2.9058954566173374
2.909542163199706
2.909782891147646
2.9109737169396817
3.25852729384209
3.2666815223194905
3.2764266267162387
3.28768391763701
3.3002501570564036
3.3138163860472636
3.328002722570902
3.3423973413028443
-2.7216838677381507
-2.72134388531683
-2.7209020749461033
-2.7203366070615744
-2.719623173482213
-2.7187351303527203
-2.7176437058017724
-2.716318263512233
-2.448862933948217
-2.4457781273705557
-2.4421783579997696
-2.4380344139144783
-2.433324594142494
-2.428036526009205
-2.4221697146124153
-2.415739411401345
-2.18519044236932
-2.1781790339661966
-2.1712108227071805
-2.164778430599359
-2.1645212611772915
-2.159696668135579
-2.1585683388181134
-2.1571365413931978
-2.0532940509045927
-2.0521731925852102
-2.0478004508489476
-2.0384013464263555
-2.026206366091304
-2.0128951897623506
-1.9999842313890135
-1.9889423407612654
-1.8667851233140826
-1.8622653328672518
-1.8548261682940264
-1.8455657235782195
-1.8355318635517812
-1.8258073149450667
-1.8178099055743357
-1.8126316331810575
-1.7188999032136305
-1.7127279914195
-1.7043016398254633
-1.6944675370603526
-1.685103155715904
-1.6779484450658455
-1.6725026562512664
-1.6640288595621968
-1.6065861957222893
-1.5872530248900831
-1.574571549156796
-1.5638710560608065
-1.5543889429294702
-1.5465957011833293
-1.5437221646064703
-1.5362404575135944
-1.4954614111234892
-1.4765436034251234
-1.4684903977852475
-1.4641416510055116
-1.4566158456977727
-1.4522069050620658
-1.443385756716316
-1.4348794607006996
-1.4257293193831968
-1.3128150029999457
-1.3081774151064405
-1.3065038831151332
-1.3051578175042822
-1.3035260787008935
-1.3002044188745299
-1.2955673037846878
-1.290059015128668
-1.0881655844243323
-1.0872671194788752
-1.0865196453777006
-1.0859793237125086
-1.0856786371419749
-1.0852684073497154
-1.084872308885338
-1.0844363010876488
-0.7619320869535953
-0.76171808118806
-0.7615614162588578
-0.7614397048093107
-0.7614241952704379
-0.761331562706414
-0.7612482372591753
-0.761062294091297
-0.1345560138480422
-0.13233126603021167
-0.12960656147803465
-0.12717513462129543
-0.12706561443823092
-0.1262514555463868
-0.12556970361587824
-0.1254595671289885
-0.024239307364052793
-0.023293167800946937
-0.023233846230001035
-0.021261666512895287
-0.021153730906435835
-0.0194750566023727
-0.019049720649763652
-0.018242394125171705
0.45156541750589235
0.4543754193221732
0.4597847015648845
0.4663062841710737
0.4703439630172187
0.4715460558597656
0.4725967384232829
0.4738609057263365
0.7754574618396103
0.7777152403729264
0.7868221506465891
0.789491305373529
0.8035601626799631
0.806564339054634
0.8067784600873964
0.8148903000280606
0.926332171935061
0.937584166875549
0.9478270962179366
0.9683256480945541
0.9873404181587467
1.007800816661496
1.0341197860997096
1.0499534297517792
1.0802277283078723
1.1044588234133788
1.1418909976445213
1.1435029935309478
1.1976283281744902
1.2150514861578998
1.2507560217392237
1.2608254437882984
1.2938496285768775
1.3344711570264052
1.36660125268631
1.369449571699778
1.4101267358434075
1.4185589841971604
1.450343245453601
1.46253443227618
1.475994516763112
1.5724736825279666
1.5807513115709273
1.5980492138318927
1.632919403991763
1.6649755221667908
1.6888172506688612
1.693052989377075
1.6994161589594625
1.8807969767642339
1.8871368212762034
1.895235495971821
1.9002955780206512
1.9132944517713137
1.9146691197705206
1.923404090531416
1.9237143529139618
2.1469661495139274
2.1474512011449276
2.151530808860105
2.151917118108969
2.157547472450273
2.1628563359067416
2.1777982215170018
2.192780018083543
2.4543630473503013
2.4607564823284993
2.4702609499593287
2.4811292625983787
2.4921214664303695
2.5023915657298494
2.5113451876294746
2.518546255869932
2.8904331880568166
2.8993823401386143
2.8999522211202264
2.905730544979764
2.905895456617336
2.9095421631997076
2.9097828911476458
2.910973716939683
3.2585272938420875
3.2666815223194923
3.276426626716232
3.2876839176370094
3.3002501570564045
3.3138163860472667
3.328002722570899
3.342397341302845
-2.7216838677381494
-2.7213438853168292
-2.720902074946106
-2.720336607061577
-2.7196231734822103
-2.7187351303527185
-2.717643705801773
-2.7163182635122314
-2.448862933948225
-2.4457781273705606
-2.442178357999771
-2.4380344139144827
-2.4333245941424857
-2.4280365260092043
-2.422169714612419
-2.4157394114013426
-2.1851904423693203
-2.1781790339661993
-2.1712108227071782
-2.1647784305993714
-2.164521261177292
-2.159696668135577
-2.1585683388181165
-2.157136541393197
-2.053294050904596
-2.0521731925852134
-2.047800450848952
-2.0384013464263617
-2.0262063660913023
-2.0128951897623533
-1.999984231389014
-1.9889423407612659
-1.8667851233118546
-1.8622653328769865
-1.8548261682663925
-1.8455657236460727
-1.8355318634064388
-1.8258073151995415
-1.817809905277608
-1.8126316333235155
-1.7188998856644517
-1.7127280697093938
-1.7043014463376491
-1.6944679188680223
-1.685102547140612
-1.6779490132325003
-1.6725024602143568
-1.664028842549963
-1.606586331048906
-1.5872509091231843
-1.5745860921440626
-1.563807905970653
-1.5545886505114936
-1.5457226189611337
-1.5445275217503749
-1.5361567202517277
-1.4954763528901607
-1.4763366684331825
-1.4693541278529259
-1.4627724151144441
-1.4578121358666138
-1.4516189710594607
-1.443492218544583
-1.4348633520173721
-1.4257304557276056
-1.3128173758216197
-1.3080787955817224
-1.3067915526773852
-1.304782113391559
-1.3037290797888468
-1.3001841731299693
-1.295568896986036
-1.2900589479264304
-1.0881655009457243
-1.087268304928432
-1.0865107565949328
-1.0860119387241145
-1.085632899190792
-1.085296911695065
-1.0848635666021735
-1.0844374487768647
-0.7619320712595697
-0.7617184172276557
-0.761558093389349
-0.7614616016177894
-0.7613965644058129
-0.7613422130245442
-0.7612462681314467
-0.7610623494809898
-0.13455601384803834
-0.13233126603024964
-0.12960656147765687
-0.12717513468316788
-0.12706561436441838
-0.12625145556816134
-0.12556970358397532
-0.12545956715139672
-0.024239307378826576
-0.02329316691043148
-0.023233847151171393
-0.02126166552611756
-0.021153731892847805
-0.019475056479777438
-0.019049720736336085
-0.018242394116121257
0.45156541750589396
0.4543754193221728
0.459784701564886
0.4663062841710735
0.4703439630172133
0.4715460558597816
0.4725967384232702
0.4738609057263372
0.7754574618396479
0.7777152403728544
0.7868221506469113
0.7894913053731624
0.8035601626807855
0.806564339046396
0.8067784600948952
0.8148903000280584
0.92633217193505
0.9375841668755932
0.9478270962178845
0.9683256480945897
0.987340418158726
1.0078008166615016
1.0341197860997182
1.0499534297517683
1.0802277283078807
1.1044588234133728
1.1418909976445564
1.143502993530918
1.1976283281744908
1.2150514861578985
1.250756021739225
1.2608254437882995
1.293849628576877
1.3344711570264052
1.3666012526863094
1.369449571699777
1.4101267358434084
1.4185589841971593
1.4503432454536047
1.4625344322761817
1.475994516763113
1.5724736825279653
1.5807513115709257
1.5980492138318918
1.6329194039917594
1.66497552216679
1.6888172506688608
1.6930529893770734
1.6994161589594616
1.8807969767642345
1.8871368212762036
1.89523549597182
1.9002955780206492
1.9132944517713142
1.9146691197705197
1.9234040905314183
1.9237143529139609
2.1469661495139274
2.1474512011449276
2.151530808860105
2.15191711810897
2.1575474724502732
2.1628563359067425
2.1777982215170026
2.192780018083543
2.4543630473503
2.4607564823284993
2.4702609499593278
2.48112926259838
2.492121466430369
2.5023915657298508
2.5113451876294746
2.518546255869932
2.8904331880568157
2.8993823401386156
2.899952221120226
2.905730544979761
2.9058954566173325
2.9095421631997045
2.9097828911476458
2.9109737169396794
3.2585272938420875
3.266681522319491
3.2764266267162268
3.2876839176370085
3.300250157056403
3.313816386047266
3.3280027225709015
3.3423973413028474
-2.7216838677381543
-2.721343885316826
-2.720902074946106
-2.7203366070615727
-2.7196231734822116
-2.7187351303527154
-2.7176437058017755
-2.7163182635122296
-2.448862933948225
-2.4457781273705574
-2.4421783579997736
-2.438034413914472
-2.4333245941424857
-2.4280365260092034
-2.4221697146124206
-2.415739411401344
-2.1851904423693194
-2.178179033966202
-2.171210822707182
-2.164778430599366
-2.16452126117729
-2.1596966681355836
-2.1585683388181134
-2.157136541393198
-2.0532940509045936
-2.052173192585211
-2.0478004508489502
-2.038401346426359
-2.0262063660913143
-2.0128951897623533
-1.9999842313890146
-1.9889423407612652
-1.8667851233123434
-1.8622653328753518
-1.8548261682693012
-1.8455657236422547
-1.8355318634103233
-1.8258073151961896
-1.8178099052803103
-1.8126316333222836
-1.7188998784793985
-1.7127281151165832
-1.704301265521888
-1.6944685627223153
-1.6851005641564625
-1.6779526140412762
-1.6724997371982118
-1.6640294692115238
-1.606585820505637
-1.5872572391741433
-1.5745512852893822
-1.5639231689918685
-1.5543172699015524
-1.5465784195271184
-1.5438125209626359
-1.5362004862991698
-1.4954841190907
-1.4761676865130868
-1.4699180990862755
-1.4611767608239188
-1.4593582055732441
-1.4511701703523217
-1.443604557386656
-1.4348457507402301
-1.4257318643933279
-1.3128169784925876
-1.3080942161591573
-1.3067556455171625
-1.3048297815676744
-1.3037004600883864
-1.300186118806467
-1.2955687841968742
-1.2900589504012006
-1.0881654071762792
-1.0872697210882578
-1.0864986634031908
-1.0860489475379052
-1.0855670690380474
-1.0853464870298748
-1.084851849882999
-1.0844391823015425
-0.76193205966903
-0.7617186634622389
-0.7615553620889813
-0.761470866386672
-0.7613772149013215
-0.7613561044649755
-0.7612449169164343
-0.761062390647519
-0.13455601384805146
-0.1323312660301319
-0.12960656147901098
-0.1271751344072941
-0.12706561469742353
-0.1262514554601567
-0.12556970375731738
-0.1254595670276863
-0.024239307345468572
-0.023293168958132333
-0.023233845030550048
-0.021261667887976492
-0.021153729526714758
-0.01947505678417753
-0.019049720519441895
-0.018242394139185318
0.45156541750589446
0.454375419322173
0.45978470156488394
0.46630628417107506
0.47034396301717735
0.4715460558598516
0.4725967384232214
0.47386090572634604
0.7754574618396077
0.7777152403729423
0.7868221506463245
0.7894913053739185
0.8035601626764988
0.806564339105733
0.8067784600394263
0.8148903000282605
0.9263321719350501
0.937584166875588
0.9478270962179033
0.9683256480945606
0.9873404181587662
1.0078008166614711
1.0341197860997489
1.049953429751749
1.0802277283078874
1.1044588234133714
1.141890997644551
1.1435029935309227
1.197628328174491
1.2150514861579007
1.2507560217392233
1.2608254437883009
1.293849628576878
1.334471157026405
1.3666012526863096
1.3694495716997783
1.4101267358434075
1.4185589841971593
1.450343245453604
1.4625344322761775
1.4759945167631139
1.5724736825279653
1.5807513115709262
1.598049213831893
1.6329194039917616
1.66497552216679
1.6888172506688597
1.6930529893770745
1.6994161589594627
1.8807969767642345
1.887136821276204
1.8952354959718207
1.9002955780206505
1.9132944517713135
1.9146691197705192
1.9234040905314151
1.923714352913961
2.146966149513925
2.1474512011449294
2.1515308088601044
2.151917118108968
2.1575474724502746
2.1628563359067434
2.1777982215170018
2.1927800180835426
2.454363047350302
2.4607564823284984
2.4702609499593287
2.4811292625983796
2.49212146643037
2.50239156572985
2.5113451876294746
2.5185462558699316
2.8904331880568175
2.899382340138616
2.899952221120226
2.9057305449797615
2.905895456617337
2.9095421631997067
2.909782891147647
2.91097371693968
3.2585272938420906
3.266681522319488
3.276426626716234
3.2876839176370116
3.3002501570564093
3.313816386047266
3.3280027225709006
3.34239734130285
-2.721755268235295
-2.721437630363846
-2.7210232245440786
-2.720490855021537
-2.7198168225697366
-2.7189750501731016
-2.717937275275652
-2.716673300256094
-2.449557686954322
-2.4465963216237223
-2.443128292092253
-2.4391227466409293
-2.434555956500645
-2.429413014113132
-2.4236901571026497
-2.4173982298100305
-2.186911537192809
-2.179941731185881
-2.172926368194987
-2.166298522209251
-2.162616398052179
-2.1607800293454016
-2.157845803536616
-2.1574021730482706
-2.0533716497244567
-2.0518737586165887
-2.045811250171027
-2.035545569691319
-2.0229221580329364
-2.00957213675952
-1.9969936547817857
-1.9866458454342661
-1.8673875206100394
-1.8636865178828832
-1.8569013758258028
-1.8479925323722617
-1.8380570976662631
-1.8281399632750008
-1.819532151355925
-1.8132684967929635
-1.7184815328050145
-1.7109944770015162
-1.7019015002047262
-1.692015003454559
-1.6830426502623077
-1.6769648326936446
-1.6724483671567838
-1.6640256517999428
-1.606590893776579
-1.5873646902900032
-1.5751043338255
-1.565418408441552
-1.555798441062858
-1.548613970558354
-1.5437029103819413
-1.536333593521948
-1.495451360420085
-1.4759979404764951
-1.468163932330357
-1.4628463375778589
-1.4575917580597604
-1.450860105965642
-1.443164269344454
-1.4348875473879041
-1.4257939800629025
-1.3116381760397975
-1.308172419990944
-1.305926474365548
-1.3051652171151698
-1.3030339304390404
-1.299518294799908
-1.2949358239423552
-1.289661248101556
-1.0881847622031844
-1.0872642768829919
-1.0865047370049146
-1.085996839151258
-1.0856508053566534
-1.0852662429423068
-1.0848704622902101
-1.0844002776232893
-0.7619321020466242
-0.7617188987028901
-0.7615608618085452
-0.7614703056939318
-0.7613992956890139
-0.7613421426026334
-0.7612525887125142
-0.7610734868409023
-0.1349483273040765
-0.13294031781845997
-0.13030630987486078
-0.12763248358029297
-0.1270090488740496
-0.12602385668886468
-0.12581171299505797
-0.1253707903191229
-0.024200069516443167
-0.023603574202411614
-0.022840196582623522
-0.021729140945464326
-0.020724513934788708
-0.019585212673647233
-0.019072155199915057
-0.01831649472138234
0.4513037171656493
0.4534057882805302
0.4582468777259523
0.4646971525020942
0.4704898793016556
0.47088070245048813
0.47296840171022964
0.47375793636127594
0.7748940525933448
0.7795664501660216
0.7831354593974587
0.7936827754748216
0.7989999188569874
0.8011995293666886
0.8100644684463689
0.8138099501718411
0.9278974348122693
0.9333712012785653
0.9564199493083663
0.9594585064223433
0.9975069909234416
0.9986176173337444
1.039448773836293
1.046331437777929
1.079613756282286
1.1073407999218312
1.1312708294455616
1.1569039196139637
1.2031628826926961
1.2111857077406425
1.249916117216699
1.2628397890175775
1.292312729615401
1.3378086785211785
1.356058667807282
1.381712975973646
1.3993191008279005
1.430583896481988
1.4409880078155046
1.4692078296979052
1.4727616375053438
1.5752301148109285
1.5767317097796225
1.606616161043783
1.6414372744314296
1.6718979677819106
1.68893234066833
1.6928994999849913
1.6994597228004966
1.8804208341713553
1.8847948146000282
1.8966165174986374
1.900347167127974
1.9113477226954316
1.9166668825505224
1.9222230912042466
1.924444411094285
2.146641939887747
2.148209177624289
2.150100513376928
2.152903602979547
2.1592234097690866
2.1596240474199813
2.1738848322106814
2.1892779571310093
2.4555567710303383
2.4629179797457086
2.472906809811733
2.4839042626059356
2.494783283551779
2.5047726530911674
2.5133240717883982
2.5200330295322377
2.8928845632783307
2.8982630835493346
2.901248228556138
2.904450703482163
2.907118457254929
2.9087990676544964
2.9103332018195833
2.910855202615395
3.256734802376076
3.2644935199344194
3.2738433285508233
3.2847369161048627
3.2970012653273026
3.3103510161759395
3.324420325710922
3.3388018834427564
-2.721755268235294
-2.721437630363846
-2.7210232245440764
-2.7204908550215294
-2.719816822569723
-2.718975050173093
-2.717937275275652
-2.7166733002560925
-2.4495576869543245
-2.446596321623723
-2.44312829209225
-2.439122746640924
-2.4345559565006485
-2.429413014113129
-2.4236901571026452
-2.4173982298100283
-2.1869115371928096
-2.179941731185883
-2.172926368194988
-2.1662985222092432
-2.1626163980521835
-2.1607800293454056
-2.1578458035366173
-2.157402173048273
-2.053371649724456
-2.0518737586165865
-2.0458112501710266
-2.0355455696913283
-2.0229221580329377
-2.0095721367595187
-1.9969936547817888
-1.986645845434266
-1.8673875206067705
-1.8636865178928943
-1.856901375808985
-1.847992532394037
-1.8380570976462294
-1.8281399632821143
-1.819532151365094
-1.813268496784412
-1.718481540738688
-1.7109944233101813
-1.7019017212999379
-1.6920141964624464
-1.6830453293357384
-1.6769600531059128
-1.6724516447711852
-1.6640250897472055
-1.6065913512899288
-1.5873575956720751
-1.5751494644213333
-1.5652714390536775
-1.556145573842887
-1.547994920753269
-1.5441586951400568
-1.5362573247492795
-1.4954509269471352
-1.4760823172237907
-1.46752387770492
-1.463953138867792
-1.4566559044077725
-1.4513546741843197
-1.4430330832159086
-1.4349122560047076
-1.4257919465003706
-1.3116378750781112
-1.3081798088481713
-1.3058576060434057
-1.305243622678647
-1.303014332329185
-1.2995216232658253
-1.2949354460395355
-1.289661270624224
-1.0881847865670384
-1.0872638695162402
-1.0865081777597139
-1.085983335509594
-1.0856695787120567
-1.0852542619920131
-1.0848745833868574
-1.084399810011301
-0.7619321159545551
-0.7617185907272068
-0.761563978522374
-0.7614563114870818
-0.7614178306393
-0.7613328951674198
-0.7612545277089056
-0.7610734318902042
-0.13494832730407294
-0.1329403178184944
-0.13030630987460584
-0.12763248358831178
-0.12700904885450803
-0.1260238567582653
-0.12581171292616294
-0.12537079033037224
-0.02420006952089313
-0.02360357418379023
-0.022840196615867135
-0.02172914089955099
-0.020724513983461756
-0.01958521262407398
-0.019072155231980914
-0.018316494717050245
0.4513037171656482
0.45340578828053074
0.4582468777259521
0.464697152502089
0.4704898793016672
0.47088070245047015
0.47296840171023774
0.4737579363612737
0.7748940525933163
0.7795664501662102
0.7831354593971712
0.7936827754754937
0.7989999188551316
0.8011995293680971
0.8100644684462276
0.8138099501718797
0.9278974348122944
0.9333712012785244
0.9564199493085385
0.959458506422178
0.9975069909236212
0.9986176173335722
1.0394487738362794
1.0463314377779458
1.0796137562822785
1.107340799921836
1.1312708294455587
1.156903919613966
1.203162882692695
1.2111857077406436
1.2499161172167
1.262839789017579
1.2923127296154
1.3378086785211778
1.3560586678072803
1.3817129759736442
1.3993191008278996
1.4305838964819866
1.4409880078155053
1.4692078296979056
1.4727616375053456
1.5752301148109287
1.5767317097796214
1.6066161610437824
1.6414372744314307
1.6718979677819101
1.6889323406683294
1.69289949998499
1.6994597228004968
1.8804208341713562
1.8847948146000288
1.8966165174986374
1.900347167127974
1.9113477226954312
1.9166668825505235
1.9222230912042464
1.9244444110942844
2.146641939887745
2.1482091776242873
2.150100513376927
2.152903602979548
2.159223409769086
2.1596240474199804
2.1738848322106823
2.1892779571310093
2.455556771030339
2.4629179797457095
2.472906809811732
2.4839042626059347
2.494783283551779
2.504772653091168
2.5133240717883987
2.5200330295322373
2.892884563278333
2.898263083549334
2.901248228556142
2.9044507034821634
2.9071184572549273
2.9087990676544973
2.910333201819586
2.9108552026153935
3.256734802376073
3.2644935199344176
3.273843328550827
3.2847369161048654
3.297001265327302
3.3103510161759377
3.3244203257109177
3.3388018834427586
-2.721755268235296
-2.7214376303638455
-2.7210232245440773
-2.7204908550215356
-2.719816822569728
-2.7189750501730994
-2.7179372752756525
-2.716673300256092
-2.449557686954327
-2.4465963216237214
-2.4431282920922546
-2.4391227466409298
-2.4345559565006476
-2.4294130141131327
-2.423690157102649
-2.4173982298100274
-2.1869115371928096
-2.1799417311858833
-2.172926368194988
-2.1662985222092526
-2.1626163980521786
-2.160780029345398
-2.157845803536613
-2.1574021730482733
-2.0533716497244563
-2.0518737586165865
-2.0458112501710257
-2.0355455696913225
-2.022922158032943
-2.0095721367595183
-1.996993654781782
-1.9866458454342635
-1.8673875206047545
-1.8636865178999498
-1.8569013757932809
-1.8479925324263304
-1.8380570975847528
-1.8281399633808504
-1.8195321512576368
-1.8132684968345831
-1.718481522700523
-1.710994538118463
-1.7019012978154024
-1.6920154911225418
-1.6830419080606862
-1.6769650381889492
-1.6724487974514226
-1.6640254011223237
-1.6065916504795856
-1.5873520445137477
-1.575186922329013
-1.5651365638542183
-1.556455329328508
-1.5472146904961261
-1.5448149257319277
-1.5361722386934324
-1.4954609053556198
-1.475968217179819
-1.4681349055174544
-1.4630731077655093
-1.4572721482745445
-1.4510600576222137
-1.4430963095948683
-1.434901787676028
-1.4257926897307065
-1.311641384579854
-1.3081232171898796
-1.3061692239745808
-1.3048941758946868
-1.3031177907165012
-1.2995078143997156
-1.294936775861635
-1.289661202315528
-1.0881846287491403
-1.0872662045756254
-1.0864891839531086
-1.0860436482609468
-1.0855797944134715
-1.0853157352043334
-1.0848574322246185
-1.0844017760735758
-0.761932109759502
-0.7617187275770204
-0.7615626434493223
-0.7614633360591858
-0.7614091101267787
-0.7613366442509926
-0.7612536550140434
-0.7610734558602054
-0.13494832730405124
-0.13294031781865745
-0.13030630987342587
-0.12763248362215762
-0.12700904877347827
-0.126023857037993
-0.12581171265012478
-0.12537079037488774
-0.024200069557317443
-0.023603574038585654
-0.02284019686068609
-0.021729140586381004
-0.020724514295050202
-0.01958521232707432
-0.019072155418785153
-0.018316494692793624
0.45130371716564804
0.4534057882805314
0.4582468777259537
0.4646971525020953
0.47048987930171327
0.47088070245042407
0.47296840171025795
0.4737579363612711
0.7748940525933342
0.7795664501660605
0.7831354593974333
0.7936827754745508
0.7989999188584656
0.8011995293652607
0.8100644684467506
0.8138099501716816
0.9278974348122939
0.9333712012785299
0.9564199493084593
0.9594585064222656
0.9975069909232668
0.9986176173339267
1.0394487738362357
1.0463314377779795
1.079613756282275
1.1073407999218368
1.1312708294455602
1.156903919613963
1.2031628826926979
1.2111857077406407
1.2499161172167008
1.2628397890175775
1.2923127296154018
1.3378086785211771
1.356058667807282
1.3817129759736448
1.3993191008279018
1.4305838964819861
1.4409880078155033
1.469207829697905
1.472761637505345
1.5752301148109291
1.5767317097796216
1.6066161610437837
1.6414372744314292
1.67189796778191
1.68893234066833
1.6928994999849913
1.699459722800496
1.8804208341713546
1.884794814600029
1.8966165174986378
1.900347167127975
1.9113477226954287
1.9166668825505229
1.9222230912042455
1.924444411094283
2.146641939887746
2.148209177624288
2.1501005133769264
2.152903602979547
2.1592234097690874
2.159624047419979
2.173884832210681
2.1892779571310093
2.4555567710303383
2.46291797974571
2.472906809811732
2.4839042626059356
2.4947832835517794
2.504772653091168
2.5133240717883987
2.5200330295322373
2.892884563278332
2.898263083549334
2.9012482285561445
2.904450703482163
2.9071184572549322
2.9087990676544964
2.9103332018195887
2.9108552026153967
3.256734802376067
3.26449351993442
3.2738433285508233
3.28473691610487
3.297001265327305
3.3103510161759395
3.3244203257109204
3.338801883442763
-2.7217552682352957
-2.721437630363843
-2.721023224544075
-2.7204908550215383
-2.7198168225697317
-2.7189750501731025
-2.717937275275649
-2.71667330025609
-2.449557686954325
-2.4465963216237268
-2.4431282920922475
-2.439122746640929
-2.434555956500638
-2.429413014113133
-2.423690157102648
-2.4173982298100265
-2.1869115371928105
-2.179941731185879
-2.1729263681949886
-2.1662985222092512
-2.1626163980521786
-2.1607800293454
-2.1578458035366177
-2.157402173048276
-2.0533716497244576
-2.051873758616589
-2.0458112501710284
-2.0355455696913274
-2.022922158032942
-2.009572136759519
-1.9969936547817848
-1.986645845434266
-1.8673875206080213
-1.8636865178899373
-1.8569013758101016
-1.8479925324045559
-1.83805709760479
-1.828139963373739
-1.8195321512484657
-1.8132684968431385
-1.7184815147667514
-1.7109945918076903
-1.7019010766969307
-1.6920162978549929
-1.6830392263412413
-1.6769698157979243
-1.6724455246508823
-1.6640259632711076
-1.6065911930055956
-1.5873591528384459
-1.5751423049928874
-1.5652878607916259
-1.5561272748145358
-1.5479865484741906
-1.544185944534346
-1.536244963209264
-1.4954613349233157
-1.4758786241917807
-1.468638360753288
-1.4619114167626477
-1.4583575295403477
-1.4506092659989986
-1.4432307722706519
-1.434877206230125
-1.4257947243162394
-1.311641683542286
-1.3081149875788747
-1.3062072768744304
-1.3048441875614407
-1.3031405810814434
-1.2995045341035711
-1.2949371542827481
-1.2896611797948043
-1.0881846043589185
-1.0872666065146508
-1.0864852863345904
-1.0860543414064405
-1.0855586116868277
-1.0853328963841054
-1.0848538021745764
-1.0844022545947027
-0.7619320958488521
-0.761719034285223
-0.7615593675226625
-0.7614750597141238
-0.7613913706973546
-0.7613474503283676
-0.7612517928376437
-0.7610735108628255
-0.13494832730405715
-0.13294031781862492
-0.13030630987368771
-0.12763248361414029
-0.12700904879302155
-0.12602385696859628
-0.1258117127190199
-0.12537079036363635
-0.02420006955286629
-0.02360357405720431
-0.02284019682744444
-0.02172914063229543
-0.020724514246377015
-0.019585212376648464
-0.01907215538671733
-0.01831649469712654
0.4513037171656481
0.45340578828052813
0.45824687772595274
0.46469715250209304
0.47048987930169966
0.4708807024504403
0.4729684017102472
0.47375793636126895
0.7748940525933641
0.7795664501658698
0.7831354593977164
0.7936827754738738
0.7989999188603211
0.8011995293638503
0.8100644684468924
0.8138099501716441
0.9278974348122687
0.9333712012785721
0.9564199493082874
0.9594585064224274
0.9975069909230853
0.9986176173340996
1.0394487738362526
1.0463314377779644
1.0796137562822816
1.1073407999218325
1.1312708294455638
1.156903919613961
1.2031628826926994
1.2111857077406405
1.2499161172167017
1.2628397890175789
1.2923127296154013
1.3378086785211791
1.3560586678072812
1.3817129759736442
1.3993191008279005
1.430583896481986
1.4409880078155044
1.4692078296979045
1.472761637505345
1.5752301148109302
1.576731709779622
1.6066161610437841
1.6414372744314312
1.6718979677819112
1.6889323406683285
1.6928994999849907
1.699459722800496
1.8804208341713557
1.8847948146000282
1.8966165174986376
1.900347167127974
1.9113477226954312
1.9166668825505235
1.922223091204245
1.9244444110942853
2.146641939887745
2.1482091776242878
2.1501005133769278
2.152903602979546
2.159223409769086
2.159624047419981
2.173884832210681
2.189277957131009
2.455556771030339
2.462917979745709
2.472906809811733
2.483904262605934
2.49478328355178
2.5047726530911674
2.5133240717884
2.5200330295322377
2.892884563278332
2.8982630835493333
2.9012482285561383
2.9044507034821625
2.907118457254931
2.9087990676545004
2.9103332018195864
2.910855202615391
3.256734802376071
3.26449351993442
3.2738433285508273
3.28473691610487
3.2970012653273044
3.310351016175942
3.3244203257109244
3.338801883442758
-2.7218217980460895
-2.7215253399428883
-2.7211370136815614
-2.720636260701615
-2.7199999986197283
-2.719202729316878
-2.71821671525536
-2.717012216260824
-2.450223035747017
-2.4473828210105633
-2.4440445968831455
-2.4401759588771745
-2.4357512556204988
-2.4307531874471486
-2.425174937012237
-2.4190232788305774
-2.1886128883348364
-2.181700645974233
-2.1746647530752994
-2.167885869239894
-2.1620015278989744
-2.1609804113475692
-2.1580471879519325
-2.1572593210488193
-2.0534952327765637
-2.0508839699534214
-2.0435626068831194
-2.0325434463904806
-2.0195932699420176
-2.0062971002398546
-1.9941454695808059
-1.9845751365455557
-1.8677851127282183
-1.8648618798734968
-1.8588463837213058
-1.8503553569810358
-1.8405821905457278
-1.830553177504103
-1.821457639315084
-1.814210772349109
-1.7178054567672836
-1.7090801200027652
-1.6994541859647314
-1.6896196287958585
-1.6811578409142849
-1.6764980618140792
-1.6724953939292866
-1.6640254721331151
-1.6065919232467336
-1.5873953220795969
-1.5754174258388298
-1.566565194946819
-1.5576836473255993
-1.550222273823462
-1.544150852041961
-1.5363196686960638
-1.495441475103159
-1.4758742681163075
-1.4668128966313028
-1.463086921865989
-1.4568444935018234
-1.450314115194939
-1.4428664996369325
-1.4349181032665317
-1.4258256273792427
-1.3105028197656574
-1.3081836834754264
-1.3054620469105593
-1.3051061527080183
-1.3024641692807466
-1.298838741612446
-1.2943455779652304
-1.289325750972171
-1.0882260058102646
-1.0872466317095173
-1.0865168901159776
-1.0859823551343066
-1.0856561066305488
-1.0852521102243602
-1.0848727931211293
-1.0843714488304375
-0.76193217759057
-0.7617196882227555
-0.7615666629640939
-0.7614732809024967
-0.7614065600843408
-0.7613411928914824
-0.7612544550491864
-0.7610842122646992
-0.13528276950770537
-0.13350114207261032
-0.131002227730539
-0.12825456554120646
-0.12680519117938685
-0.12614665976672573
-0.12580342573609382
-0.1253527035472842
-0.024141223575916228
-0.02377177117848983
-0.02234385880512168
-0.0222859566091334
-0.020226638284132396
-0.020017850429658632
-0.01906044841148544
-0.01834947302019511
0.451192914052227
0.4526203732950302
0.4568153517685715
0.46304718454584787
0.4692408106829116
0.47145763547611813
0.47292782161609176
0.4737392240195183
0.7748383341646834
0.7801199371922013
0.7823139557360181
0.7942234826759105
0.7959551061090989
0.7980684227219722
0.8108909064345236
0.8132974865587504
0.9273185557037574
0.9347876663649912
0.9512340412560522
0.9659605018000375
0.9874471114431234
1.0103379441612086
1.0288424912885437
1.057948088404575
1.0721286597591049
1.117836166964096
1.1208797366070482
1.1704363705993284
1.1912310587756627
1.2246391707300341
1.238528266058036
1.2718958173074943
1.2877090946994962
1.3455735143098224
1.3471382427702683
1.3883980570771994
1.3940799775192674
1.4310655151965606
1.4423499612068762
1.466230266680545
1.4747909511555213
1.5718560327558957
1.5826383108675834
1.615392618204916
1.6496707096668657
1.6782325938714884
1.683964753461599
1.6960508353357757
1.6984205497537854
1.880433665746178
1.8829561018636094
1.8931288268482935
1.9050913428749832
1.907774085822984
1.9194999938184512
1.9201846070605666
1.9248335933737857
2.1466355742898435
2.1486759410978964
2.1491599195065834
2.154374592629601
2.156699957172759
2.1609449950558646
2.170046026163342
2.1855664886170216
2.4570429115863077
2.465241238508312
2.475613204866564
2.4866701406934717
2.4973884472918124
2.507063200508985
2.5151872571111573
2.5213860563944
2.895196324611078
2.8964950932210467
2.9029577745678576
2.903055254540075
2.907911869392956
2.9081748863480006
2.9105747024813726
2.910714469749688
3.2550379295045966
3.2624055367461713
3.2713571467653293
3.2818761482573957
3.293820608640275
3.3069308183396307
3.3208574671049487
3.3352000041243466
-2.7218217980460846
-2.7215253399428887
-2.7211370136815662
-2.720636260701613
-2.719999998619737
-2.7192027293168777
-2.7182167152553616
-2.7170122162608243
-2.450223035747017
-2.4473828210105615
-2.4440445968831463
-2.4401759588771816
-2.4357512556204948
-2.430753187447147
-2.425174937012238
-2.4190232788305774
-2.18861288833484
-2.181700645974232
-2.174664753075297
-2.1678858692398997
-2.1620015278989726
-2.16098041134757
-2.1580471879519343
-2.1572593210488153
-2.053495232776565
-2.050883969953419
-2.0435626068831234
-2.032543446390477
-2.019593269942012
-2.0062971002398533
-1.994145469580808
-1.9845751365455553
-1.8677851127175111
-1.8648618799030754
-1.8588463836756144
-1.8503553570435063
-1.840582190469194
-1.8305531775803983
-1.8214576392637347
-1.8142107723649017
-1.7178054671292053
-1.709080023294972
-1.6994547149933377
-1.6896171808684082
-1.6811681560454952
-1.6764810040925564
-1.6725053193922454
-1.6640242745194003
-1.606592292181011
-1.5873900636967373
-1.5754517378477877
-1.566461890972181
-1.5578870232902928
-1.5499479770741318
-1.5443345264723247
-1.536279886321324
-1.4954443184116755
-1.4758805620138393
-1.466577151863295
-1.463522247347661
-1.4564581847167781
-1.4505604810345938
-1.442781967556638
-1.4349364004853198
-1.4258240172231467
-1.3105048741522842
-1.3081738045953477
-1.3055294802495465
-1.3050434232311319
-1.3024669033510885
-1.2988393002395586
-1.2943453870301511
-1.2893257700136487
-1.0882260914092476
-1.0872450758835053
-1.0865279592292787
-1.0859299735086687
-1.0857222389577437
-1.085216749843156
-1.08488600925825
-1.08437024348668
-0.7619321806484457
-0.7617196173961341
-0.7615673638612503
-0.7614706224013701
-0.7614102193882162
-0.7613391409291778
-0.7612548878218492
-0.7610841975231732
-0.13528276950772425
-0.13350114207252986
-0.13100222773095027
-0.1282545655371241
-0.12680519120989434
-0.12614665968050665
-0.12580342581199908
-0.12535270353083855
-0.02414122355545584
-0.023771771222944882
-0.022343857621001426
-0.022285957807734687
-0.020226637898712964
-0.02001785081852968
-0.01906044836041142
-0.0183494730293362
0.45119291405222584
0.4526203732950313
0.4568153517685658
0.4630471845458468
0.4692408106829085
0.471457635476124
0.47292782161607905
0.47373922401952084
0.7748383341646519
0.7801199371926217
0.7823139557354193
0.7942234826818912
0.7959551060986564
0.7980684227268191
0.8108909064341036
0.8132974865589963
0.9273185557037577
0.9347876663649823
0.9512340412560734
0.9659605018000098
0.9874471114431559
1.0103379441611808
1.0288424912885619
1.057948088404563
1.0721286597591106
1.1178361669640935
1.120879736607049
1.17043637059933
1.1912310587756632
1.2246391707300368
1.2385282660580348
1.2718958173074957
1.2877090946994956
1.3455735143098229
1.3471382427702676
1.3883980570771979
1.394079977519268
1.4310655151965614
1.442349961206877
1.4662302666805451
1.4747909511555217
1.5718560327558977
1.5826383108675819
1.6153926182049143
1.6496707096668655
1.6782325938714897
1.683964753461597
1.6960508353357775
1.6984205497537859
1.8804336657461787
1.8829561018636096
1.8931288268482942
1.9050913428749827
1.9077740858229821
1.9194999938184523
1.9201846070605668
1.9248335933737852
2.1466355742898426
2.1486759410978955
2.1491599195065847
2.154374592629601
2.15669995717276
2.1609449950558637
2.1700460261633427
2.185566488617022
2.457042911586307
2.465241238508312
2.4756132048665647
2.4866701406934704
2.497388447291811
2.507063200508986
2.5151872571111578
2.5213860563944
2.8951963246110797
2.896495093221047
2.902957774567857
2.903055254540071
2.9079118693929638
2.9081748863479993
2.9105747024813753
2.9107144697496925
3.2550379295046015
3.2624055367461757
3.2713571467653257
3.281876148257392
3.2938206086402726
3.3069308183396258
3.3208574671049473
3.335200004124348
-2.7218217980460864
-2.721525339942891
-2.7211370136815676
-2.720636260701614
-2.7199999986197336
-2.719202729316876
-2.718216715255364
-2.7170122162608257
-2.450223035747021
-2.4473828210105637
-2.444044596883149
-2.4401759588771843
-2.435751255620497
-2.4307531874471433
-2.425174937012236
-2.419023278830579
-2.188612888334835
-2.181700645974232
-2.1746647530752985
-2.1678858692398872
-2.162001527898972
-2.160980411347569
-2.158047187951938
-2.1572593210488193
-2.0534952327765623
-2.0508839699534214
-2.04356260688312
-2.0325434463904766
-2.019593269942012
-2.0062971002398546
-1.9941454695808094
-1.984575136545557
-1.8677851127092209
-1.8648618799259888
-1.8588463836399813
-1.8503553570935998
-1.8405821904034323
-1.8305531776550168
-1.821457639202747
-1.8142107723886207
-1.717805456595075
-1.7090801196403262
-1.699454198274522
-1.6896195139977763
-1.6811586226901174
-1.6764964149250645
-1.6724965646608108
-1.6640252586781807
-1.6065924353392393
-1.5873845685382815
-1.5754999257155273
-1.5662827165846835
-1.5582588244035964
-1.5493483445634604
-1.5447875064753454
-1.5361882111447824
-1.4954581274942238
-1.4757467744257666
-1.4673610724721686
-1.4624188818847397
-1.4571080007594008
-1.4503066001699287
-1.4428346792922824
-1.4349297659051674
-1.4258242841553455
-1.3105101978925162
-1.3081383260219372
-1.3057567162017012
-1.3048055718807199
-1.3025142635489748
-1.298831940926935
-1.2943462042818197
-1.2893257221660408
-1.0882258915008975
-1.087248628171803
-1.0865017350507788
-1.0860314160815139
-1.0855821897700324
-1.0853030024314234
-1.084858575110352
-1.0843729034597291
-0.7619321754632319
-0.7617197326205649
-0.7615662474669072
-0.7614746783896357
-0.7614046242821939
-0.7613423075866527
-0.7612542453160573
-0.7610842188443727
-0.13528276950770782
-0.13350114207261712
-0.1310022277304915
-0.12825456554183118
-0.12680519117405428
-0.12614665978263476
-0.12580342572171002
-0.1253527035505111
-0.02414122355122638
-0.023771771230926664
-0.022343857527000823
-0.022285957898239707
-0.020226637919739273
-0.02001785079249377
-0.019060448366648646
-0.018349473027859022
0.4511929140522284
0.45262037329503346
0.45681535176857296
0.46304718454584654
0.46924081068291007
0.4714576354761277
0.47292782161608315
0.47373922401952195
0.7748383341646186
0.7801199371930568
0.7823139557348339
0.7942234826861687
0.7959551060915511
0.7980684227299186
0.8108909064339367
0.8132974865590825
0.9273185557037746
0.9347876663649503
0.9512340412561141
0.9659605017999733
0.9874471114431723
1.0103379441611713
1.0288424912885648
1.0579480884045704
1.0721286597591064
1.1178361669641135
1.1208797366070309
1.1704363705993328
1.1912310587756603
1.2246391707300377
1.238528266058034
1.2718958173074957
1.2877090946994958
1.3455735143098215
1.3471382427702694
1.3883980570771985
1.3940799775192685
1.4310655151965603
1.4423499612068764
1.4662302666805447
1.474790951155522
1.5718560327558981
1.582638310867583
1.615392618204914
1.6496707096668655
1.6782325938714888
1.683964753461597
1.696050835335778
1.698420549753784
1.8804336657461787
1.88295610186361
1.893128826848295
1.905091342874983
1.9077740858229824
1.919499993818452
1.9201846070605653
1.9248335933737881
2.146635574289844
2.1486759410978964
2.1491599195065842
2.1543745926296025
2.1566999571727608
2.1609449950558632
2.1700460261633414
2.1855664886170216
2.4570429115863073
2.4652412385083124
2.475613204866566
2.4866701406934704
2.4973884472918124
2.507063200508986
2.5151872571111573
2.5213860563944
2.895196324611076
2.896495093221047
2.9029577745678528
2.90305525454007
2.9079118693929553
2.908174886347998
2.9105747024813717
2.9107144697496885
3.2550379295045975
3.2624055367461624
3.271357146765319
3.2818761482573966
3.2938206086402744
3.306930818339629
3.320857467104948
3.3352000041243453
-2.7218217980460824
-2.7215253399428905
-2.7211370136815654
-2.720636260701614
-2.7199999986197243
-2.7192027293168777
-2.718216715255362
-2.7170122162608243
-2.4502230357470207
-2.447382821010564
-2.4440445968831463
-2.4401759588771776
-2.4357512556204997
-2.430753187447143
-2.4251749370122404
-2.4190232788305783
-2.1886128883348355
-2.1817006459742294
-2.174664753075296
-2.1678858692398895
-2.1620015278989744
-2.1609804113475666
-2.1580471879519356
-2.1572593210488145
-2.0534952327765628
-2.0508839699534165
-2.043562606883123
-2.0325434463904744
-2.0195932699420123
-2.006297100239859
-1.9941454695808083
-1.9845751365455537
-1.8677851127199274
-1.864861879896408
-1.8588463836856803
-1.8503553570311322
-1.8405821904799664
-1.8305531775787232
-1.8214576392540918
-1.8142107723728276
-1.7178054462330838
-1.709080216344457
-1.699453669160182
-1.6896219600553293
-1.6811482636149717
-1.6765134640274273
-1.6724866930755862
-1.6640264569365963
-1.6065920664230549
-1.5873898378524254
-1.5754661787087807
-1.5663901197334082
-1.5580646661873083
-1.5496426556431142
-1.544571681724758
-1.536226237072168
-1.4954552885779187
-1.4757397730471795
-1.467510147079204
-1.4619966960751885
-1.457548876083858
-1.4500780069960904
-1.4429210392508907
-1.4349115344222738
-1.4258258946329043
-1.3105081654609645
-1.308148595877722
-1.3057229104610857
-1.3048345108546666
-1.3025112771039733
-1.2988313845076862
-1.294346395356345
-1.2893257031256913
-1.0882258057895966
-1.0872501516397637
-1.0864886836228547
-1.0860655048390364
-1.0855070361238994
-1.0853651448476294
-1.0848478686770187
-1.0843741460367309
-0.7619321724048511
-0.7617198031958987
-0.7615655182758866
-0.7614770916478908
-0.7614009869194288
-0.7613445986018837
-0.7612538253251286
-0.7610842335986525
-0.13528276950769383
-0.13350114207269975
-0.13100222773008088
-0.12825456554591413
-0.1268051911435462
-0.12614665986886078
-0.12580342564580538
-0.125352703566962
-0.02414122357168288
-0.02377177118646817
-0.022343858711121378
-0.022285956699634547
-0.0202266383051554
-0.02001785040362592
-0.01906044841772419
-0.01834947301872145
0.4511929140522252
0.4526203732950304
0.4568153517685736
0.46304718454584554
0.46924081068290946
0.47145763547611613
0.47292782161609215
0.47373922401951707
0.7748383341646492
0.7801199371926357
0.7823139557354302
0.7942234826801922
0.7959551061019953
0.7980684227250674
0.8108909064343546
0.8132974865588349
0.9273185557037688
0.9347876663649602
0.9512340412560932
0.9659605018000028
0.9874471114431422
1.010337944161201
1.0288424912885483
1.0579480884045824
1.0721286597590973
1.1178361669641117
1.120879736607032
1.1704363705993337
1.191231058775664
1.2246391707300364
1.2385282660580348
1.271895817307495
1.2877090946994958
1.3455735143098204
1.3471382427702687
1.3883980570771992
1.394079977519268
1.4310655151965597
1.4423499612068753
1.4662302666805453
1.4747909511555202
1.571856032755897
1.5826383108675812
1.6153926182049168
1.6496707096668657
1.6782325938714877
1.6839647534615982
1.6960508353357777
1.6984205497537845
1.8804336657461773
1.8829561018636107
1.8931288268482962
1.905091342874983
1.9077740858229817
1.9194999938184532
1.9201846070605668
1.924833593373786
2.146635574289845
2.148675941097896
2.1491599195065847
2.1543745926296025
2.1566999571727603
2.160944995055865
2.170046026163341
2.1855664886170216
2.4570429115863073
2.465241238508313
2.475613204866565
2.48667014069347
2.4973884472918115
2.507063200508985
2.5151872571111573
2.5213860563944
2.8951963246110743
2.8964950932210476
2.9029577745678563
2.903055254540073
2.907911869392958
2.9081748863479975
2.9105747024813717
2.9107144697496894
3.2550379295046015
3.2624055367461686
3.2713571467653213
3.2818761482574006
3.293820608640278
3.306930818339634
3.3208574671049527
3.335200004124348
