-2.863539372427015
-2.8566483448848556
-2.849833279277932
-2.8433884999880195
-2.837616355010251
-2.832793416429806
-2.8291296433622484
-2.826732944396902
-2.5724064285707784
-2.5723758894873536
-2.5713297179424
-2.570960480318701
-2.5698464423834833
-2.568551106505965
-2.5677584364936865
-2.5627539465672142
-2.305432208035419
-2.303319929931519
-2.3016373775069514
-2.3015244767165774
-2.2995173605099204
-2.298946455443745
-2.298048165700352
-2.297742572153449
-2.050102197022812
-2.050081140248253
-2.0488338521411813
-2.04849879055482
-2.046973847182097
-2.0455951858486237
-2.0454084915799244
-2.0421131718739303
-1.8223193764237464
-1.8188612828208248
-1.8153549056580622
-1.8130408503504858
-1.8127827934355736
-1.8126002013748057
-1.8118168287302427
-1.8116431114715659
-1.5992979709597088
-1.5991870799959937
-1.598034167623761
-1.5978024905250563
-1.596179336853485
-1.5957476053272357
-1.5947217155782318
-1.5941848791122846
-1.411739061631763
-1.409653464880362
-1.4070678648476453
-1.4049750045386828
-1.4041219453570786
-1.4034609602746495
-1.4027009621162911
-1.4021742430674848
-1.237677114668537
-1.236545966038575
-1.2356437126334363
-1.2348276019688726
-1.2334730223275454
-1.2322041742415648
-1.230308763268593
-1.2278475140077352
-1.1060880365430177
-1.0995685737692
-1.0945549336252047
-1.0913458724954475
-1.0897004489436777
-1.086849440001156
-1.0842818604315485
-1.0805359951535374
-0.9857026257589465
-0.9843583272543104
-0.9810142130638945
-0.9784493290309593
-0.9740996525775748
-0.9686278052283332
-0.9611324613409754
-0.9508283777311075
-0.9040566915573295
-0.8912415637526772
-0.8858074477275925
-0.8848284645106648
-0.8798582290192788
-0.8783992072896493
-0.8753687883519645
-0.8689858922215792
-0.8368933917828466
-0.8323011807116019
-0.8309464699879979
-0.8269959876334565
-0.8261941626486136
-0.8217798923227864
-0.8189264126909221
-0.8132838186664302
-0.8048901396763742
-0.7907212744014018
-0.787834443374616
-0.786124138730945
-0.7839623070951622
-0.7826871249866229
-0.7804811546540229
-0.7784257964947062
-0.7762395704604601
1.2459190536641869
1.2470992712033517
1.2485519963004754
1.2500613085701084
1.2527689335774252
1.2542818623202663
1.2572105878956454
1.260288604248841
1.2652801609038669
1.277451933996488
1.2834690970868317
1.2848709691228475
1.2919641172803373
1.2928654962791555
1.2989167677988052
1.3021394246472588
1.3086647763321686
1.3345004640848155
1.3398517796895208
1.3432819888850855
1.3467404397670546
1.3491942825932615
1.3520113712334079
1.3546842470869636
1.3554068841949247
1.4271852996439618
1.4296924143200227
1.4316672547383198
1.432542776883897
1.4342808132931295
1.4346644257550571
1.4360522112814256
1.4377439341459632
1.5373489046433857
1.5413862203859294
1.5464109022228925
1.549973011011383
1.5504384219937901
1.5513617298234776
1.5524461394284457
1.5541299015098777
1.6963878644297494
1.6972836541391867
1.6984612326686468
1.6988816469256252
1.7010579720065058
1.70115394136342
1.7025495510750546
1.7037061728555325
1.8695518975070844
1.8740424811469059
1.8780921333882112
1.88004768438649
1.8802802598850314
1.8806768619022987
1.881082365900723
1.8815673229850391
2.0851883555579387
2.085576411381274
2.0864586884263425
2.0871375506880594
2.089037129331954
2.0893263572660032
2.090374844930564
2.0931815682553934
2.3183473670258112
2.319687083466106
2.321285557455574
2.3222446974264135
2.323307891638812
2.324771972648685
2.324995482904843
2.3256445052230506
2.576216289173466
2.576496701321036
2.577306874965691
2.5776836212740695
2.5791859220147435
2.5800298521277947
2.580376283585402
2.5844121901396258
2.847589860729232
2.8541484735664464
2.8610257515342954
2.8679344293432125
2.8746159857580458
2.8808498189742817
2.8864554245520573
2.8912908372088686
-2.8635393724270113
-2.856648344884859
-2.8498332792779286
-2.8433884999880186
-2.837616355010249
-2.8327934164298068
-2.829129643362243
-2.8267329443969014
-2.5724064285707793
-2.5723758894873554
-2.571329717942404
-2.570960480318705
-2.5698464423834824
-2.5685511065059656
-2.567758436493688
-2.5627539465672133
-2.3054322080354184
-2.303319929931519
-2.301637377506952
-2.3015244767165766
-2.29951736050992
-2.2989464554437435
-2.298048165700352
-2.2977425721534512
-2.0501021970228104
-2.0500811402482526
-2.0488338521411817
-2.048498790554819
-2.0469738471820964
-2.0455951858486237
-2.0454084915799258
-2.042113171873931
-1.8223193764237466
-1.8188612828208248
-1.8153549056580605
-1.8130408503504853
-1.8127827934355727
-1.8126002013748053
-1.81181682873024
-1.8116431114715668
-1.5992979709597028
-1.5991870799960002
-1.5980341676237448
-1.5978024905250718
-1.5961793368534756
-1.5957476053272455
-1.5947217155782303
-1.594184879112286
-1.4117390616366436
-1.4096534648344714
-1.4070678652883848
-1.4049749990450486
-1.4041219619159389
-1.4034609415659172
-1.4027009722674713
-1.4021742401600816
-1.2376924431496754
-1.236312057029269
-1.2360617930833495
-1.23438516515322
-1.233797095708696
-1.232107393340044
-1.2303255295537792
-1.227846392134578
-1.106088329288181
-1.099562181771563
-1.0946219031297082
-1.09084527192066
-1.090278938576167
-1.086638960507817
-1.0843603311119125
-1.0805292445481798
-0.9856705161839211
-0.9844285283523327
-0.9809074255015912
-0.97854188507428
-0.9740711416666049
-0.9686322431946317
-0.961132894099115
-0.9508281390031375
-0.9040577040687512
-0.891184433546599
-0.8865363421080598
-0.8835532527017491
-0.8811684421773165
-0.877363341066527
-0.8757060520228382
-0.8689767207389386
-0.8368921574766239
-0.8324697603213268
-0.830423163102999
-0.828254605277384
-0.8247323065153871
-0.8225998526382358
-0.8186226046135985
-0.8133317711718687
-0.8048843132509341
-0.7907322665800058
-0.7877963156309513
-0.7861660266393232
-0.7839466554229305
-0.782686279594827
-0.7804848222182112
-0.7784247066385861
-0.776239674247073
1.2459080998983416
1.2471813546016277
1.2483242935538283
1.2505139112515529
1.2520401373586223
1.2552101172618397
1.2565238558172178
1.2605477339899618
1.2651923775618714
1.277633914782395
1.282410901684849
1.286510297052612
1.2898676963710622
1.294767156046078
1.2981135789786038
1.3024200226173528
1.3086383789033398
1.334504856540344
1.339844775267789
1.3432662393366515
1.346825132669664
1.3490771950752816
1.3520943824821252
1.354619193186569
1.355440216472772
1.4271853301532873
1.4296919447767684
1.43167157052224
1.4325353906305702
1.4342991246480137
1.4346481604911725
1.436053785020477
1.437743823819992
1.5373489046411146
1.5413862204062545
1.5464109019458423
1.5499730266178453
1.550438395773318
1.5513617446509815
1.5524461351470475
1.5541299018367736
1.696387864399811
1.6972836542969765
1.6984612318762922
1.6988816477357136
1.7010579692565753
1.7011539440392631
1.7025495509940234
1.703706172865064
1.8695518975070848
1.8740424811469034
1.8780921333882155
1.8800476843864986
1.8802802598850092
1.8806768619023144
1.8810823659007188
1.8815673229850374
2.085188355557943
2.0855764113812723
2.0864586884263443
2.0871375506880625
2.0890371293319516
2.0893263572659992
2.090374844930561
2.0931815682553907
2.3183473670258117
2.3196870834661025
2.321285557455578
2.3222446974264135
2.3233078916388146
2.324771972648684
2.324995482904845
2.325644505223047
2.576216289173459
2.5764967013210356
2.57730687496569
2.57768362127407
2.579185922014743
2.5800298521277942
2.580376283585409
2.5844121901396275
2.847589860729234
2.854148473566446
2.8610257515342945
2.8679344293432103
2.87461598575805
2.880849818974282
2.886455424552059
2.891290837208866
-2.8635393724270144
-2.856648344884856
-2.849833279277928
-2.8433884999880195
-2.8376163550102524
-2.8327934164298108
-2.829129643362245
-2.8267329443969036
-2.5724064285707797
-2.5723758894873536
-2.5713297179424015
-2.570960480318705
-2.5698464423834833
-2.568551106505962
-2.5677584364936847
-2.5627539465672156
-2.3054322080354184
-2.3033199299315195
-2.301637377506952
-2.301524476716577
-2.2995173605099204
-2.298946455443745
-2.2980481657003518
-2.297742572153451
-2.050102197022812
-2.050081140248252
-2.048833852141182
-2.048498790554821
-2.0469738471820964
-2.0455951858486237
-2.0454084915799253
-2.0421131718739307
-1.8223193764237464
-1.8188612828208246
-1.8153549056580618
-1.8130408503504858
-1.8127827934355736
-1.8126002013748048
-1.8118168287302412
-1.8116431114715674
-1.5992979709597008
-1.599187079996003
-1.5980341676237375
-1.5978024905250798
-1.5961793368534698
-1.5957476053272497
-1.5947217155782294
-1.5941848791122855
-1.4117390616406713
-1.4096534647978984
-1.4070678656249809
-1.4049749949915076
-1.4041219739632018
-1.40346092810171
-1.4027009794824121
-1.402174238111578
-1.2376870243421139
-1.2364323747736923
-1.2358863328196552
-1.2345642304427749
-1.23364907614376
-1.2321432518024134
-1.230318721341319
-1.2278468574885366
-1.1060878997296093
-1.0995722869828528
-1.0945059397239023
-1.0915742153562895
-1.089376521224464
-1.0870504833382586
-1.0842146898496134
-1.0805431254872147
-0.9856699240143848
-0.9844162195042708
-0.980988757434279
-0.9784230768810115
-0.9741464734161439
-0.9686008208135031
-0.9611402412264319
-0.950827232823458
-0.9040583462368905
-0.891163102064235
-0.8866572492003414
-0.8832765164688114
-0.8813890740363716
-0.8773078629248525
-0.8757159533767015
-0.8689782312224895
-0.8368838090594011
-0.8326377314900478
-0.8296022045479909
-0.8291139529978698
-0.8243838982146766
-0.8227261579314532
-0.8186660111514813
-0.8133075601994686
-0.8048910777969143
-0.7906803256209535
-0.7880485482565355
-0.7856341165368044
-0.784497484895706
-0.7824054006541677
-0.7805543013887692
-0.7784143264722951
-0.77624035314826
1.2459082195128262
1.2471814121863538
1.2483218844742352
1.2505314675507047
1.252006410343734
1.2553036910064928
1.2564282009542918
1.2605800986588482
1.2651756238636298
1.2777024116445306
1.2821261468585585
1.2876425682038597
1.2885888011674984
1.295895104697257
1.2971850127220677
1.3026153199313777
1.3086104542525951
1.3345268489128266
1.3397160920557083
1.3436046925961467
1.3463161956668255
1.3495338319022079
1.3518441787290396
1.3547648410055726
1.355366309866719
1.427185359589228
1.4296914554732143
1.4316763875504832
1.4325270467871276
1.434322998111461
1.4346264889668447
1.4360557116883788
1.4377436818942504
1.5373489046528859
1.54138622031798
1.5464109029220456
1.5499729788500818
1.5504384746075226
1.5513617016106636
1.5524461470771442
1.5541299009808536
1.6963878643872063
1.6972836543645733
1.698461231529038
1.6988816480935904
1.701057967991706
1.7011539452722015
1.70254955095574
1.7037061728696656
1.8695518975070862
1.8740424811469059
1.878092133388209
1.8800476843865408
1.8802802598849309
1.8806768619023828
1.8810823659006872
1.881567322985035
2.0851883555579422
2.085576411381264
2.086458688426342
2.087137550688062
2.0890371293319525
2.0893263572659984
2.0903748449305595
2.0931815682553907
2.3183473670258126
2.319687083466106
2.3212855574555795
2.322244697426413
2.323307891638813
2.324771972648678
2.3249954829048396
2.3256445052230466
2.576216289173467
2.5764967013210365
2.5773068749656916
2.577683621274065
2.5791859220147453
2.580029852127791
2.5803762835854056
2.5844121901396258
2.8475898607292325
2.8541484735664495
2.861025751534292
2.8679344293432174
2.874615985758053
2.8808498189742844
2.88645542455206
2.891290837208864
-2.863539372427018
-2.8566483448848574
-2.849833279277931
-2.843388499988024
-2.8376163550102516
-2.8327934164298023
-2.8291296433622444
-2.8267329443969014
-2.572406428570777
-2.572375889487353
-2.5713297179423997
-2.5709604803187025
-2.5698464423834797
-2.568551106505963
-2.567758436493686
-2.5627539465672142
-2.3054322080354184
-2.303319929931519
-2.301637377506953
-2.3015244767165766
-2.2995173605099186
-2.2989464554437444
-2.2980481657003535
-2.2977425721534512
-2.0501021970228104
-2.050081140248252
-2.048833852141182
-2.0484987905548206
-2.0469738471820977
-2.0455951858486228
-2.045408491579924
-2.0421131718739303
-1.8223193764237477
-1.8188612828208248
-1.815354905658062
-1.8130408503504856
-1.8127827934355718
-1.8126002013748042
-1.811816828730242
-1.8116431114715665
-1.5992979709597055
-1.5991870799959977
-1.5980341676237542
-1.5978024905250634
-1.5961793368534807
-1.59574760532724
-1.5947217155782316
-1.5941848791122855
-1.4117390616357892
-1.4096534648437895
-1.4070678651842403
-1.404975000485225
-1.4041219574047326
-1.4034609468101578
-1.402700969331089
-1.4021742410189344
-1.2376712716393221
-1.236595469879688
-1.235450123609266
-1.2350362308107459
-1.2333767177463437
-1.2322478792048535
-1.2303021956183313
-1.2278479806479632
-1.106087606853101
-1.0995786163032695
-1.0944289948058135
-1.091824489053724
-1.0889758644447227
-1.0873313092157624
-1.0841482633692634
-1.0805500177551486
-0.9857019337010876
-0.984345403812965
-0.9810907434805403
-0.9783349235728662
-0.9741760080625909
-0.9685964726437659
-0.9611398082799361
-0.9508274714703032
-0.9040573340217324
-0.8912213707428026
-0.8860783581454278
-0.884494961408396
-0.8800546232483482
-0.8782800192220391
-0.8753722505594056
-0.8689874141823085
-0.8368850669881892
-0.8325212128767532
-0.8304684084708068
-0.8278130378940718
-0.825577222771588
-0.8218157315086998
-0.8189754965973033
-0.8132602299519749
-0.8048969172728179
-0.79066858358172
-0.7880791389626869
-0.7855852096187593
-0.7845273731411108
-0.7824076406119074
-0.7805503308074937
-0.7784153951290498
-0.7762402491566819
1.2459191781390808
1.2470992613232772
1.2485485979839257
1.2500730059279204
1.2527223939524506
1.2543503670428922
1.2571548504012913
1.2603251801385258
1.265264022294407
1.277511856985376
1.282903735659573
1.2857001386317541
1.290631073742923
1.2942273391758181
1.2983580422422047
1.3023769115504247
1.3086374061738888
1.334522395310857
1.3397229354126636
1.3436269685537254
1.346244576817773
1.3496476173742473
1.3517485051973037
1.354842535490387
1.3553169232419582
1.4271853290776788
1.4296919245052688
1.431672009308934
1.4325344598557568
1.4343025388675579
1.4346449291419072
1.4360541470264485
1.4377437922766796
1.537348904655156
1.5413862202976523
1.5464109031990958
1.5499729632481045
1.5504385008248502
1.5513616867819822
1.5524461513583816
1.5541299006539535
1.6963878644171446
1.6972836542067828
1.6984612323213912
1.6988816472835018
1.7010579707415698
1.7011539425964262
1.7025495510367694
1.7037061728601308
1.869551897507086
1.874042481146906
1.8780921333882106
1.8800476843865304
1.8802802598849508
1.8806768619023648
1.8810823659007012
1.8815673229850374
2.0851883555579427
2.0855764113812683
2.08645868842634
2.0871375506880616
2.0890371293319596
2.0893263572659997
2.0903748449305604
2.093181568255392
2.3183473670258112
2.319687083466103
2.3212855574555764
2.322244697426411
2.3233078916388106
2.3247719726486795
2.3249954829048343
2.3256445052230488
2.576216289173464
2.5764967013210414
2.5773068749656933
2.5776836212740717
2.5791859220147417
2.5800298521277947
2.5803762835854043
2.5844121901396293
2.8475898607292325
2.8541484735664477
2.861025751534295
2.8679344293432143
2.87461598575805
2.880849818974284
2.88645542455206
2.8912908372088704
-2.8618246084730803
-2.854926344320377
-2.8481754774266563
-2.841870855497659
-2.8363119753935955
-2.8317626318087727
-2.82841004128405
-2.8263331438550328
-2.572499269483986
-2.5721978353765946
-2.571656207611673
-2.5703307305867913
-2.570224135717051
-2.5688235865023445
-2.566672420268774
-2.5612407873276335
-2.306480310358813
-2.302931596213011
-2.3025045080129156
-2.301012797916735
-2.2994890214673647
-2.2990717337834603
-2.2978963358728195
-2.2978433799081763
-2.050236177429622
-2.049832860663429
-2.0492385573369236
-2.0478753316295637
-2.0474467376530874
-2.045723991024923
-2.0447409041025977
-2.0412739955457937
-1.8230378783298302
-1.819775510494115
-1.8161759669468989
-1.8133004763635152
-1.8130152600020888
-1.8123977543436924
-1.8117949661397625
-1.8116762850318424
-1.5994008114923302
-1.5989632172044015
-1.598437234933801
-1.597309495654825
-1.5966466139464919
-1.5952645631408795
-1.5949924294841826
-1.5940273990909806
-1.4120366609329826
-1.4102465673394313
-1.4077080112586708
-1.4053994056092793
-1.404244776813639
-1.4036387057198016
-1.4028656807596396
-1.4022806329910216
-1.2376787061960377
-1.2366298426772795
-1.2357345619142979
-1.2348826657015117
-1.233573411375764
-1.232283311623254
-1.2303361614836699
-1.2278503562936307
-1.1060890366140887
-1.099582643058007
-1.0947210680540977
-1.0918102046967784
-1.0899132508440372
-1.0870852176692134
-1.0845965229418335
-1.0811435216509653
-0.9860540498199921
-0.9840683835148888
-0.981593831085077
-0.9780294831410454
-0.9744444574351989
-0.9685688846677726
-0.9611451323324695
-0.9508272350166733
-0.9040604942352052
-0.8913033411377956
-0.8866367397284383
-0.8846398501143763
-0.8802960142390331
-0.8784296143783372
-0.8756709028980056
-0.8699393613477432
-0.8371118874071063
-0.8323053471151717
-0.831006045941325
-0.8270214764867695
-0.8263313725148744
-0.8217586631517324
-0.8192065800877141
-0.8132887506126918
-0.8057540184508112
-0.7907432204875696
-0.7878566373190842
-0.7862619068738519
-0.7840839126217566
-0.7828627236476413
-0.7806440470207102
-0.7784935267261147
-0.7762493158066097
1.2459095960616944
1.2467818561617645
1.248285582404784
1.249772848071112
1.252441586531902
1.2540785492756705
1.256990490989558
1.259987623695306
1.26492432096696
1.2771475285195286
1.2826254214840775
1.2856546908974003
1.2904914337801434
1.2941469418050593
1.2982786389999494
1.3023431235105312
1.3086305919939785
1.3339739219280977
1.3390860594244163
1.3430177392851466
1.3456789825807765
1.3491127283754691
1.3514184786227212
1.3542786827804574
1.3551974275554075
1.427184524201755
1.4297087396013637
1.431525338447849
1.4328488393758891
1.433827516561613
1.434899003609775
1.4359843133537318
1.4376760757461504
1.5367586167532306
1.5401886334562915
1.5451941410296663
1.5494065452454115
1.5503013280835718
1.5513190442265545
1.5524323220158571
1.554128535162923
1.6963913275108156
1.6972785702637616
1.69837238252169
1.6990595158864976
1.7005371731538625
1.7018668456682418
1.702306933549723
1.704115795047244
1.868532666269264
1.8729076300124423
1.8771885011398404
1.8800031927271812
1.880197995364752
1.8804555607775626
1.8812490060000773
1.8815210321565243
2.085331370477824
2.085353979135685
2.0866794336135364
2.087040945555157
2.088581460744547
2.0901365270822847
2.090231851490149
2.094186575278453
2.317232220342511
2.320008494320146
2.3213782922688924
2.321780287790835
2.323790964258709
2.324291524716311
2.3252789060191743
2.325580973954404
2.5763206152171265
2.5763462768021936
2.577332926868804
2.5778295333679995
2.5788152893711693
2.5801412067286176
2.580973798844458
2.5857496243063003
2.8491833288292656
2.8558494888628987
2.8627606691000453
2.8696354118610543
2.8762241509029343
2.882316300082605
2.8877412227775405
2.892366142440821
-2.861824608473086
-2.854926344320379
-2.8481754774266577
-2.841870855497655
-2.8363119753935946
-2.831762631808772
-2.8284100412840467
-2.826333143855033
-2.5724992694839823
-2.572197835376592
-2.5716562076116736
-2.570330730586795
-2.5702241357170563
-2.568823586502344
-2.5666724202687754
-2.561240787327635
-2.306480310358813
-2.3029315962130106
-2.3025045080129165
-2.301012797916734
-2.2994890214673647
-2.29907173378346
-2.297896335872818
-2.297843379908177
-2.0502361774296216
-2.0498328606634284
-2.0492385573369223
-2.047875331629565
-2.047446737653088
-2.045723991024924
-2.0447409041025977
-2.0412739955457924
-1.8230378783298309
-1.8197755104941153
-1.8161759669469006
-1.8133004763635159
-1.813015260002089
-1.8123977543436942
-1.8117949661397617
-1.8116762850318429
-1.5994008114923293
-1.598963217204405
-1.5984372349337954
-1.5973094956548346
-1.5966466139464852
-1.595264563140889
-1.5949924294841764
-1.5940273990909806
-1.4120366609387247
-1.4102465673007756
-1.4077080115166556
-1.4053994031656827
-1.4042447872412638
-1.403638692424556
-1.4028656876772856
-1.402280631159522
-1.2376969667934081
-1.2363738766071826
-1.2361676120720932
-1.234426460686397
-1.2339128684650762
-1.232190314555535
-1.230351610932724
-1.2278493071507595
-1.1060893393470894
-1.0995757286300636
-1.094793501845394
-1.0914568293802402
-1.090327219843755
-1.0868902541924754
-1.0846721578598908
-1.0811364345792798
-0.9859191625923518
-0.984474148568169
-0.9808924766619499
-0.9786971587637608
-0.9741364133747398
-0.9686531597933703
-0.9611303476953278
-0.9508286164675724
-0.9040598222243418
-0.8913275038051566
-0.8864230753695277
-0.8849173524613362
-0.8800908086512785
-0.8785536838478273
-0.8756665944387662
-0.8699374295915486
-0.837111691433316
-0.832468420401544
-0.8305001791876738
-0.8282979749463464
-0.8248581328883338
-0.8225914189039976
-0.818871343069025
-0.8133368236526833
-0.8057473527321163
-0.7907536213983539
-0.7878176737020017
-0.7863047227612427
-0.7840686596297654
-0.7828620012224254
-0.7806474438532218
-0.77849259009872
-0.776249403028898
1.2459096725570038
1.246780763084674
1.248292853295198
1.2497549464178965
1.2525003693590329
1.2539968421357428
1.2570564277245355
1.2599436931818595
1.2649420956034558
1.2770887905216006
1.2831150163587415
1.284890658916311
1.2918584253014276
1.2927475969292517
1.2988602128391753
1.3020934633245353
1.3086601735993308
1.33394931341937
1.3392219003188437
1.3426702304114801
1.346157702436489
1.3486992135795153
1.3516543619308103
1.354169708545685
1.3552404139083545
1.42718455271055
1.4297082495135143
1.4315285116824192
1.4328395520818638
1.4338392390477417
1.4348920421781208
1.4359862525738574
1.4376759511116515
1.5367586167449858
1.5401886335018156
1.5451941407191097
1.549406553132172
1.5503013104520411
1.5513190588294667
1.5524323170018146
1.5541285355920944
1.6963913275225604
1.6972785702018913
1.6983723827277297
1.6990595156575015
1.7005371732853622
1.7018668455286192
1.702306933632786
1.704115795045395
1.868532666269263
1.8729076300124385
1.8771885011398435
1.880003192727149
1.8801979953648267
1.88045556077752
1.881249006000086
1.881521032156518
2.0853313704778267
2.0853539791356877
2.0866794336135386
2.0870409455551564
2.088581460744551
2.0901365270822834
2.0902318514901475
2.094186575278451
2.317232220342506
2.320008494320141
2.321378292268887
2.321780287790833
2.323790964258707
2.3242915247163056
2.3252789060191725
2.3255809739544095
2.576320615217122
2.576346276802196
2.577332926868803
2.5778295333679986
2.5788152893711693
2.5801412067286225
2.5809737988444588
2.5857496243063025
2.8491833288292687
2.8558494888628965
2.8627606691000507
2.869635411861047
2.8762241509029343
2.8823163000826026
2.887741222777543
2.892366142440823
-2.8618246084730803
-2.8549263443203783
-2.8481754774266532
-2.8418708554976533
-2.836311975393592
-2.8317626318087723
-2.828410041284045
-2.8263331438550314
-2.5724992694839828
-2.57219783537659
-2.571656207611672
-2.5703307305867984
-2.5702241357170537
-2.568823586502344
-2.5666724202687736
-2.561240787327635
-2.306480310358813
-2.3029315962130115
-2.3025045080129165
-2.301012797916734
-2.299489021467366
-2.29907173378346
-2.2978963358728195
-2.297843379908177
-2.0502361774296243
-2.049832860663431
-2.0492385573369245
-2.0478753316295646
-2.047446737653087
-2.045723991024923
-2.044740904102597
-2.0412739955457937
-1.8230378783298296
-1.819775510494115
-1.816175966946899
-1.8133004763635152
-1.8130152600020888
-1.8123977543436933
-1.8117949661397637
-1.8116762850318424
-1.5994008114923277
-1.5989632172044064
-1.5984372349337925
-1.597309495654838
-1.596646613946482
-1.5952645631408913
-1.5949924294841733
-1.594027399090981
-1.4120366609433748
-1.4102465672703723
-1.407708011711214
-1.4053994013918176
-1.4042447946675667
-1.4036386830503425
-1.4028656924928997
-1.4022806298968769
-1.2376901945899048
-1.2365143879850127
-1.2359706518601534
-1.2346255777980546
-1.2337467347866453
-1.232226693173232
-1.230345011227937
-1.227849765844019
-1.106088794253821
-1.0995895469922359
-1.094625472889212
-1.0921466010170118
-1.0894190271696746
-1.0874342662510894
-1.0844799741383622
-1.081157784089699
-0.9858273701327351
-0.9846625073071114
-0.9805617445896239
-0.9789808882273321
-0.97407950821039
-0.9686595350891387
-0.961131723084308
-0.9508281823778919
-0.904060941503884
-0.8912585898937784
-0.88704545538818
-0.8837254645416714
-0.8814574088914278
-0.8773899715744928
-0.8761143725730979
-0.8699240681286573
-0.8371051324388618
-0.8326345427116391
-0.8297327775571828
-0.829106869418014
-0.8245158146174972
-0.8227082410031895
-0.8189147031339141
-0.8133123212555586
-0.8057546054268085
-0.7907036669894361
-0.7880779836164707
-0.7857687323961021
-0.7846160467684006
-0.7825826802512545
-0.7807115432105038
-0.7784838540586576
-0.7762499597247684
1.2458881467485865
1.2468844418732798
1.2480377388618786
1.2502394455806858
1.2517436326845865
1.2549251163994037
1.2563608541385085
1.2602273806214683
1.264850839392865
1.2772606745779804
1.282183933254351
1.2864058046355982
1.289760703567191
1.2946587524411233
1.2980507240596768
1.302380706486306
1.3086324901563924
1.3339542202800023
1.3392141123138321
1.34265533446797
1.3462364330401626
1.3485926630573568
1.3517312191499313
1.3541196547949985
1.3552598231156543
1.4271845790805406
1.42970777614855
1.4315317424388114
1.4328299370764805
1.4338518785973153
1.434884146570531
1.4359884941541043
1.437675796833887
1.5367586167554965
1.5401886334521417
1.5451941409859136
1.5494065477012395
1.5503013219949242
1.5513190498208538
1.5524323198926202
1.5541285353703163
1.6963913274955513
1.6972785703416995
1.6983723822719516
1.6990595161574469
1.700537173006108
1.7018668458180102
1.7023069334619805
1.7041157950490833
1.8685326662692647
1.87290763001244
1.8771885011398368
1.880003192727157
1.8801979953648011
1.880455560777529
1.88124900600009
1.8815210321565223
2.0853313704778214
2.085353979135682
2.086679433613539
2.087040945555157
2.0885814607445505
2.0901365270822834
2.090231851490147
2.0941865752784485
2.3172322203425093
2.320008494320143
2.3213782922688897
2.3217802877908342
2.323790964258706
2.324291524716304
2.325278906019175
2.32558097395441
2.5763206152171345
2.5763462768022
2.577332926868807
2.577829533367995
2.5788152893711684
2.5801412067286162
2.5809737988444597
2.5857496243063034
2.849183328829271
2.8558494888628965
2.8627606691000516
2.869635411861054
2.8762241509029383
2.8823163000826058
2.8877412227775454
2.8923661424408222
-2.8618246084730834
-2.8549263443203756
-2.848175477426657
-2.8418708554976564
-2.8363119753935933
-2.831762631808772
-2.8284100412840463
-2.826333143855031
-2.5724992694839863
-2.5721978353765964
-2.571656207611672
-2.570330730586792
-2.5702241357170506
-2.5688235865023454
-2.5666724202687763
-2.5612407873276335
-2.3064803103588125
-2.302931596213011
-2.302504508012916
-2.301012797916735
-2.2994890214673647
-2.2990717337834603
-2.29789633587282
-2.2978433799081768
-2.0502361774296225
-2.0498328606634306
-2.0492385573369227
-2.0478753316295655
-2.0474467376530883
-2.045723991024923
-2.044740904102597
-2.041273995545795
-1.8230378783298309
-1.8197755104941147
-1.816175966946901
-1.8133004763635157
-1.8130152600020883
-1.8123977543436927
-1.8117949661397612
-1.811676285031844
-1.599400811492328
-1.5989632172044022
-1.598437234933799
-1.5973094956548295
-1.5966466139464888
-1.5952645631408826
-1.5949924294841795
-1.5940273990909806
-1.4120366609376345
-1.410246567309029
-1.4077080114532294
-1.4053994038354254
-1.4042447842401748
-1.4036386963454301
-1.4028656855751822
-1.40228063172836
-1.237671266815541
-1.2366844811147704
-1.2355360428873745
-1.2350973281994984
-1.2334718592588072
-1.232327450312028
-1.2303297725210074
-1.227850816158204
-1.1060884913464166
-1.0995963655577303
-1.094535241890549
-1.0923697136778927
-1.0890342069712087
-1.0877334192454955
-1.0844189108199571
-1.0811651171426788
-0.9859892695310075
-0.9842653790845385
-0.9813353327359361
-0.9782173408263786
-0.9743759619662535
-0.9685748335819095
-0.961146513208604
-0.9508268011796602
-0.9040616131661338
-0.891232664825461
-0.8871668341691841
-0.8834296173175814
-0.8817027462210785
-0.8773246595992793
-0.8761322081020901
-0.8699259767838067
-0.8371053368515774
-0.8325236081523046
-0.8305310118626955
-0.8278688115834398
-0.8256815720491684
-0.821792420899602
-0.8192569338209502
-0.8132648253744836
-0.805761290912055
-0.7906925675374787
-0.7881083259515307
-0.7857207116786128
-0.7846447228125045
-0.7825847925143574
-0.7807078740010475
-0.7784847755742688
-0.7762498723638949
1.2458880823036955
1.246885863680603
1.2480322337554044
1.250265434239891
1.2516992917948637
1.255028656939819
1.2562552141106171
1.2602653334188472
1.2648323287330805
1.2773269604315505
1.2819080141692136
1.2875698947064014
1.288432739910774
1.2958308084764045
1.2970811883077091
1.3025858742718233
1.3086022904484924
1.3339789053289326
1.3390784627684655
1.3429966201888734
1.3457471879656149
1.3490107411101466
1.3515040286106283
1.354228749201119
1.3552199408284407
1.4271845505698575
1.4297082656965299
1.4315285471526784
1.4328390941081564
1.4338402061696256
1.4348911966393543
1.4359865690240727
1.4376759215383674
1.536758616763741
1.5401886334066233
1.5451941412964667
1.5494065398146157
1.550301339626522
1.5513190352177726
1.5524323249066192
1.5541285349411407
1.6963913274838096
1.6972785704035704
1.698372382065911
1.6990595163864475
1.700537172874611
1.7018668459576376
1.7023069333789196
1.704115795050933
1.8685326662692618
1.8729076300124403
1.877188501139841
1.8800031927271876
1.8801979953647463
1.8804555607775664
1.881249006000072
1.8815210321565188
2.085331370477821
2.085353979135681
2.086679433613535
2.087040945555157
2.0885814607445496
2.090136527082283
2.0902318514901466
2.0941865752784503
2.3172322203425044
2.320008494320142
2.3213782922688897
2.3217802877908356
2.323790964258709
2.3242915247163065
2.3252789060191708
2.325580973954407
2.5763206152171296
2.5763462768021967
2.5773329268688063
2.577829533367997
2.578815289371171
2.580141206728616
2.5809737988444605
2.5857496243063
2.849183328829268
2.855849488862897
2.862760669100047
2.869635411861047
2.8762241509029343
2.882316300082601
2.887741222777543
2.892366142440826
-2.860101771275832
-2.8532134243251988
-2.8465455544844156
-2.8403999904791863
-2.8350710715506153
-2.8308071886118182
-2.8277707612847074
-2.826011176105508
-2.5725504583520427
-2.5719455612064364
-2.571890424345224
-2.5706038540199683
-2.5695878268473944
-2.5691365186139397
-2.565474241917563
-2.5596333723258415
-2.307544288509561
-2.303432908944007
-2.3024955315813136
-2.30049968364127
-2.3001222393552077
-2.298671481932742
-2.298148220107138
-2.2977202574715814
-2.0502815009027153
-2.049592312036067
-2.0494835746976667
-2.0479239816770964
-2.0471759476430726
-2.0460986305943494
-2.043864483174603
-2.040483458028035
-1.8236608605285036
-1.820669229996719
-1.8170443891494077
-1.8139067491318897
-1.8129243843516674
-1.812188923891729
-1.8120285017581128
-1.811598009693188
-1.5994295683599
-1.5987854421758145
-1.5986435216589108
-1.5971227260074872
-1.5967901507383695
-1.5953359634296131
-1.5948345835391267
-1.5939880314166754
-1.412227307587816
-1.4107755634004977
-1.4083641338939024
-1.4058991194354724
-1.4044030613369325
-1.4038090057777906
-1.4030214904064229
-1.4023502507567298
-1.2376820231081134
-1.2367579153706667
-1.235820199144349
-1.234932751271987
-1.2336711890667982
-1.2324014683183786
-1.230389254427427
-1.2278581597423355
-1.1060917138426416
-1.0996213780577389
-1.09502020646384
-1.0922816132176636
-1.0899144755851011
-1.087289476936723
-1.0848663697186998
-1.0816867178716931
-0.9863765976601931
-0.983937974737428
-0.9818755344200673
-0.9779071667980851
-0.9747293066194485
-0.9685837922622804
-0.9611539922359851
-0.9508264016853222
-0.9040689650036658
-0.8913782126852402
-0.8876646212051371
-0.8835140604002755
-0.8819873219817106
-0.8774351828592357
-0.876316720186946
-0.8708057018392391
-0.8374011609480329
-0.8323086542903562
-0.831075979142662
-0.8271320455236706
-0.8263758436012567
-0.8218673499941072
-0.819334250588096
-0.8134724384973311
-0.8064633049326143
-0.7907812809785092
-0.7878659607776639
-0.7863306091555565
-0.7842170545281986
-0.7830127460874785
-0.7808166563116407
-0.7785774963649519
-0.7762643046266022
1.2458307225772898
1.246465977911494
1.2478031507656338
1.2500112423814858
1.2513975316406651
1.2547385848368144
1.2561163845630172
1.2598893251507455
1.2646005254804409
1.27697075632217
1.281600188811276
1.2873972263877194
1.2883119329363482
1.2957450721031287
1.2969388592027409
1.3025260664316496
1.3085874676338978
1.3335149779567956
1.3384627037541421
1.342393930640126
1.345154428110003
1.3484737018509882
1.3511249789394635
1.3536900553561317
1.3551755819553726
1.4271829938830165
1.4297311575881664
1.4314209946246248
1.4332192255711267
1.4334335580758675
1.4349149827412333
1.43579830241298
1.4376155832038537
1.5363879146536517
1.5390928205707746
1.543927148411583
1.5485573221828606
1.550290041619702
1.5512255428361248
1.552399496534003
1.5541289969433012
1.69636876099788
1.6974674481320575
1.697955120801743
1.6997239854644646
1.6999866496274705
1.7019743803428662
1.7025428632545334
1.7043879938066395
1.8676055005768086
1.8717649388535027
1.8762018618029317
1.8796046181479416
1.8800286520359624
1.8806612332113135
1.8812659353726822
1.8814924361345282
2.0851938298053354
2.085606745482484
2.0862573210473387
2.087719190696596
2.0881033282212353
2.0898269867404693
2.0911868459819147
2.0951721311682854
2.3160876408919218
2.32038870614645
2.3204328579603293
2.3222903419290293
2.323707471745471
2.3242408725377643
2.3254160968848185
2.3254869367666005
2.5762101400093775
2.576568455381219
2.5770118915112796
2.5784347389681495
2.5784571823962787
2.5798583747451116
2.582020678580273
2.5871757535857
2.850810709349992
2.8575657357733806
2.8644931473307715
2.8713183249609004
2.877801082268652
2.8837408941264826
2.8889768511918126
2.8933851672367887
-2.8601017712758323
-2.853213424325199
-2.846545554484424
-2.8403999904791872
-2.835071071550616
-2.830807188611819
-2.827770761284707
-2.8260111761055042
-2.572550458352042
-2.5719455612064355
-2.571890424345226
-2.570603854019971
-2.5695878268473904
-2.5691365186139374
-2.56547424191756
-2.55963337232584
-2.307544288509561
-2.303432908944006
-2.302495531581314
-2.3004996836412697
-2.300122239355207
-2.298671481932742
-2.2981482201071373
-2.297720257471582
-2.0502815009027158
-2.0495923120360664
-2.049483574697662
-2.047923981677096
-2.047175947643072
-2.046098630594347
-2.0438644831746036
-2.040483458028034
-1.8236608605285067
-1.8206692299967193
-1.817044389149407
-1.8139067491318899
-1.812924384351668
-1.8121889238917301
-1.8120285017581133
-1.8115980096931878
-1.5994295683598974
-1.5987854421758267
-1.5986435216588972
-1.5971227260074996
-1.5967901507383544
-1.5953359634296171
-1.594834583539123
-1.5939880314166763
-1.4122273075958962
-1.4107755633616972
-1.4083641340681587
-1.4058991182734957
-1.4044030677345372
-1.4038089970061294
-1.4030214948540323
-1.40235024970162
-1.2377049996577065
-1.2365292623592523
-1.236216267172016
-1.2344461951380534
-1.2340478604257497
-1.2323075195103819
-1.2304036688835267
-1.2278571873009958
-1.1060921163103505
-1.0996112752918576
-1.0951180551456479
-1.091910315645434
-1.0903764225916286
-1.086999066817258
-1.084991034096239
-1.081673665654287
-0.9863323767839004
-0.9841518915862665
-0.9815305278920334
-0.9782333503696735
-0.9745407319351445
-0.9686294277898776
-0.9611451720117342
-0.9508273129307578
-0.9040677687295816
-0.8914599472053698
-0.8871853441026315
-0.8847211517927023
-0.8805033378814014
-0.8786065762989251
-0.8758007978466158
-0.8708258585914378
-0.8374007392900588
-0.8324757662805149
-0.8305730080649459
-0.8283709578712587
-0.8249226436592457
-0.8227169119417278
-0.8189908087437272
-0.813523501126444
-0.8064559351341706
-0.7907909525291668
-0.7878272764442544
-0.7863740689361634
-0.7842015702702424
-0.7830120085868528
-0.7808199194655434
-0.7785766681997655
-0.7762643787806147
1.2458836173218415
1.2463346765196222
1.2480658466416936
1.2494872037538336
1.2521644526549731
1.2538027424608815
1.2568588317864884
1.259583399575873
1.2646932771750368
1.2767950525110823
1.2822662551187518
1.2855615962726175
1.2903316583891964
1.2940422959233648
1.2981633561747943
1.3022806719056839
1.3086167824103712
1.3335093224831442
1.3384712007183834
1.3424145969026375
1.3450885403975321
1.3485661676143694
1.351048576243827
1.3537268068140447
1.3551644459299304
1.4271830268747616
1.4297305593975227
1.431424091659308
1.4331816315662533
1.4334736446027334
1.4349073737666638
1.4358010084669868
1.437615461766195
1.5363879146459565
1.5390928205971823
1.543927148325696
1.5485573228992466
1.550290039173117
1.55122554541835
1.5523994956778255
1.5541289970146397
1.6963687610194278
1.6974674478871359
1.697955121149167
1.6997239844767533
1.699986650557731
1.701974380198651
1.7025428633345463
1.7043879938042477
1.8676055005768102
1.8717649388535005
1.8762018618029324
1.8796046181479398
1.8800286520359626
1.8806612332113155
1.881265935372685
1.8814924361345309
2.08519382980534
2.0856067454824876
2.0862573210473467
2.0877191906965975
2.088103328221235
2.0898269867404675
2.091186845981914
2.0951721311682845
2.316087640891916
2.3203887061464514
2.320432857960331
2.3222903419290297
2.3237074717454673
2.3242408725377666
2.3254160968848185
2.325486936766597
2.5762101400093824
2.576568455381219
2.5770118915112805
2.5784347389681477
2.5784571823962743
2.5798583747451054
2.5820206785802706
2.5871757535857003
2.8508107093499904
2.8575657357733775
2.864493147330769
2.8713183249608965
2.8778010822686513
2.8837408941264826
2.888976851191811
2.893385167236789
-2.8601017712758314
-2.8532134243252023
-2.846545554484419
-2.8403999904791895
-2.835071071550613
-2.83080718861182
-2.8277707612847025
-2.8260111761055065
-2.572550458352045
-2.571945561206441
-2.5718904243452263
-2.5706038540199714
-2.5695878268473904
-2.5691365186139388
-2.5654742419175607
-2.559633372325842
-2.307544288509561
-2.3034329089440067
-2.302495531581314
-2.3004996836412697
-2.3001222393552085
-2.2986714819327405
-2.2981482201071386
-2.2977202574715823
-2.0502815009027158
-2.0495923120360673
-2.049483574697665
-2.0479239816770978
-2.0471759476430735
-2.0460986305943485
-2.043864483174603
-2.0404834580280333
-1.823660860528505
-1.8206692299967184
-1.8170443891494077
-1.8139067491318899
-1.8129243843516671
-1.8121889238917297
-1.8120285017581144
-1.8115980096931894
-1.5994295683599007
-1.5987854421758345
-1.5986435216588888
-1.5971227260075052
-1.5967901507383497
-1.5953359634296194
-1.5948345835391222
-1.5939880314166768
-1.4122273076023113
-1.4107755633316303
-1.408364134197892
-1.405899117443057
-1.4044030721945073
-1.4038089909511324
-1.4030214978842868
-1.4023502489907465
-1.2376965980219599
-1.236645383059211
-1.23604686905154
-1.2346686626090821
-1.2338564318225067
-1.2323438414979802
-1.2303975655050219
-1.227857608882187
-1.1060914808317261
-1.0996285379011919
-1.094929787492252
-1.0925497353869829
-1.0894862133699703
-1.0876377298589328
-1.0847451857735693
-1.0817032822915538
-0.9861855611765147
-0.9846075078499829
-0.9805746910835412
-0.9791370593130165
-0.9742126981205913
-0.9687131154336892
-0.9611316836004032
-0.9508284969257697
-0.9040670452551363
-0.8914879594976997
-0.8870105966643297
-0.8849580737604144
-0.8802960229647748
-0.8787302683717712
-0.8757973583460731
-0.8708234073202221
-0.8373960346099218
-0.8326350715472246
-0.8298530874019426
-0.8291353413826905
-0.8245734336399593
-0.8228433270567829
-0.8190340862148888
-0.8134978350470317
-0.8064635380770544
-0.7907439386150412
-0.7880899196364097
-0.7858079833895819
-0.7847762761782452
-0.782731392997557
-0.7808819716603268
-0.7785690627042445
-0.7762648418746475
1.2458847647879012
1.2463317231570612
1.2480774684425693
1.2494622855805233
1.25223625992698
1.2537076623689951
1.2569372880909946
1.2595298633605665
1.2647123569965437
1.2767354385287837
1.282697420901081
1.284850236403693
1.291723219250771
1.2926118112680371
1.298766299577186
1.3020206543928863
1.308648330920978
1.333480978542483
1.3386182517628735
1.3420560219971576
1.3455582234740417
1.3481851738752078
1.3512597579157455
1.3536443768429551
1.3551855053325863
1.4271830526347236
1.429730025831769
1.4314271282569013
1.4331503903557694
1.4335081665013196
1.4348984846240724
1.4358042483054547
1.4376153015917754
1.5363879146528883
1.5390928205762626
1.54392714837711
1.5485573226165312
1.5502900399232522
1.551225544760842
1.5523994958349303
1.5541289970101972
1.6963687610306808
1.6974674477570408
1.6979551213350765
1.699723983934012
1.6999866510708874
1.7019743801167566
1.7025428633803514
1.7043879938028408
1.86760550057681
1.871764938853501
1.8762018618029335
1.8796046181479373
1.8800286520359704
1.8806612332113117
1.881265935372692
1.8814924361345249
2.0851938298053416
2.085606745482488
2.086257321047344
2.0877191906965975
2.0881033282212336
2.0898269867404675
2.0911868459819125
2.095172131168283
2.316087640891918
2.3203887061464497
2.3204328579603284
2.322290341929033
2.323707471745464
2.3242408725377666
2.3254160968848105
2.3254869367665965
2.576210140009383
2.576568455381221
2.5770118915112854
2.578434738968151
2.578457182396281
2.579858374745113
2.582020678580276
2.587175753585693
2.8508107093499935
2.857565735773382
2.8644931473307693
2.871318324960899
2.877801082268652
2.883740894126486
2.888976851191812
2.893385167236791
-2.8601017712758323
-2.853213424325195
-2.846545554484419
-2.8403999904791872
-2.835071071550614
-2.830807188611817
-2.8277707612847043
-2.826011176105507
-2.5725504583520427
-2.5719455612064404
-2.5718904243452294
-2.5706038540199696
-2.569587826847394
-2.569136518613936
-2.565474241917557
-2.559633372325841
-2.307544288509561
-2.303432908944007
-2.3024955315813136
-2.3004996836412697
-2.3001222393552085
-2.298671481932742
-2.298148220107139
-2.297720257471583
-2.0502815009027167
-2.0495923120360646
-2.049483574697665
-2.047923981677096
-2.047175947643072
-2.0460986305943485
-2.043864483174603
-2.0404834580280333
-1.8236608605285043
-1.8206692299967189
-1.8170443891494077
-1.8139067491318894
-1.8129243843516674
-1.8121889238917297
-1.8120285017581133
-1.811598009693188
-1.5994295683598998
-1.598785442175821
-1.598643521658904
-1.5971227260074916
-1.5967901507383626
-1.5953359634296154
-1.5948345835391264
-1.5939880314166752
-1.4122273075942309
-1.4107755633704318
-1.408364134023635
-1.4058991186050371
-1.4044030657970046
-1.4038089997227297
-1.403021493436645
-1.4023502500458527
-1.2376724906068448
-1.236812759176346
-1.2356357821637325
-1.235137872986977
-1.2335660751829716
-1.2324460676318787
-1.2303833303977207
-1.2278585823053858
-1.1060910780883053
-1.0996384578071687
-1.094804003655748
-1.0928261353290012
-1.0888777970434222
-1.0881682128078551
-1.0846492631089841
-1.0817170052070806
-0.9862447730560391
-0.9844397207693273
-0.9810351421759927
-0.978668731393327
-0.9743688386162518
-0.9686655529580659
-0.9611404444949434
-0.9508275851590933
-0.904068241944658
-0.8914086967977596
-0.8875465273988274
-0.8838244623298762
-0.8817202265368869
-0.8775014472301852
-0.8762978352008278
-0.8708032984539231
-0.8373964621980801
-0.8325217769927968
-0.8306122449743343
-0.8279461935052228
-0.8257489328626337
-0.8219042133041373
-0.8193843525417825
-0.8134473993491507
-0.8064709341842408
-0.7907336515135206
-0.78811939930369
-0.7857565018267857
-0.7848084949033244
-0.7827335199127478
-0.7808784387458354
-0.7785698793149779
-0.7762647676244708
1.2458314972276952
1.2464629000434866
1.2478117482381264
1.2499757264096651
1.2514534871741338
1.2546281536577637
1.2562300525817867
1.259845064668422
1.2646203824026845
1.2769038680998301
1.2818684965062852
1.2862525424785094
1.2896384788254085
1.2945256606641324
1.2979523865798575
1.3023122517634362
1.3086196848806464
1.3334865326973862
1.3386095305664814
1.3420416087261289
1.3456324693446593
1.348087468790657
1.3513299358047726
1.353605446563906
1.3551959990022968
1.4271830196408077
1.4297306232460223
1.4314240146155102
1.4331795051333098
1.4334764853672113
1.4349061512481105
1.4358015757519362
1.4376154230993068
1.5363879146605852
1.539092820549858
1.5439271484629917
1.5485573219001538
1.5502900423698383
1.551225542178613
1.5523994966911063
1.5541289969388576
1.6963687610091338
1.6974674480019623
1.6979551209876544
1.699723984921723
1.6999866501406313
1.7019743802609724
1.7025428633003405
1.7043879938052375
1.8676055005768093
1.871764938853502
1.8762018618029344
1.8796046181479384
1.880028652035969
1.8806612332113073
1.8812659353726886
1.8814924361345289
2.085193829805339
2.0856067454824876
2.0862573210473414
2.0877191906965975
2.088103328221234
2.0898269867404697
2.091186845981916
2.0951721311682894
2.31608764089192
2.3203887061464537
2.3204328579603333
2.32229034192903
2.3237074717454673
2.3242408725377586
2.325416096884811
2.3254869367666005
2.5762101400093833
2.5765684553812203
2.5770118915112867
2.5784347389681477
2.57845718239628
2.579858374745106
2.582020678580271
2.5871757535857025
2.850810709349994
2.8575657357733806
2.8644931473307738
2.871318324960899
2.8778010822686544
2.8837408941264857
2.888976851191808
2.8933851672367936
-2.858374941253508
-2.8515141763148946
-2.8449483046005906
-2.838980388421084
-2.8338971607876116
-2.8299290305750424
-2.827211864371231
-2.825765353259143
-2.5725218494922744
-2.572188453817472
-2.5714793216986793
-2.570975676279016
-2.5694806521841267
-2.5687304887075135
-2.5641667699242783
-2.557938829559427
-2.3086110392319745
-2.3044124757436393
-2.302022669020095
-2.30084062168307
-2.2999972215220423
-2.298498640736356
-2.2983270791314814
-2.2976850262925193
-2.0502314842064737
-2.0498832500847524
-2.0490372280782974
-2.0483910954638547
-2.0465197590298296
-2.04641164471811
-2.042982706383541
-2.0397596591982667
-1.8241710938089255
-1.8215235077151
-1.817945016802295
-1.814594665123643
-1.812781453386507
-1.8123581494823873
-1.8119897891312424
-1.8115831338351966
-1.5993698342358775
-1.5990642183879296
-1.5982521975101063
-1.5975907572013304
-1.5962629626352147
-1.5957363506703686
-1.5944826837408803
-1.5940768018545555
-1.4123139584391926
-1.4112102910142033
-1.409018536368501
-1.4064599358021062
-1.404639800205917
-1.403953077208192
-1.4031655275214807
-1.402406315752884
-1.2376913104129255
-1.2369356696547011
-1.235898674810391
-1.2349802066950257
-1.2337548949389583
-1.2325549589083054
-1.2304790007209516
-1.2278762379407275
-1.1060983116251246
-1.0997081267417743
-1.0954492125153703
-1.0925613949473703
-1.0898679118729457
-1.0874772434976683
-1.0850964547493127
-1.0821534663513692
-0.9866328541937406
-0.9842805994176921
-0.9813575364715038
-0.9785174505715023
-0.9746667283222882
-0.9687570154683983
-0.9611571095938936
-0.9508272630224769
-0.9040831906678684
-0.8916697200992719
-0.8879457951972329
-0.8838986039217614
-0.8819411415975359
-0.8776779738140587
-0.87632368830242
-0.8715786304268337
-0.8377600670242732
-0.8323099821425628
-0.8311685751384137
-0.8272661819777318
-0.8263964353194586
-0.8220845818729601
-0.8193180275791432
-0.8138764000969692
-0.806975527563353
-0.7908258509518998
-0.7878681147750597
-0.7863740415786281
-0.7842892320389282
-0.783173153544172
-0.7809922495331534
-0.7786806893594924
-0.7762868060812855
1.245557780898945
1.2461070725493413
1.2476380460654475
1.249717206307054
1.2511691176710882
1.2543379447715934
1.256106842956928
1.259438767339589
1.264469949869621
1.2765637230606945
1.281486538618475
1.286028973848434
1.28949283882788
1.2943662917470276
1.2978152547637953
1.3022003318782382
1.3085937421506655
1.3331109114657564
1.3380543019126954
1.341434975558335
1.345025691409409
1.34755880375677
1.350884701718691
1.3531667382056336
1.355163604937469
1.4271837459125265
1.42971381057026
1.4315289810059864
1.4327677377117232
1.4337948371767304
1.4347492238560915
1.43542644514822
1.4376102441616292
1.536248483714091
1.538141188976784
1.5426454066137476
1.5475435035879195
1.550268627425662
1.5510198637707255
1.5523763119390552
1.5541285918718102
1.6963656432807686
1.697470425164356
1.6979830086391392
1.6994271470715974
1.700430836934175
1.7015644804376273
1.7031520224840822
1.7045007739749725
1.8667951381060348
1.8706382761560774
1.8751472751160985
1.8789005740539777
1.8801186918239667
1.8808752955591315
1.8810409156078862
1.8815497820110922
2.085140434148513
2.085885235555019
2.0859791192059407
2.0876171138642077
2.088484597663613
2.089456619275003
2.0921756934145295
2.09611906948828
2.3149292184085204
2.3194186331733806
2.320817933910522
2.32280362117069
2.323023424315809
2.3246460467018237
2.325146907446766
2.325611192665164
2.5761730116286103
2.576730070009237
2.576887427481344
2.5780541961762693
2.579190653244453
2.579536825030953
2.5831679047206912
2.5886856622711583
2.852467321858885
2.859292649278386
2.8662190621381387
2.872979639842253
2.8793438846509396
2.885121315660911
2.8901605863169193
2.894346700782647
-2.8583749412535107
-2.8515141763148946
-2.84494830460059
-2.838980388421086
-2.833897160787605
-2.829929030575044
-2.8272118643712334
-2.8257653532591407
-2.57252184949227
-2.572188453817472
-2.5714793216986833
-2.5709756762790192
-2.5694806521841302
-2.5687304887075055
-2.56416676992428
-2.5579388295594243
-2.3086110392319714
-2.304412475743642
-2.3020226690200936
-2.300840621683067
-2.2999972215220392
-2.298498640736357
-2.2983270791314787
-2.297685026292518
-2.050231484206465
-2.0498832500847537
-2.0490372280783014
-2.0483910954638533
-2.0465197590298283
-2.0464116447181078
-2.0429827063835417
-2.0397596591982645
-1.8241710938089273
-1.821523507715097
-1.817945016802294
-1.8145946651236458
-1.812781453386508
-1.8123581494823906
-1.8119897891312398
-1.8115831338351978
-1.5993698342358758
-1.599064218387936
-1.5982521975101023
-1.5975907572013366
-1.596262962635211
-1.5957363506703732
-1.5944826837408765
-1.5940768018545561
-1.4123139584530966
-1.4112102909659139
-1.409018536508607
-1.4064599351743599
-1.404639803672964
-1.403953072040063
-1.4031655303610764
-1.4024063151363884
-1.2377214339445748
-1.236752011989644
-1.2362332920612733
-1.234468814104325
-1.2341711480528161
-1.2324564062023176
-1.2304924813516673
-1.2278753663730242
-1.1060987819679033
-1.0996956918926801
-1.0955471689589895
-1.0922225999003665
-1.0903387222811705
-1.0871123812709262
-1.085262148928333
-1.082134626720952
-0.9866574831508844
-0.9841662654157628
-0.9815808846298836
-0.9782935361479096
-0.9747810117160656
-0.9687277640273243
-0.9611630268146103
-0.950826561723788
-0.9040840014826282
-0.8916378029786867
-0.8880567093553431
-0.8835780170767173
-0.8822273219198002
-0.8776135795443476
-0.8763396959798846
-0.8715816659344392
-0.8377593621386765
-0.8324897322738284
-0.8306555248053595
-0.8284607988748462
-0.824949712771307
-0.822950865697847
-0.818987171826173
-0.8139339909385067
-0.8069679334002988
-0.7908347711403153
-0.7878303157832154
-0.7864173844074746
-0.7842735030330784
-0.7831725312124606
-0.7809954897888319
-0.7786799320215959
-0.7762868700360506
1.2455563051385046
1.2461114002261502
1.2476264363452207
1.2497633728382522
1.2511007113000663
1.254455324397934
1.2559837875126758
1.259490315862976
1.2644489551279514
1.2766338627496763
1.281221722127989
1.2871086129994311
1.2882163943297817
1.2956380109995134
1.2967518912680818
1.302421823952924
1.3085599320362697
1.3331444576258764
1.3378904538869796
1.3418093467812144
1.3445470834720654
1.3479213441636193
1.3507024822487226
1.3532342658318148
1.3551518590671512
1.427183782593153
1.4297131868379496
1.431533268248025
1.4327557674358167
1.433811717275881
1.4347358817802724
1.4354312664246167
1.4376101549461904
1.536248483713395
1.5381411889767669
1.5426454066227562
1.547543503497989
1.5502686281481344
1.5510198628647969
1.5523763122409426
1.5541285918350118
1.6963656432694176
1.6974704252923167
1.6979830084497676
1.6994271472498197
1.70043083677353
1.701564480503358
1.7031520224719052
1.7045007739765998
1.866795138106033
1.8706382761560771
1.875147275116098
1.8789005740539808
1.8801186918239647
1.880875295559139
1.8810409156078776
1.8815497820110918
2.0851404341485122
2.0858852355550193
2.0859791192059416
2.0876171138642072
2.0884845976636126
2.089456619275002
2.0921756934145286
2.0961190694882794
2.3149292184085204
2.3194186331733806
2.3208179339105226
2.322803621170691
2.3230234243158088
2.3246460467018233
2.3251469074467668
2.3256111926651646
2.57617301162861
2.5767300700092357
2.5768874274813443
2.5780541961762693
2.579190653244455
2.579536825030955
2.5831679047206886
2.58868566227116
2.852467321858887
2.8592926492783888
2.866219062138141
2.872979639842252
2.8793438846509396
2.8851213156609123
2.890160586316916
2.8943467007826444
-2.858374941253505
-2.851514176314893
-2.8449483046005892
-2.8389803884210836
-2.8338971607876093
-2.8299290305750433
-2.8272118643712263
-2.825765353259143
-2.5725218494922744
-2.5721884538174704
-2.5714793216986833
-2.570975676279015
-2.5694806521841276
-2.568730488707504
-2.5641667699242783
-2.557938829559428
-2.3086110392319763
-2.304412475743646
-2.3020226690200962
-2.3008406216830632
-2.2999972215220352
-2.29849864073636
-2.2983270791314823
-2.2976850262925232
-2.0502314842064657
-2.0498832500847537
-2.049037228078296
-2.048391095463854
-2.0465197590298305
-2.0464116447181073
-2.042982706383544
-2.0397596591982663
-1.824171093808926
-1.821523507715103
-1.8179450168022933
-1.8145946651236418
-1.8127814533865108
-1.8123581494823886
-1.8119897891312389
-1.8115831338351969
-1.5993698342358758
-1.5990642183879356
-1.5982521975100967
-1.5975907572013333
-1.5962629626352058
-1.5957363506703757
-1.5944826837408779
-1.5940768018545561
-1.4123139584638829
-1.4112102909291355
-1.4090185366114856
-1.4064599347327018
-1.4046398060391019
-1.4039530685533184
-1.4031655322517294
-1.402406314731119
-1.237710556772272
-1.2368357322590604
-1.2361010118943825
-1.234716117053226
-1.2339508372601657
-1.232494169565264
-1.2304867858441402
-1.2278757434328549
-1.1060981475250615
-1.099713412756304
-1.09539764135615
-1.0927146594873702
-1.0895912740494722
-1.0877246201282562
-1.085005587126646
-1.0821667805441375
-0.9865918552337136
-0.9844319712041856
-0.981051602202125
-0.9787934480104985
-0.9745701727139542
-0.9687748414892161
-0.961155384612729
-0.95082727821637
-0.9040827043381857
-0.891723919374277
-0.8876163856075593
-0.8847923295409372
-0.8806754401510958
-0.8787914129110739
-0.8758242590823826
-0.8716123366810679
-0.8377552856262919
-0.8326492205213658
-0.8299502437371813
-0.829207101998969
-0.8245747441335606
-0.8231070900603427
-0.8190309382462629
-0.8139062739035406
-0.8069754804263504
-0.7907909891942756
-0.7880920194450479
-0.7858246849069405
-0.7848901119639018
-0.7828732884151492
-0.7810580981025541
-0.7786730429433455
-0.7762872619996904
1.2456176071792946
1.2459819713372866
1.2478945021261592
1.2492067372911222
1.251888151187439
1.25353480097326
1.256743838925613
1.2591495334568554
1.2645410837115112
1.27645545014197
1.281852567452363
1.2853936731796411
1.2901435997052668
1.2939121043869624
1.2980093211146881
1.3021748964468753
1.3085898064908226
1.3331379779419117
1.3378999892126728
1.3418305112924656
1.3444818772013238
1.3480064825405778
1.35063492273791
1.3532633755631227
1.3551453706943586
1.4271838149794196
1.4297125470598417
1.431538162974668
1.4327416824853998
1.4338330368278664
1.4347181912688607
1.4354375655299514
1.4376100244152896
1.5362484837326442
1.5381411889286074
1.5426454067249638
1.5475435029908395
1.550268631416847
1.5510198589622386
1.5523763134432644
1.554128591700396
1.6963656432900847
1.6974704250630623
1.6979830087865218
1.6994271469394049
1.7004308370493717
1.7015644803922707
1.703152022492037
1.7045007739739586
1.8667951381060346
1.8706382761560774
1.875147275116097
1.8789005740539788
1.8801186918239663
1.8808752955591375
1.881040915607879
1.8815497820110918
2.0851404341485127
2.0858852355550184
2.0859791192059425
2.087617113864204
2.088484597663612
2.089456619275003
2.092175693414529
2.0961190694882803
2.3149292184085204
2.3194186331733815
2.3208179339105217
2.32280362117069
2.3230234243158083
2.3246460467018233
2.325146907446766
2.3256111926651637
2.5761730116286135
2.576730070009238
2.576887427481344
2.5780541961762693
2.579190653244457
2.579536825030951
2.5831679047206877
2.588685662271156
2.852467321858885
2.859292649278385
2.8662190621381383
2.8729796398422534
2.87934388465094
2.8851213156609123
2.8901605863169144
2.8943467007826453
-2.8583749412535084
-2.851514176314894
-2.8449483046005897
-2.8389803884210854
-2.83389716078761
-2.829929030575046
-2.8272118643712307
-2.8257653532591416
-2.572521849492272
-2.5721884538174677
-2.57147932169868
-2.5709756762790184
-2.569480652184128
-2.5687304887075086
-2.564166769924279
-2.557938829559425
-2.308611039231971
-2.304412475743641
-2.3020226690200967
-2.3008406216830655
-2.2999972215220397
-2.298498640736357
-2.298327079131472
-2.2976850262925113
-2.050231484206467
-2.049883250084753
-2.0490372280783027
-2.0483910954638573
-2.046519759029829
-2.0464116447181078
-2.042982706383542
-2.0397596591982663
-1.8241710938089264
-1.8215235077151015
-1.8179450168022955
-1.8145946651236393
-1.812781453386509
-1.812358149482387
-1.8119897891312402
-1.811583133835201
-1.5993698342358786
-1.5990642183879353
-1.5982521975101025
-1.5975907572013293
-1.5962629626352156
-1.5957363506703706
-1.5944826837408794
-1.5940768018545561
-1.4123139584499778
-1.4112102909774242
-1.4090185364713792
-1.4064599353604443
-1.404639802572079
-1.4039530737214339
-1.4031655294121186
-1.4024063153476118
-1.2376782463581906
-1.2369886933072434
-1.2357339231576394
-1.2351731292896582
-1.2336441618759602
-1.232602722716725
-1.2304734616055797
-1.227876615772722
-1.1060976768550497
-1.0997256077569308
-1.095281238371043
-1.0929855224916172
-1.0888391306869178
-1.0884172781047734
-1.0848789307324116
-1.0821867383542716
-0.9865638512592383
-0.9845304328463088
-0.9807644424972941
-0.9790874132112118
-0.9744681787006721
-0.9688047898382257
-0.9611494890186195
-0.9508279797464168
-0.9040818930069635
-0.8917531116505352
-0.8874667517426597
-0.885003191956428
-0.880464500420674
-0.8789186659650089
-0.8758214215298119
-0.8716092011697936
-0.8377559960420566
-0.8325297511845244
-0.8307020381335675
-0.8280409420980586
-0.8257995435335989
-0.822129007897087
-0.8193671760648517
-0.813849505932745
-0.806983103381893
-0.790781541190959
-0.7881203589271711
-0.7857700207886016
-0.784925852916398
-0.7828755054075743
-0.7810545698916236
-0.7786737906855763
-0.7762871979760213
1.2456200059510676
1.2459772311496953
1.2479112429575618
1.249173601642961
1.2519731008752208
1.2534265086101135
1.256838486564739
1.2590829200227993
1.26456131500242
1.276392936126933
1.2822478010546494
1.2847178059748139
1.2915392110267225
1.2924673840654546
1.298633042692482
1.301905697782995
1.308622918098104
1.3331045724465846
1.338064096607562
1.3414494304192441
1.3449538842336823
1.3476498111786137
1.3508220428110902
1.3531978002037535
1.3551573047909267
1.427183778295786
1.4297131698443617
1.43153382645089
1.4327534289369792
1.433816044362858
1.4347317654710547
1.4354328985105003
1.4376101136701271
1.536248483733341
1.5381411889286247
1.5426454067159538
1.5475435030807665
1.5502686306943676
1.5510198598681728
1.5523763131413773
1.5541285917371923
1.6963656433014362
1.697470424935103
1.6979830089758943
1.6994271467611812
1.7004308372100185
1.7015644803265397
1.7031520225042132
1.7045007739723317
1.8667951381060333
1.8706382761560765
1.875147275116099
1.8789005740539804
1.8801186918239667
1.8808752955591292
1.8810409156078869
1.881549782011091
2.0851404341485122
2.0858852355550197
2.0859791192059416
2.0876171138642077
2.0884845976636117
2.0894566192750026
2.0921756934145286
2.096119069488278
2.3149292184085204
2.3194186331733806
2.3208179339105217
2.322803621170691
2.3230234243158083
2.3246460467018237
2.325146907446767
2.3256111926651637
2.5761730116286143
2.576730070009236
2.5768874274813482
2.578054196176274
2.579190653244454
2.5795368250309543
2.58316790472069
2.588685662271161
2.8524673218588843
2.859292649278386
2.866219062138141
2.8729796398422573
2.879343884650943
2.885121315660913
2.890160586316916
2.894346700782644
