-2.7391834085851805
-2.738970681984955
-2.7386838057230887
-2.738303584337406
-2.7378078667155896
-2.737171569152506
-2.736366792381616
-2.4988654048708008
-2.496611614960184
-2.4938987959001824
-2.490685087628951
-2.4869339270897792
-2.4826156208836987
-2.477709202445059
-2.2648583423730693
-2.258407294036241
-2.2515232301892825
-2.2444126729236014
-2.2374386604918843
-2.23124539760067
-2.226938936462966
-2.124764666326113
-2.113155440783277
-2.0994805838341106
-2.0854555727351336
-2.072729943284488
-2.063102439030034
-2.0580669448487865
-1.9624232790635894
-1.9596587112037904
-1.9595160767880415
-1.9529517461247832
-1.9437035487576293
-1.933116944641708
-1.9222247350814334
-1.7950078660847386
-1.7830069847819583
-1.778706552609744
-1.7730459851515918
-1.7707048310615068
-1.7670861353031317
-1.765939689697738
-1.6808012728107928
-1.677320670633386
-1.6748861997095754
-1.672772067667295
-1.667729685082078
-1.661448822651505
-1.6435059111096515
-1.5684933884447496
-1.558149899543544
-1.5529703224472142
-1.5484576967815968
-1.5435178947641877
-1.5368608873257508
-1.5017211388365752
-1.4783744551291216
-1.469678083110877
-1.465670587530102
-1.4583824020888378
-1.4503491259828873
-1.4390038134303278
-1.3996363832591399
-1.3857316168749148
-1.3780143739272612
-1.3727306023754386
-1.3680845186418835
-1.367229226766369
-1.3630129569669565
-1.2268115166235196
-1.2257221398362832
-1.224182095236758
-1.2224184653239254
-1.220667195664506
-1.2191236343420049
-1.2177266285031758
-1.014453712376554
-1.0140805092550491
-1.0138118848373696
-1.013683789873572
-1.0135383348870128
-1.01341168101955
-1.01317690991764
-0.7040782104399442
-0.7040240055201517
-0.703993521718938
-0.7039724187942706
-0.7039471141561342
-0.7039003977023767
-0.7038302239888472
-0.13242943291086345
-0.1319128263709567
-0.13138573612302765
-0.13057427090135437
-0.129507199952024
-0.12851686446287622
-0.12798033107249795
-0.017908217606210173
-0.01758497785485194
-0.01751271092574617
-0.016753518758784697
-0.0166526878462321
-0.016111270155118814
-0.015897564610561816
0.4085441114800745
0.4095078740730091
0.4100810189050407
0.41159561259801747
0.4144764820665356
0.4179237158687625
0.4204717247410014
0.7106711250676833
0.719476297891384
0.725806796593005
0.7329745714252847
0.7338201390413457
0.7431900410657478
0.7452777293154023
0.8686890695062123
0.8740778659403696
0.8899321937109617
0.9015529261741927
0.9276364075074611
0.9399101799835619
0.9623647314630416
0.9763109622030381
1.0080531765655403
1.025894104256771
1.0536607169088699
1.0790032784755503
1.0989201393244437
1.132193407150514
1.15478739921346
1.194152794823898
1.195980170197678
1.2400851397002972
1.2494983007770977
1.3018969166421057
1.350440745859965
1.3665471839323273
1.3973283718845253
1.4166977787479103
1.4435629031995776
1.4612938860009654
1.4768050277983957
1.5490347868959666
1.5634156667903882
1.5772225614691964
1.6000621616099602
1.6113762208154765
1.6317957404686723
1.6385314282324137
1.7676938484495015
1.7868865534572673
1.808064424802086
1.8248609622200487
1.829056726544131
1.8342791589761247
1.8351727023207796
2.0356196124902395
2.044030246929998
2.054647601582623
2.0585706197664417
2.064422974023627
2.06768460998796
2.069584553217022
2.282017247924959
2.282141003511908
2.2864153626561574
2.288147733541602
2.293551452833304
2.2997611355126866
2.314459259503531
2.570056262298692
2.5792279092962644
2.5900187559767063
2.601000794530303
2.6111932391927684
2.6199137502501535
2.626680431086476
2.966964673001117
2.967549334416825
2.9732341912905014
2.9741603814057997
2.977448405287245
2.9780631203752743
2.9791423221338897
3.280315525614888
3.288297341976475
3.297999361883726
3.3093367875294084
3.3220704929801292
3.3358352151848765
3.35018890706412
-2.7391834085851805
-2.738970681984954
-2.7386838057230887
-2.738303584337399
-2.737807866715585
-2.737171569152502
-2.736366792381622
-2.498865404870801
-2.4966116149601847
-2.4938987959001766
-2.4906850876289512
-2.4869339270897823
-2.482615620883699
-2.4777092024450607
-2.2648583423730724
-2.2584072940362416
-2.2515232301892825
-2.244412672923603
-2.2374386604918857
-2.231245397600669
-2.226938936462959
-2.1247646663261115
-2.113155440783272
-2.099480583834109
-2.0854555727351376
-2.0727299432844837
-2.0631024390300334
-2.058066944848787
-1.9624232790636424
-1.95965871120133
-1.9595160767904936
-1.9529517461247135
-1.9437035487576548
-1.9331169446416865
-1.922224735081439
-1.7950078659326238
-1.78300699956208
-1.7787064822259688
-1.7730463746446459
-1.77070425229645
-1.7670866940159937
-1.7659393760296118
-1.6807888447536214
-1.6774214373305418
-1.6746221372518595
-1.6729832423271154
-1.6676868993104346
-1.6614563861692213
-1.643505670779476
-1.568500079424523
-1.558011081767291
-1.5534134201112384
-1.5477984612156204
-1.5439512191141285
-1.5367732313328808
-1.5017296426884232
-1.4782904244064121
-1.4700508486914041
-1.4652343179177805
-1.4585549696394777
-1.4503189264771796
-1.439002503930928
-1.3996416685287374
-1.385693922977901
-1.3781529874080956
-1.3724225196713022
-1.368701757376217
-1.3667864322489354
-1.363040971025176
-1.226812628246313
-1.2257182951075507
-1.2241884618306689
-1.2224116107594456
-1.220672189936662
-1.2191214511355337
-1.2177270385131296
-1.0144538126204106
-1.0140788027726146
-1.0138243255272799
-1.0136542841056235
-1.0135647327009445
-1.0134032966080129
-1.0131775678318538
-0.7040781966853515
-0.7040242477410367
-0.7039924715228864
-0.703973744070546
-0.703946534705884
-0.7039004778195749
-0.7038302197753913
-0.13242943291085527
-0.13191282637100996
-0.1313857361229597
-0.13057427090140308
-0.12950719995200163
-0.12851686446288896
-0.12798033107249526
-0.017908217595902075
-0.01758497800534183
-0.01751271076598436
-0.016753518918823526
-0.016652687691298827
-0.01611127017773719
-0.015897564602423905
0.4085441114800742
0.40950787407300576
0.41008101890504695
0.41159561259801913
0.4144764820665381
0.4179237158687633
0.4204717247410019
0.7106711250676843
0.7194762978913836
0.7258067965929976
0.7329745714253926
0.7338201390412334
0.7431900410657678
0.7452777293153859
0.8686890695062158
0.874077865940363
0.8899321937109651
0.9015529261741947
0.9276364075074298
0.9399101799836092
0.9623647314629901
0.9763109622030791
1.0080531765655207
1.0258941042567855
1.0536607169088643
1.0790032784755532
1.0989201393244448
1.1321934071505089
1.1547873992134614
1.194152794823893
1.1959801701976844
1.2400851397002963
1.2494983007770981
1.3018969166421055
1.3504407458599657
1.3665471839323264
1.397328371884523
1.4166977787479083
1.443562903199578
1.4612938860009668
1.4768050277983933
1.5490347868959655
1.5634156667903882
1.5772225614691961
1.6000621616099595
1.6113762208154763
1.6317957404686714
1.6385314282324133
1.7676938484495013
1.7868865534572655
1.8080644248020852
1.8248609622200473
1.8290567265441309
1.8342791589761251
1.8351727023207798
2.0356196124902404
2.0440302469299985
2.054647601582623
2.058570619766443
2.064422974023628
2.0676846099879587
2.0695845532170227
2.2820172479249585
2.282141003511909
2.286415362656156
2.2881477335416007
2.2935514528333036
2.2997611355126857
2.314459259503531
2.570056262298691
2.579227909296266
2.5900187559767045
2.601000794530304
2.6111932391927706
2.6199137502501517
2.626680431086476
2.9669646730011143
2.9675493344168236
2.9732341912905005
2.974160381405797
2.977448405287247
2.9780631203752748
2.9791423221338893
3.280315525614884
3.2882973419764743
3.2979993618837273
3.3093367875294115
3.3220704929801337
3.3358352151848782
3.350188907064125
-2.7391834085851836
-2.7389706819849517
-2.7386838057230936
-2.738303584337405
-2.737807866715589
-2.7371715691525016
-2.7363667923816197
-2.4988654048708043
-2.4966116149601802
-2.4938987959001775
-2.4906850876289517
-2.4869339270897672
-2.482615620883702
-2.4777092024450553
-2.2648583423730715
-2.2584072940362416
-2.2515232301892874
-2.244412672923603
-2.237438660491887
-2.2312453976006674
-2.2269389364629593
-2.1247646663261106
-2.1131554407832733
-2.0994805838341133
-2.0854555727351336
-2.0727299432844863
-2.0631024390300365
-2.0580669448487865
-1.9624232790635834
-1.9596587112036994
-1.959516076788147
-1.9529517461247519
-1.9437035487576455
-1.9331169446416878
-1.9222247350814377
-1.7950078658711428
-1.7830070069820356
-1.7787064428878616
-1.7730466325275722
-1.7707038366933543
-1.7670871550238065
-1.7659391045786395
-1.6808054370005856
-1.67728611441161
-1.674961181461206
-1.672717460588382
-1.667741536144836
-1.661446945844625
-1.6435059541734616
-1.568501601478922
-1.5579118767152138
-1.5537507158476633
-1.5469431575180517
-1.5446880928753326
-1.5366459540995479
-1.5017528783996106
-1.4779572949728728
-1.4712433159230571
-1.463306192987333
-1.45984491100424
-1.4500469239522062
-1.4390368776057174
-1.3996401919015424
-1.3856915341818579
-1.378176538931988
-1.372342702123297
-1.368839705657466
-1.3666985960547335
-1.3630503121657007
-1.2268121015700155
-1.225720069744151
-1.224185637694627
-1.2224145246389564
-1.2206701491969563
-1.2191223109959493
-1.2177268816864635
-1.0144537567135536
-1.014079747349928
-1.0138178990616855
-1.01367106810345
-1.0135495446891276
-1.0134075890600585
-1.0131772171889488
-0.7040781912497718
-0.7040243423477547
-0.7039920195356353
-0.7039743007224787
-0.7039463098436091
-0.703900510579492
-0.7038302180419254
-0.13242943291086062
-0.13191282637097188
-0.1313857361230188
-0.13057427090136078
-0.12950719995202456
-0.12851686446287605
-0.12798033107250084
-0.017908217600152165
-0.01758497794285238
-0.017512710832419353
-0.016753518851218344
-0.016652687756879374
-0.016111270168054338
-0.015897564605922388
0.4085441114800734
0.4095078740730056
0.4100810189050454
0.41159561259801825
0.4144764820665381
0.41792371586875987
0.4204717247410015
0.7106711250676806
0.7194762978913886
0.7258067965929738
0.7329745714256104
0.733820139041022
0.7431900410657938
0.7452777293153713
0.8686890695061976
0.8740778659403855
0.8899321937109151
0.9015529261742514
0.9276364075073696
0.939910179983667
0.9623647314629648
0.9763109622030843
1.0080531765655307
1.0258941042567726
1.0536607169088748
1.0790032784755452
1.0989201393244499
1.1321934071505062
1.1547873992134614
1.1941527948238901
1.1959801701976847
1.2400851397002957
1.249498300777098
1.3018969166421042
1.3504407458599634
1.3665471839323253
1.3973283718845242
1.4166977787479085
1.4435629031995776
1.4612938860009654
1.4768050277983964
1.5490347868959662
1.5634156667903882
1.5772225614691948
1.6000621616099595
1.6113762208154754
1.6317957404686716
1.6385314282324122
1.7676938484495002
1.7868865534572653
1.8080644248020867
1.8248609622200471
1.8290567265441324
1.8342791589761245
1.8351727023207793
2.035619612490239
2.044030246929998
2.054647601582623
2.058570619766442
2.0644229740236266
2.067684609987959
2.0695845532170223
2.282017247924959
2.2821410035119087
2.286415362656156
2.288147733541602
2.2935514528333045
2.299761135512686
2.314459259503532
2.570056262298691
2.5792279092962658
2.5900187559767085
2.6010007945303055
2.6111932391927692
2.6199137502501513
2.6266804310864758
2.9669646730011143
2.967549334416824
2.973234191290499
2.9741603814057953
2.9774484052872454
2.9780631203752765
2.979142322133889
3.2803155256148897
3.288297341976468
3.2979993618837287
3.3093367875294093
3.3220704929801346
3.335835215184877
3.3501889070641218
-2.7391834085851845
-2.7389706819849544
-2.738683805723092
-2.7383035843373973
-2.7378078667155843
-2.737171569152502
-2.736366792381623
-2.4988654048708034
-2.4966116149601807
-2.493898795900182
-2.4906850876289512
-2.486933927089775
-2.482615620883696
-2.477709202445059
-2.2648583423730706
-2.258407294036243
-2.2515232301892842
-2.2444126729235983
-2.23743866049189
-2.2312453976006723
-2.2269389364629637
-2.1247646663261137
-2.1131554407832747
-2.099480583834112
-2.0854555727351376
-2.0727299432844837
-2.063102439030035
-2.058066944848788
-1.9624232790635314
-1.95965871120616
-1.9595160767856958
-1.9529517461248238
-1.9437035487576164
-1.9331169446417036
-1.9222247350814332
-1.7950078660232538
-1.7830069922020242
-1.77870651327301
-1.7730462431340823
-1.77070441540882
-1.7670865964815587
-1.7659394180246766
-1.6808175591618524
-1.6771668659071965
-1.6752004580001347
-1.6725484695647996
-1.6677856646887066
-1.661439429520421
-1.6435061945236056
-1.5684949181950414
-1.5580615363507095
-1.5533484994099203
-1.5477415142039963
-1.5440697950299294
-1.5367277345607653
-1.501744394723717
-1.4780547166623705
-1.4709818566113344
-1.4637431843972726
-1.4595505059830032
-1.4500735187229672
-1.4390381871523519
-1.3996349055582331
-1.385729288533773
-1.3780393953558778
-1.372659680581821
-1.3682950614704634
-1.367058748867885
-1.3630219202990264
-1.2268109877615474
-1.2257239084241744
-1.2241792672939953
-1.2224213820921908
-1.2206651609288954
-1.219124497129311
-1.2177264718978826
-1.0144536563767623
-1.01408142872575
-1.0138035495374238
-1.0136985535048315
-1.0135260768791399
-1.013416992138172
-1.01317656500466
-0.7040782050128962
-0.7040241028667177
-0.7039931128341808
-0.703972942955524
-0.7039468761729701
-0.7039004302236576
-0.7038302222547256
-0.13242943291087256
-0.1319128263709207
-0.13138573612308563
-0.13057427090131427
-0.12950719995204815
-0.12851686446286506
-0.12798033107250154
-0.017908217610459364
-0.017584977792364145
-0.017512710992183128
-0.016753518691180275
-0.016652687911812573
-0.01611127014544412
-0.015897564614064684
0.40854411148007574
0.40950787407301126
0.4100810189050377
0.41159561259801697
0.41447648206654236
0.4179237158687603
0.42047172474100136
0.7106711250676815
0.719476297891389
0.7258067965929828
0.732974571425507
0.7338201390411326
0.7431900410657704
0.7452777293153859
0.8686890695061978
0.8740778659403963
0.8899321937109135
0.9015529261742442
0.927636407507401
0.9399101799836184
0.962364731463018
0.9763109622030458
1.008053176565551
1.025894104256758
1.0536607169088805
1.079003278475543
1.098920139324449
1.1321934071505093
1.1547873992134605
1.1941527948238988
1.1959801701976795
1.2400851397002952
1.2494983007770986
1.3018969166421057
1.350440745859964
1.3665471839323258
1.3973283718845226
1.4166977787479096
1.4435629031995758
1.4612938860009657
1.4768050277983946
1.549034786895966
1.5634156667903882
1.577222561469195
1.6000621616099582
1.6113762208154747
1.6317957404686698
1.6385314282324122
1.7676938484495022
1.7868865534572653
1.8080644248020865
1.8248609622200473
1.8290567265441313
1.8342791589761247
1.8351727023207811
2.0356196124902404
2.044030246929998
2.0546476015826243
2.0585706197664435
2.0644229740236266
2.0676846099879618
2.069584553217022
2.2820172479249585
2.2821410035119087
2.286415362656157
2.288147733541602
2.2935514528333045
2.299761135512685
2.314459259503532
2.57005626229869
2.5792279092962636
2.59001875597671
2.601000794530306
2.6111932391927684
2.6199137502501535
2.626680431086476
2.9669646730011134
2.9675493344168276
2.973234191290496
2.9741603814057913
2.9774484052872436
2.9780631203752774
2.9791423221338946
3.2803155256148897
3.2882973419764734
3.2979993618837296
3.309336787529402
3.3220704929801292
3.335835215184872
3.3501889070641258
-2.739226977091533
-2.7390301296698802
-2.7387634757743164
-2.7384085515502417
-2.737943946313151
-2.737345302177693
-2.7365854077652627
-2.4993624189750454
-2.497216366087602
-2.4946224029033695
-2.4915375773105324
-2.4879238605868714
-2.483749683355821
-2.4789916966977343
-2.2663882902791257
-2.260066413110942
-2.253275546147212
-2.2461952870792685
-2.2391405406950073
-2.2326696052123314
-2.227756853327754
-2.1221607666187228
-2.1098591221531624
-2.0959442320296344
-2.0820847196862617
-2.0699609242418826
-2.0613805977026733
-2.0575880543351617
-1.9623161870985082
-1.9606464084457784
-1.9581033228761249
-1.954914749309273
-1.9461853935531688
-1.9358284060553015
-1.9248848494791533
-1.792197223533372
-1.7809056350501313
-1.780109271474697
-1.7723486319646422
-1.7710793498491022
-1.7671010584039581
-1.765911114783438
-1.680852836646434
-1.6768240999650994
-1.6758674773795148
-1.672385801718112
-1.6677504896363569
-1.661949208534451
-1.6435343593773704
-1.5674445819291245
-1.5584610683196964
-1.5528874760702505
-1.5480364607889827
-1.5431824223998165
-1.5368310512785448
-1.5018425787881042
-1.479073690648172
-1.4708156553160303
-1.4650737793704778
-1.4589877518282564
-1.4511599889659401
-1.439236688463599
-1.3994225396917366
-1.385121621209543
-1.3771595106001144
-1.3717780686263839
-1.3675950090940439
-1.3668692558648972
-1.3630082054048789
-1.2265140458229369
-1.225376914377572
-1.223752392305825
-1.2219721319695762
-1.220280225916355
-1.2189116544269505
-1.2176969302950287
-1.014466049092838
-1.0141044261928853
-1.013815442704928
-1.0136966999514971
-1.013529803951317
-1.013427394901109
-1.013178117631425
-0.7040785887733823
-0.7040249102801873
-0.7039927328768596
-0.7039732745886912
-0.7039469212361509
-0.7038999497743433
-0.7038293926328645
-0.13260504304499646
-0.13202746072912494
-0.1315374026204766
-0.1308085515436415
-0.12978313308563927
-0.12873404633119942
-0.12805952294792194
-0.01789947858866936
-0.01767556155741991
-0.017402652252356657
-0.016869740926945567
-0.01654167846586384
-0.01614584258399664
-0.01588647789031245
0.40808604239645746
0.40936138148864537
0.4098930274412071
0.41108351212480404
0.41365344090920353
0.417087504823187
0.4199957045045534
0.7098235262533668
0.7165483753201212
0.7268833573885831
0.7300815645155707
0.7356271174627159
0.7431451519636895
0.7452035171307487
0.8700223607950407
0.871953342670262
0.8932835123242503
0.8982417411695409
0.9297784941084584
0.9383667578589027
0.9529700923956417
0.9876372087136929
0.9969262204576181
1.0390363545931234
1.0421628584297116
1.0879732475004857
1.092148668645834
1.1327591182606218
1.1564050189904707
1.1847875975146591
1.207954813931308
1.229295435316438
1.2631965550547628
1.3109763937829289
1.3425973470345778
1.3791224847875527
1.385358360224763
1.4287400270468786
1.4324732485733915
1.4697745753053166
1.4714674562592611
1.5536885132084977
1.5558134707926423
1.5860030091888861
1.5907702511150397
1.619079263589386
1.6251545522804545
1.6434786498303382
1.7716938721104498
1.7923388058985381
1.8128247486652405
1.8269510780141331
1.8279853318470738
1.8341626532107191
1.8352999336914453
2.0340399563834652
2.0416415926374474
2.0519257407420333
2.0614617100892256
2.062271869625729
2.068865633827456
2.0689002986149134
2.281593582591832
2.282763208531903
2.2860708759605965
2.2880090744435426
2.295574723932866
2.2964348451238896
2.3107022160362805
2.572098503356413
2.5818387292298275
2.592791045260546
2.603653706969591
2.6135331179157846
2.621803791148733
2.6280257179709237
2.965148408100274
2.969444631787993
2.971836976857935
2.975396902596078
2.976616493071073
2.9785988174564286
2.978972617820093
3.278584222327548
3.28614076313274
3.2954145038651133
3.3063597112043572
3.3187744110869373
3.3323207487934363
3.3465708235378573
-2.7392269770915325
-2.7390301296698785
-2.738763475774316
-2.7384085515502403
-2.7379439463131487
-2.7373453021776966
-2.736585407765265
-2.4993624189750463
-2.4972163660876046
-2.494622402903361
-2.4915375773105373
-2.487923860586872
-2.483749683355827
-2.4789916966977317
-2.2663882902791315
-2.260066413110944
-2.2532755461472123
-2.2461952870792663
-2.2391405406950105
-2.232669605212329
-2.2277568533277528
-2.1221607666187228
-2.109859122153163
-2.0959442320296406
-2.08208471968626
-2.069960924241883
-2.061380597702674
-2.0575880543351577
-1.9623161870987147
-1.960646408445207
-1.9581033228767737
-1.9549147493089456
-1.9461853935532256
-1.9358284060552864
-1.924884849479157
-1.7921972231161103
-1.7809058673127058
-1.7801089605336544
-1.7723499464386645
-1.7710776494853087
-1.7671021263434248
-1.7659105116982432
-1.6808449243045263
-1.6769893150219273
-1.675631127522238
-1.6724976540707301
-1.6677092947722678
-1.6619578704955076
-1.6435340682644448
-1.5674604797122755
-1.5582476002159775
-1.5534963096018144
-1.5470973421884335
-1.5438220759310428
-1.5367176115437855
-1.5018448533085536
-1.4791020386175338
-1.4706260140672587
-1.4654086463853202
-1.4587351660711718
-1.4512501951836547
-1.4392243087710181
-1.399426012791651
-1.3851004838649095
-1.3772410280952057
-1.371567574476403
-1.3680946297292076
-1.3664938641728481
-1.3630311888693578
-1.2265145051856035
-1.2253752405200666
-1.2237555233118724
-1.2219681630400507
-1.2202837077021913
-1.2189098405114325
-1.2176973148411592
-1.0144662314907409
-1.014101733828854
-1.0138360046696964
-1.0136439840214833
-1.013579923264336
-1.0134108153397468
-1.013179241811126
-0.7040785693607341
-0.7040252281543371
-0.703991136579951
-0.7039752397415897
-0.7039461505069355
-0.7039000589209685
-0.7038293868979643
-0.13260504304496806
-0.13202746072929505
-0.13153740262019653
-0.13080855154384455
-0.12978313308554063
-0.12873404633123858
-0.12805952294790904
-0.01789947857736115
-0.017675561597753124
-0.017402652200846185
-0.016869740985026672
-0.01654167841327337
-0.016145842607354192
-0.015886477883951394
0.40808604239645957
0.4093613814886466
0.40989302744120487
0.41108351212481087
0.4136534409092016
0.4170875048231895
0.4199957045045544
0.7098235262533681
0.7165483753201171
0.7268833573886163
0.7300815645155151
0.7356271174627536
0.7431451519636588
0.745203517130769
0.870022360795081
0.8719533426702093
0.8932835123243468
0.8982417411694371
0.9297784941085591
0.9383667578587842
0.9529700923956815
0.9876372087136867
0.9969262204576198
1.0390363545931627
1.042162858429673
1.0879732475005077
1.092148668645816
1.132759118260624
1.1564050189904709
1.184787597514659
1.2079548139313125
1.2292954353164383
1.2631965550547621
1.3109763937829304
1.3425973470345776
1.3791224847875518
1.3853583602247612
1.4287400270468773
1.432473248573391
1.469774575305319
1.471467456259263
1.553688513208497
1.555813470792641
1.586003009188885
1.5907702511150401
1.619079263589386
1.625154552280454
1.6434786498303382
1.771693872110451
1.792338805898537
1.812824748665237
1.8269510780141318
1.827985331847074
1.8341626532107178
1.8352999336914444
2.0340399563834652
2.0416415926374474
2.0519257407420346
2.0614617100892247
2.0622718696257296
2.0688656338274565
2.0689002986149116
2.2815935825918325
2.282763208531903
2.2860708759605957
2.2880090744435435
2.2955747239328654
2.29643484512389
2.3107022160362805
2.5720985033564143
2.58183872922983
2.5927910452605456
2.603653706969591
2.6135331179157872
2.621803791148733
2.6280257179709237
2.9651484081002732
2.9694446317879977
2.9718369768579347
2.9753969025960783
2.9766164930710706
2.9785988174564277
2.9789726178200957
3.278584222327543
3.286140763132742
3.2954145038651124
3.306359711204349
3.318774411086936
3.332320748793436
3.3465708235378653
-2.7392269770915365
-2.7390301296698816
-2.738763475774317
-2.7384085515502425
-2.737943946313153
-2.7373453021776926
-2.736585407765263
-2.4993624189750454
-2.4972163660876037
-2.4946224029033717
-2.49153757731053
-2.4879238605868803
-2.483749683355825
-2.4789916966977383
-2.266388290279127
-2.2600664131109447
-2.2532755461472167
-2.246195287079265
-2.239140540695008
-2.2326696052123323
-2.227756853327754
-2.122160766618722
-2.109859122153166
-2.095944232029639
-2.0820847196862644
-2.0699609242418804
-2.0613805977026716
-2.0575880543351603
-1.9623161870983896
-1.9606464084461186
-1.9581033228757458
-1.9549147493094596
-1.9461853935531424
-1.9358284060553108
-1.9248848494791528
-1.7921972227203484
-1.7809060877274214
-1.7801086652319613
-1.7723512051427444
-1.7710760158809753
-1.7671031641439803
-1.7659099239077705
-1.6808538786982448
-1.676829635684406
-1.6758516729885937
-1.6724026614192165
-1.6677400697362414
-1.6619521257509124
-1.643534218446361
-1.5674571007462488
-1.5582712787979918
-1.553480472583067
-1.546985658786197
-1.543972121344612
-1.5366710814369915
-1.50186265234292
-1.47881450077686
-1.4717210685171909
-1.4633632778009902
-1.4602826143533005
-1.4508835732430991
-1.4392685412944055
-1.3994211386531943
-1.3851145842776604
-1.3772172178407882
-1.3715789835109173
-1.3681297653339417
-1.3664540025944647
-1.3630377812673051
-1.2265141062132334
-1.2253765466434394
-1.2237534295303023
-1.2219703988356445
-1.2202820485822883
-1.21891059013086
-1.2176971751724317
-1.0144662047970938
-1.0141021307146219
-1.0138334648227498
-1.0136539418308226
-1.0135703072832043
-1.0134128031877279
-1.0131790817897517
-0.7040785958276078
-0.704024792108666
-0.7039932525845174
-0.7039726098956028
-0.7039472142455359
-0.7038999108167526
-0.7038293946838035
-0.1326050430449477
-0.13202746072941046
-0.1315374026200156
-0.13080855154396878
-0.12978313308548228
-0.12873404633126137
-0.1280595229479023
-0.017899478569754743
-0.01767556162478653
-0.01740265216645229
-0.01686974102351406
-0.016541678378588158
-0.016145842622674513
-0.015886477879799927
0.4080860423964609
0.40936138148864354
0.4098930274412103
0.4110835121248091
0.4136534409092021
0.4170875048231874
0.41999570450455354
0.7098235262533669
0.7165483753201202
0.7268833573885994
0.7300815645155465
0.7356271174627278
0.7431451519636835
0.7452035171307545
0.8700223607950823
0.871953342670206
0.8932835123243267
0.8982417411694663
0.9297784941084871
0.9383667578588913
0.9529700923956305
0.9876372087137285
0.9969262204575846
1.0390363545931969
1.042162858429642
1.0879732475005068
1.0921486686458166
1.1327591182606238
1.1564050189904713
1.1847875975146576
1.2079548139313103
1.2292954353164383
1.2631965550547617
1.3109763937829282
1.342597347034578
1.3791224847875523
1.3853583602247612
1.4287400270468775
1.4324732485733906
1.469774575305319
1.4714674562592613
1.5536885132084974
1.5558134707926425
1.5860030091888873
1.5907702511150414
1.619079263589385
1.6251545522804538
1.6434786498303389
1.7716938721104516
1.7923388058985386
1.812824748665239
1.8269510780141323
1.827985331847073
1.8341626532107183
1.8352999336914446
2.034039956383465
2.0416415926374483
2.0519257407420346
2.0614617100892256
2.0622718696257287
2.0688656338274556
2.0689002986149116
2.281593582591833
2.282763208531903
2.286070875960596
2.2880090744435426
2.295574723932866
2.296434845123891
2.31070221603628
2.5720985033564143
2.58183872922983
2.5927910452605434
2.6036537069695886
2.613533117915787
2.621803791148733
2.6280257179709237
2.9651484081002772
2.969444631787995
2.9718369768579413
2.9753969025960783
2.9766164930710706
2.97859881745643
2.978972617820096
3.2785842223275425
3.286140763132741
3.2954145038651137
3.306359711204352
3.318774411086936
3.332320748793432
3.3465708235378595
-2.7392269770915316
-2.7390301296698842
-2.7387634757743196
-2.7384085515502434
-2.7379439463131656
-2.7373453021776983
-2.7365854077652663
-2.499362418975047
-2.4972163660875997
-2.494622402903367
-2.4915375773105324
-2.48792386058687
-2.483749683355823
-2.4789916966977334
-2.26638829027913
-2.2600664131109447
-2.25327554614721
-2.2461952870792694
-2.2391405406950042
-2.232669605212333
-2.227756853327753
-2.1221607666187197
-2.1098591221531646
-2.0959442320296326
-2.0820847196862613
-2.0699609242418795
-2.0613805977026716
-2.0575880543351586
-1.9623161870981858
-1.9606464084466924
-1.9581033228750948
-1.9549147493097816
-1.9461853935530837
-1.9358284060553257
-1.92488484947915
-1.7921972231376133
-1.7809058556290667
-1.7801089760132227
-1.7723498937282496
-1.7710777134083004
-1.76710209687539
-1.7659105260946042
-1.6808616850261915
-1.6765130908703867
-1.6762338060520956
-1.6722957495406552
-1.667781942018926
-1.6619434984501706
-1.6435345095712401
-1.5674411717081913
-1.558482403721412
-1.5528765012895078
-1.54795989817988
-1.5432977172486795
-1.5367816643514256
-1.5018603784693214
-1.4787814461129427
-1.4718590519878398
-1.4627825202773663
-1.4608261368049504
-1.4508044747983166
-1.4392811295129038
-1.3994176625013668
-1.3851356307631286
-1.377135212741769
-1.3717902715511967
-1.3676660332575516
-1.366793514473944
-1.363014576811666
-1.2265136461915558
-1.2253782185886262
-1.2237502963311777
-1.2219743677893533
-1.2202785691197295
-1.218912406255024
-1.2176967908346001
-1.014466022317943
-1.014104807502652
-1.0138116606273284
-1.0137032602030909
-1.0135237492961195
-1.0134304724966745
-1.0131779619821752
-0.7040786151819285
-0.7040244574202651
-0.7039945822603298
-0.7039708336130875
-0.7039480781512558
-0.7038998031128976
-0.7038294004227146
-0.13260504304497564
-0.132027460729242
-0.13153740262029126
-0.13080855154377524
-0.12978313308557535
-0.12873404633122085
-0.12805952294791303
-0.01789947858106454
-0.01767556158445045
-0.017402652217961636
-0.016869740965428856
-0.016541678431176928
-0.016145842599311917
-0.015886477886153647
0.4080860423964606
0.40936138148864226
0.40989302744121225
0.4110835121248066
0.41365344090920125
0.41708750482318807
0.4199957045045558
0.7098235262533673
0.7165483753201215
0.726883357388566
0.7300815645156049
0.7356271174626912
0.7431451519637191
0.7452035171307329
0.8700223607950456
0.8719533426702569
0.8932835123242301
0.898241741169571
0.9297784941083883
0.9383667578590082
0.9529700923955908
0.987637208713735
0.996926220457586
1.0390363545931594
1.042162858429679
1.087973247500487
1.0921486686458373
1.1327591182606214
1.1564050189904744
1.1847875975146578
1.2079548139313108
1.2292954353164383
1.2631965550547628
1.3109763937829304
1.3425973470345796
1.3791224847875536
1.385358360224763
1.4287400270468782
1.4324732485733918
1.4697745753053175
1.471467456259262
1.5536885132084972
1.5558134707926419
1.586003009188888
1.5907702511150417
1.6190792635893858
1.6251545522804534
1.6434786498303378
1.7716938721104496
1.7923388058985377
1.8128247486652391
1.8269510780141327
1.8279853318470745
1.8341626532107171
1.8352999336914455
2.0340399563834652
2.041641592637447
2.0519257407420346
2.0614617100892247
2.062271869625729
2.068865633827456
2.0689002986149134
2.2815935825918343
2.282763208531904
2.2860708759605965
2.2880090744435435
2.295574723932866
2.29643484512389
2.31070221603628
2.5720985033564143
2.581838729229828
2.592791045260543
2.6036537069695886
2.613533117915785
2.621803791148733
2.628025717970923
2.965148408100274
2.9694446317879963
2.9718369768579307
2.975396902596075
2.97661649307107
2.9785988174564304
2.9789726178200935
3.2785842223275448
3.286140763132733
3.2954145038651146
3.306359711204352
3.3187744110869373
3.332320748793429
3.346570823537859
-2.7392671713260306
-2.7390852284482854
-2.7388376433773653
-2.7385066781513996
-2.738071662471712
-2.7375089701439594
-2.736792089280582
-2.4998343291519576
-2.4977931059655
-2.495315306996691
-2.492356979888003
-2.48887872547692
-2.4848472070798273
-2.4802368337197906
-2.267882342569411
-2.261695856116497
-2.255009146330428
-2.247978357615841
-2.2408768865990782
-2.2341882926950682
-2.2287649267135983
-2.1193367656565836
-2.106463497734616
-2.0924112016513625
-2.078821174325582
-2.067415332114345
-2.0599707102698663
-2.057397927500576
-1.962096773955576
-1.9611925506645111
-1.9566945851958497
-1.9563210108175442
-1.948566601307006
-1.9385080119448257
-1.9275899267091476
-1.7894497275047134
-1.7827359231250113
-1.7776734061742214
-1.7741492898360895
-1.7694122550715612
-1.767946220333931
-1.7656803934055147
-1.6808587327220457
-1.6772249009732392
-1.6753274061108352
-1.672770996257566
-1.6675011988404425
-1.6620459931340896
-1.6430372658440033
-1.566708767107957
-1.5592460981881666
-1.5519128190487461
-1.5486471035077294
-1.5424431038600264
-1.5369199469529353
-1.5020729206116086
-1.4800658708362937
-1.4713842112549644
-1.4645138172769188
-1.4595693269751828
-1.4519169630687832
-1.4395845294094898
-1.3990720237161103
-1.3843936937356374
-1.3762381836354547
-1.3710384813818124
-1.3676228138792184
-1.3659909416949518
-1.362985304489312
-1.2262929335605373
-1.2250088642334815
-1.2233158103945054
-1.221528594252889
-1.2199076977732215
-1.21873156953658
-1.2176869831694692
-1.0144758084967695
-1.0141285212752873
-1.0138337820299028
-1.0136983611396815
-1.0135327284727391
-1.0134397502992636
-1.01317896398357
-0.7040790717381222
-0.7040252948157465
-0.7039924430511005
-0.7039731546909316
-0.7039470943106537
-0.7038989739409672
-0.7038284293606331
-0.13281376240366327
-0.13214669324075717
-0.13167292535926442
-0.13102244416653971
-0.1300568890774138
-0.1289757949379684
-0.1281762965933605
-0.017840830751454026
-0.01780045922340027
-0.017195951627593017
-0.017090084508458645
-0.016357872250633454
-0.01626688150558595
-0.015867784342187868
0.4075141741350992
0.4091666794180967
0.40974988935476975
0.4106641508206056
0.41288922097392344
0.41621728058124746
0.41940206703450034
0.7095606884086458
0.7140699076760741
0.7263514970036253
0.7284872031636952
0.7383566104604314
0.7405909380549209
0.7460954404453329
0.8678681043018799
0.8765413871092793
0.8858194987991289
0.9073912340515652
0.9199181711392255
0.941974022616758
0.9505212891590479
0.9860473768455345
1.000041533485949
1.0307094057653035
1.0523112710120974
1.0766420905434435
1.1041492737834813
1.1252790388356102
1.1674326435394893
1.173727857421534
1.218300089276739
1.221821382159528
1.276687002651665
1.311275200137338
1.343227466358675
1.3734607049887737
1.3917899036813812
1.420984884686538
1.4403387090680753
1.4635430411780648
1.475875846560371
1.5501627861434224
1.560576006735256
1.5813750313824044
1.594723900936112
1.6174775917045427
1.6262355296511577
1.6474999370092638
1.7763841864258125
1.797748460876824
1.817241946860357
1.8248133719194624
1.830611052516951
1.832756168507346
1.8357758909787951
2.032682097788006
2.0394307807199765
2.0492144878925136
2.0598837693551917
2.063961727040792
2.067785387469883
2.069578358490297
2.281405681586214
2.283764263724272
2.2843739411879675
2.289745996975798
2.2933617280917398
2.2976505931801676
2.30695607026211
2.5743289623969434
2.5845225396465157
2.595555751510556
2.6062438992485513
2.615771580998081
2.6235650385764786
2.62922452582664
2.963254564669599
2.970319640836178
2.971180861580836
2.9756320708605717
2.976460873603105
2.9786312537338575
2.9789568938053734
3.2769547407549173
3.284092219920794
3.2929348998342416
3.3034751589999587
3.3155495001161106
3.328850441915626
3.3429675995091963
-2.7392671713260275
-2.7390852284482783
-2.738837643377361
-2.738506678151396
-2.738071662471716
-2.737508970143961
-2.736792089280586
-2.4998343291519554
-2.4977931059655023
-2.495315306996695
-2.4923569798880063
-2.4888787254769165
-2.484847207079827
-2.4802368337197906
-2.26788234256941
-2.2616958561165013
-2.2550091463304303
-2.247978357615829
-2.2408768865990845
-2.234188292695068
-2.2287649267135996
-2.1193367656565827
-2.1064634977346186
-2.0924112016513594
-2.0788211743255847
-2.0674153321143476
-2.0599707102698637
-2.057397927500578
-1.96209677395672
-1.961192550662577
-1.9566945852071977
-1.956321010806749
-1.9485666013072853
-1.938508011944764
-1.927589926709157
-1.7894497268213354
-1.782735937933069
-1.7776732943315714
-1.7741495626486374
-1.7694113788369576
-1.7679471329466667
-1.7656801818075407
-1.680859536936211
-1.6772257028704125
-1.6753168186969083
-1.6727854156438364
-1.6674932054047604
-1.6620486788424038
-1.643037119973535
-1.5667384404124327
-1.5589899822823723
-1.552971784148637
-1.5469917853982045
-1.5435149645419166
-1.536665813718671
-1.5020840888793106
-1.4800626307435232
-1.4712461709653493
-1.4649530607276657
-1.4591160113712787
-1.4520880486000172
-1.4395616201359522
-1.3990780221183605
-1.3843600569729868
-1.376370334867824
-1.3706468511363534
-1.3681918135867908
-1.3656657929216571
-1.363029662741418
-1.2262932018720185
-1.2250077904232721
-1.2233180176484861
-1.2215254873601078
-1.2199108523222388
-1.2187296974281088
-1.2176874058664733
-1.0144759704792257
-1.014126448194095
-1.0138489101289119
-1.0136600873348272
-1.0135722711608155
-1.013424387366444
-1.0131798410328927
-0.7040790209967626
-0.7040260874465453
-0.7039869859278101
-0.703979538305292
-0.7039451615858846
-0.7038992533047863
-0.7038284143410729
-0.13281376240366854
-0.13214669324077
-0.13167292535923966
-0.13102244416655243
-0.13005688907740517
-0.12897579493797345
-0.1281762965933632
-0.017840830759856163
-0.0178004592132481
-0.017195951644003914
-0.017090084491839193
-0.016357872261414507
-0.01626688149627647
-0.01586778434267736
0.4075141741350977
0.4091666794181023
0.40974988935475865
0.4106641508206131
0.412889220973919
0.4162172805812479
0.4194020670344987
0.7095606884086455
0.714069907676074
0.726351497003644
0.7284872031636692
0.7383566104604778
0.7405909380548744
0.7460954404453389
0.8678681043018782
0.8765413871092776
0.8858194987991326
0.9073912340515434
0.919918171139272
0.9419740226166718
0.9505212891591189
0.9860473768455046
1.0000415334859718
1.0307094057652968
1.0523112710121032
1.076642090543442
1.1041492737834826
1.125279038835613
1.167432643539487
1.1737278574215355
1.2183000892767395
1.2218213821595303
1.2766870026516641
1.3112752001373382
1.3432274663586747
1.3734607049887733
1.3917899036813808
1.4209848846865383
1.4403387090680757
1.4635430411780652
1.4758758465603719
1.5501627861434226
1.5605760067352545
1.5813750313824053
1.594723900936113
1.6174775917045427
1.626235529651158
1.6474999370092651
1.7763841864258125
1.7977484608768246
1.817241946860356
1.8248133719194635
1.8306110525169508
1.8327561685073468
1.8357758909787962
2.032682097788006
2.0394307807199765
2.0492144878925127
2.059883769355191
2.0639617270407937
2.0677853874698813
2.0695783584902974
2.281405681586215
2.283764263724271
2.2843739411879675
2.2897459969757965
2.2933617280917393
2.2976505931801676
2.3069560702621104
2.5743289623969403
2.584522539646515
2.59555575151056
2.606243899248554
2.6157715809980813
2.623565038576479
2.62922452582664
2.963254564669599
2.970319640836175
2.971180861580835
2.975632070860567
2.9764608736031013
2.9786312537338593
2.9789568938053774
3.276954740754922
3.284092219920796
3.292934899834237
3.303475158999956
3.315549500116108
3.3288504419156264
3.3429675995092007
-2.739267171326031
-2.7390852284482823
-2.7388376433773627
-2.7385066781513934
-2.7380716624717145
-2.73750897014396
-2.736792089280585
-2.499834329151956
-2.4977931059655
-2.495315306996692
-2.4923569798880085
-2.4888787254769165
-2.4848472070798278
-2.4802368337197906
-2.2678823425694117
-2.261695856116497
-2.255009146330432
-2.247978357615836
-2.2408768865990814
-2.234188292695071
-2.228764926713601
-2.1193367656565836
-2.1064634977346186
-2.0924112016513527
-2.0788211743255824
-2.0674153321143467
-2.059970710269865
-2.057397927500575
-1.9620967739560056
-1.961192550663788
-1.956694585199943
-1.956321010813656
-1.9485666013071066
-1.938508011944804
-1.9275899267091525
-1.7894497252663446
-1.7827359731993901
-1.77767302137731
-1.774150236860426
-1.7694091806742462
-1.7679494293407731
-1.7656796482813097
-1.6808729733863965
-1.6770743056290816
-1.6755628903277644
-1.6726503985342884
-1.6675262344616506
-1.6620424710678587
-1.6430372062119734
-1.5667417914603385
-1.5589525038985135
-1.553104478516049
-1.546654238904814
-1.5438059362644012
-1.5366114392466579
-1.5020946184255006
-1.4799251993119065
-1.4718027851558606
-1.4637526933553269
-1.4601329503813372
-1.451815273604706
-1.4395916094843024
-1.3990726433986542
-1.3843855304596386
-1.3762845882705723
-1.3708820335411618
-1.3678986420961166
-1.3658077232994241
-1.3630102562757125
-1.226292415187483
-1.2250107611793142
-1.2233123469227412
-1.2215328312514584
-1.2199039460773042
-1.2187335754716875
-1.2176865768254772
-1.0144760250088685
-1.0141257287104186
-1.0138533523229996
-1.0136391918574195
-1.013593267952332
-1.013420199078289
-1.0131801507668783
-0.7040790422805049
-0.7040257639661012
-0.7039898384813368
-0.7039763323327057
-0.7039459286645862
-0.703899135561613
-0.7038284206213087
-0.13281376240363613
-0.13214669324101785
-0.13167292535879163
-0.13102244416689218
-0.13005688907726184
-0.1289757949380216
-0.12817629659335109
-0.017840830720776493
-0.017800459260687043
-0.017195951562014766
-0.017090084575883582
-0.016357872202094923
-0.01626688154803592
-0.015867784339824966
0.4075141741350967
0.40916667941810525
0.4097498893547524
0.4106641508206149
0.4128892209739206
0.41621728058124746
0.41940206703449767
0.7095606884086433
0.7140699076760731
0.7263514970036714
0.7284872031636374
0.7383566104605185
0.7405909380548419
0.746095440445348
0.8678681043018849
0.8765413871092532
0.8858194987991648
0.9073912340514942
0.9199181711393277
0.9419740226166134
0.95052128915916
0.9860473768455017
1.0000415334859734
1.0307094057653017
1.0523112710120976
1.0766420905434482
1.10414927378348
1.1252790388356146
1.1674326435394877
1.173727857421537
1.2183000892767382
1.2218213821595278
1.276687002651665
1.3112752001373396
1.343227466358676
1.3734607049887735
1.391789903681381
1.4209848846865394
1.440338709068076
1.4635430411780637
1.4758758465603707
1.550162786143423
1.5605760067352556
1.5813750313824058
1.594723900936114
1.6174775917045427
1.6262355296511568
1.6474999370092658
1.7763841864258139
1.7977484608768228
1.8172419468603576
1.8248133719194628
1.8306110525169494
1.8327561685073468
1.8357758909787962
2.0326820977880056
2.0394307807199765
2.0492144878925123
2.059883769355193
2.0639617270407937
2.067785387469882
2.0695783584902974
2.281405681586214
2.2837642637242728
2.2843739411879675
2.2897459969757983
2.29336172809174
2.297650593180167
2.3069560702621112
2.5743289623969416
2.5845225396465135
2.5955557515105565
2.6062438992485535
2.61577158099808
2.6235650385764773
2.6292245258266393
2.963254564669599
2.9703196408361774
2.9711808615808373
2.975632070860568
2.9764608736031053
2.978631253733858
2.9789568938053748
3.2769547407549173
3.2840922199207965
3.2929348998342434
3.3034751589999627
3.315549500116114
3.3288504419156304
3.3429675995092016
-2.739267171326028
-2.7390852284482814
-2.7388376433773614
-2.738506678151396
-2.738071662471716
-2.737508970143956
-2.7367920892805837
-2.4998343291519607
-2.497793105965503
-2.4953153069966927
-2.4923569798880103
-2.48887872547692
-2.4848472070798238
-2.480236833719791
-2.267882342569413
-2.2616958561164995
-2.255009146330429
-2.2479783576158323
-2.240876886599079
-2.2341882926950665
-2.2287649267136027
-2.119336765656581
-2.106463497734623
-2.0924112016513563
-2.078821174325583
-2.0674153321143436
-2.0599707102698646
-2.0573979275005754
-1.9620967739548603
-1.9611925506657206
-1.9566945851885988
-1.9563210108244506
-1.948566601306824
-1.9385080119448657
-1.9275899267091425
-1.7894497259497213
-1.782735958391807
-1.7776731332444764
-1.7741499640925917
-1.769410059210484
-1.7679485145608191
-1.765679859675172
-1.6808721818637884
-1.677072792399509
-1.6755730552883072
-1.6726369851026015
-1.6675343314220132
-1.6620397969710556
-1.64303735208593
-1.5667121904980574
-1.5592133512892872
-1.5521194325627101
-1.5483465174284075
-1.5426271480875033
-1.5368568188807081
-1.5020834593570618
-1.479927980466358
-1.4719145552443387
-1.463047192144898
-1.4608624493684355
-1.4516607313469199
-1.439614767303507
-1.3990666388475916
-1.3844188708832696
-1.3761475619325412
-1.3712351264342102
-1.3672727970754677
-1.3662319156743932
-1.3629674148858668
-1.2262921461749696
-1.225011831697452
-1.2233101333335736
-1.2215359334552507
-1.2199007928433994
-1.2187354597660143
-1.2176861556447778
-1.0144758631763529
-1.0141278227307737
-1.0138394225811396
-1.0136864239976655
-1.0135454355456353
-1.0134336804462374
-1.0131792672194095
-0.7040790928999001
-0.7040249408227547
-0.703993960923112
-0.7039711437782172
-0.7039480287604055
-0.7038988590744617
-0.7038284356493123
-0.13281376240363527
-0.1321466932410023
-0.13167292535881434
-0.13102244416686856
-0.13005688907726407
-0.12897579493802455
-0.12817629659335084
-0.017840830712379175
-0.01780045927083815
-0.017195951545605548
-0.017090084592500245
-0.01635787219130533
-0.01626688155734775
-0.015867784339337804
0.4075141741351003
0.40916667941809914
0.4097498893547585
0.41066415082060737
0.41288922097392156
0.41621728058124174
0.41940206703449906
0.7095606884086451
0.7140699076760724
0.7263514970036499
0.728487203163667
0.7383566104604743
0.7405909380548847
0.7460954404453389
0.8678681043018845
0.876541387109252
0.8858194987991593
0.9073912340515196
0.9199181711392794
0.9419740226167003
0.9505212891590868
0.9860473768455299
1.000041533485947
1.0307094057653108
1.0523112710120903
1.0766420905434484
1.1041492737834815
1.1252790388356144
1.1674326435394904
1.1737278574215346
1.2183000892767402
1.221821382159528
1.2766870026516643
1.311275200137338
1.3432274663586758
1.3734607049887737
1.3917899036813812
1.4209848846865376
1.4403387090680764
1.463543041178064
1.4758758465603719
1.5501627861434233
1.5605760067352552
1.5813750313824055
1.5947239009361105
1.6174775917045436
1.626235529651157
1.6474999370092647
1.7763841864258123
1.7977484608768255
1.8172419468603573
1.8248133719194632
1.8306110525169497
1.8327561685073468
1.8357758909787956
2.032682097788006
2.039430780719977
2.049214487892514
2.059883769355191
2.063961727040793
2.067785387469884
2.0695783584902965
2.2814056815862136
2.2837642637242723
2.2843739411879684
2.289745996975798
2.2933617280917398
2.297650593180167
2.3069560702621104
2.57432896239694
2.5845225396465152
2.5955557515105587
2.606243899248553
2.6157715809980804
2.6235650385764773
2.6292245258266402
2.9632545646695987
2.970319640836176
2.9711808615808337
2.975632070860564
2.976460873603107
2.978631253733858
2.978956893805373
3.27695474075492
3.284092219920794
3.2929348998342407
3.3034751589999654
3.3155495001161115
3.3288504419156286
3.3429675995092025
-2.7393042081532313
-2.739136238411277
-2.73890661409598
-2.738598316093083
-2.738191412990007
-2.737663014677532
-2.7369873189672465
-2.5002818850869812
-2.498342544800117
-2.4959781558636736
-2.493143857506954
-2.489798973805204
-2.4859085047540854
-2.4814447473966186
-2.2693394518655907
-2.26329371410748
-2.2567206963830335
-2.249756031046666
-2.24263727114885
-2.2357832865159737
-2.2299361605076067
-2.1163247630652844
-2.1029953854384265
-2.088906488291785
-2.0756932066080545
-2.0651208837709385
-2.058885079727647
-2.0574700378003574
-1.962273915963693
-1.9607044501223627
-1.9582652375807381
-1.9542603216688923
-1.9508286271831807
-1.941138684440676
-1.930317929515158
-1.7871956630511956
-1.7842449356026122
-1.7760936068287394
-1.7752492290731594
-1.769230689619251
-1.7679838557495915
-1.7656971285057173
-1.6808632135089852
-1.677593011110517
-1.6745326372232932
-1.673252476333838
-1.6674055415004654
-1.6615657815886364
-1.6420780336821696
-1.5665884862334134
-1.559687386002596
-1.5508546879815048
-1.549529847123265
-1.5418284170843548
-1.5370311831193364
-1.5024837942682923
-1.4812322466816399
-1.4711417756695322
-1.4649081617854753
-1.4593475545708288
-1.45278706068643
-1.4400415536429763
-1.3985619939970542
-1.3835660422713056
-1.3752514813023378
-1.3706825316760878
-1.3674981797002685
-1.3651710782885524
-1.3628798879509503
-1.2261102080599833
-1.2246431752873872
-1.22287586294108
-1.2210993913112045
-1.2195478064194483
-1.2185885338396982
-1.2176885965621975
-1.014482883263459
-1.0141502651743708
-1.013866508269441
-1.0136868215874923
-1.0135587789094616
-1.0134403997349513
-1.0131798197326527
-0.7040795796169832
-0.7040249970839404
-0.7039927516220976
-0.7039722850239166
-0.7039473622248064
-0.7038975546364249
-0.7038275125443044
-0.13306036927684237
-0.13227759760897478
-0.13179645323732048
-0.1312147177703659
-0.13032234915983018
-0.12923577958564328
-0.12832963467846895
-0.017883371124089976
-0.017733232744609265
-0.01730210728160548
-0.016975670206620348
-0.016451680787338847
-0.016194735630871867
-0.01587586022580124
0.4068251882221875
0.40890195911831684
0.4096293868808416
0.4103331658027091
0.4121995598887888
0.41533867817270387
0.41870628483720873
0.7098737139622124
0.7121019328584186
0.7227763801017465
0.7305468077756854
0.7373916208122022
0.7409687139650435
0.7461402069626314
0.8673829179655022
0.8793435253723803
0.8826325507743863
0.9104687574238574
0.9172350220150454
0.9324688862264877
0.9610684201987432
0.9759894105675593
1.0128114104376968
1.0193291214846536
1.0651699029158423
1.0656625213345998
1.1077080467789688
1.123862815915205
1.1631427047238276
1.1805372378818941
1.207174742792002
1.2356866381605671
1.2897710984084163
1.303024561970967
1.3519745155771363
1.3620671121152912
1.4043500866753982
1.409235910407103
1.451297242772717
1.4540394383789959
1.4784389691175777
1.5476906786860958
1.5686199738983715
1.5721348614713457
1.6032228758966982
1.609035553614933
1.6327507646770918
1.6505060472783861
1.7815153451559642
1.803016947046116
1.8212679003200263
1.822749313915904
1.831024937180116
1.8327145249797614
1.8357239884770071
2.031544693247002
2.0374189518172043
2.0465672392617336
2.057321110685286
2.0660436861738734
2.066278379136617
2.069815913003582
2.2815554360158514
2.2830645229075985
2.2849912066901115
2.29058711243768
2.291601247665718
2.299759926915114
2.303287836654987
2.5767154301274116
2.587256222919007
2.5982971158426285
2.608760424359007
2.6179008390134584
2.6251921629369517
2.6302740096552215
2.9612947150882354
2.9686920581470155
2.972753982029037
2.974502058606586
2.977350143149718
2.978121731222058
2.9791377003338586
3.2754244207555216
3.28215091740352
3.2905621798872233
3.3006872100691242
3.3124017614388146
3.325431389024089
3.3393866069602676
-2.7393042081532375
-2.7391362384112816
-2.738906614095978
-2.7385983160930825
-2.7381914129900013
-2.737663014677529
-2.736987318967239
-2.500281885086981
-2.4983425448001153
-2.4959781558636736
-2.4931438575069564
-2.4897989738052058
-2.485908504754079
-2.4814447473966172
-2.269339451865595
-2.2632937141074807
-2.256720696383034
-2.249756031046671
-2.2426372711488534
-2.2357832865159706
-2.2299361605076093
-2.116324763065286
-2.1029953854384242
-2.088906488291777
-2.075693206608059
-2.0651208837709376
-2.0588850797276477
-2.0574700378003596
-1.9622739159644509
-1.9607044501201465
-1.9582652375833547
-1.9542603216668417
-1.950828627184145
-1.9411386844405703
-1.9303179295151731
-1.7871956605678765
-1.7842449439725536
-1.776093338312653
-1.775249554708321
-1.7692303591683847
-1.7679841821369104
-1.7656970695801457
-1.68086064023212
-1.6776107563145914
-1.6744617838643636
-1.6733146729079662
-1.667397226822992
-1.6615676439200573
-1.642077962828434
-1.5666126570005914
-1.5595128259833388
-1.5521990498823166
-1.5477322187162288
-1.5427258352180009
-1.5367299480231826
-1.502505615240968
-1.4811342001622174
-1.4714240339802167
-1.464572286765639
-1.4594769873306492
-1.452804707204063
-1.4400308865708094
-1.3985683025474172
-1.383521013518739
-1.3754773857380378
-1.369883840352966
-1.3684323980097197
-1.364731455769699
-1.3629977100611856
-1.2261107686642945
-1.2246406230872626
-1.2228817905989688
-1.221089900161076
-1.2195594241163876
-1.2185806290739258
-1.21769043872011
-1.0144829681947642
-1.0141492969379104
-1.0138722435579226
-1.013669276521789
-1.013577459576749
-1.0134340335921543
-1.0131801982905475
-0.7040795351380496
-0.7040257209344212
-0.7039885595534879
-0.7039773666568031
-0.7039455675787991
-0.7038977939612512
-0.703827498929667
-0.13306036927685558
-0.13227759760886923
-0.13179645323754985
-0.1312147177701767
-0.1303223491599073
-0.1292357795856189
-0.12832963467847844
-0.01788337112446762
-0.017733232743730527
-0.017302107283345605
-0.016975670204480885
-0.016451680789433855
-0.01619473562939443
-0.015875860226068014
0.4068251882221898
0.40890195911831495
0.4096293868808399
0.41033316580270607
0.4121995598887879
0.4153386781727018
0.41870628483721084
0.7098737139622107
0.7121019328584227
0.7227763801017413
0.7305468077756925
0.737391620812185
0.7409687139650573
0.7461402069626317
0.8673829179654993
0.879343525372447
0.8826325507743197
0.9104687574239437
0.9172350220149466
0.9324688862265185
0.961068420198736
0.9759894105675606
1.012811410437709
1.0193291214846398
1.0651699029160069
1.0656625213344357
1.1077080467789706
1.1238628159152035
1.1631427047238314
1.180537237881893
1.2071747427920028
1.235686638160566
1.2897710984084152
1.3030245619709673
1.351974515577137
1.3620671121152899
1.4043500866753977
1.4092359104071048
1.4512972427727147
1.4540394383789947
1.4784389691175777
1.5476906786860956
1.5686199738983695
1.572134861471346
1.6032228758966975
1.609035553614933
1.632750764677091
1.6505060472783875
1.781515345155965
1.8030169470461155
1.8212679003200238
1.8227493139159037
1.8310249371801175
1.8327145249797618
1.835723988477009
2.0315446932470027
2.037418951817204
2.0465672392617322
2.0573211106852844
2.066043686173873
2.066278379136617
2.0698159130035823
2.2815554360158523
2.283064522907598
2.2849912066901115
2.290587112437678
2.2916012476657195
2.299759926915114
2.303287836654987
2.5767154301274124
2.5872562229190077
2.598297115842628
2.608760424359007
2.6179008390134575
2.6251921629369495
2.6302740096552215
2.9612947150882354
2.968692058147014
2.9727539820290394
2.9745020586065807
2.9773501431497205
2.9781217312220574
2.9791377003338537
3.275424420755522
3.282150917403518
3.290562179887219
3.300687210069125
3.3124017614388164
3.325431389024086
3.3393866069602662
-2.7393042081532295
-2.7391362384112834
-2.7389066140959795
-2.7385983160930785
-2.738191412990012
-2.737663014677535
-2.736987318967237
-2.5002818850869835
-2.498342544800113
-2.4959781558636713
-2.4931438575069573
-2.4897989738052124
-2.485908504754086
-2.481444747396618
-2.269339451865593
-2.26329371410748
-2.2567206963830313
-2.249756031046673
-2.242637271148847
-2.2357832865159697
-2.229936160507607
-2.1163247630652857
-2.1029953854384225
-2.0889064882917796
-2.0756932066080496
-2.0651208837709385
-2.058885079727648
-2.0574700378003614
-1.962273915964313
-1.960704450120547
-1.9582652375828995
-1.9542603216671766
-1.9508286271840005
-1.9411386844405876
-1.9303179295151718
-1.7871956570187226
-1.7842449584366034
-1.7760925470130546
-1.7752505701509986
-1.7692287817994474
-1.76798589342818
-1.7656967002858286
-1.6808826026827637
-1.6774565755647588
-1.6749156835688448
-1.672948610937526
-1.667451631634448
-1.6615574302317802
-1.6420781575121217
-1.5666247989884918
-1.5594077877329657
-1.5526800058455787
-1.546752687010305
-1.5434896623078882
-1.5365517463504654
-1.5025248850358242
-1.4810034024979744
-1.471898588890181
-1.463457218518624
-1.4604329328667898
-1.4525901115591502
-1.4400478795972178
-1.3985660692849624
-1.3835331276634495
-1.3754277994241495
-1.3700960420448571
-1.368209314440895
-1.3648040436540225
-1.3629752494378313
-1.2261100561053762
-1.2246438170716438
-1.2228744995485972
-1.2211013502620525
-1.2195456251743364
-1.2185899293456506
-1.2176882969110077
-1.014482990136979
-1.0141490272343505
-1.0138738285538902
-1.0136628613186993
-1.013584220290948
-1.0134322265015947
-1.0131803226353764
-0.7040795252733243
-0.7040258736185705
-0.7039870865105556
-0.7039790056518597
-0.7039452080605315
-0.7038978477294218
-0.703827495908226
-0.13306036927684636
-0.13227759760894386
-0.13179645323738864
-0.13121471777030597
-0.13032234915984575
-0.1292357795856329
-0.1283296346784731
-0.01788337113306904
-0.01773323272553904
-0.017302107312068347
-0.01697567017405725
-0.016451680813784935
-0.016194735613723255
-0.015875860228687658
0.406825188222188
0.4089019591183219
0.4096293868808285
0.41033316580272117
0.4121995598887902
0.4153386781727041
0.4187062848372094
0.7098737139622099
0.7121019328584204
0.7227763801017455
0.7305468077756868
0.7373916208122021
0.7409687139650374
0.7461402069626369
0.8673829179654917
0.8793435253724639
0.8826325507743009
0.9104687574239161
0.917235022014992
0.9324688862264866
0.9610684201987634
0.9759894105675383
1.012811410437742
1.0193291214846127
1.065169902916104
1.0656625213343385
1.107708046778971
1.1238628159152027
1.163142704723827
1.180537237881893
1.2071747427920012
1.235686638160568
1.2897710984084165
1.3030245619709657
1.351974515577135
1.3620671121152896
1.4043500866753986
1.4092359104071024
1.451297242772715
1.4540394383789963
1.4784389691175777
1.5476906786860956
1.5686199738983717
1.5721348614713462
1.6032228758966989
1.6090355536149328
1.6327507646770894
1.6505060472783861
1.781515345155966
1.8030169470461164
1.8212679003200258
1.8227493139159034
1.8310249371801184
1.8327145249797616
1.8357239884770076
2.031544693247003
2.0374189518172043
2.0465672392617322
2.057321110685284
2.066043686173873
2.0662783791366173
2.0698159130035836
2.281555436015851
2.2830645229075968
2.2849912066901137
2.290587112437679
2.291601247665718
2.299759926915113
2.303287836654987
2.5767154301274102
2.587256222919007
2.598297115842627
2.6087604243590077
2.617900839013457
2.625192162936949
2.6302740096552215
2.9612947150882354
2.968692058147015
2.9727539820290323
2.974502058606582
2.9773501431497165
2.9781217312220574
2.979137700333855
3.275424420755521
3.2821509174035146
3.2905621798872215
3.3006872100691234
3.312401761438816
3.325431389024085
3.3393866069602662
-2.7393042081532397
-2.7391362384112803
-2.7389066140959772
-2.7385983160930727
-2.7381914129900045
-2.7376630146775276
-2.7369873189672402
-2.5002818850869772
-2.498342544800116
-2.4959781558636736
-2.493143857506961
-2.489798973805213
-2.48590850475408
-2.4814447473966217
-2.2693394518655956
-2.263293714107483
-2.256720696383029
-2.249756031046665
-2.242637271148852
-2.2357832865159692
-2.229936160507607
-2.116324763065284
-2.1029953854384216
-2.0889064882917823
-2.075693206608056
-2.0651208837709363
-2.058885079727644
-2.0574700378003565
-1.9622739159635496
-1.9607044501227588
-1.9582652375802851
-1.9542603216692196
-1.9508286271830262
-1.9411386844406904
-1.9303179295151558
-1.7871956595020528
-1.7842449500666961
-1.776092816132195
-1.7752502439252102
-1.769229113015878
-1.7679855663037314
-1.765696759170497
-1.6808850915181637
-1.677435833435747
-1.6749660468530811
-1.6729097552971584
-1.6674601636797237
-1.6615555810363378
-1.6420782283694404
-1.5666008501196662
-1.5595905926031979
-1.5518216833565623
-1.548281709878067
-1.542400701770524
-1.5368186312989276
-1.5025031003534837
-1.4811054544392168
-1.4716462527135659
-1.4638539659012217
-1.4602085521100794
-1.45257250943973
-1.4400586059183262
-1.3985597578760702
-1.38357795014357
-1.375195777948034
-1.3708101810249949
-1.3673363078693976
-1.3652684143038298
-1.3628623460433655
-1.2261094942828223
-1.2246463595418176
-1.2228685420393821
-1.2211107940935233
-1.2195339366963307
-1.2185979737354942
-1.21768647402827
-1.014482905238292
-1.0141499990560006
-1.0138682256513303
-1.0136819459521667
-1.0135641654613963
-1.0134382923332916
-1.0131799429793542
-0.704079569801516
-0.7040251624311513
-0.7039919852628981
-0.7039732728088541
-0.7039469356320612
-0.7038976072968066
-0.7038275095191929
-0.13306036927683415
-0.13227759760905294
-0.13179645323716715
-0.1312147177705024
-0.13032234915978094
-0.1292357795856592
-0.12832963467846956
-0.01788337113268931
-0.01773323272641689
-0.01730210731032655
-0.016975670176194006
-0.016451680811686735
-0.01619473561520566
-0.015875860228410848
0.406825188222189
0.40890195911832183
0.40962938688082673
0.4103331658027213
0.4121995598887902
0.4153386781727052
0.4187062848372115
0.7098737139622102
0.7121019328584203
0.7227763801017478
0.7305468077756757
0.7373916208122219
0.7409687139650263
0.7461402069626409
0.8673829179654995
0.879343525372402
0.8826325507743705
0.9104687574238297
0.9172350220150955
0.9324688862264536
0.961068420198771
0.9759894105675363
1.0128114104377293
1.0193291214846276
1.065169902915946
1.0656625213345001
1.107708046778967
1.1238628159152033
1.1631427047238283
1.1805372378818948
1.2071747427919999
1.2356866381605673
1.2897710984084154
1.303024561970968
1.3519745155771383
1.3620671121152912
1.4043500866753988
1.4092359104071053
1.4512972427727167
1.4540394383789959
1.4784389691175779
1.5476906786860956
1.5686199738983722
1.5721348614713473
1.6032228758966987
1.6090355536149337
1.6327507646770894
1.6505060472783857
1.7815153451559642
1.8030169470461148
1.8212679003200263
1.8227493139159037
1.8310249371801173
1.8327145249797625
1.8357239884770067
2.031544693247001
2.037418951817203
2.0465672392617322
2.0573211106852844
2.066043686173873
2.066278379136617
2.0698159130035814
2.2815554360158523
2.2830645229075976
2.2849912066901106
2.2905871124376787
2.2916012476657186
2.2997599269151126
2.303287836654987
2.576715430127411
2.5872562229190077
2.598297115842627
2.608760424359007
2.6179008390134566
2.6251921629369486
2.6302740096552215
2.9612947150882354
2.9686920581470178
2.9727539820290363
2.9745020586065802
2.9773501431497196
2.978121731222059
2.979137700333858
3.2754244207555248
3.2821509174035195
3.2905621798872198
3.3006872100691202
3.3124017614388164
3.325431389024085
3.339386606960267
