-2.7568538139446797
-2.7567508214916177
-2.7566039853127817
-2.756398849703231
-2.756117779085418
-2.7557397459187287
-2.5496537153987657
-2.5482939722473614
-2.546575175958385
-2.544445215661601
-2.5418538577299863
-2.538754486339454
-2.3490549345472416
-2.3440481862672713
-2.3383947681300588
-2.33214118434659
-2.3253850416497213
-2.318310930958637
-2.1715731220594563
-2.158594100668362
-2.151553040636644
-2.1493013201904527
-2.146930396730266
-2.1455180208380935
-2.06486529419505
-2.0628032223743755
-2.0606010124361074
-2.0559715448322224
-2.0507100360310555
-2.0377640170240428
-1.9099625174801387
-1.900879448973161
-1.891108894079557
-1.882219326256188
-1.8769061532738716
-1.8761857611206822
-1.7949471770628385
-1.7921762834862411
-1.7840976237550525
-1.773315977648816
-1.763306538883169
-1.7571709218479408
-1.6781333781569603
-1.6724083270043253
-1.665062870160483
-1.6560360936377125
-1.6480948336335435
-1.6448749305072687
-1.5785183284655795
-1.5771695446320684
-1.5713366030928886
-1.564124164838781
-1.5551071979529394
-1.5434216913627057
-1.5149164396041093
-1.4833515551564087
-1.470333609316724
-1.4676202380778276
-1.4587985767170142
-1.454070651783635
-1.4331755148876235
-1.4023268536481248
-1.3921264542860843
-1.3867687935728412
-1.3838758098893191
-1.3774670559557263
-1.3705282798333887
-1.293749883273229
-1.288463203311799
-1.286042610051699
-1.28559722753933
-1.2825610976753021
-1.2778025776983386
-1.1371188342370664
-1.136032636667661
-1.13527316531475
-1.1349365310703081
-1.1348224677185177
-1.1343190214077767
-0.9352317293294677
-0.9351726369472068
-0.9351467119686743
-0.9350983906236969
-0.9350303581014208
-0.9349605324189116
-0.6426315061084028
-0.6426231772983438
-0.6426115333199982
-0.6426082760219333
-0.6426008762524206
-0.6425908601192307
-0.1346789324893243
-0.13412919303942883
-0.13377378320879027
-0.13345397522949376
-0.13308334476609307
-0.1327147496230931
-0.012703421932677737
-0.012603709564065448
-0.012553967815992944
-0.012357964573238673
-0.01231070525487739
-0.01220615294998929
0.3532529089074647
0.35507208473609875
0.3560195752206912
0.3567398155012034
0.3578421680584932
0.35930621851236083
0.6492547995094825
0.6507695873613848
0.6573878518595954
0.6657227414875092
0.6660442381429398
0.6692833901398513
0.8100556693279196
0.8160882875675863
0.8256231389150882
0.8371394547483504
0.841238763351119
0.8680539444131201
0.8860092237426405
0.9163414658017502
0.9267595135564883
0.9605797891509703
0.9763261663988778
1.0032122576019493
1.0373149233155525
1.0592106199365428
1.0892396236062278
1.1038575898070622
1.145207658041822
1.1528347730639656
1.197987064170565
1.2093052014692496
1.2533454994222046
1.2605948978845753
1.3017747794570895
1.3163811845587834
1.3442956736670626
1.3819413847446986
1.428661305013211
1.4741358868636358
1.476754858510673
1.5149935927312703
1.5155920915034948
1.592856244508624
1.5983201312169728
1.6181883918518787
1.6319519605128447
1.654208620153329
1.6567625137950235
1.7687349892330517
1.7756132067434256
1.7805667667517089
1.7883864649122823
1.798457264801703
1.8038305195192383
1.9728091701143355
1.9860608159736979
1.9979594439983555
2.006598699146814
2.0090868911148867
2.0105961689983403
2.1947593756547925
2.2027701154276174
2.2144213144769256
2.225688754499912
2.231154181199329
2.232152253781437
2.4242418994691626
2.426577355320367
2.428032443866123
2.4329766074121433
2.4383153719816235
2.4412795391629096
2.6952681905330618
2.7061648662007887
2.7168690060038987
2.7264307382374096
2.734197667108156
2.7397148649922234
3.0324256488063246
3.0397897329448615
3.0448608078412858
3.045191785001218
3.0479371774968755
3.048021312378647
3.3002132086744753
3.3074206926869905
3.316506380286239
3.327439208276785
3.3399848473929605
3.353736485430254
-2.7568538139446814
-2.756750821491622
-2.75660398531277
-2.7563988497032357
-2.756117779085409
-2.7557397459187323
-2.549653715398765
-2.5482939722473623
-2.5465751759583837
-2.544445215661599
-2.5418538577299845
-2.538754486339452
-2.3490549345472385
-2.344048186267271
-2.3383947681300565
-2.3321411843465905
-2.325385041649719
-2.3183109309586407
-2.1715731220594514
-2.1585941006683638
-2.151553040636643
-2.1493013201904416
-2.1469303967302653
-2.145518020838098
-2.0648652941950485
-2.062803222374375
-2.0606010124361096
-2.055971544832221
-2.0507100360310595
-2.0377640170240383
-1.9099625174801282
-1.90087944897326
-1.8911088940788578
-1.8822193262601958
-1.876906153249634
-1.8761857611415773
-1.7949471766651832
-1.7921762842601099
-1.7840976229556382
-1.7733159785856958
-1.7633065378973514
-1.7571709223318839
-1.6781333735463044
-1.672408338740971
-1.665062865764379
-1.6560360572868846
-1.6480949648142826
-1.6448748275659069
-1.5786404953236715
-1.5769662440912
-1.571491676496942
-1.5640019973632242
-1.5551739681574406
-1.5433997282033565
-1.5149244904098758
-1.483263138496871
-1.4713542968464517
-1.466044063053929
-1.4598490240217334
-1.4536451304336038
-1.4331904816791547
-1.4023592312426556
-1.3917630070252982
-1.387657927933181
-1.3831504052673387
-1.3776561019564468
-1.3705059503353683
-1.293751501147223
-1.288440415713485
-1.286173953326102
-1.2854794013754385
-1.2825690523575854
-1.2778022857356575
-1.1371188015780183
-1.136033077561974
-1.135269309921549
-1.1349488168598096
-1.1348131345342098
-1.1343195159604567
-0.9352317487440959
-0.9351724296232801
-0.9351470177853068
-0.9350982357167426
-0.9350304017263242
-0.934960525793653
-0.6426315259872797
-0.6426230840456524
-0.6426120324063154
-0.6426076853303646
-0.6426010614028442
-0.6425908399478738
-0.13467893248932708
-0.13412919303942838
-0.13377378320878386
-0.13345397522949684
-0.13308334476609143
-0.132714749623095
-0.012703421934491156
-0.012603709551267493
-0.012553967830710123
-0.01235796455813392
-0.012310705267896137
-0.012206152948340692
0.35325290890746713
0.35507208473609575
0.35601957522069033
0.3567398155012018
0.3578421680584918
0.359306218512356
0.6492547995094828
0.6507695873613848
0.657387851859593
0.6657227414875251
0.6660442381429234
0.6692833901398477
0.8100556693279245
0.8160882875675666
0.825623138915133
0.8371394547482192
0.8412387633512256
0.8680539444131017
0.8860092237426522
0.9163414658017366
0.9267595135564981
0.9605797891509684
0.9763261663988764
1.00321225760195
1.03731492331555
1.059210619936546
1.0892396236062245
1.1038575898070624
1.1452076580418238
1.1528347730639668
1.1979870641705639
1.2093052014692476
1.2533454994222075
1.2605948978845756
1.3017747794570897
1.3163811845587832
1.3442956736670604
1.3819413847447002
1.4286613050132109
1.4741358868636374
1.4767548585106725
1.5149935927312699
1.5155920915034948
1.592856244508625
1.5983201312169715
1.6181883918518793
1.631951960512843
1.65420862015333
1.6567625137950237
1.7687349892330517
1.7756132067434265
1.7805667667517076
1.788386464912282
1.7984572648017036
1.8038305195192401
1.9728091701143355
1.9860608159736988
1.9979594439983575
2.0065986991468137
2.0090868911148863
2.010596168998341
2.1947593756547925
2.202770115427618
2.2144213144769256
2.225688754499912
2.23115418119933
2.232152253781436
2.424241899469162
2.4265773553203664
2.4280324438661207
2.432976607412143
2.4383153719816226
2.4412795391629105
2.695268190533059
2.7061648662007856
2.7168690060039005
2.7264307382374113
2.7341976671081576
2.7397148649922185
3.032425648806324
3.0397897329448593
3.044860807841285
3.0451917850012244
3.0479371774968738
3.048021312378651
3.3002132086744727
3.3074206926869882
3.3165063802862416
3.3274392082767883
3.339984847392963
3.35373648543025
-2.756853813944683
-2.756750821491621
-2.756603985312772
-2.7563988497032272
-2.756117779085414
-2.755739745918733
-2.5496537153987644
-2.54829397224736
-2.546575175958384
-2.5444452156616006
-2.5418538577299854
-2.538754486339449
-2.3490549345472385
-2.3440481862672726
-2.3383947681300596
-2.3321411843465856
-2.3253850416497213
-2.3183109309586407
-2.171573122059456
-2.1585941006683615
-2.1515530406366437
-2.1493013201904456
-2.1469303967302653
-2.145518020838087
-2.0648652941950534
-2.0628032223743737
-2.060601012436112
-2.055971544832222
-2.050710036031062
-2.037764017024041
-1.9099625174801345
-1.900879448973208
-1.8911088940792329
-1.882219326258083
-1.8769061532624103
-1.8761857611305597
-1.7949471768582652
-1.7921762838980342
-1.7840976232746586
-1.7733159783484773
-1.7633065379318729
-1.7571709224074994
-1.6781331566853137
-1.6724093301487637
-1.665060613197223
-1.6560401589666034
-1.6480880777057907
-1.6448791575569714
-1.5785044032026478
-1.5771685938321993
-1.5713969454742265
-1.564030375047519
-1.555180174749697
-1.5433913556037657
-1.5149303416607829
-1.483181182648512
-1.4719960749810888
-1.4643827130823428
-1.4613161093636113
-1.4532531002441407
-1.433218981641711
-1.402316974756297
-1.3919928857069392
-1.3872732173662812
-1.3833907625994954
-1.377602992905136
-1.3705101063801655
-1.2937519047087886
-1.288432870514914
-1.286212322572839
-1.2854448070142135
-1.2825725895918008
-1.2778021157792356
-1.1371188058796218
-1.1360330318964134
-1.13526963433581
-1.1349479590492402
-1.134813736825097
-1.134319488429869
-0.9352321013898223
-0.9351673087812038
-0.9351538235072602
-0.9350954850431118
-0.9350312401805452
-0.9349604004874523
-0.6426315493353305
-0.6426229706014992
-0.6426125071758407
-0.6426070822540881
-0.6426013035047268
-0.6425908162488482
-0.1346789324893274
-0.13412919303942894
-0.13377378320878083
-0.13345397522949798
-0.13308334476609185
-0.13271474962309335
-0.012703421934144808
-0.012603709553725233
-0.012553967827879174
-0.0123579645610529
-0.012310705265376143
-0.01220615294866631
0.3532529089074663
0.35507208473609553
0.3560195752206936
0.3567398155012036
0.3578421680584935
0.35930621851235883
0.6492547995094841
0.6507695873613865
0.6573878518595951
0.6657227414875182
0.6660442381429317
0.6692833901398483
0.8100556693279272
0.8160882875675557
0.8256231389151454
0.8371394547482173
0.8412387633512218
0.8680539444131116
0.8860092237426408
0.9163414658017593
0.9267595135564789
0.9605797891509805
0.9763261663988678
1.0032122576019515
1.0373149233155485
1.0592106199365436
1.0892396236062265
1.1038575898070615
1.1452076580418236
1.1528347730639654
1.1979870641705652
1.209305201469248
1.2533454994222077
1.2605948978845738
1.3017747794570915
1.316381184558784
1.3442956736670604
1.3819413847446986
1.4286613050132109
1.474135886863636
1.476754858510675
1.5149935927312699
1.5155920915034948
1.5928562445086243
1.598320131216972
1.618188391851879
1.6319519605128454
1.6542086201533301
1.6567625137950224
1.768734989233053
1.7756132067434245
1.780566766751707
1.788386464912281
1.7984572648017028
1.8038305195192395
1.972809170114335
1.986060815973698
1.997959443998357
2.0065986991468145
2.0090868911148863
2.0105961689983407
2.1947593756547925
2.2027701154276174
2.2144213144769256
2.2256887544999118
2.2311541811993276
2.2321522537814364
2.424241899469161
2.4265773553203673
2.4280324438661194
2.4329766074121446
2.438315371981622
2.4412795391629105
2.69526819053306
2.7061648662007842
2.7168690060039
2.726430738237411
2.7341976671081585
2.7397148649922207
3.032425648806322
3.039789732944861
3.0448608078412867
3.0451917850012182
3.0479371774968778
3.048021312378647
3.300213208674475
3.307420692686989
3.3165063802862393
3.3274392082767847
3.339984847392963
3.3537364854302534
-2.75685381394468
-2.7567508214916177
-2.756603985312771
-2.756398849703226
-2.756117779085415
-2.7557397459187287
-2.549653715398764
-2.5482939722473605
-2.546575175958384
-2.544445215661599
-2.5418538577299836
-2.5387544863394482
-2.3490549345472402
-2.344048186267273
-2.338394768130055
-2.3321411843465913
-2.3253850416497177
-2.318310930958638
-2.1715731220594585
-2.158594100668371
-2.1515530406366428
-2.1493013201904527
-2.1469303967302684
-2.145518020838092
-2.0648652941950534
-2.0628032223743835
-2.060601012436117
-2.055971544832224
-2.05071003603106
-2.0377640170240414
-1.9099625174801411
-1.9008794489731067
-1.8911088940799288
-1.8822193262540687
-1.8769061532866502
-1.876185761109665
-1.794947177255921
-1.7921762831241657
-1.784097624074073
-1.7733159774115992
-1.7633065389176947
-1.7571709219235578
-1.6781331612966766
-1.6724093184140656
-1.6650606175882978
-1.6560401952767527
-1.648087946214595
-1.6448792608517901
-1.5783338462446894
-1.5774168696805821
-1.5712441684574765
-1.5641536400408624
-1.5551134606341324
-1.5434132849042406
-1.5149222925965287
-1.4832722291188198
-1.4713297832066081
-1.4660316579420378
-1.459925379692629
-1.4535891934028398
-1.433203927439247
-1.4022840478134666
-1.392318547041574
-1.3862640384424898
-1.384269028898373
-1.3774193894818862
-1.3705325109441562
-1.2937502874864772
-1.2884559158250624
-1.2860967699661434
-1.2855466266296949
-1.2825645924963338
-1.2778024076722776
-1.1371188385379623
-1.1360325909016455
-1.1352734794615396
-1.1349355611029617
-1.1348231923728958
-1.1343189940391003
-0.935232082574469
-0.9351676947125875
-0.9351533544734245
-0.9350956256220815
-0.9350311949525943
-0.9349604070542336
-0.6426315297058692
-0.6426230662681458
-0.6426121140172373
-0.6426075849462174
-0.6426010980108978
-0.6425908361719685
-0.1346789324893277
-0.13412919303942833
-0.13377378320879177
-0.1334539752294905
-0.13308334476609218
-0.13271474962309168
-0.012703421932331628
-0.012603709566519804
-0.012553967813162708
-0.012357964576160228
-0.012310705252355563
-0.01220615295030991
0.3532529089074657
0.35507208473609597
0.3560195752206944
0.356739815501197
0.35784216805849145
0.35930621851235806
0.6492547995094827
0.650769587361386
0.6573878518595959
0.6657227414875015
0.6660442381429464
0.6692833901398471
0.8100556693279207
0.816088287567571
0.825623138915102
0.8371394547483457
0.8412387633511097
0.8680539444131296
0.8860092237426267
0.9163414658017737
0.9267595135564675
0.9605797891509815
0.9763261663988678
1.0032122576019507
1.0373149233155523
1.0592106199365405
1.0892396236062305
1.1038575898070597
1.1452076580418282
1.1528347730639652
1.1979870641705666
1.2093052014692496
1.2533454994222084
1.2605948978845758
1.3017747794570917
1.3163811845587836
1.3442956736670613
1.3819413847446993
1.4286613050132109
1.4741358868636367
1.4767548585106727
1.5149935927312703
1.5155920915034946
1.5928562445086236
1.5983201312169732
1.618188391851878
1.6319519605128465
1.65420862015333
1.6567625137950237
1.768734989233051
1.7756132067434252
1.7805667667517076
1.7883864649122814
1.7984572648017032
1.803830519519239
1.972809170114336
1.986060815973698
1.9979594439983557
2.006598699146814
2.009086891114886
2.0105961689983403
2.1947593756547925
2.202770115427618
2.214421314476927
2.2256887544999113
2.231154181199329
2.232152253781437
2.4242418994691626
2.4265773553203664
2.4280324438661216
2.4329766074121424
2.4383153719816226
2.44127953916291
2.6952681905330578
2.7061648662007904
2.7168690060039005
2.726430738237411
2.734197667108157
2.7397148649922216
3.0324256488063295
3.039789732944862
3.044860807841286
3.0451917850012187
3.0479371774968813
3.0480213123786517
3.3002132086744687
3.3074206926869882
3.3165063802862367
3.327439208276785
3.339984847392957
3.3537364854302467
-2.756874126101678
-2.756780181194018
-2.7566455429370316
-2.7564565069382745
-2.7561962562269655
-2.755844625566002
-2.54994369343622
-2.5486655173867225
-2.547041404725523
-2.545019047992884
-2.542547580687393
-2.539579319678708
-2.350203452095393
-2.3453614922675805
-2.3398668985496758
-2.3337566279530897
-2.3271130905549393
-2.320094161950162
-2.1681102700770887
-2.1558337883580894
-2.1529856436969657
-2.1478672061829753
-2.147805294587762
-2.1454502047253095
-2.064419296049178
-2.0638409674573803
-2.0585719320001776
-2.0580145118010433
-2.0476475443241275
-2.034379553998167
-1.9119652034867483
-1.90326769316013
-1.8935386155990634
-1.8842498402461332
-1.8775154154328586
-1.8758562849901168
-1.7949868834024683
-1.790641608459858
-1.7815090772613238
-1.7706154789979645
-1.7612978176740488
-1.7565467216996227
-1.6782017805773246
-1.673351777028168
-1.6671185575434921
-1.6583125602215845
-1.6498027250009997
-1.6450400552122288
-1.5785700565016818
-1.575917136812862
-1.5699311901141386
-1.562649225866607
-1.5542807874567723
-1.5432404194045846
-1.5150867283993625
-1.483915122009453
-1.4711393080681485
-1.4670170315708517
-1.4592831717108514
-1.4539421902166303
-1.4325915284617579
-1.4025282387347353
-1.3924103276628066
-1.38741336001318
-1.3835358173751584
-1.3775132082234949
-1.3714282544927057
-1.2928119727944563
-1.2878226285700827
-1.2859941609941823
-1.2851288275566806
-1.281864105331698
-1.2771546713556743
-1.1369176137905215
-1.1358419305574259
-1.1351556528783826
-1.1349478364481427
-1.134775954622708
-1.1342270340446217
-0.9352319446623296
-0.935174196956706
-0.9351562771609598
-0.9351099394880436
-0.9350418648736296
-0.9349650787328064
-0.6426304343816523
-0.6426210128195609
-0.6426123727806087
-0.6426064414593085
-0.6426006060883303
-0.6425908298331944
-0.13486033071941592
-0.13424269162847632
-0.1338532896446855
-0.1335376641726873
-0.13318004640339887
-0.13279965667805915
-0.012688739778452765
-0.012648837120313753
-0.012491602910526946
-0.012420053030498916
-0.012266261394206543
-0.012219417250095262
0.3526424893129564
0.3547136079823573
0.35583480507194387
0.3565398093342214
0.3575188592565567
0.35893415296158554
0.6496093391652494
0.649897088136812
0.655360460560352
0.6638266102327184
0.6672231275848116
0.6691255716375877
0.8094521958709346
0.8199834867564457
0.820864708418344
0.8296871614716332
0.8495247400113254
0.8617350375729175
0.8935108594816127
0.9059218701645191
0.9387579041314505
0.9493097020578185
0.9886288841645073
0.9938676463317816
1.0452968136997425
1.0514004599210298
1.0916893949213853
1.103121668266413
1.1406351368780245
1.1590527641725985
1.1904550280165982
1.2188717689959037
1.2411339311392076
1.2746543224476368
1.2898059031602105
1.3300183837206005
1.3356730478709489
1.391959541473164
1.4410540263528182
1.4621778268571168
1.4878199490347819
1.5067093419628885
1.52099038540978
1.5922593694786362
1.5983033755753433
1.623421358812977
1.6245613413962168
1.6526371259058912
1.657616829752283
1.769072202102627
1.7758111319762848
1.778750784200889
1.7913124606240394
1.8002307574123588
1.804556480016643
1.9760985158703979
1.9892526590339894
2.000483618362715
2.0078658381533216
2.0080806175765926
2.0107465111884375
2.193608004064886
2.2003064210293792
2.211364222612847
2.2231635675834345
2.231180008511015
2.2321385280792376
2.4243175740702316
2.4264447191440555
2.4278876152835127
2.434947191748811
2.4352223939421447
2.4434511536344377
2.6979426069539096
2.7089025671425597
2.7193960517187685
2.728561439491598
2.735801961647133
2.7407053057545427
3.0303703971908105
3.038103549243782
3.0440629530129173
3.045906305337259
3.047578540134415
3.048239718677773
3.2986905947146368
3.305445861074111
3.314057094956976
3.3245422772541486
3.3367171117649614
3.3502123923177285
-2.7568741261016796
-2.7567801811940154
-2.7566455429370302
-2.756456506938263
-2.7561962562269704
-2.755844625565999
-2.5499436934362154
-2.548665517386721
-2.5470414047255225
-2.545019047992895
-2.542547580687394
-2.5395793196787055
-2.350203452095394
-2.345361492267581
-2.3398668985496758
-2.3337566279530852
-2.3271130905549455
-2.320094161950162
-2.1681102700770833
-2.155833788358086
-2.152985643696968
-2.147867206182979
-2.1478052945877644
-2.1454502047253126
-2.0644192960491803
-2.0638409674573786
-2.058571932000178
-2.0580145118010424
-2.047647544324128
-2.0343795539981615
-1.911965203486748
-1.9032676931601478
-1.8935386155989227
-1.8842498402468995
-1.8775154154297018
-1.8758562849926583
-1.7949868831542488
-1.790641609135057
-1.7815090760705994
-1.7706154811345352
-1.7612978144889773
-1.7565467235565393
-1.6782018133548793
-1.6733515654112234
-1.6671190932014204
-1.6583115821131114
-1.6498041540175645
-1.6450392152431808
-1.578653031368188
-1.5757299545792511
-1.5701310417005059
-1.5624922318697296
-1.5543608584397661
-1.5432194763957194
-1.5150913392668957
-1.4838765633028081
-1.4715339746010192
-1.466342711762438
-1.4598016357269556
-1.4537300004505098
-1.4326031735948797
-1.4025263861756434
-1.392343190143977
-1.3876226301052454
-1.3833322870603872
-1.377586924606905
-1.3714157168897367
-1.292814231728379
-1.287781394111381
-1.2861169250184725
-1.2850368112664452
-1.2818727635509046
-1.2771542481801559
-1.1369175331729027
-1.135843326809054
-1.1351362175376896
-1.1349809172639527
-1.1347601098189173
-1.134227917739237
-0.9352319509779867
-0.9351741126308397
-0.9351563861509088
-0.9351099015407888
-0.9350418726450401
-0.9349650779289084
-0.6426304365155182
-0.6426209987032994
-0.6426124163622527
-0.6426063871772324
-0.6426006313808836
-0.6425908272234672
-0.13486033071941414
-0.1342426916284787
-0.1338532896446773
-0.13353766417269333
-0.13318004640339814
-0.13279965667805999
-0.01268873978054024
-0.01264883711660963
-0.012491602916944006
-0.012420053024064747
-0.01226626139753141
-0.012219417248404427
0.3526424893129557
0.35471360798235696
0.35583480507194254
0.35653980933421897
0.3575188592565559
0.35893415296158737
0.6496093391652511
0.6498970881368116
0.6553604605603495
0.6638266102327142
0.6672231275848126
0.6691255716375856
0.809452195870929
0.8199834867567238
0.8208647084180436
0.8296871614716688
0.8495247400113225
0.8617350375729161
0.8935108594816238
0.9059218701645085
0.9387579041314681
0.949309702057802
0.9886288841645238
0.9938676463317696
1.0452968136997456
1.051400459921028
1.0916893949213855
1.1031216682664164
1.1406351368780239
1.159052764172601
1.1904550280165958
1.2188717689959028
1.241133931139207
1.2746543224476352
1.289805903160213
1.330018383720601
1.3356730478709464
1.3919595414731618
1.4410540263528195
1.4621778268571157
1.4878199490347812
1.50670934196289
1.5209903854097808
1.5922593694786358
1.5983033755753437
1.6234213588129756
1.6245613413962172
1.6526371259058912
1.6576168297522826
1.7690722021026273
1.775811131976284
1.7787507842008892
1.7913124606240385
1.8002307574123595
1.8045564800166407
1.9760985158703983
1.98925265903399
2.0004836183627153
2.007865838153321
2.0080806175765913
2.0107465111884375
2.193608004064886
2.200306421029378
2.2113642226128474
2.223163567583436
2.2311800085110156
2.2321385280792376
2.42431757407023
2.426444719144055
2.4278876152835123
2.43494719174881
2.4352223939421465
2.4434511536344368
2.6979426069539056
2.7089025671425606
2.7193960517187694
2.7285614394915982
2.735801961647134
2.7407053057545427
3.0303703971908136
3.0381035492437767
3.044062953012915
3.0459063053372577
3.047578540134414
3.048239718677773
3.298690594714636
3.305445861074105
3.3140570949569743
3.324542277254149
3.3367171117649588
3.3502123923177227
-2.756874126101682
-2.756780181194015
-2.756645542937032
-2.7564565069382643
-2.756196256226964
-2.7558446255659983
-2.5499436934362163
-2.5486655173867225
-2.5470414047255177
-2.5450190479928905
-2.5425475806873887
-2.5395793196787055
-2.3502034520953923
-2.3453614922675827
-2.339866898549676
-2.333756627953089
-2.327113090554943
-2.3200941619501627
-2.168110270077088
-2.1558337883580854
-2.1529856436969648
-2.1478672061829767
-2.147805294587762
-2.1454502047253086
-2.064419296049178
-2.0638409674573746
-2.0585719320001794
-2.0580145118010416
-2.0476475443241253
-2.0343795539981615
-1.9119652034867556
-1.903267693160112
-1.8935386155990515
-1.8842498402465244
-1.8775154154307216
-1.8758562849919165
-1.7949868831618474
-1.7906416091139923
-1.7815090761067813
-1.770615481085005
-1.7612978145146894
-1.7565467235645353
-1.6782016135666111
-1.6733524183034745
-1.6671174828075699
-1.6583139166320373
-1.6498011552385954
-1.6450408923709818
-1.5785362155162468
-1.5759817502047506
-1.5698832819198185
-1.5626642966848192
-1.5542899826719225
-1.5432305928478556
-1.5150945706338346
-1.4837909612320974
-1.4723126306754737
-1.4639507133181398
-1.4620323853428834
-1.4531567674430397
-1.4326541027500248
-1.4024293182701144
-1.3927665627153119
-1.386826971649382
-1.3838812279589434
-1.377485349774155
-1.3714253867712667
-1.292815898832151
-1.2877472783718722
-1.2862041312436068
-1.284975306737056
-1.2818798745720534
-1.2771538881746973
-1.1369175231625668
-1.1358435066023909
-1.1351331408442524
-1.1349855893397371
-1.1347582223827404
-1.1342280400100642
-0.9352321414166173
-0.935170312450292
-0.9351610920388594
-0.9351085014362707
-0.9350422201536062
-0.9349650343788317
-0.6426304505390485
-0.6426209037866915
-0.6426126937100248
-0.6426060321241027
-0.6426008071765271
-0.642590810026267
-0.13486033071941608
-0.13424269162848182
-0.13385328964466978
-0.13353766417269602
-0.13318004640339917
-0.13279965667806198
-0.012688739782746176
-0.012648837112697807
-0.01249160292371543
-0.01242005301729544
-0.012266261401022025
-0.012219417246624188
0.35264248931295533
0.35471360798235724
0.355834805071942
0.3565398093342204
0.3575188592565528
0.35893415296158593
0.6496093391652477
0.6498970881368135
0.6553604605603494
0.6638266102327184
0.6672231275848101
0.6691255716375859
0.809452195870931
0.8199834867564254
0.8208647084183802
0.8296871614716163
0.84952474001135
0.8617350375728984
0.8935108594816347
0.9059218701644977
0.9387579041314706
0.949309702057801
0.9886288841645156
0.9938676463317786
1.04529681369974
1.0514004599210351
1.091689394921383
1.10312166826642
1.1406351368780228
1.1590527641726018
1.1904550280165958
1.2188717689959043
1.2411339311392087
1.2746543224476365
1.2898059031602112
1.3300183837206012
1.3356730478709478
1.3919595414731627
1.4410540263528193
1.462177826857115
1.4878199490347799
1.5067093419628896
1.5209903854097817
1.5922593694786358
1.598303375575343
1.623421358812975
1.6245613413962154
1.6526371259058914
1.6576168297522822
1.7690722021026264
1.775811131976285
1.7787507842008867
1.7913124606240385
1.8002307574123577
1.8045564800166431
1.9760985158703994
1.9892526590339903
2.000483618362715
2.0078658381533216
2.008080617576593
2.0107465111884393
2.1936080040648864
2.2003064210293783
2.2113642226128465
2.223163567583434
2.231180008511015
2.232138528079237
2.42431757407023
2.4264447191440546
2.4278876152835114
2.4349471917488104
2.4352223939421456
2.443451153634436
2.6979426069539065
2.7089025671425593
2.7193960517187707
2.728561439491601
2.735801961647133
2.7407053057545414
3.030370397190811
3.038103549243781
3.0440629530129173
3.04590630533726
3.047578540134413
3.048239718677773
3.298690594714637
3.3054458610741104
3.314057094956981
3.3245422772541473
3.3367171117649645
3.350212392317719
-2.756874126101672
-2.7567801811940154
-2.7566455429370333
-2.756456506938266
-2.756196256226967
-2.7558446255659983
-2.5499436934362185
-2.548665517386719
-2.5470414047255208
-2.545019047992892
-2.5425475806873905
-2.5395793196787024
-2.350203452095391
-2.3453614922675827
-2.33986689854968
-2.3337566279530773
-2.3271130905549415
-2.32009416195016
-2.16811027007709
-2.155833788358086
-2.1529856436969657
-2.147867206182976
-2.147805294587774
-2.1454502047253112
-2.064419296049189
-2.063840967457379
-2.058571932000182
-2.0580145118010424
-2.047647544324125
-2.034379553998161
-1.9119652034867527
-1.9032676931600985
-1.8935386155991925
-1.8842498402457615
-1.8775154154338742
-1.8758562849893703
-1.7949868834100684
-1.7906416084387926
-1.7815090772975106
-1.77061547894843
-1.7612978176997622
-1.7565467217076134
-1.6782015807822532
-1.6733526298536965
-1.6671169470676102
-1.6583148945184318
-1.649799725770555
-1.6450417331688807
-1.578439094596425
-1.5761749168222576
-1.5696858378214964
-1.5628254493677167
-1.554211423165491
-1.543251620049583
-1.5150899608537876
-1.4838307331433571
-1.472047826302279
-1.4650077632466147
-1.4610544689785256
-1.4533146969566646
-1.43264236822098
-1.402431108906731
-1.392820100378353
-1.3865491360118227
-1.3841631850124758
-1.3774153213379419
-1.3714380322630033
-1.2928136439310742
-1.2877911164435447
-1.28609153868049
-1.2850546284827982
-1.281871132000639
-1.2771543111399124
-1.1369176037846813
-1.1358421119301183
-1.135153354859347
-1.1349522120329547
-1.1347735845703875
-1.1342271551643262
-0.935232135212319
-0.93517047467082
-0.935160907599561
-0.935108536963458
-0.9350422122480504
-0.9349650351802745
-0.6426304484207839
-0.6426209183476023
-0.6426126528336903
-0.6426060855483978
-0.6426007796003873
-0.6425908126117995
-0.13486033071941675
-0.1342426916284791
-0.13385328964467974
-0.13353766417268884
-0.13318004640340217
-0.13279965667806293
-0.012688739780661956
-0.012648837116402741
-0.012491602917297876
-0.012420053023720618
-0.01226626139769886
-0.012219417248322354
0.3526424893129556
0.35471360798235446
0.35583480507194276
0.3565398093342234
0.3575188592565576
0.3589341529615823
0.6496093391652495
0.6498970881368142
0.6553604605603517
0.6638266102327146
0.6672231275848108
0.6691255716375881
0.8094521958709398
0.8199834867561469
0.8208647084186823
0.8296871614715828
0.8495247400113515
0.8617350375729008
0.8935108594816238
0.9059218701645156
0.9387579041314517
0.949309702057818
0.9886288841644987
0.99386764633179
1.0452968136997367
1.051400459921036
1.0916893949213837
1.1031216682664178
1.1406351368780245
1.1590527641726003
1.1904550280165977
1.2188717689959028
1.2411339311392067
1.2746543224476365
1.289805903160211
1.330018383720602
1.3356730478709475
1.3919595414731627
1.4410540263528193
1.462177826857115
1.4878199490347814
1.5067093419628892
1.5209903854097795
1.592259369478635
1.598303375575344
1.6234213588129771
1.6245613413962159
1.6526371259058916
1.6576168297522835
1.769072202102626
1.7758111319762846
1.7787507842008892
1.7913124606240394
1.8002307574123577
1.804556480016642
1.9760985158703979
1.9892526590339907
2.0004836183627166
2.0078658381533194
2.0080806175765935
2.010746511188438
2.193608004064886
2.2003064210293766
2.211364222612845
2.223163567583434
2.2311800085110156
2.2321385280792376
2.4243175740702294
2.4264447191440564
2.4278876152835136
2.4349471917488112
2.4352223939421456
2.443451153634437
2.6979426069539043
2.7089025671425615
2.7193960517187676
2.7285614394916005
2.7358019616471325
2.740705305754542
3.0303703971908154
3.0381035492437816
3.0440629530129146
3.0459063053372613
3.0475785401344155
3.0482397186777708
3.2986905947146354
3.3054458610741113
3.3140570949569783
3.3245422772541438
3.3367171117649645
3.3502123923177276
-2.7568925884201327
-2.756807011260475
-2.756683715950903
-2.7565097296693546
-2.756269039197757
-2.7559423332068103
-2.550215310987195
-2.5490154429624865
-2.5474827362017107
-2.5455647953618072
-2.543210230019418
-2.540370398357151
-2.351310661075508
-2.346633864498696
-2.3413003359439934
-2.335338392576394
-2.328817046409834
-2.321871167706398
-2.1647695393467115
-2.154484653992312
-2.1533420570420905
-2.1489691991923063
-2.1466782201439982
-2.1456862452983096
-2.0645639318974567
-2.0635407234863954
-2.059854533864631
-2.0562180194366464
-2.044440031114869
-2.0310184912394553
-1.9138147637622671
-1.9055910374323453
-1.8959928610737304
-1.886432845690308
-1.8787937024835946
-1.8756374884028193
-1.7946159357332168
-1.7887290712458084
-1.7788138416470671
-1.768013997018949
-1.7595800841814877
-1.7562988192144402
-1.6781855699891803
-1.6737661672172088
-1.668993918449371
-1.6606034744376936
-1.6517307170907933
-1.6455682324136498
-1.5785924715023743
-1.5745378382773583
-1.5682299659950634
-1.5614823761413117
-1.5536590332018487
-1.543197130562317
-1.5151729449859217
-1.4843110969264375
-1.472112558983262
-1.46615398547498
-1.4602714780406187
-1.4534968886131203
-1.4322138938228508
-1.4025194106104215
-1.3928708039121476
-1.3877226562499891
-1.3833131892821366
-1.3777394127302276
-1.3721433254065591
-1.2918714343976194
-1.287234812101183
-1.2860041655773478
-1.2845571299427108
-1.2811707944941155
-1.2765617223689423
-1.136721282892791
-1.1356648462525154
-1.135106312296392
-1.1349189862854128
-1.134734802109155
-1.134139616247567
-0.935232015650812
-0.9351844104473197
-0.935155183995357
-0.9351220255562758
-0.9350529840243599
-0.9349710676187534
-0.642630086504294
-0.6426181127828553
-0.6426125818927142
-0.642605493259197
-0.6425999630101317
-0.6425908254818492
-0.13506021432147572
-0.1343710077181919
-0.1339371837441787
-0.13361796927716177
-0.13327478922889852
-0.13289078592758377
-0.01268662496384827
-0.012652656141680308
-0.012484734256519399
-0.012426659191067054
-0.012261430975470394
-0.012221991907706042
0.351980840549772
0.3542916952033979
0.3556231851089037
0.3563599286839951
0.3572265467248619
0.3585587341985149
0.6493393814481644
0.6501900424164359
0.6535423477685824
0.6617265616787306
0.6682157168696677
0.6684788984470844
0.810264841263535
0.8154400292692925
0.8228961462125438
0.8267445988788189
0.8534598811379261
0.8581339555930886
0.8958564358170985
0.9039979937222544
0.9381375971401564
0.9509981726923082
0.9830653155235652
0.9999474196437765
1.0373962953292093
1.0622568111018382
1.0796293754402448
1.1171165516093902
1.1283646310932218
1.1707707506650904
1.1809610657176066
1.2289916368391454
1.2325140988548589
1.277717377872525
1.288659701263557
1.3249775179839844
1.3434473124987563
1.4038163074745083
1.4500293686697139
1.453260713763327
1.4967055616199436
1.4981996008982574
1.5230418933795014
1.5890475185267703
1.6047311968764346
1.614656855924945
1.6304280694510334
1.646903325610244
1.6592850541047146
1.7705172407286824
1.7721144894025873
1.7820145603854705
1.7939865204140575
1.801702661227638
1.8051182186507202
1.9794402604158197
1.9923187367082533
2.0027794088799755
2.0063488799399876
2.009251588256738
2.0105418747487773
2.1928191441463594
2.1981278837843745
2.208358326566475
2.220395611654771
2.229751370601333
2.232638140103494
2.4247552029323907
2.425287371155696
2.429414364091621
2.4324492543254386
2.437004935381049
2.4456191064775132
2.7006651671333204
2.711609079445976
2.721838852895261
2.7305709798050186
2.7372593733058515
2.7415336643317594
3.028256728642905
3.0363056307446015
3.0427800612716016
3.0467690571934023
3.0469560070684616
3.048353999096976
3.2972730107589947
3.3035878548784643
3.3117259581442413
3.3217518837870434
3.333532510290658
3.3467403085724747
-2.7568925884201407
-2.7568070112604732
-2.7566837159509077
-2.756509729669358
-2.756269039197753
-2.7559423332068076
-2.550215310987195
-2.5490154429624816
-2.5474827362017094
-2.5455647953618046
-2.5432102300194184
-2.540370398357144
-2.351310661075509
-2.346633864498696
-2.3413003359439974
-2.3353383925764004
-2.328817046409839
-2.321871167706395
-2.16476953934671
-2.154484653992312
-2.1533420570420985
-2.1489691991923072
-2.1466782201439947
-2.1456862452983083
-2.0645639318974607
-2.0635407234864016
-2.0598545338646344
-2.056218019436647
-2.044440031114866
-2.0310184912394553
-1.913814763762264
-1.9055910374323497
-1.895992861073709
-1.8864328456903938
-1.8787937024833326
-1.8756374884030167
-1.7946159356374078
-1.7887290716187503
-1.7788138406008918
-1.7680139998454407
-1.7595800779976483
-1.756298823428113
-1.6781853287969573
-1.67376698804269
-1.66899303983068
-1.6606038053059438
-1.6517308537056559
-1.6455680375007418
-1.578661988504573
-1.5743070253950107
-1.5685937086317427
-1.5611260143783088
-1.553859353925884
-1.5431459620374912
-1.5151815080842577
-1.4842784634474329
-1.4722457649767222
-1.465991778659921
-1.4603122259375876
-1.453520557303927
-1.432203247372735
-1.4025685803259127
-1.3925791506313998
-1.38823664797927
-1.3829315694662663
-1.3778727355065596
-1.3721242012290498
-1.291872816238379
-1.2872041501640747
-1.2860594500238856
-1.2845277972724916
-1.2811743355379277
-1.2765615128979984
-1.1367211914422835
-1.1356669831340318
-1.1350806380971357
-1.134956892667693
-1.134719832508598
-1.1341403082340633
-0.935232472682542
-0.9351800015760836
-0.9351618623974866
-0.9351187194909952
-0.9350536311762925
-0.9349709999694801
-0.6426300961443663
-0.6426179647575403
-0.6426128923451105
-0.6426051639303009
-0.6426001389710688
-0.642590806782656
-0.1350602143214733
-0.13437100771819072
-0.13393718374419064
-0.1336179692771649
-0.13327478922890185
-0.13289078592758302
-0.012686624962734106
-0.012652656143475391
-0.012484734253156876
-0.012426659194415768
-0.012261430973888756
-0.012221991908608567
0.35198084054977125
0.35429169520339904
0.3556231851089029
0.3563599286839956
0.35722654672486265
0.3585587341985162
0.6493393814481648
0.650190042416435
0.6535423477685842
0.6617265616787268
0.6682157168696697
0.6684788984470786
0.8102648412635187
0.815440029269344
0.8228961462124099
0.8267445988789283
0.8534598811378671
0.8581339555931387
0.8958564358170805
0.9039979937222649
0.9381375971401548
0.9509981726923071
0.9830653155235672
0.9999474196437719
1.0373962953292126
1.0622568111018342
1.0796293754402493
1.1171165516093895
1.1283646310932227
1.1707707506650897
1.180961065717606
1.228991636839145
1.23251409885486
1.277717377872526
1.2886597012635583
1.324977517983985
1.3434473124987536
1.4038163074745096
1.4500293686697134
1.4532607137633264
1.496705561619945
1.498199600898257
1.5230418933795011
1.5890475185267707
1.6047311968764364
1.614656855924943
1.6304280694510331
1.6469033256102457
1.6592850541047166
1.7705172407286816
1.7721144894025853
1.7820145603854702
1.7939865204140564
1.8017026612276381
1.8051182186507213
1.9794402604158188
1.9923187367082533
2.002779408879975
2.0063488799399862
2.0092515882567383
2.010541874748777
2.192819144146359
2.198127883784374
2.2083583265664735
2.2203956116547694
2.229751370601333
2.232638140103494
2.4247552029323893
2.4252873711556955
2.4294143640916217
2.432449254325439
2.4370049353810495
2.4456191064775132
2.7006651671333195
2.7116090794459784
2.7218388528952624
2.7305709798050195
2.7372593733058506
2.7415336643317563
3.0282567286429063
3.0363056307445984
3.0427800612716003
3.046769057193404
3.0469560070684674
3.0483539990969746
3.297273010758992
3.303587854878466
3.3117259581442435
3.3217518837870377
3.3335325102906577
3.3467403085724716
-2.7568925884201407
-2.756807011260474
-2.7566837159509086
-2.7565097296693475
-2.7562690391977576
-2.7559423332068085
-2.5502153109871917
-2.5490154429624816
-2.5474827362017103
-2.5455647953618112
-2.5432102300194193
-2.5403703983571457
-2.351310661075506
-2.346633864498694
-2.3413003359439926
-2.335338392576396
-2.328817046409835
-2.321871167706396
-2.1647695393467115
-2.154484653992312
-2.153342057042095
-2.148969199192307
-2.146678220143998
-2.1456862452983114
-2.0645639318974554
-2.063540723486399
-2.0598545338646375
-2.05621801943665
-2.044440031114864
-2.0310184912394558
-1.9138147637622749
-1.9055910374322822
-1.895992861073977
-1.8864328456896815
-1.878793702484687
-1.875637488402164
-1.7946159355960085
-1.7887290717873672
-1.7788138401057485
-1.7680140012155328
-1.7595800749735377
-1.7562988254935432
-1.6781850794442594
-1.673768015243429
-1.6689915919121316
-1.6606051072900183
-1.651729714905345
-1.645568566499299
-1.5786236502988262
-1.574434948862797
-1.5684008509211615
-1.5613073553179753
-1.5537601640841003
-1.5431686621684213
-1.5151798234155835
-1.4842443882419694
-1.472622373884765
-1.4646867911236963
-1.4616268153868979
-1.4531350022156393
-1.4322512173156154
-1.4024226535212283
-1.3932744224476525
-1.3869254651229428
-1.3839101401247098
-1.3776055988576714
-1.3721601364321194
-1.2918753545468538
-1.2871345706561135
-1.2861764440263772
-1.2844704701404657
-1.2811822050583057
-1.2765610196016526
-1.1367211265950408
-1.1356684942742357
-1.1350470493856832
-1.1349976920446367
-1.1347106681204817
-1.1341408156637265
-0.9352327001656727
-0.935176089918682
-0.935166737530731
-0.9351172192322285
-0.9350539755332046
-0.934970964912359
-0.6426300927452842
-0.6426180183963494
-0.6426127830688315
-0.6426052802227661
-0.6426000751479818
-0.64259081334982
-0.13506021432147583
-0.1343710077181929
-0.13393718374418187
-0.13361796927716857
-0.1332747892289018
-0.13289078592758533
-0.01268662496270013
-0.012652656143528312
-0.01248473425312176
-0.012426659194448195
-0.012261430973892925
-0.012221991908599326
0.35198084054977324
0.354291695203399
0.3556231851089053
0.35635992868399763
0.3572265467248571
0.35855873419851636
0.6493393814481656
0.650190042416435
0.653542347768583
0.6617265616787273
0.668215716869671
0.6684788984470763
0.8102648412635086
0.8154400292693792
0.822896146212335
0.8267445988789783
0.8534598811378571
0.858133955593145
0.8958564358170912
0.9039979937222559
0.9381375971401652
0.9509981726922975
0.9830653155235729
0.9999474196437691
1.0373962953292144
1.0622568111018318
1.0796293754402484
1.117116551609393
1.128364631093222
1.1707707506650902
1.1809610657176068
1.2289916368391471
1.2325140988548573
1.2777173778725255
1.2886597012635577
1.3249775179839862
1.3434473124987534
1.4038163074745083
1.4500293686697132
1.453260713763328
1.4967055616199447
1.4981996008982565
1.5230418933795014
1.5890475185267716
1.6047311968764362
1.6146568559249428
1.6304280694510331
1.6469033256102459
1.6592850541047155
1.770517240728683
1.7721144894025862
1.782014560385471
1.7939865204140582
1.8017026612276383
1.8051182186507218
1.9794402604158206
1.992318736708256
2.0027794088799773
2.006348879939987
2.0092515882567388
2.010541874748778
2.192819144146359
2.1981278837843736
2.2083583265664744
2.2203956116547716
2.229751370601334
2.2326381401034934
2.4247552029323898
2.425287371155694
2.4294143640916186
2.4324492543254372
2.43700493538105
2.4456191064775132
2.700665167133317
2.7116090794459775
2.7218388528952606
2.730570979805018
2.737259373305849
2.7415336643317594
3.028256728642908
3.036305630744597
3.0427800612716
3.046769057193402
3.04695600706847
3.0483539990969746
3.297273010758995
3.3035878548784674
3.3117259581442418
3.321751883787044
3.333532510290655
3.3467403085724707
-2.7568925884201367
-2.756807011260476
-2.7566837159509032
-2.7565097296693546
-2.7562690391977562
-2.7559423332068103
-2.550215310987194
-2.5490154429624856
-2.5474827362017094
-2.5455647953618095
-2.543210230019419
-2.540370398357147
-2.351310661075509
-2.346633864498698
-2.3413003359439983
-2.3353383925764035
-2.328817046409834
-2.3218711677063966
-2.164769539346713
-2.154484653992315
-2.1533420570420945
-2.1489691991923094
-2.1466782201439987
-2.1456862452983088
-2.064563931897457
-2.0635407234864025
-2.0598545338646357
-2.0562180194366433
-2.044440031114865
-2.031018491239457
-1.9138147637622756
-1.9055910374322813
-1.8959928610739907
-1.8864328456895951
-1.878793702484944
-1.8756374884019669
-1.7946159356918197
-1.7887290714144255
-1.7788138411519177
-1.7680139983890375
-1.7595800811573863
-1.756298821279858
-1.678185320692965
-1.6737671946740473
-1.6689924703098837
-1.6606047763397018
-1.6517295782408954
-1.645568761452128
-1.5785514398292524
-1.5746602534484266
-1.568033452713042
-1.5616701892827896
-1.5535648439367942
-1.543220213832853
-1.5151712618044664
-1.48427741378133
-1.4725065104717634
-1.4648870691501876
-1.4615282942113421
-1.4531132502390651
-1.4322619029986356
-1.402370755291756
-1.393498338611023
-1.3861321776308624
-1.3846243828169473
-1.3774887731269503
-1.372179913491246
-1.2918739768742717
-1.2871708255168766
-1.286118221367446
-1.2844971788551383
-1.281178629230805
-1.2765612289323978
-1.1367212180805517
-1.1356663821301658
-1.1350889076340187
-1.1349455771262686
-1.1347236410234747
-1.134140120089355
-0.935232253990978
-0.9351823801555511
-0.9351584701258997
-0.9351202336839175
-0.9350533169306822
-0.9349710324058496
-0.6426300830894534
-0.642618162302349
-0.6426124713538685
-0.6426056096684363
-0.6425999043973225
-0.6425908321196073
-0.13506021432147586
-0.13437100771818855
-0.1339371837441846
-0.13361796927717287
-0.1332747892289001
-0.13289078592758083
-0.012686624963810877
-0.012652656141734272
-0.012484734256463622
-0.012426659191098373
-0.012261430975476172
-0.012221991907699448
0.35198084054977324
0.354291695203396
0.3556231851089077
0.356359928683994
0.3572265467248622
0.3585587341985138
0.6493393814481644
0.6501900424164361
0.6535423477685829
0.6617265616787309
0.6682157168696665
0.668478898447082
0.8102648412635222
0.8154400292693273
0.8228961462124696
0.8267445988788711
0.8534598811379169
0.8581339555930928
0.8958564358171046
0.9039979937222431
0.9381375971401686
0.9509981726922994
0.983065315523569
0.9999474196437733
1.0373962953292126
1.0622568111018365
1.0796293754402462
1.1171165516093944
1.1283646310932218
1.170770750665088
1.1809610657176046
1.2289916368391434
1.2325140988548582
1.2777173778725257
1.2886597012635577
1.3249775179839827
1.3434473124987547
1.4038163074745076
1.450029368669712
1.4532607137633275
1.496705561619944
1.4981996008982585
1.5230418933795002
1.589047518526771
1.6047311968764362
1.614656855924943
1.6304280694510336
1.6469033256102448
1.659285054104716
1.770517240728684
1.7721144894025869
1.7820145603854713
1.7939865204140584
1.8017026612276388
1.8051182186507209
1.9794402604158208
1.9923187367082538
2.002779408879975
2.0063488799399876
2.009251588256738
2.0105418747487778
2.192819144146359
2.1981278837843745
2.208358326566475
2.2203956116547707
2.2297513706013325
2.2326381401034947
2.4247552029323898
2.425287371155695
2.4294143640916213
2.4324492543254377
2.4370049353810503
2.4456191064775137
2.7006651671333186
2.7116090794459784
2.721838852895258
2.73057097980502
2.73725937330585
2.741533664331758
3.0282567286429067
3.0363056307446006
3.0427800612716
3.0467690571934023
3.0469560070684674
3.0483539990969764
3.2972730107589987
3.303587854878466
3.3117259581442466
3.3217518837870474
3.3335325102906594
3.3467403085724756
-2.756909346109405
-2.75683149721033
-2.756718735670464
-2.7565587995555827
-2.7563364631625125
-2.7560332589355463
-2.5504693675114223
-2.54934456968387
-2.5478999856488715
-2.5460832402680307
-2.5438425283112114
-2.541128357771766
-2.3523766968990842
-2.3478650582306533
-2.342694305935169
-2.3368848883617575
-2.3304939287256317
-2.32363637898466
-2.1615854005434048
-2.15603315930082
-2.151154403448669
-2.150206592912382
-2.1461917463296585
-2.145919765195936
-2.0649083831054362
-2.062267537477333
-2.0614614867277883
-2.0535822126686725
-2.041131434868553
-2.0277211502650285
-1.9154859677439677
-1.9078283858545357
-1.898447334169371
-1.8887303801430282
-1.8803840664471099
-1.8758323859786283
-1.7938121675371523
-1.786526926773394
-1.7760655928594278
-1.7655612469608402
-1.758194129590226
-1.7564128285331702
-1.678191422432925
-1.673581447028702
-1.6706001883943438
-1.6628628818606745
-1.6538193465392588
-1.6464424035574743
-1.5784966189335408
-1.5730659895223538
-1.5665221863768202
-1.5605453828831155
-1.5532615236837148
-1.543217735638813
-1.5152041094842248
-1.4846034357514144
-1.472607272152481
-1.4663002625686925
-1.460560018131118
-1.4532385467593825
-1.4319847539679942
-1.4023596166127281
-1.393481292786613
-1.387546454765116
-1.3834854580920652
-1.3780368346757217
-1.3726497787850704
-1.290937650625357
-1.286726536679327
-1.285966308712327
-1.283944946396034
-1.2804872624018326
-1.2760271623961261
-1.1365298303832938
-1.1355056071616088
-1.1351093281899605
-1.1348717328878042
-1.1346840762297508
-1.1340587075107929
-0.9352323041423537
-0.935197190753325
-0.935149151788533
-0.9351346457514926
-0.9350637016788069
-0.9349782761956219
-0.6426299873271979
-0.6426163479285932
-0.6426109485706009
-0.6426052634263196
-0.6425989800781415
-0.6425908223775798
-0.13527792486692042
-0.13451596350130543
-0.1340282271047409
-0.13369608789948242
-0.13336632767497364
-0.13298591618453248
-0.0127026181829122
-0.012609630334778039
-0.01254742993702002
-0.012363729075766083
-0.012302941026697779
-0.01220728300509553
0.35127827578823945
0.3538043284256482
0.3553725001024507
0.35619038924724433
0.35696726519233957
0.3581914216230175
0.6491437926166665
0.6508544964117898
0.6519969894195295
0.6595427928364568
0.6672967986985607
0.6689637948724471
0.8119047465207851
0.8126869332533908
0.8168847572982959
0.8335856996416142
0.8451222972481274
0.8660122831304435
0.8876368358631258
0.9151035953869664
0.9271245537828964
0.9633833484102519
0.9718736758103279
1.0068061160161683
1.0322437293359963
1.0677465136270323
1.0755519034363688
1.116093304304781
1.131168083868794
1.1646696586465888
1.188573428615653
1.2172065995534858
1.246521366958022
1.2655527473985277
1.302580229482897
1.3135503963153856
1.356500659121118
1.4161892131565885
1.4378906983554816
1.4651930047616923
1.4857236163374774
1.507586458928968
1.5209390893071466
1.58939322140661
1.6060876734675726
1.611492339522898
1.6356472701078368
1.639892907071741
1.6590182663746613
1.769722988278345
1.772789739152234
1.7852617009815466
1.7963742962449394
1.8028924776195296
1.8055689227159841
1.9827768326582957
1.9952297498002785
2.0045706449154808
2.0048248463058562
2.009985089606785
2.0100947620052674
2.1923854985112166
2.196270550616138
2.205472587137398
2.2174567045764495
2.2279044364789096
2.2326425473387506
2.424557631003041
2.4255206941849483
2.4300412415347385
2.4311219113279146
2.439123639362981
2.447765939335658
2.703412836020483
2.7142691632640306
2.7241869443295554
2.7324519696942797
2.7385650646211013
2.742198015479969
3.0260986292436303
3.0344085993089047
3.0413522667783504
3.0461584657885283
3.0474466090593073
3.048280665680802
3.29595639788429
3.3018445459181134
3.3095138124088987
3.3190721439443682
3.3304378083857396
3.3433284656187134
-2.7569093461093974
-2.7568314972103316
-2.7567187356704603
-2.7565587995555862
-2.756336463162519
-2.756033258935548
-2.5504693675114196
-2.549344569683867
-2.547899985648868
-2.546083240268034
-2.5438425283112083
-2.5411283577717656
-2.3523766968990856
-2.3478650582306537
-2.342694305935169
-2.336884888361759
-2.33049392872563
-2.323636378984661
-2.1615854005434034
-2.15603315930082
-2.151154403448665
-2.1502065929123813
-2.146191746329654
-2.145919765195922
-2.064908383105438
-2.0622675374773327
-2.0614614867277896
-2.053582212668673
-2.0411314348685554
-2.0277211502650294
-1.9154859677439628
-1.907828385854574
-1.8984473341692403
-1.8887303801433772
-1.8803840664465383
-1.87583238597897
-1.7938121675052734
-1.786526926935571
-1.7760655922377608
-1.7655612492772113
-1.7581941215165497
-1.7564128348497068
-1.6781908826900689
-1.6735845873444501
-1.670596399473812
-1.6628647210781768
-1.6538184174231914
-1.6464426805104493
-1.578527851480165
-1.5729093467910584
-1.5668849797342552
-1.5601007955728494
-1.5535344564506908
-1.543144362506441
-1.5152193090855774
-1.4845136839072195
-1.4730615248753354
-1.4653848110765093
-1.4612208666027335
-1.4531233204754594
-1.431976895327891
-1.4024567870624591
-1.3929385891368125
-1.3885472637578828
-1.3826492151036276
-1.3783698305723613
-1.3726033786891256
-1.2909388266710575
-1.2867003551751142
-1.285999533168292
-1.28393570326068
-1.280488340545127
-1.2760271129786276
-1.1365297718907004
-1.1355075404840027
-1.1350991826079662
-1.1348867569357755
-1.134677041115177
-1.1340589893295545
-0.9352330881343378
-0.9351936676367842
-0.9351578454352608
-0.9351278960107343
-0.9350645744967097
-0.93497819859631
-0.6426300066432766
-0.6426158617296487
-0.6426119888543702
-0.6426042397551665
-0.6425994928532665
-0.6425907598727328
-0.13527792486691972
-0.1345159635013059
-0.13402822710474294
-0.13369608789948456
-0.13336632767497666
-0.13298591618453257
-0.012702618183470913
-0.012609630331728856
-0.012547429940636094
-0.012363729072153202
-0.012302941029702906
-0.012207283004582358
0.35127827578823795
0.3538043284256475
0.35537250010244986
0.35619038924724133
0.3569672651923394
0.3581914216230171
0.6491437926166651
0.6508544964117869
0.6519969894195298
0.6595427928364594
0.6672967986985644
0.6689637948724455
0.8119047465208576
0.8126869332532939
0.8168847572983208
0.8335856996416108
0.8451222972481268
0.866012283130446
0.8876368358631201
0.9151035953869772
0.9271245537828913
0.9633833484102614
0.9718736758103194
1.0068061160161699
1.0322437293359954
1.0677465136270308
1.0755519034363705
1.1160933043047794
1.131168083868798
1.16466965864659
1.1885734286156555
1.2172065995534873
1.2465213669580228
1.2655527473985266
1.3025802294828963
1.3135503963153856
1.3565006591211173
1.4161892131565885
1.4378906983554816
1.4651930047616915
1.485723616337476
1.5075864589289663
1.5209390893071488
1.5893932214066109
1.6060876734675738
1.6114923395228966
1.6356472701078366
1.6398929070717427
1.6590182663746595
1.7697229882783447
1.772789739152235
1.7852617009815452
1.7963742962449398
1.8028924776195292
1.8055689227159846
1.9827768326582964
1.995229749800278
2.0045706449154803
2.0048248463058576
2.009985089606785
2.0100947620052665
2.192385498511217
2.196270550616138
2.2054725871373972
2.2174567045764504
2.2279044364789105
2.2326425473387492
2.424557631003043
2.425520694184944
2.4300412415347408
2.4311219113279146
2.439123639362982
2.447765939335658
2.7034128360204828
2.7142691632640283
2.724186944329554
2.732451969694279
2.738565064621103
2.742198015479968
3.0260986292436263
3.0344085993089065
3.04135226677835
3.04615846578852
3.047446609059306
3.048280665680804
3.2959563978842956
3.3018445459181134
3.3095138124089054
3.319072143944375
3.3304378083857387
3.343328465618716
-2.7569093461094023
-2.7568314972103307
-2.7567187356704603
-2.7565587995555885
-2.7563364631625182
-2.7560332589355467
-2.550469367511423
-2.5493445696838695
-2.547899985648869
-2.5460832402680356
-2.5438425283112083
-2.541128357771769
-2.3523766968990887
-2.3478650582306533
-2.342694305935168
-2.336884888361752
-2.3304939287256285
-2.323636378984659
-2.1615854005434048
-2.156033159300819
-2.1511544034486687
-2.1502065929123826
-2.1461917463296594
-2.145919765195929
-2.064908383105434
-2.062267537477337
-2.061461486727787
-2.0535822126686756
-2.0411314348685563
-2.027721150265032
-1.9154859677439733
-1.9078283858545075
-1.8984473341694805
-1.8887303801427353
-1.880384066447618
-1.8758323859783166
-1.7938121675040186
-1.7865269269869195
-1.776065591828716
-1.7655612514147354
-1.7581941129318983
-1.756412841748325
-1.6781900618015115
-1.6735894568936531
-1.670590413607338
-1.6628678220966717
-1.6538166558036587
-1.6464432957789572
-1.5785221521402115
-1.5729297004830232
-1.5668568450004432
-1.5601185884355708
-1.5535313280170944
-1.5431426371721486
-1.5152207868040886
-1.484489348844677
-1.4732381216893986
-1.4646380068068892
-1.461963524003957
-1.452957573542918
-1.4320019538057294
-1.4023536597097486
-1.3934577638994994
-1.387651859472482
-1.383364684559874
-1.3780883926039897
-1.372640325221845
-1.2909402464488056
-1.286644985758638
-1.2860718604392538
-1.2839138689081986
-1.2804920965294326
-1.276026812155211
-1.1365297084761916
-1.1355097164517136
-1.1350858089561153
-1.1349052615975181
-1.1346694469338896
-1.134059339947795
-0.9352340340120006
-0.9351871270140844
-0.9351679817245349
-0.935122219265206
-0.935065812748573
-0.934978095545737
-0.6426300100732869
-0.6426157543021185
-0.6426121793337741
-0.6426040568581044
-0.642599600181836
-0.6425907489593341
-0.13527792486691861
-0.13451596350130876
-0.13402822710474266
-0.13369608789948306
-0.13336632767497622
-0.13298591618453504
-0.01270261818217165
-0.01260963033885548
-0.012547429932174016
-0.012363729080652685
-0.012302941022622057
-0.012207283005794337
0.3512782757882392
0.35380432842564624
0.35537250010244986
0.35619038924724705
0.35696726519233746
0.35819142162301837
0.6491437926166661
0.6508544964117837
0.6519969894195344
0.659542792836459
0.6672967986985666
0.6689637948724435
0.8119047465206783
0.8126869332535334
0.8168847572982492
0.8335856996416406
0.8451222972480981
0.8660122831304616
0.88763683586311
0.9151035953869866
0.927124553782883
0.9633833484102604
0.9718736758103221
1.0068061160161685
1.032243729335997
1.0677465136270277
1.0755519034363745
1.1160933043047787
1.1311680838687974
1.164669658646589
1.1885734286156557
1.2172065995534875
1.2465213669580215
1.2655527473985264
1.302580229482897
1.3135503963153845
1.3565006591211173
1.4161892131565887
1.4378906983554791
1.4651930047616932
1.4857236163374758
1.5075864589289674
1.5209390893071486
1.5893932214066115
1.6060876734675742
1.6114923395228977
1.635647270107837
1.6398929070717425
1.6590182663746607
1.7697229882783443
1.7727897391522358
1.7852617009815464
1.796374296244939
1.8028924776195299
1.8055689227159837
1.9827768326582964
1.9952297498002793
2.00457064491548
2.004824846305857
2.0099850896067855
2.0100947620052674
2.1923854985112166
2.1962705506161386
2.205472587137396
2.2174567045764495
2.2279044364789082
2.23264254733875
2.424557631003038
2.4255206941849465
2.4300412415347377
2.4311219113279154
2.439123639362977
2.447765939335658
2.703412836020479
2.7142691632640275
2.724186944329553
2.7324519696942766
2.7385650646211026
2.7421980154799677
3.0260986292436276
3.034408599308906
3.0413522667783552
3.0461584657885274
3.047446609059308
3.0482806656808035
3.2959563978842925
3.301844545918109
3.3095138124089023
3.3190721439443727
3.330437808385741
3.343328465618717
-2.756909346109401
-2.756831497210328
-2.7567187356704608
-2.756558799555589
-2.7563364631625094
-2.756033258935545
-2.5504693675114174
-2.549344569683869
-2.5478999856488724
-2.5460832402680413
-2.5438425283112083
-2.5411283577717665
-2.352376696899085
-2.3478650582306564
-2.3426943059351686
-2.336884888361755
-2.330493928725629
-2.3236363789846624
-2.161585400543403
-2.156033159300821
-2.1511544034486674
-2.1502065929123817
-2.146191746329655
-2.1459197651959325
-2.064908383105437
-2.062267537477332
-2.0614614867277874
-2.053582212668672
-2.0411314348685536
-2.0277211502650294
-1.91548596774398
-1.90782838585447
-1.8984473341696264
-1.8887303801423847
-1.8803840664481908
-1.8758323859779737
-1.7938121675358984
-1.7865269268247435
-1.7760655924503879
-1.7655612490983714
-1.7581941210056347
-1.7564128354317272
-1.6781906019948303
-1.673586326543159
-1.670594193290935
-1.6628659820269545
-1.6538175846774588
-1.64644301874168
-1.5784907791048883
-1.5730854334945734
-1.5664931951420678
-1.5605646053683386
-1.553258897325228
-1.5432159860695154
-1.5152055878187667
-1.4845798449617018
-1.472814033165177
-1.4657409745729233
-1.4610933855601556
-1.4530636583766277
-1.432009808693356
-1.4022522505493877
-1.3939103618372022
-1.3863496656075411
-1.3845521385686603
-1.3777982600729985
-1.3726883892870023
-1.2909390725921197
-1.2866765944735465
-1.2860334767369346
-1.283922846828616
-1.2804910134693848
-1.2760268615510413
-1.1365297669924181
-1.1355078245228252
-1.1350973095042274
-1.1348896134519295
-1.1346757107373535
-1.1340590571545013
-0.9352333344186393
-0.9351923178315382
-0.9351602792630502
-0.9351262892878625
-0.9350648768823385
-0.9349781726267077
-0.6426299907869392
-0.6426162716381492
-0.6426111378939627
-0.6426050751962784
-0.6425990631491235
-0.6425908110439937
-0.13527792486691928
-0.13451596350130812
-0.134028227104739
-0.1336960878994803
-0.13336632767497866
-0.13298591618453495
-0.012702618181617782
-0.012609630341904042
-0.012547429928562958
-0.012363729084266585
-0.012302941019611723
-0.012207283006305735
0.35127827578823995
0.35380432842564774
0.35537250010244686
0.35619038924724694
0.3569672651923367
0.35819142162301487
0.6491437926166669
0.6508544964117846
0.6519969894195331
0.6595427928364546
0.6672967986985628
0.6689637948724456
0.8119047465206047
0.8126869332536271
0.8168847572982241
0.83358569964165
0.8451222972480984
0.8660122831304574
0.8876368358631134
0.915103595386977
0.9271245537828917
0.9633833484102511
0.9718736758103296
1.0068061160161663
1.032243729335998
1.0677465136270283
1.0755519034363739
1.1160933043047794
1.1311680838687965
1.1646696586465908
1.1885734286156555
1.2172065995534855
1.246521366958022
1.2655527473985277
1.302580229482898
1.3135503963153852
1.3565006591211166
1.416189213156588
1.4378906983554802
1.4651930047616937
1.485723616337475
1.5075864589289685
1.520939089307149
1.5893932214066115
1.6060876734675724
1.6114923395228977
1.6356472701078373
1.6398929070717414
1.659018266374661
1.7697229882783443
1.7727897391522343
1.7852617009815466
1.7963742962449387
1.8028924776195308
1.805568922715984
1.982776832658297
1.9952297498002796
2.00457064491548
2.004824846305857
2.0099850896067863
2.010094762005268
2.192385498511217
2.196270550616138
2.205472587137398
2.217456704576449
2.2279044364789082
2.2326425473387506
2.4245576310030414
2.4255206941849483
2.4300412415347394
2.431121911327916
2.4391236393629807
2.447765939335658
2.7034128360204783
2.7142691632640297
2.724186944329553
2.7324519696942766
2.7385650646211004
2.742198015479967
3.0260986292436294
3.034408599308907
3.0413522667783477
3.046158465788525
3.047446609059304
3.0482806656808044
3.295956397884284
3.301844545918105
3.309513812408896
3.319072143944369
3.3304378083857364
3.343328465618713
