-2.8293501554946383
-2.82935015329432
-2.7559432312924628
-2.755943097809228
-2.6854417378964204
-2.6854384822791
-2.6175423667542104
-2.6175012261868633
-2.551797655381984
-2.5515082129191815
-2.487216925748671
-2.4860475925472363
-2.4220549320773035
-2.419146807028743
-2.354872229011936
-2.3499365536812706
-2.286500869390576
-2.2827257519114577
-2.2507518408370606
-2.2355642008680325
-2.2021299001619274
-2.1965159272562675
-2.1349025750207073
-2.127425062416793
-2.0913500793208812
-2.078438245053648
-2.046055419141803
-2.0395140067170012
-1.9824709648901921
-1.9792266623209405
-1.9483357453087176
-1.939636857661584
-1.8974576115835582
-1.887994265703327
-1.8505706338169705
-1.8411485301851973
-1.8105071627194727
-1.8043878333310734
-1.758146763378367
-1.756115281264272
-1.7234181898375627
-1.7226178342584475
-1.6779448359231572
-1.6743088877316912
-1.6451859492762853
-1.639897523784343
-1.604257115792155
-1.5981919041761916
-1.5714193360540574
-1.5647674393205666
-1.5356652999105318
-1.5292572016944548
-1.5048511712975723
-1.4978400559766298
-1.47519353937793
-1.468171913871001
-1.4509609285438032
-1.4382127925789328
-1.4266231981031694
-1.4123999692400988
-1.4034177760297548
-1.3847662031054055
-1.37928781123568
-1.349851061394438
-1.3466162467727378
-1.3225417566577418
-1.3208586033130707
-1.2844011026593256
-1.2824841937808902
-1.2499784802548295
-1.2480843780936646
-1.2179086674797996
-1.2166077181984978
-1.1762008729344224
-1.1760982065058565
-1.1558585449062606
-1.1556862335832114
-1.1145321766413494
-1.1139269128474099
-1.0592688718268757
-1.059186006284908
-0.9959467025851259
-0.9959433235574399
-0.9237683485018102
-0.9237682841230223
-0.8415998689251002
-0.8415998604241813
-0.7472537738504967
-0.7472537711633042
-0.6366954045059077
-0.6366954043218599
-0.5019796200531225
-0.5019796200479505
-0.3237293971756513
-0.3237293971755799
-0.1505063160696366
-0.15050620837085013
-0.0012774811336888061
-0.001277481117923952
0.059510491801049024
0.05951130767366409
0.226143125515515
0.22614765782424867
0.3663756831932686
0.36639547245018245
0.48698059919724235
0.4870498447780972
0.5908746095033497
0.5911023084378442
0.6296047334603366
0.6297521843807539
0.678412138117438
0.6794034945503502
0.7387567940946034
0.7426718499543296
0.7608627110421672
0.7689122197825508
0.8060673172779411
0.8120568326857177
0.8500418897452457
0.8569322478970525
0.8963698422041985
0.9002647652548423
0.947241418151764
0.954317446997557
0.9856081540165822
1.0107806738423537
1.0376214041145932
1.0688519807283914
1.0896325472007025
1.1278864899967016
1.1442334281486266
1.187333238963433
1.2143224175271
1.2466844525685588
1.271786144192886
1.3054378571764766
1.351780264235969
1.3630538943337855
1.4097395656769338
1.4188916946466001
1.4671662904035883
1.4732786606362234
1.5085648811535441
1.5248729799666099
1.5428493002858512
1.5705216630603684
1.587150233513547
1.620371003672615
1.6336972580355718
1.6823113519300965
1.6863467960229823
1.733494855605689
1.74387562732431
1.7926902828488618
1.7947945749723766
1.8562841329556814
1.8658258357132917
1.9237540322846556
1.9308357023957112
1.9861730621254954
1.9896590504886813
2.0557617565472817
2.0656778899728288
2.136550000928945
2.1388152279087973
2.2004228249007594
2.208273772613332
2.2767145484156748
2.285248807438403
2.3669286329499126
2.369898663654518
2.4383777314491217
2.448906960518201
2.519404464995947
2.52412524416711
2.6144389930024245
2.6219776220611375
2.7055238532355816
2.712481999327762
2.784690818145119
2.789216437643575
2.8803790210591917
2.8877195184681725
2.9923687374134897
2.999076432759823
3.106167828428861
3.106378309525209
3.1983391830850536
3.2077164887626304
3.285174249968851
3.2915936970055077
3.3860860376465785
3.3868642012841885
-2.8293501554946365
-2.829350153294312
-2.7559432312924597
-2.755943097809231
-2.6854417378964235
-2.6854384822790967
-2.6175423667542144
-2.617501226186861
-2.5517976553819857
-2.55150821291918
-2.4872169257486725
-2.4860475925472394
-2.422054932077301
-2.4191468070287425
-2.3548722290119364
-2.349936553681269
-2.2865008693905797
-2.282725751911459
-2.25075184083706
-2.235564200868032
-2.2021299001619297
-2.1965159272562667
-2.134902575020705
-2.1274250624167874
-2.0913500793208772
-2.078438245053648
-2.046055419141803
-2.039514006717004
-1.9824709648901915
-1.9792266623209425
-1.9483357453087156
-1.9396368576615826
-1.8974576115835597
-1.887994265703323
-1.850570633817066
-1.8411485301849992
-1.8105071627211242
-1.8043878333290115
-1.7581467634145962
-1.7561152812267162
-1.7234181888532556
-1.7226178353162145
-1.6779448272061908
-1.6743088997553492
-1.6451858945482074
-1.639897592307307
-1.6042567704826072
-1.5981923921704722
-1.5714181889971715
-1.5647686648606576
-1.5356666698761428
-1.529253055499805
-1.504886626272528
-1.497782939639801
-1.4753834065752773
-1.4678961263930392
-1.451262308953869
-1.4377514367545638
-1.427089949974804
-1.4119536648385418
-1.4037349684952665
-1.384578020466798
-1.3794161629122723
-1.3498031554030774
-1.3466591322485002
-1.3225239169264131
-1.3208738375389435
-1.284400945289466
-1.2824842287019707
-1.2499790751492006
-1.2480837924538086
-1.2179089832289627
-1.2166074245926857
-1.176201642936375
-1.1760974372037662
-1.155858632762652
-1.1556861480635792
-1.1145321767076832
-1.1139269127875695
-1.059268871823254
-1.059186006288513
-0.9959467025846185
-0.9959433235579515
-0.9237683485018501
-0.9237682841229792
-0.8415998689251106
-0.8415998604241718
-0.7472537738504942
-0.7472537711633028
-0.6366954045059084
-0.6366954043218589
-0.5019796200531117
-0.5019796200479527
-0.3237293971756459
-0.3237293971755765
-0.15050631606963438
-0.1505062083708473
-0.0012774811336852016
-0.001277481117921286
0.05951049180104771
0.05951130767365813
0.22614312551551802
0.22614765782424795
0.36637568319326846
0.36639547245018356
0.4869805991972438
0.4870498447780973
0.5908746095033496
0.5911023084378443
0.6296047334603382
0.6297521843807565
0.6784121381174355
0.6794034945503536
0.7387567940946029
0.742671849954329
0.7608627110421666
0.7689122197825506
0.806067317277942
0.81205683268572
0.8500418897452474
0.8569322478970531
0.8963698422041945
0.9002647652548437
0.9472414181517642
0.9543174469975559
0.985608154016583
1.0107806738423535
1.0376214041145906
1.0688519807283925
1.0896325472007016
1.1278864899966998
1.1442334281486288
1.1873332389634317
1.2143224175270997
1.2466844525685599
1.2717861441928862
1.3054378571764802
1.351780264235968
1.3630538943337869
1.4097395656769354
1.4188916946465995
1.4671662904035885
1.4732786606362245
1.5085648811535453
1.5248729799666108
1.5428493002858517
1.5705216630603682
1.5871502335135488
1.6203710036726144
1.633697258035571
1.682311351930097
1.6863467960229823
1.7334948556056886
1.743875627324309
1.7926902828488605
1.794794574972377
1.8562841329556807
1.8658258357132915
1.9237540322846558
1.9308357023957117
1.9861730621254958
1.9896590504886826
2.055761756547281
2.0656778899728283
2.136550000928944
2.1388152279088
2.200422824900759
2.2082737726133312
2.2767145484156797
2.285248807438403
2.36692863294991
2.369898663654518
2.438377731449122
2.4489069605182006
2.519404464995947
2.52412524416711
2.614438993002421
2.621977622061136
2.705523853235581
2.712481999327759
2.784690818145117
2.7892164376435726
2.880379021059193
2.88771951846817
2.9923687374134955
2.9990764327598196
3.106167828428857
3.106378309525212
3.1983391830850554
3.207716488762629
3.285174249968848
3.291593697005504
3.386086037646586
3.386864201284187
-2.829350155494635
-2.8293501532943135
-2.75594323129246
-2.7559430978092276
-2.6854417378964244
-2.6854384822790967
-2.617542366754214
-2.6175012261868615
-2.5517976553819866
-2.5515082129191815
-2.487216925748673
-2.486047592547238
-2.4220549320773026
-2.419146807028741
-2.3548722290119346
-2.349936553681271
-2.2865008693905766
-2.2827257519114568
-2.25075184083706
-2.2355642008680343
-2.2021299001619314
-2.1965159272562698
-2.134902575020708
-2.127425062416794
-2.0913500793208817
-2.0784382450536505
-2.0460554191418026
-2.0395140067170003
-1.9824709648901933
-1.979226662320945
-1.9483357453087145
-1.939636857661581
-1.897457611583556
-1.887994265703328
-1.850570633816987
-1.8411485301851607
-1.8105071627197764
-1.8043878333306684
-1.7581467634144081
-1.7561152812201526
-1.72341819121768
-1.7226178328167245
-1.6779448429809989
-1.6743088780815616
-1.6451859912428497
-1.6398974717968138
-1.6042573181916242
-1.5981916541624086
-1.5714189070417661
-1.5647686449152218
-1.5356455509013711
-1.5292906961420587
-1.504688338509856
-1.4980823878613099
-1.4743614986735585
-1.4692655905805023
-1.449931602129241
-1.439501601673456
-1.4256059471150788
-1.4129874381170917
-1.403300481202994
-1.3842958144268325
-1.3797496365546993
-1.349195986400806
-1.3472585414093727
-1.3220335093477436
-1.3213238327844599
-1.2843688833447309
-1.2825132153247438
-1.2499763679005622
-1.2480860014634811
-1.2179095727555764
-1.2166068456858314
-1.176204312359816
-1.1760947687591596
-1.1558589764704887
-1.1556858132818157
-1.114532177084873
-1.113926912441998
-1.0592688718174645
-1.0591860062942786
-0.995946702583495
-0.995943323559072
-0.9237683485018774
-0.9237682841229553
-0.84159986892511
-0.8415998604241726
-0.7472537738504964
-0.7472537711633054
-0.636695404505904
-0.6366954043218584
-0.5019796200531189
-0.5019796200479534
-0.32372939717564553
-0.3237293971755727
-0.15050631606963166
-0.15050620837084888
-0.0012774811336854137
-0.001277481117922238
0.05951049180104833
0.05951130767366515
0.22614312551551552
0.22614765782424884
0.3663756831932682
0.36639547245018333
0.48698059919724485
0.48704984477809643
0.5908746095033497
0.5911023084378452
0.6296047334603387
0.6297521843807546
0.678412138117437
0.6794034945503545
0.7387567940946025
0.7426718499543293
0.7608627110421672
0.7689122197825499
0.8060673172779426
0.8120568326857202
0.8500418897452456
0.8569322478970556
0.8963698422041932
0.9002647652548398
0.9472414181517617
0.9543174469975565
0.9856081540165823
1.0107806738423555
1.0376214041145932
1.0688519807283916
1.0896325472007014
1.1278864899967025
1.1442334281486286
1.1873332389634335
1.2143224175271012
1.2466844525685588
1.2717861441928868
1.3054378571764773
1.3517802642359675
1.3630538943337853
1.4097395656769351
1.4188916946466
1.4671662904035878
1.473278660636224
1.5085648811535446
1.5248729799666108
1.5428493002858523
1.5705216630603684
1.5871502335135483
1.6203710036726147
1.6336972580355722
1.6823113519300963
1.6863467960229825
1.7334948556056886
1.743875627324309
1.7926902828488611
1.7947945749723757
1.8562841329556812
1.865825835713292
1.923754032284656
1.9308357023957103
1.9861730621254963
1.9896590504886842
2.0557617565472825
2.065677889972828
2.136550000928945
2.1388152279088004
2.200422824900759
2.2082737726133304
2.276714548415677
2.285248807438404
2.3669286329499126
2.3698986636545185
2.438377731449122
2.4489069605181983
2.5194044649959473
2.5241252441671107
2.6144389930024214
2.621977622061136
2.7055238532355803
2.712481999327761
2.7846908181451218
2.789216437643571
2.8803790210591926
2.887719518468171
2.9923687374134897
2.99907643275982
3.1061678284288634
3.1063783095252058
3.198339183085057
3.207716488762629
3.285174249968843
3.291593697005511
3.3860860376465807
3.386864201284186
-2.829350155494634
-2.8293501532943113
-2.7559432312924645
-2.7559430978092303
-2.685441737896423
-2.685438482279091
-2.617542366754216
-2.6175012261868624
-2.5517976553819857
-2.551508212919187
-2.4872169257486743
-2.486047592547236
-2.422054932077303
-2.4191468070287407
-2.354872229011937
-2.349936553681268
-2.286500869390578
-2.282725751911455
-2.2507518408370575
-2.2355642008680308
-2.202129900161929
-2.1965159272562667
-2.134902575020706
-2.1274250624167985
-2.091350079320881
-2.0784382450536496
-2.0460554191418017
-2.0395140067170052
-1.9824709648901941
-1.979226662320941
-1.9483357453087207
-1.9396368576615781
-1.8974576115835535
-1.8879942657033313
-1.8505706338168895
-1.8411485301853583
-1.8105071627181197
-1.8043878333327343
-1.7581467633781782
-1.7561152812577054
-1.7234181922019827
-1.7226178317589593
-1.6779448516978674
-1.674308866057997
-1.6451860459686118
-1.639897403276083
-1.6042576634237045
-1.5981911662389865
-1.571420053948861
-1.564767419561859
-1.5356441635154598
-1.5292948499159331
-1.504650110453347
-1.4981416315520302
-1.4740744383216782
-1.4696269705155844
-1.4495794602187737
-1.4399640902454598
-1.4251609934968634
-1.4134378503776617
-1.403019245466629
-1.3845026808935295
-1.379602705762219
-1.3492697257601056
-1.3471897683964478
-1.3220713889671458
-1.3212885303340784
-1.2843690435903607
-1.282513177465045
-1.2499757714972577
-1.248086588615771
-1.2179092572785934
-1.2166071390193982
-1.1762035803812159
-1.1760955000379003
-1.155858888953883
-1.1556858984616616
-1.1145321770185352
-1.1139269125018458
-1.0592688718210885
-1.0591860062906722
-0.995946702584004
-0.9959433235585664
-0.9237683485018378
-0.9237682841229926
-0.8415998689251052
-0.8415998604241754
-0.7472537738504906
-0.747253771163303
-0.6366954045059103
-0.6366954043218591
-0.5019796200531214
-0.5019796200479495
-0.32372939717564575
-0.3237293971755778
-0.15050631606963547
-0.15050620837084852
-0.001277481133687755
-0.0012774811179240308
0.05951049180104698
0.059511307673660696
0.22614312551551544
0.22614765782424429
0.36637568319326785
0.36639547245017806
0.48698059919724335
0.48704984477809304
0.5908746095033491
0.5911023084378463
0.629604733460338
0.6297521843807552
0.6784121381174348
0.6794034945503532
0.7387567940946014
0.7426718499543286
0.7608627110421651
0.7689122197825503
0.8060673172779427
0.812056832685719
0.8500418897452486
0.8569322478970561
0.8963698422041955
0.9002647652548396
0.9472414181517638
0.9543174469975549
0.9856081540165835
1.0107806738423541
1.0376214041145895
1.0688519807283938
1.0896325472007031
1.127886489996698
1.1442334281486288
1.187333238963431
1.2143224175270997
1.2466844525685579
1.2717861441928868
1.3054378571764782
1.3517802642359682
1.3630538943337838
1.4097395656769358
1.418891694646599
1.4671662904035883
1.4732786606362247
1.5085648811535453
1.52487297996661
1.542849300285852
1.5705216630603682
1.587150233513549
1.620371003672614
1.6336972580355726
1.6823113519300967
1.6863467960229817
1.7334948556056877
1.7438756273243103
1.792690282848861
1.794794574972377
1.856284132955682
1.8658258357132915
1.9237540322846562
1.9308357023957103
1.9861730621254963
1.9896590504886824
2.055761756547282
2.0656778899728283
2.136550000928945
2.1388152279087986
2.200422824900759
2.208273772613333
2.276714548415677
2.2852488074384034
2.366928632949907
2.369898663654518
2.438377731449122
2.4489069605182
2.5194044649959455
2.5241252441671103
2.614438993002424
2.6219776220611375
2.7055238532355794
2.7124819993277582
2.7846908181451218
2.7892164376435757
2.880379021059191
2.887719518468174
2.9923687374134915
2.999076432759819
3.1061678284288576
3.106378309525209
3.1983391830850576
3.2077164887626304
3.2851742499688457
3.291593697005501
3.3860860376465753
3.3868642012841854
-2.829350155742416
-2.8293501541035755
-2.7559432475170746
-2.755943145385798
-2.6854421682527816
-2.685439601533541
-2.6175483517347224
-2.6175147697758328
-2.551844728080172
-2.5515985636323117
-2.4874313090494513
-2.4863915079497945
-2.4226483137654853
-2.419956501810169
-2.355974552107248
-2.351242488169305
-2.2878316282607787
-2.2832267955398504
-2.2471159987282583
-2.232386890958765
-2.20223369859211
-2.1983912575139684
-2.137082564215041
-2.128883759446934
-2.087979579576905
-2.076574720719994
-2.0458119660294227
-2.041815258637421
-1.9847252476417345
-1.9786227063718924
-1.9474695242960525
-1.9365835025862268
-1.899365223729996
-1.890197840596814
-1.8476546143517145
-1.8409395135720532
-1.8096399368677625
-1.8068010692413619
-1.7579799816987869
-1.756053815123634
-1.7248444735787587
-1.7202042679439975
-1.6801660322868524
-1.6737428206463392
-1.645246861243827
-1.6376973720629229
-1.6060225215278132
-1.5987469489154138
-1.5705550005060036
-1.5633764262372754
-1.5366687455272923
-1.5303476390873818
-1.503590190386805
-1.4973339640418097
-1.475170912481845
-1.4698223217530695
-1.4497269601853209
-1.438433000497849
-1.4258343687940918
-1.413828582028025
-1.403349138969533
-1.3840327108201642
-1.3790507028278893
-1.3500134029313946
-1.3469355024837564
-1.3223537260105604
-1.32112067754451
-1.2838751418217884
-1.2821630185961381
-1.250424684398213
-1.248545158539252
-1.2176288378282887
-1.2162301906825956
-1.1761530761750112
-1.1761210096786587
-1.155843991391355
-1.155600276569284
-1.1143634723520714
-1.113802602646567
-1.059243564933941
-1.0591717968114185
-0.9959455206782724
-0.9959429063039297
-0.923768361197273
-0.9237683010153579
-0.841599867096718
-0.8415998580597904
-0.7472537730567546
-0.7472537706725106
-0.6366954044478184
-0.636695404292279
-0.5019796200514263
-0.5019796200471583
-0.32372939717561094
-0.32372939717557997
-0.15050636137914522
-0.15050622708868366
-0.0012774811341160486
-0.0012774811174889051
0.05951015157907225
0.059511165006123024
0.226141271857957
0.22614685346595748
0.36636779649845447
0.3663918925340306
0.48695341529713637
0.48703715410304466
0.5908149247390981
0.5910492242251347
0.629663109408652
0.6296925669689284
0.6786114081047147
0.6789463546806739
0.738818589260206
0.7421803699358231
0.761920945071044
0.7677886640021788
0.8031668893451496
0.8153200161989755
0.845477567820604
0.8620498302265964
0.8840444125061828
0.9134638868622759
0.9343677071562453
0.9682345179026065
0.9727314158198047
1.0245604376953523
1.0251786191223091
1.0761029475085115
1.083543072637553
1.1305173426497037
1.1427297991161567
1.2000342473044385
1.202199428961607
1.2573810046986083
1.2614488869256417
1.3199710566051173
1.3371867263518273
1.3772049310592887
1.3953487815194006
1.4324343050527633
1.4564055363716162
1.4848112770674304
1.5006414860255195
1.5334444858974616
1.533793187855718
1.5775318197148314
1.580242856064767
1.6236012655676506
1.6347108041041747
1.6845762409783496
1.6846746978601805
1.7322201588966673
1.7423770608342877
1.790967318970341
1.7974842196743968
1.8591400810659995
1.8660951499084664
1.9208861096607899
1.9309831241933109
1.9868051811884344
1.988131112325039
2.058111780723876
2.0673119672981026
2.13366266752945
2.140001495040534
2.2010611342845205
2.205126097124204
2.2782724287675977
2.2875075277108654
2.368368751137784
2.36884162832986
2.437090442289573
2.446195080060916
2.5196288236602866
2.526258201823765
2.6167358072677973
2.6227941274472526
2.7028303142970933
2.7116939154489756
2.785106523717502
2.7871060750064003
2.882027983961536
2.8896803528919146
2.994253123056245
3.0003470403229797
3.1057102180068967
3.1066332116629805
3.1958552546388366
3.205578550147249
3.2841011390228556
3.2896391969665393
3.3859752005717674
3.386604576415587
-2.8293501557424183
-2.8293501541035737
-2.755943247517072
-2.7559431453857988
-2.685442168252781
-2.6854396015335396
-2.6175483517347233
-2.6175147697758345
-2.5518447280801713
-2.5515985636323095
-2.487431309049449
-2.4863915079498042
-2.422648313765486
-2.4199565018101685
-2.355974552107245
-2.3512424881693
-2.287831628260773
-2.2832267955398478
-2.247115998728263
-2.2323868909587636
-2.2022336985921083
-2.1983912575139652
-2.1370825642150386
-2.128883759446932
-2.0879795795769054
-2.0765747207199925
-2.0458119660294214
-2.0418152586374174
-1.9847252476417345
-1.9786227063718898
-1.94746952429605
-1.9365835025862275
-1.8993652237299978
-1.8901978405968138
-1.8476546143518786
-1.8409395135717321
-1.8096399368741454
-1.8068010692341143
-1.7579799818935782
-1.7560538148988327
-1.7248444739381612
-1.7202042675826077
-1.680166029378425
-1.6737428268134042
-1.6452468024730285
-1.6376974669191868
-1.6060218327605225
-1.5987480292890208
-1.5705502547486425
-1.5633829775849521
-1.5366530719599027
-1.5303634875885823
-1.5036319189728158
-1.4972369601037805
-1.4757610331287891
-1.4689875788790527
-1.4507727141004392
-1.4363641869811807
-1.4281532408846718
-1.4116265301035833
-1.4048386928324124
-1.3830756289128443
-1.3797440347152308
-1.349971420915085
-1.3469465874861188
-1.322484252660925
-1.3209970230135173
-1.283899912892893
-1.2821395975391603
-1.2504297522196475
-1.2485406106984414
-1.217629407824272
-1.2162296968816195
-1.176151810685869
-1.1761222779781226
-1.1558439138688663
-1.1556003517361784
-1.1143634720475148
-1.1138026029313264
-1.0592435649305185
-1.0591717968148004
-0.9959455206786632
-0.995942906303535
-0.9237683611973265
-0.923768301015309
-0.8415998670967137
-0.8415998580597931
-0.7472537730567513
-0.7472537706725124
-0.6366954044478216
-0.6366954042922791
-0.5019796200514248
-0.5019796200471571
-0.323729397175609
-0.32372939717558447
-0.15050636137914797
-0.1505062270886861
-0.0012774811341173145
-0.0012774811174883056
0.05951015157907511
0.05951116500612259
0.22614127185795613
0.22614685346595825
0.36636779649845247
0.3663918925340269
0.48695341529713476
0.48703715410304843
0.5908149247390992
0.5910492242251361
0.6296631094086514
0.6296925669689301
0.6786114081047153
0.6789463546806737
0.7388185892602066
0.742180369935822
0.7619209450710486
0.7677886640021785
0.8031668893451487
0.8153200161989766
0.8454775678206046
0.862049830226595
0.884044412506182
0.9134638868622788
0.9343677071562475
0.9682345179026063
0.972731415819804
1.0245604376953525
1.0251786191223085
1.0761029475085138
1.0835430726375535
1.1305173426497024
1.1427297991161591
1.2000342473044383
1.2021994289616065
1.2573810046986114
1.2614488869256406
1.3199710566051175
1.3371867263518262
1.377204931059288
1.3953487815194006
1.4324343050527633
1.456405536371615
1.4848112770674307
1.5006414860255195
1.533444485897462
1.5337931878557176
1.5775318197148318
1.5802428560647672
1.6236012655676515
1.6347108041041751
1.6845762409783487
1.6846746978601816
1.7322201588966668
1.7423770608342881
1.7909673189703403
1.797484219674396
1.8591400810660001
1.8660951499084666
1.9208861096607894
1.9309831241933106
1.9868051811884346
1.9881311123250387
2.058111780723873
2.0673119672981026
2.1336626675294506
2.140001495040534
2.201061134284521
2.205126097124207
2.2782724287675986
2.2875075277108654
2.368368751137784
2.368841628329862
2.437090442289573
2.446195080060916
2.519628823660287
2.5262582018237647
2.6167358072678013
2.622794127447252
2.7028303142970938
2.711693915448974
2.785106523717507
2.7871060750064007
2.882027983961535
2.8896803528919133
2.994253123056243
3.0003470403229806
3.1057102180068914
3.1066332116629796
3.195855254638841
3.2055785501472474
3.284101139022861
3.2896391969665357
3.385975200571773
3.3866045764155865
-2.8293501557424148
-2.8293501541035697
-2.7559432475170693
-2.755943145385793
-2.685442168252781
-2.685439601533534
-2.6175483517347233
-2.617514769775837
-2.551844728080175
-2.5515985636323126
-2.4874313090494478
-2.486391507949797
-2.422648313765487
-2.419956501810169
-2.355974552107242
-2.351242488169299
-2.2878316282607747
-2.283226795539846
-2.247115998728263
-2.232386890958762
-2.202233698592108
-2.198391257513969
-2.1370825642150395
-2.1288837594469316
-2.087979579576906
-2.0765747207199943
-2.045811966029423
-2.041815258637419
-1.9847252476417343
-1.9786227063718922
-1.9474695242960522
-1.9365835025862272
-1.8993652237299974
-1.8901978405968143
-1.8476546143518795
-1.8409395135717357
-1.8096399368740914
-1.8068010692341807
-1.7579799818937016
-1.756053814898152
-1.724844473990242
-1.7202042675051654
-1.6801660311680886
-1.6737428235480942
-1.6452468264504532
-1.6376974291681248
-1.606022093251928
-1.5987476246138994
-1.5705518946833215
-1.5633808219740142
-1.5366551933034456
-1.530363757817663
-1.5035699320291052
-1.4973487361522633
-1.4752648364149998
-1.4696725229394927
-1.4499689206746647
-1.4379772314937111
-1.4263953266821479
-1.4132490255837913
-1.4037355295238583
-1.383694670376972
-1.3793094081828254
-1.349886023765763
-1.3470533367482138
-1.3222684548586905
-1.3211986600918901
-1.2838686915045259
-1.282169006641144
-1.2504238588120546
-1.248545867332484
-1.2176289030576994
-1.216230120388305
-1.1761555875937606
-1.176118497582107
-1.155844084635619
-1.1556001864737782
-1.1143634726230827
-1.1138026023938872
-1.0592435649344285
-1.0591717968109506
-0.9959455206772982
-0.995942906304906
-0.9237683611971929
-0.9237683010154407
-0.8415998670967223
-0.8415998580597862
-0.7472537730567547
-0.7472537706725128
-0.6366954044478162
-0.6366954042922792
-0.5019796200514204
-0.5019796200471551
-0.323729397175609
-0.3237293971755804
-0.15050636137915083
-0.1505062270886892
-0.0012774811341181946
-0.0012774811174912023
0.059510151579071476
0.05951116500612289
0.2261412718579543
0.2261468534659579
0.3663677964984553
0.36639189253403165
0.4869534152971348
0.4870371541030495
0.5908149247391
0.5910492242251364
0.6296631094086516
0.6296925669689301
0.6786114081047151
0.6789463546806714
0.7388185892602068
0.7421803699358195
0.7619209450710476
0.7677886640021764
0.8031668893451495
0.8153200161989724
0.8454775678206033
0.8620498302265953
0.8840444125061806
0.913463886862276
0.9343677071562448
0.9682345179026062
0.9727314158198039
1.0245604376953548
1.0251786191223111
1.0761029475085127
1.0835430726375541
1.1305173426497033
1.1427297991161574
1.2000342473044372
1.2021994289616063
1.257381004698611
1.2614488869256424
1.3199710566051184
1.3371867263518273
1.3772049310592895
1.3953487815194001
1.4324343050527648
1.4564055363716157
1.4848112770674318
1.5006414860255193
1.533444485897462
1.5337931878557185
1.5775318197148318
1.5802428560647666
1.6236012655676513
1.6347108041041751
1.6845762409783482
1.6846746978601832
1.7322201588966673
1.7423770608342863
1.7909673189703401
1.7974842196743965
1.8591400810659995
1.8660951499084668
1.9208861096607903
1.9309831241933124
1.9868051811884353
1.9881311123250391
2.058111780723872
2.0673119672981026
2.1336626675294506
2.140001495040534
2.2010611342845205
2.2051260971242046
2.278272428767597
2.287507527710865
2.368368751137784
2.368841628329857
2.4370904422895725
2.446195080060917
2.519628823660286
2.5262582018237647
2.6167358072677986
2.622794127447253
2.702830314297094
2.7116939154489716
2.7851065237175034
2.7871060750063985
2.882027983961536
2.8896803528919137
2.994253123056243
3.0003470403229757
3.1057102180068994
3.106633211662983
3.1958552546388397
3.2055785501472522
3.284101139022862
3.2896391969665344
3.385975200571771
3.386604576415583
-2.8293501557424166
-2.829350154103579
-2.7559432475170667
-2.755943145385793
-2.6854421682527807
-2.685439601533541
-2.6175483517347207
-2.617514769775836
-2.5518447280801717
-2.5515985636323153
-2.4874313090494478
-2.486391507949798
-2.4226483137654844
-2.419956501810168
-2.3559745521072446
-2.3512424881693033
-2.287831628260775
-2.2832267955398464
-2.2471159987282583
-2.2323868909587636
-2.202233698592108
-2.1983912575139697
-2.1370825642150417
-2.1288837594469303
-2.0879795795769027
-2.0765747207199934
-2.0458119660294245
-2.04181525863742
-1.9847252476417325
-1.9786227063718922
-1.9474695242960516
-1.9365835025862246
-1.8993652237299963
-1.8901978405968163
-1.8476546143517112
-1.8409395135720537
-1.8096399368677083
-1.806801069241428
-1.7579799816989068
-1.7560538151229428
-1.7248444736308401
-1.7202042678665577
-1.6801660340765145
-1.673742817381028
-1.6452468852207554
-1.6376973343122532
-1.606022781953928
-1.5987465442921216
-1.5705566379005182
-1.5633742728923063
-1.5366708611666782
-1.5303479165664706
-1.5035267988378502
-1.4974464829444847
-1.4745027274153368
-1.4706633476232667
-1.4487660047688014
-1.43989575217848
-1.424091063241758
-1.4154724724336296
-1.4025194450750138
-1.3845337430132199
-1.378748620650059
-1.349929769232583
-1.347040472239624
-1.3220672399541498
-1.3213930318380742
-1.2838430444337092
-1.282193304492898
-1.2504187628685244
-1.248550443379191
-1.2176283327168318
-1.2162306145354655
-1.1761566099618677
-1.1761174724036723
-1.1558441620530935
-1.1556001114119034
-1.1143634729276393
-1.1138026021091278
-1.0592435649378422
-1.0591717968075647
-0.9959455206769044
-0.9959429063052951
-0.9237683611971401
-0.9237683010154907
-0.8415998670967232
-0.8415998580597842
-0.7472537730567519
-0.747253770672511
-0.6366954044478129
-0.6366954042922796
-0.5019796200514239
-0.5019796200471575
-0.3237293971756114
-0.32372939717558274
-0.1505063613791494
-0.15050622708868344
-0.0012774811341166239
-0.0012774811174866686
0.059510151579072655
0.059511165006124855
0.22614127185795585
0.22614685346595423
0.3663677964984547
0.3663918925340318
0.4869534152971339
0.4870371541030455
0.5908149247390985
0.5910492242251361
0.6296631094086511
0.6296925669689337
0.6786114081047157
0.6789463546806721
0.7388185892602076
0.7421803699358203
0.761920945071046
0.7677886640021783
0.8031668893451487
0.8153200161989728
0.845477567820602
0.8620498302265959
0.8840444125061816
0.9134638868622754
0.9343677071562443
0.968234517902607
0.9727314158198047
1.0245604376953563
1.0251786191223093
1.0761029475085135
1.0835430726375543
1.1305173426497024
1.1427297991161576
1.2000342473044394
1.2021994289616074
1.2573810046986098
1.2614488869256415
1.3199710566051184
1.337186726351828
1.377204931059291
1.3953487815194014
1.4324343050527641
1.4564055363716149
1.4848112770674295
1.500641486025521
1.5334444858974619
1.5337931878557174
1.5775318197148311
1.5802428560647674
1.6236012655676502
1.6347108041041758
1.6845762409783491
1.6846746978601808
1.7322201588966661
1.7423770608342861
1.7909673189703401
1.7974842196743963
1.8591400810659993
1.8660951499084664
1.92088610966079
1.9309831241933109
1.986805181188434
1.9881311123250385
2.058111780723873
2.067311967298103
2.13366266752945
2.1400014950405337
2.2010611342845205
2.205126097124204
2.278272428767596
2.2875075277108654
2.368368751137784
2.3688416283298603
2.4370904422895725
2.446195080060918
2.519628823660287
2.5262582018237647
2.6167358072677973
2.622794127447252
2.7028303142970955
2.711693915448977
2.7851065237175052
2.7871060750064025
2.8820279839615366
2.8896803528919133
2.9942531230562435
3.000347040322978
3.1057102180068936
3.1066332116629813
3.195855254638841
3.205578550147247
3.284101139022861
3.289639196966532
3.3859752005717727
3.386604576415584
-2.8293501559250838
-2.8293501547087585
-2.7559432597987246
-2.7559431819478313
-2.6854425036833125
-2.6854404882999328
-2.6175531755913526
-2.6175258887718322
-2.551884204178635
-2.551675922129229
-2.4876193173844254
-2.4866994396994526
-2.4231913114631305
-2.4207103901250293
-2.35701959366565
-2.352503285436488
-2.2891916344543164
-2.284116231622825
-2.2431989530798027
-2.2300053559428727
-2.201419324190096
-2.200029379895883
-2.1392398443844574
-2.130713541851578
-2.084478634356236
-2.0757829065752085
-2.044446907002751
-2.0438076346082923
-1.9871097614656061
-1.9791419588014085
-1.9454937351868253
-1.93398938673741
-1.900594591102704
-1.8926575656010924
-1.8448256276230672
-1.8418181646062428
-1.808842975646722
-1.8077341886664278
-1.7602178049637915
-1.7549259825415184
-1.7252385395213365
-1.7176797752538269
-1.6821918987913915
-1.67434668083226
-1.6441568731210165
-1.6360900203521052
-1.607096608368234
-1.6002141933407366
-1.5688481616390295
-1.562926937098106
-1.5367708835781912
-1.5319869382089852
-1.5021302559268175
-1.497381556871012
-1.4751509083738887
-1.4708398492358008
-1.449030952737863
-1.4386461794717453
-1.42468620778894
-1.4156229983231863
-1.4029335571655863
-1.384082222004395
-1.378136312785932
-1.3506534921309359
-1.3469907938822503
-1.3223541024454233
-1.321017375654527
-1.2833852147202596
-1.2819086753317226
-1.2508360045953943
-1.2490238136500538
-1.2173136213444946
-1.2158444800254236
-1.1762219497649882
-1.1760856355688705
-1.1558095529854906
-1.1555002724299241
-1.1142067547885788
-1.1136879147873477
-1.0592215643364584
-1.0591595852930662
-0.9959445941418201
-0.9959425958761522
-0.9237683719156954
-0.9237683179469536
-0.8415998650117855
-0.8415998557183578
-0.7472537723487366
-0.7472537702410306
-0.6366954043985978
-0.6366954042674124
-0.5019796200500312
-0.5019796200465039
-0.32372939717563076
-0.32372939717554433
-0.150506417711882
-0.15050625047971145
-0.001277481129678136
-0.001277481121923785
0.05950973052870373
0.05951098728528649
0.22613899895890066
0.2261458597490654
0.36635823743790313
0.36638751549605236
0.4869208876977224
0.4870218014095202
0.5907407127272765
0.5909895908391114
0.6295831702714146
0.6297728847675307
0.6785360798882234
0.6787244209376541
0.7366313156659946
0.7468853401023623
0.7552041016184183
0.7728623742497818
0.7972427655613806
0.8247196263322003
0.8353922070766763
0.8716138610927084
0.8747634663019459
0.9214303588307461
0.9270415094371139
0.9599106747301165
0.9823028056357583
1.0115366219031523
1.0396587180432897
1.06262945682023
1.0982847843290273
1.1168431474199423
1.1575906243415288
1.185784643283906
1.2170518693153118
1.2429995145160448
1.2761680926582304
1.3225732082472446
1.3344243367060835
1.3808753067934296
1.3912318053993362
1.4442954591232922
1.4457788041030821
1.4907051190774083
1.4967114919764999
1.5230968555483275
1.54278771915102
1.5721568352278465
1.5842772701309378
1.6276721465634203
1.6342478086770207
1.682084640701271
1.6863066032726581
1.7325084851317316
1.7394970705607786
1.7910015734763376
1.8001025823163896
1.8619532272488
1.864931117103854
1.9190796672282695
1.9296009176602966
1.9852000344736702
1.990529219160585
2.060770904671264
2.0680108176467815
2.1307974468742215
2.14004217876319
2.2024987417100865
2.2025214398813375
2.2803986632208955
2.289375409882398
2.366089375106268
2.3700881327589642
2.4367170901024315
2.443247038709875
2.5206251454442823
2.5284416587897205
2.6188353681733187
2.6229759615096184
2.700241395617635
2.7101801057676
2.785631389935102
2.7859767473912354
2.883844027990947
2.8916056979991662
2.996011652671142
3.0014199441676026
3.104749159153727
3.1068321702108066
3.1934360848182797
3.203263380024022
3.283200812140733
3.287925180499991
3.38588610355251
3.386394007494043
-2.829350155925079
-2.8293501547087585
-2.7559432597987255
-2.7559431819478264
-2.68544250368331
-2.685440488299939
-2.617553175591358
-2.617525888771829
-2.551884204178635
-2.551675922129231
-2.487619317384425
-2.4866994396994477
-2.4231913114631283
-2.4207103901250258
-2.35701959366565
-2.3525032854364816
-2.2891916344543164
-2.2841162316228276
-2.2431989530798018
-2.230005355942872
-2.2014193241900926
-2.200029379895882
-2.1392398443844582
-2.1307135418515704
-2.0844786343562354
-2.075782906575208
-2.044446907002753
-2.0438076346082914
-1.9871097614656035
-1.9791419588014052
-1.9454937351868238
-1.9339893867374134
-1.9005945911027062
-1.8926575656010978
-1.8448256276231778
-1.8418181646060714
-1.8088429756559627
-1.8077341886565759
-1.7602178050219894
-1.7549259824500738
-1.7252385399499048
-1.7176797746634413
-1.6821919010658772
-1.674346678137253
-1.6441568581148787
-1.6360900594964776
-1.6070960896433457
-1.6002150200893401
-1.568840693643811
-1.5629381283173605
-1.5367192999990542
-1.5320475558930196
-1.5019662451187394
-1.4975676619013356
-1.4751887707624411
-1.4706578365825647
-1.4497215487427901
-1.4369671715576053
-1.427200244415657
-1.4128936069012117
-1.4046954678562449
-1.3823276898193495
-1.3795294809944187
-1.350178833451464
-1.347395002098832
-1.3222620105174252
-1.321091069388151
-1.2834103638966985
-1.28188370857782
-1.2508445770414334
-1.2490159304286932
-1.2173150938066344
-1.2158431631380926
-1.176222850101356
-1.1760847428163703
-1.155809550059579
-1.155500276391999
-1.1142067542742442
-1.113687915275164
-1.0592215643199767
-1.0591595853094384
-0.9959445941422093
-0.9959425958757574
-0.9237683719159395
-0.923768317946711
-0.8415998650117856
-0.841599855718361
-0.7472537723487304
-0.7472537702410396
-0.6366954043986078
-0.6366954042674131
-0.5019796200500353
-0.5019796200465009
-0.3237293971756291
-0.3237293971755457
-0.15050641771188022
-0.15050625047970956
-0.0012774811296791518
-0.001277481121924958
0.05950973052870126
0.0595109872852881
0.2261389989588967
0.22614585974906365
0.3663582374379
0.3663875154960522
0.4869208876977197
0.48702180140951573
0.5907407127272772
0.5909895908391077
0.629583170271415
0.6297728847675323
0.6785360798882253
0.678724420937653
0.7366313156659946
0.7468853401023595
0.7552041016184172
0.7728623742497813
0.797242765561379
0.8247196263321976
0.835392207076676
0.8716138610927096
0.8747634663019448
0.9214303588307454
0.927041509437116
0.9599106747301165
0.9823028056357592
1.0115366219031547
1.03965871804329
1.0626294568202315
1.0982847843290293
1.1168431474199436
1.1575906243415308
1.185784643283909
1.21705186931531
1.2429995145160446
1.2761680926582302
1.3225732082472448
1.3344243367060826
1.380875306793429
1.3912318053993358
1.4442954591232933
1.4457788041030828
1.4907051190774085
1.496711491976499
1.5230968555483275
1.5427877191510195
1.5721568352278472
1.5842772701309378
1.6276721465634203
1.634247808677023
1.6820846407012722
1.6863066032726575
1.7325084851317318
1.7394970705607793
1.7910015734763367
1.8001025823163908
1.8619532272488
1.8649311171038534
1.9190796672282697
1.9296009176602984
1.9852000344736707
1.990529219160586
2.060770904671263
2.068010817646781
2.130797446874221
2.140042178763188
2.2024987417100856
2.202521439881337
2.280398663220893
2.2893754098823975
2.366089375106268
2.370088132758964
2.4367170901024315
2.443247038709872
2.520625145444277
2.5284416587897223
2.618835368173316
2.622975961509619
2.700241395617635
2.710180105767603
2.7856313899351046
2.7859767473912425
2.8838440279909507
2.891605697999168
2.9960116526711404
3.0014199441676035
3.1047491591537315
3.1068321702108013
3.1934360848182806
3.2032633800240227
3.28320081214073
3.2879251804999945
3.38588610355251
3.3863940074940473
-2.8293501559250824
-2.829350154708761
-2.755943259798731
-2.75594318194783
-2.685442503683312
-2.685440488299932
-2.6175531755913517
-2.6175258887718313
-2.5518842041786325
-2.551675922129225
-2.487619317384425
-2.4866994396994486
-2.4231913114631296
-2.420710390125023
-2.357019593665648
-2.352503285436489
-2.2891916344543146
-2.284116231622824
-2.2431989530798004
-2.230005355942874
-2.201419324190096
-2.2000293798958803
-2.1392398443844547
-2.130713541851575
-2.0844786343562367
-2.0757829065752054
-2.0444469070027504
-2.0438076346082936
-1.9871097614656037
-1.9791419588014045
-1.9454937351868262
-1.933989386737412
-1.9005945911027005
-1.8926575656010942
-1.8448256276232182
-1.8418181646059983
-1.8088429756629583
-1.8077341886490863
-1.760217805068289
-1.7549259823773575
-1.7252385402929962
-1.717679774186572
-1.682191903316698
-1.6743466749964022
-1.644156860701502
-1.6360900626816677
-1.6070959335358197
-1.600215281497874
-1.5688380871660579
-1.562942070159377
-1.5366997175275534
-1.5320709123782446
-1.5018773155080056
-1.4976783989031408
-1.4749973518172983
-1.4708507023822663
-1.449666850699161
-1.4369830760011988
-1.4272516411094371
-1.4127635770321356
-1.4048127108486224
-1.3821211242951408
-1.3797166955415843
-1.3501031510079442
-1.347466428574346
-1.322204891979445
-1.3211439766731006
-1.2834033415252049
-1.281890428926092
-1.2508430297667235
-1.2490173335728607
-1.217314884003029
-1.2158433481308173
-1.1762228833801833
-1.1760847080616543
-1.1558095735002343
-1.1555002537153558
-1.114206754490413
-1.1136879150708319
-1.0592215643256162
-1.0591595853038387
-0.9959445941418065
-0.9959425958761658
-0.9237683719158039
-0.9237683179468468
-0.8415998650117897
-0.8415998557183652
-0.7472537723487312
-0.7472537702410296
-0.6366954043986035
-0.6366954042674101
-0.5019796200500429
-0.5019796200465
-0.32372939717563
-0.323729397175542
-0.15050641771187864
-0.15050625047970997
-0.0012774811296795807
-0.0012774811219252698
0.05950973052870312
0.05951098728528861
0.2261389989589007
0.2261458597490673
0.3663582374378997
0.36638751549605303
0.4869208876977209
0.48702180140951945
0.5907407127272776
0.5909895908391083
0.6295831702714132
0.6297728847675302
0.6785360798882242
0.6787244209376537
0.736631315665995
0.7468853401023604
0.7552041016184174
0.7728623742497801
0.7972427655613799
0.8247196263321963
0.8353922070766754
0.8716138610927078
0.8747634663019485
0.921430358830745
0.9270415094371143
0.9599106747301173
0.9823028056357591
1.0115366219031554
1.039658718043291
1.062629456820229
1.098284784329028
1.1168431474199443
1.1575906243415277
1.1857846432839088
1.2170518693153092
1.2429995145160446
1.2761680926582282
1.3225732082472452
1.3344243367060833
1.380875306793429
1.3912318053993356
1.4442954591232942
1.4457788041030828
1.490705119077409
1.4967114919765
1.5230968555483273
1.5427877191510193
1.572156835227847
1.5842772701309389
1.6276721465634205
1.634247808677022
1.6820846407012722
1.6863066032726572
1.7325084851317314
1.739497070560779
1.791001573476334
1.8001025823163899
1.861953227248798
1.8649311171038538
1.91907966722827
1.9296009176602975
1.9852000344736704
1.990529219160586
2.0607709046712626
2.068010817646781
2.1307974468742215
2.140042178763187
2.202498741710086
2.202521439881337
2.2803986632208946
2.2893754098823975
2.366089375106268
2.370088132758963
2.4367170901024315
2.443247038709873
2.520625145444279
2.528441658789721
2.6188353681733214
2.6229759615096184
2.700241395617635
2.710180105767602
2.785631389935097
2.7859767473912407
2.88384402799095
2.891605697999164
2.996011652671134
3.001419944167603
3.1047491591537235
3.1068321702107995
3.193436084818287
3.20326338002402
3.283200812140735
3.2879251804999967
3.3858861035525076
3.386394007494038
-2.829350155925079
-2.829350154708764
-2.7559432597987232
-2.755943181947825
-2.6854425036833094
-2.68544048829994
-2.617553175591357
-2.617525888771834
-2.5518842041786347
-2.5516759221292293
-2.4876193173844268
-2.486699439699452
-2.423191311463128
-2.4207103901250258
-2.357019593665648
-2.3525032854364873
-2.2891916344543164
-2.2841162316228254
-2.2431989530797973
-2.230005355942872
-2.201419324190095
-2.2000293798958777
-2.1392398443844556
-2.130713541851575
-2.084478634356237
-2.0757829065752076
-2.0444469070027496
-2.0438076346082927
-1.9871097614656048
-1.979141958801407
-1.945493735186823
-1.933989386737413
-1.900594591102704
-1.892657565601097
-1.844825627623104
-1.8418181646061698
-1.8088429756537223
-1.8077341886589364
-1.760217805010094
-1.754925982468802
-1.7252385398644166
-1.7176797747769619
-1.6821919010422122
-1.6743466776914084
-1.644156875707641
-1.636090023537328
-1.6070964522934401
-1.6002144547236357
-1.5688455638389214
-1.5629308715150376
-1.5367517722836863
-1.5320098357712357
-1.502048461356435
-1.497485353575649
-1.474949946274669
-1.4710412603660488
-1.4489714909112918
-1.4386704718318648
-1.4247581258133517
-1.4155021178098215
-1.403021553455676
-1.3839768234213765
-1.378219271124453
-1.350595326526016
-1.3470445543309233
-1.322304234009019
-1.3210630126605905
-1.2833779582997706
-1.2819156297822156
-1.2508344441177643
-1.2490252300250466
-1.217313411172209
-1.2158446653876855
-1.1762219834910677
-1.176085600366897
-1.1558095764256244
-1.155500249753802
-1.1142067550047456
-1.1136879145830143
-1.0592215643420972
-1.0591595852874647
-0.9959445941414142
-0.995942595876555
-0.9237683719155588
-0.9237683179470864
-0.8415998650117892
-0.8415998557183568
-0.7472537723487362
-0.747253770241037
-0.6366954043986056
-0.6366954042674152
-0.5019796200500405
-0.501979620046499
-0.3237293971756287
-0.32372939717555016
-0.1505064177118774
-0.15050625047970592
-0.0012774811296819646
-0.0012774811219278506
0.059509730528700525
0.05951098728528313
0.2261389989588998
0.2261458597490674
0.36635823743789886
0.36638751549605525
0.48692088769772096
0.48702180140951706
0.590740712727276
0.5909895908391065
0.629583170271414
0.6297728847675289
0.678536079888224
0.6787244209376524
0.7366313156659937
0.746885340102361
0.7552041016184183
0.7728623742497817
0.7972427655613795
0.8247196263321972
0.835392207076675
0.8716138610927074
0.8747634663019471
0.921430358830747
0.9270415094371125
0.9599106747301154
0.9823028056357589
1.0115366219031559
1.0396587180432912
1.062629456820231
1.0982847843290275
1.116843147419943
1.1575906243415301
1.1857846432839083
1.2170518693153107
1.2429995145160453
1.2761680926582304
1.3225732082472443
1.3344243367060855
1.3808753067934296
1.3912318053993364
1.444295459123294
1.4457788041030823
1.4907051190774097
1.4967114919764997
1.5230968555483269
1.5427877191510202
1.5721568352278472
1.5842772701309396
1.6276721465634205
1.634247808677022
1.682084640701272
1.6863066032726584
1.7325084851317312
1.7394970705607793
1.7910015734763347
1.8001025823163905
1.861953227248798
1.864931117103854
1.91907966722827
1.9296009176602982
1.985200034473669
1.9905292191605861
2.060770904671265
2.068010817646781
2.1307974468742206
2.1400421787631876
2.202498741710085
2.202521439881337
2.2803986632208937
2.2893754098823975
2.366089375106268
2.370088132758964
2.4367170901024315
2.4432470387098744
2.52062514544428
2.5284416587897205
2.6188353681733187
2.6229759615096193
2.7002413956176357
2.710180105767604
2.7856313899350975
2.7859767473912367
2.883844027990946
2.891605697999161
2.996011652671137
3.0014199441676053
3.104749159153727
3.106832170210799
3.1934360848182783
3.2032633800240196
3.283200812140736
3.287925180499993
3.385886103552517
3.3863940074940437
-2.8293501560592564
-2.8293501551597475
-2.7559432690599244
-2.755943209940719
-2.6854427640466274
-2.6854411880190447
-2.6175570457039337
-2.6175349752944563
-2.551917136901931
-2.55174181637183
-2.4877832978877095
-2.4869737744621183
-2.4236858475918703
-2.421409452921408
-2.3580062559983705
-2.3537143262170024
-2.290553263201695
-2.2852409918804795
-2.239261868523172
-2.2285835844876263
-2.2013263741824622
-2.1995728510785284
-2.141326455006534
-2.132755173721258
-2.0811826908000284
-2.0760075000290286
-2.0453026822769766
-2.042083797444122
-1.989485656653268
-1.9805271535964284
-1.9427437148049826
-1.9322409744755928
-1.9008541626414117
-1.8951461161014824
-1.8434871576685514
-1.8425213402509093
-1.8101869583351418
-1.8051808692065023
-1.7625172742175783
-1.7549847593641106
-1.7244367934871074
-1.7155202864690458
-1.6836670316595914
-1.6758782448329115
-1.6422157505642099
-1.635454223576544
-1.6071662589373135
-1.6021877438405083
-1.5667626844889517
-1.5635064385742534
-1.5360012067912934
-1.5336970392731695
-1.5012192911601663
-1.497577645539894
-1.4757193053012456
-1.4704204321196583
-1.449516819321876
-1.4376315697027908
-1.4254390883532952
-1.4152916382449203
-1.4035081272753354
-1.3836229220140877
-1.3775319971815378
-1.3513139457148986
-1.3471532615590296
-1.3224374498480873
-1.320651351207731
-1.282969597524888
-1.2816970298468222
-1.2512106390322058
-1.2495005583940668
-1.2169713829148932
-1.2154543846289492
-1.176318017861558
-1.176077692254951
-1.155756471769953
-1.1553877702314417
-1.1140614330997867
-1.1135822728652551
-1.0592024923297558
-1.0591491219560287
-0.9959438750993896
-0.9959423697051416
-0.9237683806473208
-0.9237683339736996
-0.8415998627621964
-0.8415998534379872
-0.7472537717198277
-0.7472537698628318
-0.6366954043569769
-0.636695404246525
-0.5019796200488975
-0.5019796200459645
-0.32372939717561083
-0.3237293971755462
-0.15050648765267452
-0.1505062796751906
-0.0012774811286364262
-0.0012774811229742647
0.05950921033799014
0.059510766252885455
0.22613621777192716
0.22614463420616132
0.36634667498846807
0.36638217778307536
0.4868821663362248
0.4870031686821684
0.5906411840103695
0.5909308416455928
0.6295590031361837
0.6297978002713095
0.6783462634617892
0.6785598301720315
0.7363644341136995
0.7475512003442
0.7543595222922338
0.7720054433997289
0.7983203990784625
0.8217318991257059
0.8388109049029218
0.8599411419108842
0.8872700952331143
0.9088712279820229
0.9405513031336614
0.9471814421865163
0.9964859516871137
0.9985482967179404
1.049216366510924
1.0542208200627095
1.1032137820116041
1.1130687483414494
1.1715773936884546
1.1724610590119027
1.2286453799071204
1.2318828467221632
1.2908338210406973
1.3079487673842938
1.3487875550385413
1.3663490814399546
1.4051140844194832
1.4317760417890053
1.458799402654986
1.4800748416678995
1.5054085330537819
1.5152011427264436
1.5475586138294344
1.5671176128945739
1.5893876816747323
1.6312473095936377
1.6326604317367381
1.679583026082835
1.6869366912927912
1.734047622969245
1.7361721436821764
1.792462774343188
1.802258082129264
1.8625437648511742
1.864317963208929
1.9186425331025299
1.9269550415985048
1.9850606053896007
1.9930204820012538
2.0633963847669445
2.067571724201498
2.128550191993783
2.1388324493664066
2.2008689177039344
2.204505480829146
2.2828062444565544
2.2906512264928383
2.3634145187018962
2.370479195306577
2.4371719052375913
2.440511955614419
2.52218992749308
2.5305474993281813
2.620621076377279
2.6224658647202155
2.697994960255788
2.708057404465758
2.7848373848051073
2.7871930678084516
2.8857593794279994
2.8934652184556606
2.997625439671202
3.00227812582335
3.1035074485438687
3.1067506719185536
3.191132444731951
3.200829408205299
3.282451007188362
3.286442212255248
3.385814643396519
3.3862236146113305
-2.829350156059252
-2.8293501551597493
-2.755943269059921
-2.7559432099407153
-2.6854427640466203
-2.6854411880190416
-2.6175570457039323
-2.6175349752944492
-2.551917136901931
-2.5517418163718224
-2.4877832978877077
-2.4869737744621174
-2.423685847591868
-2.4214094529214107
-2.3580062559983714
-2.353714326217003
-2.290553263201696
-2.285240991880481
-2.2392618685231724
-2.228583584487628
-2.2013263741824662
-2.1995728510785293
-2.1413264550065287
-2.1327551737212587
-2.0811826908000226
-2.0760075000290312
-2.0453026822769713
-2.042083797444118
-1.9894856566532697
-1.9805271535964322
-1.9427437148049842
-1.9322409744755948
-1.9008541626414135
-1.8951461161014815
-1.8434871576687686
-1.8425213402506746
-1.8101869583355605
-1.8051808692059683
-1.7625172742243218
-1.7549847593512133
-1.7244367935918834
-1.7155202862847005
-1.683667032969461
-1.675878242900511
-1.642215758212707
-1.6354542162831935
-1.607166135763433
-1.6021879409346225
-1.566756850978179
-1.563514193790696
-1.5359359900593896
-1.53376896486237
-1.5009680590003323
-1.497888290041205
-1.4752647609218603
-1.4708833494009839
-1.4494017183268246
-1.4375011134138898
-1.426056291796523
-1.4143451255085173
-1.4042322806292296
-1.3827223802077555
-1.3782874915201309
-1.350872873156935
-1.3475412894373433
-1.322239514980123
-1.3208225555272535
-1.2829652235905684
-1.2817001851924403
-1.2512147290275422
-1.249496624765255
-1.2169725334524668
-1.21545333117259
-1.1763190484399046
-1.176076667661576
-1.1557565626597575
-1.155387685043876
-1.1140614329782026
-1.1135822729863993
-1.0592024923091055
-1.059149121976577
-0.9959438750980296
-0.9959423697065017
-0.92376838064759
-0.92376833397343
-0.841599862762196
-0.8415998534379865
-0.7472537717198267
-0.7472537698628291
-0.6366954043569787
-0.636695404246531
-0.5019796200489
-0.5019796200459623
-0.3237293971756124
-0.3237293971755477
-0.1505064876526701
-0.1505062796751924
-0.0012774811286363822
-0.0012774811229736686
0.05950921033799161
0.05951076625288623
0.22613621777193282
0.22614463420615757
0.3663466749884702
0.3663821777830747
0.4868821663362253
0.4870031686821721
0.5906411840103682
0.5909308416455896
0.6295590031361826
0.6297978002713118
0.6783462634617903
0.6785598301720298
0.7363644341136982
0.7475512003442001
0.7543595222922309
0.7720054433997282
0.7983203990784626
0.8217318991257082
0.83881090490292
0.859941141910886
0.8872700952331131
0.908871227982021
0.9405513031336618
0.9471814421865168
0.9964859516871128
0.9985482967179351
1.0492163665109244
1.0542208200627075
1.103213782011606
1.11306874834145
1.171577393688454
1.172461059011902
1.2286453799071217
1.2318828467221623
1.2908338210406964
1.307948767384293
1.3487875550385418
1.366349081439956
1.4051140844194827
1.431776041789006
1.4587994026549902
1.4800748416679006
1.5054085330537825
1.515201142726444
1.547558613829433
1.5671176128945739
1.5893876816747332
1.6312473095936397
1.6326604317367381
1.6795830260828357
1.6869366912927934
1.7340476229692445
1.736172143682178
1.7924627743431887
1.8022580821292644
1.862543764851174
1.8643179632089277
1.9186425331025303
1.9269550415985057
1.9850606053896005
1.9930204820012534
2.0633963847669445
2.067571724201498
2.1285501919937837
2.13883244936641
2.2008689177039336
2.204505480829146
2.2828062444565558
2.2906512264928383
2.3634145187018967
2.370479195306578
2.4371719052375918
2.4405119556144186
2.522189927493079
2.5305474993281813
2.620621076377282
2.622465864720215
2.697994960255788
2.7080574044657544
2.784837384805108
2.787193067808447
2.8857593794280088
2.893465218455659
2.9976254396712014
3.002278125823346
3.1035074485438714
3.106750671918555
3.1911324447319487
3.2008294082052995
3.2824510071883637
3.286442212255249
3.3858146433965133
3.38622361461133
-2.829350156059253
-2.8293501551597484
-2.755943269059921
-2.7559432099407193
-2.6854427640466265
-2.6854411880190447
-2.6175570457039323
-2.6175349752944514
-2.551917136901933
-2.5517418163718224
-2.487783297887715
-2.4869737744621165
-2.42368584759187
-2.4214094529214054
-2.358006255998374
-2.3537143262169997
-2.2905532632016947
-2.285240991880479
-2.23926186852317
-2.2285835844876276
-2.20132637418247
-2.1995728510785284
-2.1413264550065314
-2.1327551737212582
-2.0811826908000235
-2.0760075000290317
-2.0453026822769784
-2.042083797444119
-1.9894856566532704
-1.9805271535964306
-1.9427437148049833
-1.9322409744755937
-1.900854162641407
-1.8951461161014886
-1.84348715766774
-1.8425213402517742
-1.810186958335183
-1.8051808692060891
-1.762517274249494
-1.7549847592991314
-1.7244367940700986
-1.715520285435763
-1.6836670391694897
-1.6758782335792322
-1.6422158133326605
-1.6354541418564366
-1.6071661849896492
-1.6021879841197995
-1.5667481584622358
-1.5635259910097346
-1.5358164244404717
-1.5339002012714404
-1.500330586627782
-1.4986324553614079
-1.4737770280506373
-1.472423932487044
-1.4489525955948577
-1.4378768050558037
-1.426146245657094
-1.4137233431639833
-1.4048527424208592
-1.3814503347491471
-1.3794478167794912
-1.350293238481717
-1.3480717589290065
-1.321945888436916
-1.3210887650687222
-1.2829529579812229
-1.2817111163271215
-1.2512164445388747
-1.2494948927675091
-1.2169732277516068
-1.2154526922020228
-1.1763197352893093
-1.1760759843250252
-1.1557566298291964
-1.1553876219150243
-1.1140614330060514
-1.1135822729633216
-1.059202492301113
-1.0591491219845282
-0.9959438750973248
-0.9959423697072094
-0.9237683806476426
-0.9237683339733801
-0.841599862762196
-0.8415998534379828
-0.7472537717198304
-0.7472537698628346
-0.6366954043569869
-0.6366954042465248
-0.5019796200489017
-0.5019796200459672
-0.32372939717561033
-0.3237293971755459
-0.15050648765267066
-0.1505062796751918
-0.0012774811286361898
-0.0012774811229718187
0.059509210337991426
0.059510766252881986
0.22613621777193119
0.2261446342061596
0.36634667498846774
0.36638217778307913
0.48688216633622466
0.4870031686821724
0.5906411840103689
0.5909308416455887
0.6295590031361842
0.6297978002713102
0.6783462634617901
0.6785598301720308
0.7363644341136992
0.747551200344201
0.7543595222922314
0.7720054433997293
0.7983203990784629
0.8217318991257054
0.8388109049029195
0.8599411419108852
0.8872700952331135
0.9088712279820219
0.9405513031336641
0.9471814421865177
0.9964859516871138
0.9985482967179373
1.0492163665109246
1.0542208200627072
1.1032137820116035
1.11306874834145
1.1715773936884528
1.1724610590119038
1.2286453799071198
1.2318828467221643
1.2908338210406982
1.3079487673842942
1.3487875550385426
1.366349081439955
1.405114084419482
1.4317760417890049
1.4587994026549878
1.4800748416678997
1.5054085330537816
1.5152011427264434
1.5475586138294357
1.567117612894574
1.5893876816747325
1.6312473095936395
1.632660431736738
1.6795830260828353
1.6869366912927932
1.7340476229692445
1.7361721436821782
1.7924627743431898
1.8022580821292637
1.862543764851175
1.8643179632089288
1.9186425331025316
1.9269550415985046
1.9850606053896012
1.9930204820012536
2.063396384766943
2.067571724201498
2.1285501919937833
2.1388324493664084
2.200868917703937
2.204505480829146
2.282806244456554
2.2906512264928383
2.363414518701897
2.370479195306582
2.4371719052375913
2.440511955614417
2.5221899274930837
2.5305474993281813
2.6206210763772817
2.6224658647202146
2.697994960255788
2.708057404465754
2.7848373848051
2.7871930678084444
2.8857593794280065
2.893465218455659
2.997625439671205
3.0022781258233464
3.103507448543872
3.1067506719185576
3.191132444731953
3.200829408205306
3.282451007188364
3.2864422122552477
3.385814643396524
3.386223614611333
-2.829350156059253
-2.829350155159749
-2.7559432690599217
-2.755943209940722
-2.685442764046624
-2.685441188019035
-2.617557045703935
-2.617534975294447
-2.5519171369019333
-2.5517418163718273
-2.487783297887712
-2.486973774462116
-2.423685847591868
-2.4214094529214054
-2.3580062559983737
-2.353714326217003
-2.290553263201697
-2.2852409918804772
-2.2392618685231764
-2.228583584487628
-2.2013263741824702
-2.199572851078533
-2.141326455006532
-2.132755173721255
-2.0811826908000284
-2.0760075000290312
-2.045302682276973
-2.04208379744412
-1.9894856566532695
-1.9805271535964295
-1.9427437148049855
-1.9322409744755937
-1.9008541626414082
-1.895146116101489
-1.8434871576675198
-1.8425213402520144
-1.8101869583347647
-1.8051808692066214
-1.7625172742427557
-1.7549847593120287
-1.7244367939653216
-1.715520285620108
-1.683667037859627
-1.675878235511631
-1.6422158056843035
-1.6354541491496468
-1.6071663081624301
-1.6021877870277703
-1.5667540317516948
-1.5635181974264194
-1.5358898290070822
-1.5338201120701789
-1.5007353777770898
-1.49817019616245
-1.474711144864878
-1.47148239341801
-1.4490667635987229
-1.4379985820480738
-1.42556288088416
-1.414711692496033
-1.4040696287015564
-1.3828004711221502
-1.3782340473154964
-1.350871716195373
-1.347545169688414
-1.3222216977753558
-1.3208395000837976
-1.2829574002003319
-1.2817078924700138
-1.2512123625811906
-1.2494988183597944
-1.2169720781706954
-1.2154537447004372
-1.1763187105348873
-1.1760770030944632
-1.1557565389703817
-1.155387707071593
-1.1140614331276346
-1.1135822728421751
-1.059202492321766
-1.0591491219639784
-0.9959438750986856
-0.9959423697058465
-0.9237683806473722
-0.9237683339736488
-0.8415998627621937
-0.8415998534379919
-0.7472537717198248
-0.747253769862831
-0.636695404356982
-0.6366954042465243
-0.5019796200488964
-0.5019796200459659
-0.3237293971756123
-0.3237293971755428
-0.15050648765266939
-0.15050627967519148
-0.0012774811286356158
-0.001277481122972363
0.059509210337990226
0.059510766252886926
0.22613621777193135
0.226144634206157
0.3663466749884679
0.36638217778307375
0.48688216633622494
0.487003168682168
0.5906411840103686
0.5909308416455893
0.6295590031361833
0.6297978002713106
0.6783462634617926
0.6785598301720314
0.736364434113699
0.7475512003442003
0.7543595222922309
0.7720054433997284
0.798320399078463
0.8217318991257061
0.8388109049029198
0.8599411419108833
0.8872700952331144
0.9088712279820199
0.940551303133659
0.9471814421865171
0.9964859516871114
0.9985482967179367
1.049216366510924
1.0542208200627083
1.103213782011605
1.1130687483414474
1.171577393688453
1.1724610590119
1.228645379907121
1.231882846722165
1.2908338210406978
1.3079487673842936
1.3487875550385424
1.3663490814399568
1.405114084419484
1.4317760417890053
1.458799402654986
1.4800748416678993
1.505408533053782
1.5152011427264438
1.5475586138294337
1.5671176128945736
1.5893876816747312
1.6312473095936402
1.632660431736738
1.6795830260828362
1.6869366912927928
1.7340476229692443
1.7361721436821766
1.7924627743431891
1.8022580821292649
1.8625437648511745
1.8643179632089306
1.9186425331025314
1.9269550415985055
1.9850606053896007
1.9930204820012531
2.0633963847669454
2.067571724201498
2.128550191993784
2.138832449366407
2.200868917703935
2.204505480829146
2.2828062444565558
2.2906512264928383
2.363414518701897
2.370479195306579
2.4371719052375918
2.440511955614417
2.5221899274930775
2.5305474993281813
2.620621076377285
2.6224658647202146
2.697994960255787
2.708057404465757
2.7848373848051047
2.7871930678084476
2.885759379428006
2.8934652184556575
2.9976254396712054
3.002278125823349
3.1035074485438723
3.106750671918558
3.1911324447319536
3.200829408205303
3.282451007188356
3.2864422122552526
3.3858146433965244
3.386223614611334
