-2.824497786478613
-2.4847157622807114
-2.167693013835686
-1.875368761307737
-1.6061878346341916
-1.384344515266742
-1.1663495800841246
-1.0110919677167003
-0.8674007208738371
-0.03445901824133812
0.03445901824133799
0.8674007208738362
1.0110919677166994
1.1663495800841253
1.3843445152667422
1.6061878346341927
1.8753687613077366
2.167693013835685
2.484715762280712
2.824497786478614
-2.82449800510781
-2.4847094204961646
-2.1677780273869733
-1.874679187893898
-1.609946108834542
-1.3715124405897645
-1.192124800518667
-0.9780876002989805
-0.8851229641586928
-0.022673281632618746
0.02267328163261951
0.8851229641586932
0.97808760029898
1.192124800518669
1.3715124405897645
1.6099461088345413
1.8746791878939002
2.167778027386974
2.4847094204961637
2.824498005107809
-2.8244980956666685
-2.4847067934319984
-2.1678132084314066
-1.8743916245949563
-1.6114534524997775
-1.3656296683764317
-1.2022026958543524
-0.9619799304539709
-0.8961165323865067
-0.015375967981352864
0.015375967981355114
0.8961165323865071
0.9619799304539712
1.2022026958543512
1.365629668376431
1.6114534524997788
1.8743916245949563
2.167813208431407
2.484706793431999
2.824498095666668
-2.8244980051078095
-2.4847094204961646
-2.167778027386973
-1.8746791878939004
-1.609946108834541
-1.3715124405897647
-1.1921248005186693
-0.9780876002989805
-0.8851229641586933
-0.022673281632619842
0.022673281632617788
0.885122964158693
0.9780876002989803
1.1921248005186689
1.3715124405897645
1.6099461088345406
1.8746791878938995
2.167778027386975
2.484709420496166
2.8244980051078112
-2.8244977864786143
-2.4847157622807132
-2.1676930138356876
-1.8753687613077374
-1.6061878346341925
-1.3843445152667413
-1.1663495800841244
-1.0110919677167
-0.8674007208738366
-0.034459018241338374
0.0344590182413384
0.8674007208738369
1.0110919677167007
1.1663495800841244
1.3843445152667422
1.6061878346341916
1.8753687613077366
2.1676930138356854
2.484715762280712
2.824497786478615
-2.8244975678483266
-2.4847221033450313
-2.1676078882518715
-1.8760518789087688
-1.6022387304066854
-1.395900091266986
-1.1324938517604037
-1.0487194163605436
-0.8546046451134329
-0.04318676658545596
0.04318676658545698
0.854604645113432
1.0487194163605422
1.132493851760404
1.395900091266985
1.602238730406685
1.8760518789087692
2.167607888251871
2.4847221033450326
2.824497567848326
-2.8244974772883746
-2.4847247296889736
-2.167572595174544
-1.8763329851514419
-1.6005393314775258
-1.4004359146043652
-1.1048583925251
-1.0774710783309942
-0.8500650658829805
-0.046336605581421185
0.046336605581420796
0.8500650658829807
1.0774710783309942
1.1048583925250985
1.4004359146043657
1.6005393314775258
1.8763329851514425
2.167572595174546
2.4847247296889736
2.8244974772883733
-2.8244975678483253
-2.484722103345033
-2.1676078882518723
-1.876051878908769
-1.6022387304066847
-1.3959000912669848
-1.1324938517604037
-1.048719416360542
-0.8546046451134321
-0.04318676658545588
0.043186766585456816
0.854604645113433
1.0487194163605427
1.1324938517604037
1.3959000912669843
1.6022387304066845
1.876051878908771
2.1676078882518706
2.4847221033450304
2.824497567848327
-2.824497722443398
-2.4847176196100227
-2.1676680927482614
-1.8755695025763715
-1.6050522912728304
-1.387834249752189
-1.1578545307359804
-1.0209022837185864
-0.8633158395995293
-0.03722175092073381
0.03722175092073326
0.8633158395995286
1.020902283718586
1.1578545307359809
1.3878342497521905
1.6050522912728304
1.8755695025763706
2.167668092748263
2.484717619610021
2.8244977224434002
-2.824497941072914
-2.4847112780364466
-2.1677531390725995
-1.874881838156022
-1.6088634037545695
-1.3754450131623626
-1.184885827530583
-0.9881000229186613
-0.8790837837434275
-0.026661809346548025
0.02666180934654778
0.8790837837434267
0.9881000229186605
1.1848858275305822
1.3754450131623621
1.6088634037545686
1.874881838156022
2.1677531390726
2.484711278036448
2.8244979410729143
-2.8244980956666685
-2.4847067934319984
-2.1678132084314066
-1.8743916245949566
-1.611453452499778
-1.3656296683764317
-1.2022026958543524
-0.961979930453971
-0.8961165323865073
-0.0153759679813549
0.015375967981352696
0.8961165323865077
0.9619799304539712
1.2022026958543537
1.365629668376432
1.6114534524997788
1.8743916245949577
2.167813208431405
2.484706793432
2.8244980956666685
-2.824498095666669
-2.4847067934319993
-2.1678132084314057
-1.8743916245949566
-1.6114534524997772
-1.3656296683764317
-1.2022026958543521
-0.961979930453971
-0.8961165323865067
-0.01537596798135409
0.015375967981353903
0.896116532386507
0.961979930453971
1.2022026958543521
1.3656296683764322
1.611453452499777
1.8743916245949563
2.1678132084314057
2.4847067934319997
2.8244980956666668
-2.8244979410729156
-2.484711278036448
-2.167753139072601
-1.8748818381560215
-1.6088634037545693
-1.3754450131623628
-1.1848858275305827
-0.9881000229186616
-0.8790837837434273
-0.02666180934654912
0.026661809346547344
0.879083783743428
0.9881000229186614
1.1848858275305834
1.3754450131623626
1.608863403754569
1.8748818381560226
2.167753139072601
2.484711278036449
2.824497941072916
-2.8244977224434007
-2.4847176196100245
-2.167668092748263
-1.875569502576372
-1.6050522912728324
-1.387834249752189
-1.1578545307359807
-1.0209022837185868
-0.8633158395995296
-0.03722175092073394
0.03722175092073353
0.8633158395995304
1.0209022837185873
1.1578545307359813
1.3878342497521903
1.6050522912728316
1.8755695025763728
2.167668092748263
2.484717619610022
2.8244977224433994
-2.8244975678483226
-2.484722103345032
-2.1676078882518697
-1.876051878908769
-1.6022387304066856
-1.3959000912669852
-1.132493851760403
-1.0487194163605427
-0.8546046451134328
-0.04318676658545705
0.04318676658545604
0.8546046451134326
1.048719416360542
1.1324938517604035
1.3959000912669859
1.602238730406685
1.8760518789087677
2.1676078882518697
2.4847221033450353
2.824497567848322
-2.824497567848323
-2.484722103345032
-2.1676078882518697
-1.8760518789087677
-1.6022387304066847
-1.3959000912669848
-1.132493851760404
-1.0487194163605424
-0.8546046451134324
-0.04318676658545731
0.04318676658545553
0.8546046451134325
1.0487194163605427
1.132493851760403
1.3959000912669857
1.602238730406684
1.876051878908768
2.167607888251871
2.484722103345035
2.8244975678483226
-2.824497786478616
-2.484715762280711
-2.167693013835686
-1.8753687613077368
-1.6061878346341913
-1.3843445152667422
-1.1663495800841244
-1.0110919677167007
-0.8674007208738373
-0.03445901824133771
0.034459018241337985
0.8674007208738364
1.011091967716701
1.1663495800841226
1.3843445152667413
1.6061878346341918
1.875368761307739
2.167693013835686
2.4847157622807114
2.8244977864786156
-2.8244979410729143
-2.484711278036446
-2.1677531390726004
-1.874881838156023
-1.6088634037545688
-1.375445013162363
-1.1848858275305831
-0.9881000229186617
-0.8790837837434275
-0.026661809346547646
0.02666180934654857
0.8790837837434274
0.9881000229186612
1.184885827530583
1.3754450131623623
1.6088634037545695
1.874881838156022
2.1677531390726013
2.4847112780364466
2.8244979410729147
-2.8244980956666685
-2.484706793431999
-2.167813208431406
-1.8743916245949563
-1.6114534524997775
-1.365629668376431
-1.2022026958543521
-0.961979930453971
-0.8961165323865065
-0.015375967981353617
0.015375967981354398
0.8961165323865065
0.9619799304539705
1.2022026958543517
1.3656296683764317
1.6114534524997781
1.874391624594956
2.167813208431407
2.4847067934319984
2.8244980956666685
-2.8244981597013408
-2.484704935742501
-2.16783807364063
-1.8741875925927682
-1.6125032347238442
-1.3611888419480611
-1.2093332074197998
-0.946485884165581
-0.9082873309843206
-0.006365989920243996
0.006365989920244408
0.9082873309843202
0.9464858841655803
1.2093332074198
1.3611888419480613
1.6125032347238448
1.874187592592768
2.16783807364063
2.4847049357425006
2.824498159701339
-2.8244980956666716
-2.4847067934319984
-2.167813208431407
-1.8743916245949568
-1.6114534524997775
-1.3656296683764315
-1.2022026958543521
-0.9619799304539708
-0.8961165323865067
-0.015375967981353314
0.015375967981354764
0.8961165323865072
0.9619799304539716
1.2022026958543524
1.3656296683764315
1.6114534524997777
1.8743916245949568
2.1678132084314075
2.4847067934319997
2.824498095666669
-2.8244979410729156
-2.4847112780364458
-2.1677531390726
-1.874881838156021
-1.608863403754569
-1.3754450131623623
-1.1848858275305831
-0.9881000229186618
-0.8790837837434278
-0.02666180934654858
0.02666180934654865
0.8790837837434273
0.9881000229186617
1.1848858275305836
1.3754450131623626
1.608863403754569
1.8748818381560224
2.1677531390726
2.484711278036449
2.8244979410729134
-2.8244977864786143
-2.484715762280711
-2.167693013835686
-1.875368761307737
-1.606187834634192
-1.384344515266742
-1.1663495800841244
-1.0110919677167003
-0.8674007208738366
-0.03445901824133792
0.034459018241338575
0.8674007208738375
1.0110919677167012
1.1663495800841248
1.3843445152667417
1.6061878346341925
1.8753687613077377
2.1676930138356862
2.4847157622807097
2.8244977864786165
-2.8244977224433985
-2.484717619610024
-2.167668092748262
-1.87556950257637
-1.60505229127283
-1.3878342497521887
-1.15785453073598
-1.0209022837185866
-0.8633158395995293
-0.037221750920733175
0.03722175092073335
0.8633158395995294
1.0209022837185862
1.1578545307359795
1.3878342497521887
1.6050522912728304
1.8755695025763708
2.167668092748261
2.484717619610025
2.824497722443398
-2.8244979410729165
-2.4847112780364484
-2.1677531390726013
-1.8748818381560224
-1.6088634037545695
-1.3754450131623623
-1.1848858275305827
-0.9881000229186616
-0.8790837837434281
-0.02666180934654745
0.02666180934654852
0.8790837837434289
0.9881000229186614
1.184885827530583
1.3754450131623628
1.6088634037545695
1.8748818381560215
2.1677531390726013
2.484711278036448
2.8244979410729143
-2.8244980051078112
-2.4847094204961633
-2.167778027386973
-1.8746791878938993
-1.6099461088345415
-1.3715124405897645
-1.1921248005186695
-0.9780876002989798
-0.8851229641586926
-0.02267328163261918
0.022673281632618683
0.8851229641586927
0.9780876002989796
1.1921248005186706
1.371512440589765
1.6099461088345424
1.8746791878938993
2.167778027386973
2.4847094204961633
2.8244980051078095
-2.824498095666666
-2.484706793431999
-2.1678132084314066
-1.8743916245949566
-1.611453452499778
-1.3656296683764315
-1.2022026958543526
-0.9619799304539712
-0.8961165323865068
-0.015375967981354021
0.015375967981354573
0.8961165323865068
0.9619799304539712
1.2022026958543517
1.365629668376431
1.6114534524997766
1.8743916245949566
2.167813208431407
2.484706793431996
2.8244980956666668
-2.8244981597013386
-2.4847049357425006
-2.1678380736406306
-1.8741875925927693
-1.6125032347238448
-1.3611888419480611
-1.2093332074198
-0.946485884165581
-0.9082873309843201
-0.0063659899202439295
0.00636598992024404
0.9082873309843209
0.9464858841655808
1.2093332074197995
1.3611888419480604
1.612503234723846
1.8741875925927702
2.167838073640629
2.4847049357424997
2.8244981597013394
-2.8244981597013394
-2.4847049357425
-2.16783807364063
-1.8741875925927693
-1.612503234723846
-1.3611888419480611
-1.2093332074197998
-0.9464858841655805
-0.9082873309843197
-0.006365989920244875
0.0063659899202433805
0.9082873309843196
0.9464858841655803
1.2093332074198002
1.3611888419480607
1.6125032347238442
1.8741875925927707
2.1678380736406297
2.4847049357425
2.8244981597013394
-2.8244980956666654
-2.484706793431998
-2.1678132084314066
-1.8743916245949566
-1.611453452499777
-1.3656296683764315
-1.2022026958543524
-0.9619799304539713
-0.8961165323865069
-0.015375967981353421
0.015375967981354636
0.8961165323865066
0.9619799304539713
1.2022026958543517
1.365629668376431
1.6114534524997766
1.8743916245949568
2.167813208431406
2.484706793431996
2.8244980956666677
-2.824498005107808
-2.4847094204961646
-2.167778027386973
-1.8746791878938993
-1.609946108834541
-1.3715124405897647
-1.1921248005186695
-0.97808760029898
-0.8851229641586931
-0.022673281632618496
0.022673281632618277
0.885122964158693
0.9780876002989798
1.192124800518669
1.3715124405897638
1.6099461088345421
1.8746791878939006
2.1677780273869725
2.4847094204961637
2.8244980051078112
-2.8244979410729143
-2.484711278036446
-2.1677531390726013
-1.8748818381560215
-1.608863403754569
-1.3754450131623623
-1.1848858275305825
-0.9881000229186616
-0.8790837837434275
-0.026661809346548968
0.026661809346548694
0.8790837837434272
0.9881000229186614
1.1848858275305834
1.3754450131623623
1.6088634037545693
1.874881838156022
2.1677531390726026
2.4847112780364466
2.824497941072915
-2.824498095666669
-2.4847067934319975
-2.167813208431406
-1.8743916245949561
-1.6114534524997768
-1.3656296683764317
-1.2022026958543526
-0.9619799304539713
-0.8961165323865069
-0.015375967981354289
0.015375967981353957
0.8961165323865068
0.9619799304539707
1.2022026958543526
1.3656296683764326
1.6114534524997775
1.8743916245949557
2.1678132084314075
2.4847067934319966
2.8244980956666708
-2.824498095666668
-2.484706793431998
-2.167813208431407
-1.874391624594957
-1.6114534524997763
-1.3656296683764315
-1.2022026958543526
-0.961979930453971
-0.8961165323865068
-0.015375967981353511
0.015375967981355765
0.8961165323865059
0.9619799304539699
1.2022026958543524
1.365629668376432
1.6114534524997761
1.874391624594955
2.1678132084314075
2.484706793431999
2.82449809566667
-2.82449809566667
-2.4847067934319957
-2.1678132084314075
-1.8743916245949566
-1.611453452499778
-1.3656296683764322
-1.2022026958543526
-0.9619799304539708
-0.8961165323865067
-0.01537596798135493
0.015375967981354186
0.896116532386507
0.961979930453971
1.2022026958543521
1.3656296683764315
1.6114534524997772
1.8743916245949566
2.167813208431406
2.4847067934319984
2.824498095666669
-2.8244980956666677
-2.4847067934319997
-2.1678132084314066
-1.8743916245949566
-1.6114534524997768
-1.3656296683764313
-1.2022026958543524
-0.9619799304539711
-0.8961165323865069
-0.015375967981354067
0.01537596798135469
0.8961165323865067
0.9619799304539703
1.2022026958543517
1.3656296683764326
1.6114534524997775
1.8743916245949566
2.167813208431406
2.4847067934319975
2.82449809566667
-2.824498095666669
-2.484706793431998
-2.1678132084314066
-1.8743916245949566
-1.6114534524997772
-1.3656296683764317
-1.2022026958543521
-0.9619799304539706
-0.8961165323865068
-0.015375967981353664
0.015375967981355158
0.8961165323865062
0.9619799304539702
1.202202695854353
1.3656296683764317
1.611453452499778
1.8743916245949563
2.167813208431406
2.484706793431998
2.8244980956666708
-2.82449809566667
-2.484706793431998
-2.167813208431407
-1.8743916245949566
-1.6114534524997772
-1.365629668376431
-1.2022026958543521
-0.9619799304539709
-0.8961165323865067
-0.015375967981354042
0.01537596798135387
0.8961165323865065
0.9619799304539703
1.2022026958543528
1.3656296683764326
1.6114534524997788
1.874391624594956
2.1678132084314075
2.484706793431998
2.824498095666669
-2.824498095666667
-2.4847067934319984
-2.167813208431406
-1.8743916245949561
-1.6114534524997772
-1.3656296683764313
-1.2022026958543524
-0.961979930453971
-0.8961165323865068
-0.015375967981354396
0.015375967981353801
0.8961165323865066
0.9619799304539706
1.2022026958543521
1.3656296683764313
1.6114534524997766
1.8743916245949557
2.1678132084314066
2.4847067934319966
2.824498095666669
-2.824498095666669
-2.4847067934319975
-2.1678132084314066
-1.874391624594957
-1.6114534524997772
-1.365629668376432
-1.2022026958543526
-0.9619799304539711
-0.8961165323865069
-0.015375967981353322
0.015375967981354351
0.8961165323865069
0.9619799304539706
1.2022026958543535
1.365629668376433
1.611453452499777
1.8743916245949566
2.1678132084314057
2.4847067934319975
2.82449809566667
-2.8244981597013377
-2.484704935742502
-2.16783807364063
-1.874187592592769
-1.6125032347238446
-1.3611888419480607
-1.2093332074197998
-0.9464858841655807
-0.9082873309843201
-0.006365989920244681
0.006365989920243514
0.9082873309843205
0.946485884165581
1.2093332074197989
1.36118884194806
1.6125032347238444
1.8741875925927696
2.1678380736406306
2.4847049357424997
2.824498159701339
-2.8244981597013386
-2.484704935742501
-2.1678380736406297
-1.8741875925927682
-1.6125032347238446
-1.3611888419480607
-1.2093332074197995
-0.946485884165581
-0.9082873309843205
-0.006365989920244911
0.006365989920243219
0.9082873309843206
0.9464858841655812
1.209333207419799
1.3611888419480618
1.6125032347238442
1.8741875925927707
2.167838073640629
2.4847049357425006
2.824498159701338
-2.8244980956666708
-2.4847067934319984
-2.167813208431406
-1.8743916245949552
-1.6114534524997768
-1.3656296683764315
-1.202202695854352
-0.9619799304539706
-0.8961165323865067
-0.015375967981353872
0.015375967981354162
0.8961165323865072
0.9619799304539705
1.2022026958543526
1.3656296683764324
1.611453452499776
1.8743916245949557
2.1678132084314057
2.484706793432001
2.8244980956666668
-2.8244980051078095
-2.484709420496165
-2.167778027386973
-1.8746791878939
-1.6099461088345404
-1.3715124405897643
-1.1921248005186698
-0.9780876002989796
-0.8851229641586928
-0.02267328163261801
0.022673281632620047
0.8851229641586935
0.9780876002989796
1.1921248005186698
1.3715124405897645
1.6099461088345413
1.8746791878938975
2.167778027386973
2.4847094204961646
2.8244980051078117
-2.824497941072917
-2.4847112780364466
-2.167753139072601
-1.8748818381560217
-1.6088634037545688
-1.375445013162362
-1.1848858275305827
-0.9881000229186613
-0.8790837837434277
-0.02666180934654759
0.026661809346549235
0.8790837837434281
0.9881000229186614
1.1848858275305825
1.3754450131623621
1.6088634037545684
1.8748818381560222
2.167753139072599
2.4847112780364475
2.824497941072916
-2.8244979410729147
-2.484711278036446
-2.167753139072601
-1.8748818381560206
-1.6088634037545688
-1.3754450131623623
-1.184885827530583
-0.9881000229186616
-0.879083783743428
-0.026661809346548482
0.026661809346547136
0.8790837837434283
0.9881000229186621
1.184885827530583
1.375445013162362
1.6088634037545684
1.8748818381560224
2.1677531390726
2.4847112780364484
2.824497941072913
-2.824498005107812
-2.4847094204961633
-2.1677780273869716
-1.8746791878939002
-1.6099461088345417
-1.3715124405897647
-1.19212480051867
-0.9780876002989802
-0.8851229641586933
-0.02267328163261924
0.022673281632618954
0.8851229641586933
0.9780876002989798
1.1921248005186695
1.371512440589764
1.6099461088345408
1.8746791878938989
2.167778027386971
2.484709420496164
2.8244980051078126
-2.82449809566667
-2.484706793431998
-2.167813208431408
-1.8743916245949568
-1.6114534524997777
-1.3656296683764317
-1.2022026958543524
-0.961979930453971
-0.8961165323865071
-0.015375967981354285
0.015375967981353846
0.8961165323865068
0.9619799304539718
1.2022026958543524
1.3656296683764322
1.6114534524997777
1.8743916245949557
2.1678132084314066
2.484706793432
2.8244980956666694
-2.8244980956666677
-2.4847067934319975
-2.167813208431407
-1.8743916245949572
-1.6114534524997777
-1.3656296683764313
-1.2022026958543521
-0.9619799304539711
-0.8961165323865067
-0.015375967981353725
0.015375967981354368
0.8961165323865078
0.9619799304539706
1.2022026958543526
1.3656296683764304
1.6114534524997772
1.8743916245949568
2.1678132084314057
2.4847067934319993
2.8244980956666654
-2.824498159701342
-2.484704935742502
-2.1678380736406315
-1.874187592592771
-1.6125032347238453
-1.3611888419480611
-1.2093332074198
-0.9464858841655809
-0.9082873309843204
-0.006365989920244234
0.006365989920244188
0.9082873309843209
0.9464858841655803
1.2093332074198
1.3611888419480627
1.612503234723846
1.8741875925927702
2.167838073640631
2.4847049357425015
2.8244981597013386
-2.824498095666665
-2.4847067934319984
-2.167813208431406
-1.8743916245949572
-1.6114534524997775
-1.3656296683764317
-1.2022026958543517
-0.9619799304539719
-0.8961165323865077
-0.015375967981353827
0.015375967981354498
0.8961165323865069
0.9619799304539715
1.2022026958543521
1.3656296683764315
1.6114534524997777
1.8743916245949568
2.167813208431407
2.484706793431998
2.8244980956666694
-2.8244979410729165
-2.484711278036447
-2.167753139072601
-1.8748818381560222
-1.608863403754569
-1.3754450131623628
-1.1848858275305827
-0.9881000229186616
-0.8790837837434279
-0.026661809346548652
0.02666180934654813
0.8790837837434285
0.9881000229186614
1.1848858275305827
1.3754450131623628
1.6088634037545682
1.8748818381560226
2.1677531390726035
2.484711278036448
2.8244979410729143
-2.824497786478618
-2.484715762280712
-2.167693013835686
-1.8753687613077372
-1.6061878346341925
-1.3843445152667417
-1.1663495800841246
-1.0110919677167005
-0.8674007208738371
-0.0344590182413378
0.03445901824133851
0.8674007208738364
1.0110919677167003
1.166349580084125
1.3843445152667413
1.606187834634192
1.8753687613077392
2.1676930138356876
2.4847157622807123
2.8244977864786165
-2.824497722443398
-2.4847176196100236
-2.1676680927482623
-1.8755695025763706
-1.6050522912728304
-1.387834249752189
-1.1578545307359809
-1.020902283718586
-0.8633158395995295
-0.03722175092073369
0.03722175092073336
0.8633158395995286
1.020902283718586
1.157854530735981
1.3878342497521883
1.6050522912728304
1.8755695025763701
2.167668092748262
2.4847176196100245
2.8244977224433976
-2.824497786478615
-2.48471576228071
-2.1676930138356854
-1.875368761307737
-1.6061878346341925
-1.3843445152667417
-1.1663495800841246
-1.0110919677167007
-0.8674007208738368
-0.034459018241339
0.03445901824133734
0.8674007208738375
1.0110919677167
1.166349580084125
1.384344515266741
1.6061878346341933
1.8753687613077368
2.1676930138356862
2.4847157622807132
2.8244977864786147
-2.824497941072915
-2.4847112780364475
-2.1677531390726004
-1.8748818381560213
-1.6088634037545693
-1.375445013162362
-1.1848858275305827
-0.9881000229186614
-0.879083783743428
-0.02666180934654923
0.026661809346547004
0.8790837837434283
0.9881000229186615
1.184885827530583
1.3754450131623628
1.6088634037545688
1.8748818381560208
2.1677531390726004
2.484711278036446
2.8244979410729147
-2.8244979410729134
-2.4847112780364475
-2.167753139072601
-1.874881838156022
-1.6088634037545693
-1.3754450131623621
-1.1848858275305827
-0.9881000229186612
-0.8790837837434277
-0.026661809346548392
0.026661809346548063
0.8790837837434281
0.9881000229186611
1.1848858275305825
1.375445013162362
1.6088634037545695
1.874881838156021
2.167753139072601
2.484711278036448
2.8244979410729147
-2.8244980956666677
-2.4847067934319997
-2.167813208431407
-1.874391624594957
-1.6114534524997777
-1.3656296683764317
-1.2022026958543524
-0.9619799304539709
-0.896116532386507
-0.015375967981354294
0.015375967981354068
0.8961165323865065
0.9619799304539708
1.2022026958543524
1.3656296683764317
1.6114534524997775
1.8743916245949557
2.167813208431408
2.4847067934320006
2.8244980956666685
-2.8244980956666703
-2.4847067934319984
-2.167813208431406
-1.874391624594957
-1.6114534524997777
-1.3656296683764317
-1.2022026958543524
-0.9619799304539709
-0.896116532386507
-0.01537596798135417
0.01537596798135405
0.8961165323865076
0.9619799304539712
1.2022026958543528
1.365629668376432
1.6114534524997775
1.8743916245949561
2.167813208431408
2.4847067934320006
2.82449809566667
-2.8244979410729125
-2.4847112780364466
-2.1677531390725995
-1.874881838156022
-1.6088634037545686
-1.3754450131623626
-1.1848858275305825
-0.9881000229186616
-0.879083783743428
-0.02666180934654822
0.026661809346547785
0.8790837837434272
0.9881000229186621
1.1848858275305831
1.3754450131623606
1.6088634037545682
1.8748818381560215
2.167753139072599
2.484711278036449
2.824497941072914
-2.824497722443398
-2.4847176196100222
-2.1676680927482623
-1.8755695025763708
-1.6050522912728307
-1.3878342497521883
-1.1578545307359802
-1.0209022837185868
-0.8633158395995292
-0.03722175092073329
0.037221750920733154
0.8633158395995291
1.020902283718586
1.1578545307359813
1.387834249752188
1.6050522912728307
1.8755695025763717
2.1676680927482628
2.4847176196100236
2.824497722443396
-2.8244975678483257
-2.4847221033450317
-2.167607888251872
-1.8760518789087692
-1.6022387304066865
-1.3959000912669843
-1.132493851760404
-1.048719416360542
-0.8546046451134319
-0.04318676658545725
0.04318676658545663
0.8546046451134323
1.0487194163605424
1.1324938517604037
1.3959000912669848
1.602238730406685
1.8760518789087686
2.167607888251871
2.4847221033450344
2.824497567848324
-2.824497567848324
-2.4847221033450344
-2.1676078882518723
-1.8760518789087688
-1.6022387304066852
-1.3959000912669852
-1.1324938517604042
-1.0487194163605424
-0.8546046451134326
-0.04318676658545605
0.04318676658545682
0.8546046451134328
1.0487194163605424
1.1324938517604035
1.3959000912669848
1.6022387304066847
1.8760518789087677
2.16760788825187
2.484722103345032
2.8244975678483266
-2.8244977224433945
-2.4847176196100222
-2.167668092748262
-1.8755695025763703
-1.6050522912728307
-1.3878342497521887
-1.1578545307359804
-1.0209022837185868
-0.8633158395995292
-0.037221750920733675
0.037221750920733244
0.8633158395995283
1.0209022837185866
1.1578545307359809
1.387834249752188
1.6050522912728307
1.875569502576371
2.167668092748262
2.4847176196100214
2.8244977224433967
