-2.4990974177454923
-2.4989040534020237
-2.462349903447917
-2.460849210138962
-2.438419301813704
-2.4315442426869174
-2.418735695563234
-2.41599600420418
-2.410394659831168
-1.6905266646057686
-1.6790560073487806
-1.6736065515187326
-1.6413264325231947
-1.6318084547650082
-1.556184621221524
-1.5542187180754399
-0.8350204705947336
-0.8339849792662584
-0.5493490803987499
-0.5401416023605001
-0.38566221200930906
-0.3657659904658621
-0.29454846562348425
-0.08662321524311024
-0.013825418611473907
0.013825418611473581
0.08662321524311098
0.29454846562348325
0.3657659904658628
0.38566221200930917
0.5401416023605004
0.54934908039875
0.8339849792662583
0.8350204705947338
1.5542187180754405
1.5561846212215245
1.631808454765008
1.641326432523195
1.6736065515187333
1.6790560073487817
1.6905266646057673
2.4103946598311676
2.4159960042041804
2.4187356955632344
2.431544242686917
2.438419301813703
2.4608492101389623
2.462349903447917
2.498904053402024
2.4990974177454923
-2.499097417745493
-2.498904053402024
-2.462349903447918
-2.460849210138962
-2.438419301813705
-2.4315442426869174
-2.4187356955632344
-2.4159960042041795
-2.4103946598311685
-1.690526664605769
-1.6790560073487804
-1.6736065515187328
-1.6413264325231938
-1.6318084547650085
-1.5561846212215236
-1.5542187180754397
-0.8350204705947327
-0.8339849792662575
-0.5493490803987492
-0.5401416023604996
-0.38566221200930834
-0.36576599046586133
-0.2945484656234837
-0.08662321524311074
-0.013825418611473704
0.013825418611473957
0.08662321524311116
0.2945484656234836
0.36576599046586283
0.38566221200930956
0.5401416023605017
0.5493490803987514
0.8339849792662588
0.8350204705947344
1.5542187180754397
1.5561846212215236
1.631808454765009
1.641326432523195
1.673606551518732
1.6790560073487797
1.6905266646057688
2.410394659831167
2.415996004204179
2.4187356955632335
2.4315442426869165
2.438419301813703
2.4608492101389614
2.4623499034479166
2.498904053402025
2.4990974177454937
-2.499097417745492
-2.4989040534020237
-2.462349903447918
-2.460849210138962
-2.438419301813704
-2.4315442426869165
-2.4187356955632344
-2.4159960042041795
-2.410394659831169
-1.6905266646057693
-1.6790560073487806
-1.673606551518733
-1.641326432523195
-1.631808454765009
-1.556184621221524
-1.55421871807544
-0.8350204705947339
-0.833984979266258
-0.5493490803987496
-0.5401416023605
-0.38566221200930895
-0.3657659904658622
-0.2945484656234837
-0.08662321524311076
-0.013825418611473461
0.013825418611474405
0.08662321524311126
0.2945484656234833
0.36576599046586217
0.38566221200930884
0.5401416023605004
0.5493490803987501
0.8339849792662581
0.835020470594733
1.5542187180754403
1.5561846212215247
1.6318084547650094
1.6413264325231955
1.6736065515187335
1.6790560073487812
1.6905266646057693
2.4103946598311654
2.415996004204179
2.4187356955632335
2.431544242686915
2.4384193018137013
2.4608492101389623
2.462349903447917
2.4989040534020233
2.499097417745493
-2.499097417745493
-2.4989040534020246
-2.4623499034479184
-2.4608492101389623
-2.4384193018137044
-2.4315442426869174
-2.418735695563234
-2.4159960042041795
-2.4103946598311685
-1.690526664605769
-1.67905600734878
-1.6736065515187324
-1.6413264325231942
-1.6318084547650091
-1.5561846212215242
-1.55421871807544
-0.8350204705947336
-0.8339849792662583
-0.5493490803987492
-0.5401416023604996
-0.3856622120093081
-0.36576599046586133
-0.2945484656234829
-0.0866232152431111
-0.013825418611473642
0.013825418611474145
0.08662321524311031
0.29454846562348364
0.36576599046586256
0.3856622120093091
0.5401416023605005
0.54934908039875
0.8339849792662573
0.8350204705947326
1.5542187180754412
1.5561846212215251
1.6318084547650091
1.6413264325231958
1.673606551518733
1.679056007348781
1.690526664605769
2.410394659831169
2.4159960042041795
2.4187356955632344
2.431544242686918
2.438419301813705
2.4608492101389623
2.462349903447918
2.4989040534020246
2.499097417745494
-2.4990974177454928
-2.4989040534020237
-2.462349903447918
-2.4608492101389623
-2.438419301813704
-2.431544242686918
-2.418735695563234
-2.4159960042041804
-2.410394659831168
-1.6905266646057677
-1.6790560073487806
-1.6736065515187324
-1.6413264325231938
-1.6318084547650082
-1.5561846212215238
-1.5542187180754399
-0.8350204705947329
-0.8339849792662575
-0.54934908039875
-0.5401416023605004
-0.3856622120093084
-0.36576599046586183
-0.2945484656234838
-0.08662321524311091
-0.013825418611473938
0.013825418611473924
0.08662321524311077
0.2945484656234837
0.36576599046586267
0.3856622120093096
0.5401416023605005
0.54934908039875
0.8339849792662565
0.8350204705947318
1.5542187180754405
1.5561846212215247
1.6318084547650087
1.6413264325231949
1.6736065515187333
1.679056007348781
1.6905266646057684
2.410394659831166
2.4159960042041786
2.4187356955632326
2.4315442426869165
2.438419301813702
2.460849210138962
2.462349903447917
2.4989040534020237
2.4990974177454928
-2.4990974177454923
-2.4989040534020233
-2.4623499034479175
-2.460849210138962
-2.438419301813704
-2.431544242686917
-2.418735695563234
-2.4159960042041795
-2.410394659831168
-1.690526664605769
-1.6790560073487801
-1.673606551518733
-1.6413264325231944
-1.6318084547650085
-1.5561846212215233
-1.5542187180754394
-0.8350204705947337
-0.8339849792662584
-0.5493490803987489
-0.540141602360499
-0.38566221200930884
-0.36576599046586217
-0.29454846562348347
-0.08662321524311035
-0.013825418611473924
0.013825418611473987
0.08662321524311106
0.2945484656234836
0.3657659904658621
0.38566221200930884
0.5401416023604998
0.5493490803987495
0.8339849792662583
0.8350204705947336
1.55421871807544
1.556184621221524
1.6318084547650078
1.641326432523194
1.6736065515187328
1.6790560073487806
1.6905266646057684
2.4103946598311685
2.415996004204181
2.418735695563236
2.4315442426869165
2.4384193018137044
2.4608492101389623
2.462349903447918
2.498904053402024
2.4990974177454937
-2.499097417745493
-2.4989040534020246
-2.4623499034479175
-2.460849210138962
-2.438419301813704
-2.4315442426869165
-2.4187356955632344
-2.41599600420418
-2.4103946598311676
-1.690526664605769
-1.6790560073487806
-1.6736065515187328
-1.6413264325231947
-1.6318084547650087
-1.556184621221524
-1.55421871807544
-0.8350204705947327
-0.8339849792662576
-0.5493490803987493
-0.5401416023604995
-0.3856622120093088
-0.3657659904658618
-0.2945484656234838
-0.08662321524311137
-0.013825418611473803
0.013825418611474372
0.08662321524311035
0.29454846562348236
0.3657659904658616
0.38566221200930834
0.5401416023604988
0.5493490803987484
0.8339849792662595
0.8350204705947348
1.5542187180754405
1.556184621221525
1.6318084547650091
1.6413264325231953
1.673606551518734
1.6790560073487808
1.6905266646057702
2.410394659831166
2.41599600420418
2.4187356955632344
2.431544242686917
2.438419301813703
2.460849210138962
2.462349903447917
2.4989040534020233
2.4990974177454928
-2.499097417745493
-2.498904053402024
-2.462349903447917
-2.4608492101389614
-2.4384193018137044
-2.4315442426869174
-2.4187356955632344
-2.41599600420418
-2.410394659831168
-1.6905266646057688
-1.6790560073487804
-1.6736065515187328
-1.641326432523194
-1.6318084547650085
-1.5561846212215231
-1.554218718075439
-0.8350204705947335
-0.833984979266258
-0.5493490803987492
-0.5401416023604994
-0.3856622120093094
-0.36576599046586233
-0.2945484656234837
-0.08662321524311109
-0.013825418611474254
0.013825418611473945
0.08662321524311037
0.29454846562348297
0.3657659904658617
0.38566221200930817
0.5401416023605
0.5493490803987494
0.8339849792662586
0.8350204705947339
1.5542187180754403
1.556184621221524
1.6318084547650076
1.6413264325231944
1.6736065515187322
1.6790560073487808
1.6905266646057668
2.410394659831168
2.4159960042041804
2.4187356955632344
2.431544242686919
2.438419301813705
2.460849210138961
2.4623499034479166
2.498904053402025
2.499097417745494
-2.4991185515524075
-2.498882275402862
-2.4625279314607043
-2.460635539732304
-2.4387083310031463
-2.431058554390108
-2.419628079006413
-2.4151672916327387
-2.410563934724485
-1.6902149563011266
-1.6805614308633479
-1.672104347169723
-1.6421895186635742
-1.6312328827748106
-1.556427630214108
-1.5539966755322325
-0.8351366686432996
-0.8338668481876216
-0.5501891065697694
-0.5391322527931083
-0.3890136314524288
-0.3612983291633329
-0.29616756384408643
-0.0833124193465288
-0.024860634084866242
0.024860634084865087
0.0833124193465279
0.29616756384408593
0.3612983291633327
0.38901363145242784
0.539132252793109
0.5501891065697699
0.8338668481876242
0.835136668643302
1.5539966755322308
1.556427630214107
1.63123288277481
1.6421895186635735
1.672104347169722
1.6805614308633476
1.690214956301125
2.4105639347244847
2.4151672916327387
2.4196280790064124
2.431058554390108
2.4387083310031463
2.4606355397323028
2.4625279314607034
2.498882275402863
2.4991185515524075
-2.4991185515524075
-2.4988822754028623
-2.462527931460704
-2.460635539732304
-2.438708331003146
-2.4310585543901078
-2.4196280790064124
-2.4151672916327382
-2.4105639347244847
-1.6902149563011257
-1.6805614308633476
-1.6721043471697228
-1.6421895186635742
-1.63123288277481
-1.5564276302141076
-1.5539966755322323
-0.8351366686433
-0.833866848187622
-0.5501891065697695
-0.5391322527931085
-0.38901363145242823
-0.36129832916333265
-0.29616756384408593
-0.08331241934652842
-0.02486063408486501
0.024860634084865316
0.0833124193465282
0.2961675638440864
0.36129832916333326
0.38901363145242834
0.539132252793107
0.5501891065697694
0.8338668481876217
0.8351366686432994
1.5539966755322314
1.5564276302141071
1.6312328827748088
1.6421895186635738
1.672104347169722
1.6805614308633476
1.6902149563011246
2.410563934724487
2.415167291632741
2.4196280790064137
2.431058554390108
2.438708331003149
2.4606355397323054
2.462527931460705
2.498882275402863
2.4991185515524075
-2.499110307300302
-2.498890786499308
-2.4624593936739365
-2.460718880993122
-2.4385919952743507
-2.4312586939737777
-2.4192963728743466
-2.4154733074430683
-2.4104907508433087
-1.6903490354680109
-1.67999896425551
-1.6726622526438943
-1.641840418937964
-1.631461156977894
-1.5563327733373138
-1.5540828434355212
-0.8350913704933342
-0.833912947037664
-0.5498606931507565
-0.5395309443293542
-0.3877594619279416
-0.3630258341236513
-0.29548617833583796
-0.08474773835503258
-0.020806037686142823
0.020806037686141494
0.08474773835503221
0.29548617833583846
0.36302583412365136
0.3877594619279418
0.5395309443293538
0.5498606931507555
0.833912947037664
0.8350913704933343
1.5540828434355207
1.556332773337314
1.6314611569778952
1.6418404189379654
1.6726622526438963
1.6799989642555124
1.690349035468012
2.410490750843309
2.415473307443068
2.4192963728743457
2.431258693973778
2.4385919952743493
2.460718880993122
2.4624593936739343
2.4988907864993086
2.499110307300302
-2.4990974177454923
-2.4989040534020233
-2.462349903447917
-2.460849210138961
-2.438419301813704
-2.4315442426869174
-2.418735695563234
-2.4159960042041804
-2.4103946598311676
-1.6905266646057684
-1.6790560073487806
-1.673606551518733
-1.6413264325231949
-1.6318084547650085
-1.5561846212215238
-1.55421871807544
-0.8350204705947334
-0.8339849792662584
-0.5493490803987491
-0.5401416023604997
-0.3856622120093093
-0.36576599046586245
-0.29454846562348314
-0.08662321524311103
-0.013825418611473293
0.013825418611474382
0.08662321524311044
0.2945484656234834
0.36576599046586267
0.3856622120093091
0.5401416023605004
0.5493490803987491
0.8339849792662586
0.835020470594735
1.5542187180754392
1.5561846212215231
1.6318084547650094
1.641326432523196
1.6736065515187328
1.6790560073487806
1.6905266646057695
2.4103946598311654
2.4159960042041804
2.418735695563235
2.4315442426869183
2.4384193018137035
2.4608492101389605
2.462349903447916
2.4989040534020255
2.4990974177454928
-2.4990871154944636
-2.4989146224592433
-2.462259682329626
-2.4609540991670227
-2.4382905149122487
-2.4317491971906895
-2.4181741771201586
-2.4165299271089777
-2.4103311530215272
-1.6906449442261937
-1.6781507135798666
-1.6745173044038981
-1.6409445852155966
-1.6320752408872456
-1.5560660583486368
-1.5543286069341988
-0.8349636932062101
-0.8340425573111414
-0.5489431548085966
-0.5406173228851979
-0.383785464050102
-0.3680801160475177
-0.29390221011240314
-0.087860089233949
-0.005649590287197028
0.005649590287196248
0.08786008923394885
0.2939022101124021
0.36808011604751667
0.3837854640501025
0.540617322885198
0.5489431548085968
0.8340425573111413
0.8349636932062073
1.5543286069341975
1.5560660583486368
1.6320752408872459
1.6409445852155962
1.674517304403899
1.6781507135798674
1.6906449442261955
2.410331153021528
2.4165299271089786
2.41817417712016
2.431749197190691
2.438290514912249
2.4609540991670227
2.4622596823296266
2.4989146224592433
2.499087115494464
-2.499087115494463
-2.4989146224592442
-2.4622596823296266
-2.460954099167022
-2.438290514912248
-2.4317491971906886
-2.418174177120158
-2.4165299271089773
-2.410331153021528
-1.6906449442261935
-1.6781507135798672
-1.674517304403899
-1.640944585215597
-1.6320752408872463
-1.5560660583486365
-1.5543286069341993
-0.8349636932062098
-0.8340425573111415
-0.5489431548085976
-0.5406173228851988
-0.383785464050101
-0.36808011604751767
-0.29390221011240236
-0.08786008923394933
-0.005649590287196298
0.005649590287197076
0.08786008923394868
0.29390221011240214
0.3680801160475173
0.38378546405010167
0.5406173228851979
0.5489431548085967
0.8340425573111425
0.8349636932062099
1.5543286069341984
1.5560660583486365
1.632075240887246
1.6409445852155964
1.6745173044038986
1.6781507135798672
1.690644944226195
2.410331153021526
2.4165299271089773
2.4181741771201595
2.431749197190688
2.438290514912247
2.4609540991670222
2.462259682329627
2.498914622459242
2.499087115494462
-2.4990974177454928
-2.4989040534020237
-2.4623499034479184
-2.460849210138962
-2.438419301813703
-2.431544242686917
-2.4187356955632344
-2.4159960042041804
-2.4103946598311676
-1.6905266646057682
-1.6790560073487801
-1.6736065515187326
-1.6413264325231942
-1.6318084547650085
-1.556184621221523
-1.5542187180754379
-0.8350204705947324
-0.833984979266258
-0.5493490803987494
-0.5401416023605005
-0.3856622120093089
-0.3657659904658623
-0.294548465623484
-0.08662321524311141
-0.013825418611473649
0.013825418611474289
0.08662321524311035
0.2945484656234828
0.36576599046586206
0.38566221200930945
0.5401416023604986
0.5493490803987492
0.8339849792662584
0.8350204705947336
1.5542187180754379
1.556184621221523
1.6318084547650085
1.6413264325231942
1.6736065515187304
1.6790560073487784
1.6905266646057686
2.410394659831169
2.415996004204182
2.4187356955632358
2.431544242686919
2.4384193018137057
2.460849210138962
2.462349903447917
2.498904053402024
2.499097417745493
-2.499110307300302
-2.498890786499308
-2.4624593936739365
-2.4607188809931215
-2.438591995274351
-2.431258693973778
-2.4192963728743466
-2.415473307443068
-2.410490750843309
-1.6903490354680117
-1.6799989642555107
-1.6726622526438952
-1.641840418937964
-1.631461156977894
-1.556332773337314
-1.554082843435522
-0.8350913704933337
-0.8339129470376636
-0.5498606931507551
-0.5395309443293529
-0.38775946192794186
-0.36302583412365086
-0.2954861783358389
-0.08474773835503197
-0.0208060376861426
0.020806037686142594
0.08474773835503206
0.2954861783358388
0.36302583412365114
0.38775946192794125
0.5395309443293534
0.5498606931507565
0.8339129470376649
0.8350913704933352
1.5540828434355218
1.5563327733373145
1.6314611569778943
1.641840418937964
1.672662252643894
1.6799989642555109
1.69034903546801
2.41049075084331
2.4154733074430674
2.419296372874346
2.4312586939737777
2.4385919952743493
2.460718880993123
2.4624593936739347
2.498890786499309
2.499110307300303
-2.499136350059952
-2.498863832610945
-2.46267286701726
-2.460454629351858
-2.438972750177945
-2.430575940992609
-2.4203285928887532
-2.4145213711019373
-2.410764154775476
-1.6898545329676042
-1.6817551964154211
-1.6709473631798897
-1.6429969899339545
-1.6307280420645902
-1.556633106101614
-1.5538122023163132
-0.8352343913154524
-0.8337671923798515
-0.5508991008330234
-0.5382517549028606
-0.3915773460751557
-0.3575191983038163
-0.29788390185293634
-0.07931902191077349
-0.03366077835708359
0.033660778357083414
0.07931902191077284
0.29788390185293667
0.3575191983038152
0.3915773460751556
0.5382517549028577
0.5508991008330228
0.8337671923798508
0.8352343913154519
1.5538122023163132
1.5566331061016137
1.6307280420645907
1.642996989933956
1.67094736317989
1.6817551964154211
1.6898545329676045
2.4107641547754755
2.4145213711019364
2.4203285928887532
2.4305759409926075
2.4389727501779443
2.460454629351858
2.4626728670172606
2.498863832610946
2.4991363500599517
-2.4991430525872658
-2.498856863185315
-2.4627265554848554
-2.4603859405007364
-2.4390764297584506
-2.430374260656114
-2.4205959964177897
-2.4142712352625577
-2.410860155153297
-1.689685740738771
-1.6822152723143287
-1.670517130456635
-1.6433206092660506
-1.6305346580119753
-1.5567108159148386
-1.5537432027396005
-0.835271178515669
-0.8337296044177245
-0.5511663746106931
-0.5379135058730614
-0.39250634374943005
-0.3560526419196188
-0.29862840352567877
-0.07734175310163119
-0.037248855933192604
0.03724885593319259
0.07734175310163136
0.2986284035256791
0.35605264191961955
0.3925063437494307
0.5379135058730621
0.5511663746106916
0.8337296044177253
0.8352711785156692
1.5537432027395985
1.5567108159148375
1.6305346580119744
1.6433206092660508
1.6705171304566342
1.6822152723143287
1.6896857407387695
2.410860155153296
2.4142712352625577
2.4205959964177883
2.4303742606561154
2.4390764297584497
2.460385940500737
2.4627265554848545
2.4988568631853143
2.4991430525872667
-2.499136350059951
-2.4988638326109442
-2.4626728670172593
-2.460454629351858
-2.4389727501779452
-2.430575940992609
-2.420328592888753
-2.414521371101937
-2.410764154775476
-1.6898545329676042
-1.6817551964154223
-1.6709473631798901
-1.6429969899339565
-1.6307280420645902
-1.5566331061016137
-1.553812202316313
-0.8352343913154523
-0.8337671923798513
-0.5508991008330235
-0.5382517549028606
-0.39157734607515604
-0.357519198303816
-0.2978839018529368
-0.07931902191077282
-0.033660778357083226
0.033660778357083546
0.07931902191077349
0.29788390185293623
0.3575191983038159
0.3915773460751552
0.5382517549028615
0.5508991008330232
0.8337671923798494
0.835234391315451
1.5538122023163146
1.556633106101615
1.6307280420645907
1.6429969899339578
1.6709473631798892
1.6817551964154214
1.6898545329676042
2.4107641547754763
2.4145213711019373
2.420328592888753
2.4305759409926058
2.4389727501779452
2.460454629351859
2.462672867017261
2.4988638326109447
2.4991363500599513
-2.4991185515524075
-2.498882275402863
-2.462527931460703
-2.460635539732304
-2.4387083310031477
-2.4310585543901078
-2.4196280790064124
-2.415167291632739
-2.410563934724485
-1.6902149563011253
-1.6805614308633472
-1.6721043471697221
-1.6421895186635729
-1.6312328827748088
-1.5564276302141067
-1.553996675532231
-0.8351366686433
-0.8338668481876222
-0.5501891065697708
-0.5391322527931097
-0.3890136314524284
-0.3612983291633333
-0.2961675638440861
-0.08331241934652835
-0.024860634084865097
0.024860634084866065
0.08331241934652862
0.29616756384408693
0.36129832916333376
0.38901363145242973
0.5391322527931105
0.55018910656977
0.8338668481876226
0.8351366686433008
1.553996675532231
1.5564276302141071
1.6312328827748097
1.6421895186635729
1.6721043471697228
1.680561430863347
1.6902149563011253
2.4105639347244847
2.415167291632738
2.4196280790064137
2.431058554390109
2.4387083310031463
2.4606355397323036
2.4625279314607025
2.4988822754028615
2.4991185515524066
-2.4990974177454928
-2.4989040534020233
-2.4623499034479175
-2.4608492101389614
-2.438419301813704
-2.431544242686916
-2.418735695563234
-2.41599600420418
-2.4103946598311676
-1.6905266646057684
-1.67905600734878
-1.6736065515187326
-1.641326432523195
-1.6318084547650085
-1.5561846212215231
-1.5542187180754392
-0.8350204705947329
-0.833984979266258
-0.5493490803987495
-0.5401416023605
-0.3856622120093077
-0.3657659904658616
-0.2945484656234829
-0.08662321524311127
-0.013825418611473472
0.013825418611474271
0.08662321524311128
0.2945484656234831
0.3657659904658626
0.38566221200931033
0.540141602360501
0.5493490803987504
0.8339849792662581
0.8350204705947302
1.5542187180754412
1.5561846212215231
1.6318084547650071
1.6413264325231947
1.6736065515187342
1.6790560073487797
1.6905266646057677
2.4103946598311667
2.41599600420418
2.418735695563233
2.4315442426869165
2.4384193018137035
2.460849210138962
2.4623499034479157
2.4989040534020246
2.4990974177454937
-2.499087115494463
-2.498914622459243
-2.4622596823296266
-2.460954099167021
-2.4382905149122487
-2.431749197190689
-2.4181741771201586
-2.416529927108977
-2.4103311530215277
-1.690644944226193
-1.6781507135798668
-1.6745173044038975
-1.6409445852155962
-1.6320752408872454
-1.5560660583486376
-1.5543286069341984
-0.8349636932062109
-0.8340425573111409
-0.5489431548085967
-0.5406173228851981
-0.3837854640501021
-0.3680801160475168
-0.2939022101124011
-0.08786008923394943
-0.005649590287196581
0.005649590287196855
0.0878600892339493
0.29390221011240286
0.3680801160475179
0.38378546405009994
0.5406173228851976
0.5489431548085966
0.8340425573111401
0.8349636932062076
1.554328606934198
1.5560660583486352
1.632075240887245
1.6409445852155957
1.6745173044038961
1.6781507135798666
1.690644944226194
2.4103311530215277
2.416529927108977
2.4181741771201604
2.4317491971906904
2.438290514912248
2.460954099167024
2.4622596823296234
2.498914622459245
2.499087115494465
-2.4990974177454937
-2.4989040534020255
-2.4623499034479166
-2.4608492101389614
-2.4384193018137035
-2.4315442426869165
-2.418735695563235
-2.41599600420418
-2.410394659831168
-1.6905266646057684
-1.6790560073487795
-1.6736065515187328
-1.6413264325231944
-1.631808454765008
-1.5561846212215236
-1.5542187180754405
-0.8350204705947327
-0.8339849792662579
-0.5493490803987496
-0.5401416023605
-0.38566221200930795
-0.36576599046586183
-0.2945484656234837
-0.08662321524311037
-0.013825418611473723
0.01382541861147396
0.08662321524311041
0.294548465623484
0.3657659904658628
0.3856622120093093
0.5401416023605007
0.5493490803987501
0.833984979266259
0.835020470594734
1.5542187180754405
1.5561846212215236
1.6318084547650074
1.641326432523195
1.6736065515187335
1.6790560073487801
1.6905266646057697
2.410394659831167
2.415996004204181
2.4187356955632353
2.4315442426869174
2.438419301813704
2.460849210138961
2.462349903447917
2.4989040534020255
2.4990974177454945
-2.4991185515524066
-2.498882275402863
-2.4625279314607034
-2.4606355397323036
-2.4387083310031468
-2.431058554390107
-2.4196280790064115
-2.4151672916327396
-2.4105639347244843
-1.6902149563011255
-1.6805614308633472
-1.6721043471697221
-1.6421895186635733
-1.6312328827748093
-1.5564276302141073
-1.553996675532231
-0.8351366686433002
-0.8338668481876224
-0.5501891065697702
-0.5391322527931096
-0.3890136314524288
-0.3612983291633334
-0.29616756384408555
-0.08331241934652897
-0.02486063408486575
0.024860634084865108
0.08331241934652812
0.2961675638440857
0.3612983291633328
0.38901363145242845
0.5391322527931078
0.5501891065697692
0.8338668481876234
0.8351366686433016
1.553996675532232
1.5564276302141076
1.63123288277481
1.6421895186635733
1.672104347169721
1.6805614308633463
1.690214956301125
2.4105639347244865
2.4151672916327382
2.4196280790064133
2.431058554390106
2.4387083310031485
2.460635539732304
2.462527931460704
2.498882275402862
2.499118551552408
-2.4991430525872658
-2.498856863185313
-2.4627265554848554
-2.4603859405007373
-2.4390764297584506
-2.4303742606561145
-2.420595996417789
-2.4142712352625577
-2.410860155153296
-1.6896857407387715
-1.6822152723143284
-1.6705171304566349
-1.6433206092660506
-1.6305346580119753
-1.5567108159148386
-1.5537432027396
-0.8352711785156687
-0.8337296044177247
-0.5511663746106917
-0.5379135058730607
-0.39250634374943033
-0.3560526419196187
-0.29862840352567827
-0.07734175310163104
-0.03724885593319248
0.037248855933192715
0.07734175310163116
0.29862840352567893
0.3560526419196193
0.39250634374943066
0.5379135058730614
0.5511663746106917
0.8337296044177257
0.8352711785156691
1.5537432027395992
1.5567108159148377
1.630534658011975
1.64332060926605
1.6705171304566344
1.682215272314328
1.689685740738771
2.4108601551532978
2.4142712352625577
2.42059599641779
2.430374260656117
2.439076429758452
2.4603859405007373
2.462726555484855
2.498856863185312
2.4991430525872667
-2.4991580240647924
-2.4988412472930754
-2.46284501558449
-2.46023102259192
-2.4393149728028525
-2.4298762301253896
-2.421218033610051
-2.4136618481553684
-2.4111440948500085
-1.6892075955432977
-1.6833125103525428
-1.669549469832798
-1.6440847546427393
-1.6300980177191553
-1.55688520310081
-1.5535898697113242
-0.8353533448522062
-0.8336455047962752
-0.5517624683605927
-0.537145205416642
-0.3945306585141838
-0.3526317522630268
-0.3005233154291494
-0.0708819764019647
-0.04703452488513105
0.04703452488513096
0.07088197640196389
0.3005233154291496
0.3526317522630269
0.3945306585141839
0.5371452054166426
0.5517624683605938
0.8336455047962751
0.8353533448522066
1.5535898697113235
1.5568852031008085
1.6300980177191535
1.644084754642745
1.6695494698327988
1.6833125103525428
1.6892075955432975
2.411144094850008
2.413661848155368
2.4212180336100495
2.4298762301253842
2.439314972802852
2.4602310225919193
2.462845015584489
2.498841247293076
2.49915802406479
-2.4991580240647915
-2.498841247293075
-2.4628450155844894
-2.4602310225919197
-2.439314972802852
-2.42987623012539
-2.4212180336100504
-2.413661848155369
-2.4111440948500085
-1.689207595543298
-1.6833125103525428
-1.6695494698327988
-1.6440847546427402
-1.6300980177191557
-1.5568852031008098
-1.553589869711324
-0.8353533448522064
-0.8336455047962751
-0.5517624683605926
-0.5371452054166447
-0.3945306585141849
-0.352631752263028
-0.3005233154291502
-0.07088197640196411
-0.047034524885130734
0.04703452488513118
0.07088197640196427
0.30052331542915006
0.3526317522630279
0.394530658514184
0.537145205416642
0.5517624683605935
0.8336455047962743
0.8353533448522056
1.5535898697113255
1.5568852031008107
1.6300980177191557
1.644084754642739
1.6695494698327982
1.6833125103525426
1.689207595543298
2.4111440948500094
2.4136618481553698
2.4212180336100513
2.429876230125388
2.4393149728028525
2.46023102259192
2.4628450155844903
2.498841247293076
2.4991580240647906
-2.4991430525872653
-2.498856863185314
-2.462726555484855
-2.460385940500736
-2.43907642975845
-2.4303742606561145
-2.4205959964177888
-2.414271235262558
-2.410860155153296
-1.6896857407387713
-1.6822152723143289
-1.6705171304566353
-1.6433206092660515
-1.6305346580119748
-1.5567108159148382
-1.5537432027395988
-0.8352711785156685
-0.8337296044177248
-0.5511663746106914
-0.5379135058730597
-0.3925063437494302
-0.35605264191961855
-0.298628403525678
-0.07734175310163117
-0.0372488559331923
0.037248855933192875
0.077341753101631
0.2986284035256789
0.35605264191961783
0.3925063437494293
0.537913505873061
0.5511663746106922
0.8337296044177256
0.8352711785156692
1.5537432027395988
1.5567108159148375
1.6305346580119746
1.643320609266051
1.6705171304566344
1.6822152723143287
1.6896857407387706
2.410860155153297
2.4142712352625573
2.4205959964177883
2.4303742606561154
2.439076429758451
2.460385940500737
2.462726555484854
2.4988568631853147
2.499143052587267
-2.499118551552407
-2.4988822754028623
-2.462527931460704
-2.4606355397323028
-2.4387083310031468
-2.4310585543901087
-2.419628079006412
-2.4151672916327387
-2.410563934724485
-1.6902149563011255
-1.6805614308633476
-1.6721043471697228
-1.6421895186635742
-1.6312328827748093
-1.5564276302141073
-1.5539966755322325
-0.8351366686432993
-0.833866848187621
-0.5501891065697698
-0.539132252793109
-0.3890136314524291
-0.36129832916333326
-0.2961675638440861
-0.0833124193465283
-0.02486063408486594
0.024860634084865437
0.08331241934652846
0.29616756384408566
0.3612983291633331
0.3890136314524287
0.5391322527931103
0.5501891065697695
0.8338668481876224
0.8351366686433006
1.5539966755322316
1.5564276302141078
1.6312328827748106
1.6421895186635769
1.6721043471697243
1.6805614308633479
1.6902149563011262
2.4105639347244843
2.4151672916327374
2.419628079006413
2.431058554390108
2.4387083310031463
2.4606355397323023
2.462527931460704
2.498882275402861
2.499118551552407
-2.499097417745494
-2.4989040534020237
-2.462349903447916
-2.460849210138962
-2.438419301813704
-2.431544242686917
-2.418735695563235
-2.4159960042041795
-2.4103946598311676
-1.6905266646057695
-1.6790560073487804
-1.6736065515187324
-1.641326432523194
-1.6318084547650087
-1.5561846212215253
-1.554218718075441
-0.8350204705947326
-0.8339849792662574
-0.5493490803987494
-0.5401416023604992
-0.38566221200930917
-0.3657659904658621
-0.29454846562348286
-0.08662321524311069
-0.013825418611474596
0.01382541861147281
0.08662321524311077
0.29454846562348286
0.3657659904658617
0.3856622120093091
0.5401416023604999
0.5493490803987496
0.8339849792662575
0.8350204705947324
1.5542187180754394
1.5561846212215231
1.631808454765009
1.6413264325231955
1.673606551518729
1.6790560073487801
1.6905266646057695
2.4103946598311667
2.4159960042041804
2.4187356955632366
2.431544242686918
2.4384193018137035
2.46084921013896
2.462349903447919
2.498904053402026
2.4990974177454905
-2.4990974177454937
-2.4989040534020246
-2.4623499034479175
-2.4608492101389623
-2.4384193018137035
-2.431544242686918
-2.4187356955632353
-2.4159960042041795
-2.4103946598311676
-1.6905266646057693
-1.6790560073487804
-1.6736065515187322
-1.6413264325231947
-1.6318084547650087
-1.5561846212215236
-1.5542187180754385
-0.8350204705947344
-0.8339849792662591
-0.5493490803987497
-0.5401416023605005
-0.3856622120093092
-0.36576599046586206
-0.29454846562348386
-0.08662321524311062
-0.013825418611474441
0.01382541861147308
0.08662321524311115
0.29454846562348314
0.36576599046586156
0.3856622120093107
0.5401416023605006
0.5493490803987497
0.8339849792662578
0.8350204705947314
1.5542187180754408
1.5561846212215247
1.631808454765009
1.6413264325231927
1.6736065515187326
1.67905600734878
1.6905266646057686
2.4103946598311676
2.4159960042041804
2.4187356955632344
2.4315442426869174
2.4384193018137044
2.4608492101389627
2.4623499034479193
2.4989040534020246
2.499097417745493
-2.499118551552406
-2.498882275402861
-2.4625279314607043
-2.4606355397323036
-2.438708331003146
-2.4310585543901087
-2.4196280790064124
-2.415167291632738
-2.4105639347244843
-1.6902149563011264
-1.6805614308633483
-1.6721043471697226
-1.6421895186635735
-1.63123288277481
-1.5564276302141071
-1.5539966755322316
-0.8351366686433007
-0.8338668481876228
-0.5501891065697698
-0.5391322527931093
-0.3890136314524284
-0.36129832916333265
-0.29616756384408555
-0.08331241934652833
-0.02486063408486576
0.02486063408486533
0.08331241934652858
0.2961675638440858
0.3612983291633325
0.38901363145242845
0.5391322527931082
0.5501891065697702
0.8338668481876225
0.8351366686433007
1.553996675532231
1.556427630214106
1.6312328827748095
1.6421895186635733
1.6721043471697221
1.6805614308633476
1.6902149563011244
2.4105639347244856
2.4151672916327387
2.4196280790064115
2.4310585543901064
2.438708331003148
2.460635539732306
2.4625279314607047
2.498882275402861
2.49911855155241
-2.4991363500599513
-2.4988638326109442
-2.4626728670172606
-2.460454629351859
-2.4389727501779443
-2.430575940992607
-2.4203285928887537
-2.414521371101937
-2.410764154775476
-1.6898545329676047
-1.6817551964154216
-1.67094736317989
-1.642996989933956
-1.6307280420645902
-1.556633106101614
-1.553812202316314
-0.8352343913154525
-0.8337671923798512
-0.5508991008330234
-0.5382517549028603
-0.3915773460751556
-0.3575191983038158
-0.29788390185293606
-0.0793190219107735
-0.03366077835708394
0.033660778357083095
0.07931902191077322
0.2978839018529362
0.3575191983038161
0.39157734607515526
0.5382517549028614
0.5508991008330237
0.8337671923798498
0.8352343913154519
1.5538122023163123
1.556633106101613
1.6307280420645902
1.6429969899339543
1.670947363179889
1.6817551964154207
1.6898545329676045
2.410764154775477
2.414521371101937
2.420328592888754
2.430575940992611
2.4389727501779466
2.46045462935186
2.4626728670172615
2.4988638326109456
2.4991363500599513
-2.499158024064792
-2.498841247293077
-2.4628450155844908
-2.4602310225919197
-2.4393149728028534
-2.4298762301253882
-2.421218033610051
-2.4136618481553684
-2.411144094850009
-1.689207595543297
-1.6833125103525415
-1.6695494698327982
-1.6440847546427386
-1.6300980177191555
-1.5568852031008091
-1.5535898697113235
-0.8353533448522068
-0.8336455047962749
-0.5517624683605935
-0.537145205416643
-0.3945306585141842
-0.35263175226302734
-0.3005233154291498
-0.07088197640196474
-0.047034524885131074
0.047034524885131344
0.07088197640196423
0.30052331542914923
0.3526317522630266
0.39453065851418323
0.5371452054166429
0.5517624683605931
0.8336455047962735
0.8353533448522064
1.5535898697113235
1.5568852031008087
1.630098017719156
1.644084754642738
1.669549469832798
1.6833125103525404
1.689207595543297
2.4111440948500102
2.4136618481553693
2.421218033610052
2.4298762301253887
2.439314972802853
2.4602310225919193
2.4628450155844894
2.4988412472930754
2.4991580240647933
-2.4991661446340006
-2.498832749191644
-2.4629085140852913
-2.4601460050925854
-2.439447969112203
-2.429572728047878
-2.4215781875482203
-2.4132650081380667
-2.411373183269983
-1.6888550180895952
-1.6839860648620795
-1.6690148568538494
-1.6445249799747839
-1.6298590730822131
-1.5569803060289382
-1.5535071170088681
-0.835397915180154
-0.8335998019272057
-0.5520850386889616
-0.53672118923366
-0.39560534880986487
-0.35066213631090476
-0.30170935425244844
-0.06179933379591151
-0.05779404674154222
0.057794046741542676
0.06179933379591213
0.301709354252449
0.3506621363109048
0.3956053488098651
0.5367211892336571
0.5520850386889627
0.8335998019272046
0.8353979151801552
1.5535071170088668
1.5569803060289364
1.6298590730822127
1.6445249799747772
1.669014856853849
1.683986064862077
1.6888550180895945
2.4113731832699843
2.4132650081380693
2.421578187548222
2.4295727280478827
2.439447969112202
2.4601460050925854
2.462908514085291
2.498832749191646
2.4991661446339997
-2.499158024064791
-2.4988412472930768
-2.4628450155844903
-2.4602310225919193
-2.4393149728028525
-2.4298762301253896
-2.421218033610051
-2.4136618481553684
-2.411144094850009
-1.6892075955432972
-1.683312510352543
-1.6695494698327984
-1.644084754642739
-1.6300980177191544
-1.5568852031008098
-1.553589869711324
-0.8353533448522061
-0.8336455047962745
-0.5517624683605933
-0.5371452054166436
-0.3945306585141837
-0.3526317522630275
-0.30052331542914923
-0.07088197640196434
-0.047034524885130956
0.04703452488513164
0.07088197640196449
0.3005233154291498
0.3526317522630275
0.3945306585141844
0.5371452054166428
0.5517624683605936
0.8336455047962755
0.8353533448522065
1.5535898697113237
1.5568852031008087
1.6300980177191542
1.6440847546427426
1.6695494698327975
1.6833125103525435
1.6892075955432975
2.4111440948500085
2.4136618481553684
2.4212180336100517
2.4298762301253913
2.439314972802853
2.46023102259192
2.4628450155844903
2.4988412472930754
2.499158024064791
-2.4991363500599504
-2.4988638326109456
-2.46267286701726
-2.4604546293518594
-2.4389727501779443
-2.430575940992609
-2.4203285928887537
-2.414521371101937
-2.410764154775476
-1.6898545329676047
-1.6817551964154214
-1.6709473631798895
-1.642996989933956
-1.6307280420645902
-1.5566331061016145
-1.5538122023163146
-0.8352343913154526
-0.8337671923798519
-0.5508991008330235
-0.5382517549028599
-0.3915773460751563
-0.3575191983038167
-0.29788390185293684
-0.07931902191077286
-0.033660778357083365
0.03366077835708241
0.07931902191077259
0.2978839018529363
0.357519198303816
0.3915773460751558
0.5382517549028617
0.550899100833024
0.8337671923798501
0.8352343913154521
1.5538122023163143
1.5566331061016143
1.6307280420645904
1.6429969899339572
1.6709473631798912
1.6817551964154231
1.689854532967606
2.4107641547754755
2.414521371101936
2.420328592888753
2.430575940992607
2.4389727501779435
2.460454629351858
2.4626728670172597
2.4988638326109442
2.499136350059951
-2.4991103073003025
-2.4988907864993077
-2.462459393673937
-2.4607188809931224
-2.4385919952743507
-2.4312586939737777
-2.4192963728743457
-2.415473307443068
-2.41049075084331
-1.6903490354680104
-1.67999896425551
-1.6726622526438935
-1.6418404189379638
-1.631461156977893
-1.5563327733373136
-1.5540828434355203
-0.8350913704933346
-0.8339129470376649
-0.5498606931507561
-0.539530944329354
-0.3877594619279412
-0.36302583412365125
-0.295486178335839
-0.08474773835503208
-0.02080603768614302
0.020806037686142108
0.08474773835503274
0.2954861783358392
0.36302583412365097
0.3877594619279413
0.5395309443293534
0.5498606931507557
0.8339129470376626
0.8350913704933339
1.554082843435521
1.5563327733373147
1.631461156977895
1.641840418937965
1.672662252643895
1.6799989642555098
1.6903490354680113
2.4104907508433104
2.4154733074430683
2.419296372874346
2.431258693973778
2.438591995274351
2.460718880993122
2.4624593936739365
2.4988907864993073
2.499110307300303
-2.4990974177454928
-2.498904053402023
-2.4623499034479157
-2.4608492101389623
-2.4384193018137035
-2.4315442426869174
-2.4187356955632344
-2.41599600420418
-2.4103946598311685
-1.690526664605769
-1.6790560073487808
-1.6736065515187324
-1.6413264325231944
-1.6318084547650082
-1.5561846212215245
-1.5542187180754394
-0.8350204705947334
-0.8339849792662578
-0.5493490803987492
-0.5401416023604998
-0.38566221200930934
-0.36576599046586183
-0.2945484656234835
-0.08662321524311085
-0.01382541861147417
0.013825418611473706
0.08662321524311048
0.29454846562348325
0.36576599046586217
0.38566221200930906
0.5401416023604988
0.5493490803987487
0.8339849792662583
0.8350204705947335
1.5542187180754408
1.556184621221524
1.6318084547650076
1.6413264325231935
1.6736065515187313
1.679056007348779
1.6905266646057682
2.4103946598311685
2.415996004204182
2.4187356955632358
2.4315442426869174
2.4384193018137044
2.4608492101389623
2.462349903447916
2.4989040534020233
2.4990974177454923
-2.499110307300302
-2.4988907864993073
-2.4624593936739365
-2.460718880993123
-2.4385919952743507
-2.431258693973779
-2.419296372874347
-2.415473307443068
-2.410490750843309
-1.6903490354680104
-1.67999896425551
-1.6726622526438935
-1.641840418937963
-1.6314611569778927
-1.5563327733373133
-1.5540828434355203
-0.8350913704933342
-0.8339129470376639
-0.549860693150757
-0.5395309443293539
-0.3877594619279422
-0.36302583412365197
-0.2954861783358391
-0.08474773835503209
-0.020806037686142823
0.020806037686142736
0.08474773835503205
0.2954861783358388
0.36302583412365125
0.3877594619279427
0.5395309443293543
0.5498606931507565
0.8339129470376643
0.8350913704933336
1.5540828434355198
1.5563327733373136
1.631461156977893
1.6418404189379632
1.672662252643892
1.6799989642555093
1.6903490354680095
2.4104907508433104
2.415473307443068
2.419296372874347
2.4312586939737777
2.438591995274351
2.4607188809931224
2.462459393673938
2.4988907864993073
2.499110307300303
-2.4991185515524084
-2.498882275402863
-2.462527931460704
-2.4606355397323045
-2.438708331003147
-2.4310585543901087
-2.4196280790064133
-2.4151672916327387
-2.4105639347244847
-1.690214956301126
-1.6805614308633474
-1.672104347169723
-1.6421895186635735
-1.63123288277481
-1.5564276302141076
-1.5539966755322323
-0.8351366686433004
-0.8338668481876225
-0.5501891065697695
-0.5391322527931085
-0.38901363145242873
-0.3612983291633332
-0.2961675638440859
-0.08331241934652904
-0.024860634084865305
0.024860634084866096
0.08331241934652833
0.29616756384408577
0.3612983291633334
0.3890136314524288
0.5391322527931087
0.55018910656977
0.8338668481876235
0.8351366686433012
1.553996675532232
1.5564276302141071
1.6312328827748095
1.6421895186635713
1.6721043471697228
1.6805614308633463
1.690214956301127
2.4105639347244856
2.4151672916327396
2.419628079006413
2.4310585543901078
2.438708331003147
2.460635539732303
2.4625279314607034
2.498882275402864
2.4991185515524075
-2.4991430525872658
-2.4988568631853147
-2.4627265554848563
-2.4603859405007373
-2.4390764297584506
-2.430374260656114
-2.420595996417789
-2.4142712352625573
-2.4108601551532964
-1.6896857407387713
-1.6822152723143278
-1.6705171304566346
-1.643320609266051
-1.6305346580119753
-1.5567108159148375
-1.5537432027395988
-0.8352711785156688
-0.8337296044177248
-0.5511663746106923
-0.5379135058730605
-0.39250634374942955
-0.3560526419196188
-0.29862840352567827
-0.07734175310163136
-0.03724885593319284
0.03724885593319205
0.07734175310163093
0.2986284035256793
0.35605264191961794
0.3925063437494298
0.5379135058730607
0.5511663746106931
0.8337296044177278
0.8352711785156697
1.5537432027395992
1.556710815914837
1.6305346580119748
1.6433206092660495
1.670517130456633
1.682215272314328
1.6896857407387706
2.4108601551532947
2.414271235262557
2.4205959964177888
2.4303742606561154
2.439076429758449
2.4603859405007373
2.462726555484855
2.498856863185315
2.4991430525872667
-2.4991580240647924
-2.498841247293077
-2.4628450155844894
-2.4602310225919197
-2.4393149728028534
-2.4298762301253896
-2.4212180336100513
-2.4136618481553684
-2.411144094850009
-1.6892075955432972
-1.6833125103525426
-1.6695494698327982
-1.6440847546427413
-1.6300980177191553
-1.5568852031008107
-1.5535898697113246
-0.835353344852206
-0.8336455047962742
-0.5517624683605935
-0.5371452054166418
-0.39453065851418395
-0.3526317522630266
-0.30052331542914973
-0.07088197640196402
-0.04703452488512947
0.04703452488513158
0.07088197640196428
0.30052331542914995
0.3526317522630278
0.39453065851418434
0.5371452054166428
0.5517624683605936
0.8336455047962789
0.8353533448522059
1.553589869711323
1.5568852031008071
1.6300980177191553
1.6440847546427404
1.6695494698327973
1.6833125103525406
1.6892075955432968
2.4111440948500102
2.413661848155368
2.4212180336100513
2.4298762301253904
2.4393149728028543
2.4602310225919197
2.462845015584489
2.4988412472930763
2.499158024064793
-2.499158024064792
-2.498841247293077
-2.4628450155844894
-2.4602310225919193
-2.439314972802853
-2.42987623012539
-2.4212180336100513
-2.4136618481553684
-2.4111440948500085
-1.6892075955432975
-1.6833125103525426
-1.669549469832798
-1.64408475464274
-1.6300980177191549
-1.5568852031008107
-1.5535898697113248
-0.835353344852206
-0.8336455047962745
-0.5517624683605935
-0.537145205416642
-0.3945306585141844
-0.35263175226302573
-0.3005233154291503
-0.07088197640196396
-0.04703452488512984
0.0470345248851301
0.07088197640196385
0.30052331542914956
0.3526317522630271
0.39453065851418456
0.5371452054166431
0.5517624683605925
0.833645504796272
0.835353344852207
1.553589869711325
1.5568852031008102
1.6300980177191562
1.644084754642745
1.669549469832798
1.683312510352541
1.689207595543297
2.4111440948500094
2.4136618481553693
2.4212180336100513
2.42987623012539
2.4393149728028525
2.4602310225919197
2.462845015584489
2.4988412472930714
2.499158024064791
-2.4991430525872658
-2.498856863185314
-2.462726555484856
-2.4603859405007364
-2.4390764297584506
-2.430374260656114
-2.4205959964177883
-2.4142712352625573
-2.410860155153296
-1.6896857407387718
-1.6822152723143287
-1.670517130456635
-1.6433206092660504
-1.6305346580119753
-1.5567108159148382
-1.5537432027395996
-0.835271178515669
-0.8337296044177248
-0.5511663746106922
-0.5379135058730613
-0.39250634374943016
-0.35605264191961916
-0.2986284035256787
-0.07734175310163097
-0.03724885593319187
0.037248855933193006
0.07734175310163154
0.29862840352567777
0.3560526419196173
0.39250634374942944
0.5379135058730612
0.5511663746106915
0.8337296044177241
0.8352711785156695
1.5537432027395985
1.556710815914837
1.6305346580119757
1.6433206092660495
1.670517130456635
1.6822152723143269
1.6896857407387715
2.410860155153294
2.4142712352625564
2.4205959964177888
2.4303742606561145
2.4390764297584497
2.460385940500737
2.462726555484855
2.4988568631853108
2.499143052587266
-2.499118551552408
-2.498882275402862
-2.4625279314607034
-2.460635539732304
-2.4387083310031463
-2.4310585543901078
-2.419628079006413
-2.4151672916327387
-2.4105639347244847
-1.6902149563011257
-1.6805614308633472
-1.6721043471697223
-1.6421895186635749
-1.6312328827748097
-1.5564276302141078
-1.5539966755322323
-0.8351366686433009
-0.8338668481876216
-0.55018910656977
-0.539132252793109
-0.3890136314524291
-0.36129832916333343
-0.29616756384408643
-0.08331241934652833
-0.02486063408486565
0.02486063408486527
0.08331241934652855
0.2961675638440861
0.3612983291633326
0.3890136314524285
0.5391322527931076
0.5501891065697692
0.8338668481876195
0.8351366686433006
1.5539966755322332
1.5564276302141082
1.6312328827748093
1.6421895186635744
1.6721043471697232
1.6805614308633479
1.6902149563011255
2.410563934724486
2.4151672916327405
2.4196280790064133
2.4310585543901087
2.438708331003147
2.460635539732305
2.4625279314607047
2.4988822754028654
2.499118551552408
-2.4990974177454928
-2.4989040534020233
-2.462349903447917
-2.4608492101389623
-2.4384193018137035
-2.431544242686917
-2.418735695563234
-2.4159960042041804
-2.4103946598311685
-1.6905266646057688
-1.6790560073487804
-1.6736065515187322
-1.6413264325231949
-1.6318084547650091
-1.5561846212215233
-1.5542187180754397
-0.8350204705947326
-0.833984979266258
-0.5493490803987489
-0.5401416023604998
-0.38566221200930845
-0.3657659904658611
-0.29454846562348286
-0.08662321524311077
-0.013825418611473671
0.013825418611474743
0.08662321524311095
0.29454846562348386
0.36576599046586156
0.3856622120093083
0.5401416023605
0.5493490803987494
0.8339849792662597
0.8350204705947336
1.55421871807544
1.5561846212215238
1.6318084547650085
1.641326432523193
1.6736065515187315
1.6790560073487792
1.6905266646057688
2.410394659831167
2.4159960042041804
2.4187356955632344
2.4315442426869187
2.4384193018137035
2.460849210138962
2.4623499034479193
2.4989040534020233
2.4990974177454945
-2.499097417745493
-2.4989040534020237
-2.462349903447918
-2.460849210138962
-2.438419301813703
-2.431544242686917
-2.4187356955632344
-2.415996004204181
-2.4103946598311685
-1.6905266646057686
-1.6790560073487808
-1.6736065515187333
-1.6413264325231953
-1.631808454765009
-1.5561846212215242
-1.5542187180754403
-0.8350204705947338
-0.8339849792662573
-0.5493490803987495
-0.5401416023605001
-0.3856622120093087
-0.3657659904658621
-0.2945484656234833
-0.08662321524311062
-0.01382541861147345
0.013825418611474332
0.08662321524311095
0.2945484656234835
0.365765990465862
0.3856622120093091
0.5401416023605
0.5493490803987497
0.8339849792662605
0.8350204705947336
1.5542187180754408
1.5561846212215251
1.631808454765008
1.6413264325231944
1.6736065515187328
1.67905600734878
1.6905266646057686
2.4103946598311676
2.415996004204179
2.4187356955632318
2.431544242686915
2.438419301813704
2.4608492101389614
2.462349903447917
2.498904053402023
2.4990974177454945
-2.4990974177454937
-2.4989040534020246
-2.4623499034479175
-2.460849210138962
-2.438419301813704
-2.431544242686918
-2.4187356955632344
-2.4159960042041813
-2.4103946598311676
-1.6905266646057684
-1.6790560073487804
-1.673606551518733
-1.6413264325231955
-1.6318084547650085
-1.5561846212215238
-1.55421871807544
-0.8350204705947338
-0.8339849792662587
-0.549349080398749
-0.5401416023604997
-0.38566221200930867
-0.36576599046586133
-0.29454846562348286
-0.08662321524311078
-0.013825418611474712
0.013825418611473236
0.0866232152431101
0.29454846562348325
0.36576599046586145
0.38566221200930817
0.5401416023604984
0.549349080398749
0.8339849792662553
0.8350204705947327
1.5542187180754403
1.5561846212215258
1.631808454765009
1.6413264325231955
1.6736065515187315
1.67905600734878
1.6905266646057684
2.4103946598311694
2.4159960042041813
2.4187356955632344
2.431544242686917
2.438419301813705
2.460849210138961
2.4623499034479166
2.498904053402024
2.4990974177454945
-2.499118551552406
-2.4988822754028623
-2.4625279314607043
-2.4606355397323045
-2.4387083310031463
-2.4310585543901073
-2.4196280790064124
-2.4151672916327382
-2.4105639347244847
-1.6902149563011262
-1.6805614308633468
-1.6721043471697221
-1.6421895186635735
-1.6312328827748093
-1.5564276302141071
-1.553996675532232
-0.8351366686433005
-0.8338668481876211
-0.5501891065697697
-0.5391322527931084
-0.38901363145242895
-0.3612983291633326
-0.2961675638440864
-0.08331241934652896
-0.024860634084865926
0.024860634084864386
0.08331241934652782
0.296167563844086
0.3612983291633339
0.38901363145242907
0.5391322527931098
0.5501891065697702
0.8338668481876227
0.8351366686432999
1.5539966755322319
1.5564276302141082
1.6312328827748097
1.6421895186635747
1.672104347169723
1.6805614308633487
1.6902149563011257
2.4105639347244843
2.415167291632737
2.419628079006413
2.431058554390104
2.4387083310031463
2.4606355397323023
2.4625279314607034
2.4988822754028606
2.499118551552407
-2.499136350059951
-2.4988638326109442
-2.462672867017262
-2.460454629351858
-2.438972750177945
-2.4305759409926075
-2.4203285928887532
-2.414521371101936
-2.410764154775477
-1.6898545329676047
-1.6817551964154207
-1.6709473631798895
-1.6429969899339563
-1.6307280420645907
-1.556633106101613
-1.5538122023163135
-0.8352343913154523
-0.8337671923798502
-0.5508991008330231
-0.5382517549028604
-0.3915773460751553
-0.3575191983038155
-0.297883901852936
-0.07931902191077321
-0.03366077835708284
0.03366077835708389
0.07931902191077395
0.29788390185293606
0.3575191983038161
0.39157734607515554
0.5382517549028604
0.5508991008330228
0.833767192379851
0.8352343913154522
1.5538122023163135
1.5566331061016139
1.6307280420645895
1.6429969899339587
1.6709473631798877
1.6817551964154218
1.6898545329676038
2.410764154775476
2.4145213711019364
2.4203285928887524
2.4305759409926053
2.4389727501779443
2.460454629351859
2.4626728670172606
2.4988638326109434
2.499136350059951
-2.4991430525872667
-2.4988568631853165
-2.462726555484855
-2.460385940500736
-2.43907642975845
-2.430374260656115
-2.420595996417789
-2.4142712352625573
-2.410860155153296
-1.6896857407387713
-1.6822152723143287
-1.6705171304566355
-1.6433206092660508
-1.630534658011975
-1.5567108159148382
-1.5537432027396003
-0.8352711785156687
-0.8337296044177258
-0.551166374610692
-0.5379135058730613
-0.3925063437494295
-0.35605264191961844
-0.29862840352567843
-0.07734175310163088
-0.037248855933190717
0.03724885593319322
0.07734175310163219
0.2986284035256786
0.3560526419196176
0.39250634374942905
0.5379135058730604
0.5511663746106926
0.8337296044177258
0.8352711785156692
1.5537432027395996
1.5567108159148384
1.6305346580119757
1.643320609266053
1.6705171304566369
1.6822152723143293
1.6896857407387722
2.4108601551532947
2.414271235262557
2.4205959964177883
2.4303742606561123
2.43907642975845
2.4603859405007342
2.462726555484855
2.498856863185311
2.4991430525872644
-2.499136350059951
-2.4988638326109434
-2.4626728670172615
-2.460454629351859
-2.4389727501779457
-2.430575940992608
-2.420328592888753
-2.414521371101937
-2.410764154775477
-1.6898545329676051
-1.6817551964154214
-1.6709473631798897
-1.6429969899339563
-1.6307280420645907
-1.556633106101614
-1.5538122023163137
-0.835234391315452
-0.8337671923798515
-0.5508991008330227
-0.5382517549028601
-0.39157734607515543
-0.3575191983038162
-0.29788390185293595
-0.07931902191077345
-0.033660778357084205
0.033660778357081984
0.07931902191077297
0.29788390185293684
0.3575191983038171
0.3915773460751559
0.5382517549028603
0.5508991008330247
0.8337671923798502
0.8352343913154536
1.5538122023163135
1.5566331061016143
1.6307280420645907
1.6429969899339576
1.6709473631798903
1.681755196415423
1.6898545329676047
2.410764154775476
2.4145213711019364
2.4203285928887532
2.430575940992609
2.4389727501779443
2.460454629351857
2.4626728670172597
2.498863832610949
2.4991363500599513
-2.4991185515524075
-2.4988822754028632
-2.4625279314607043
-2.460635539732304
-2.438708331003147
-2.431058554390108
-2.4196280790064124
-2.4151672916327387
-2.4105639347244847
-1.6902149563011262
-1.680561430863348
-1.6721043471697228
-1.6421895186635744
-1.6312328827748097
-1.5564276302141073
-1.5539966755322323
-0.8351366686433006
-0.8338668481876229
-0.5501891065697697
-0.5391322527931088
-0.38901363145242845
-0.36129832916333343
-0.2961675638440864
-0.08331241934652897
-0.024860634084865676
0.024860634084865305
0.08331241934652743
0.2961675638440866
0.361298329163334
0.38901363145242884
0.5391322527931091
0.5501891065697698
0.8338668481876232
0.8351366686433004
1.5539966755322325
1.5564276302141067
1.6312328827748104
1.642189518663575
1.6721043471697246
1.6805614308633485
1.6902149563011264
2.4105639347244847
2.4151672916327382
2.4196280790064124
2.4310585543901064
2.438708331003148
2.4606355397323036
2.4625279314607034
2.4988822754028623
2.499118551552407
-2.4990974177454928
-2.498904053402025
-2.4623499034479175
-2.460849210138962
-2.4384193018137035
-2.431544242686918
-2.418735695563234
-2.415996004204181
-2.410394659831168
-1.6905266646057688
-1.6790560073487801
-1.6736065515187322
-1.6413264325231955
-1.6318084547650091
-1.556184621221524
-1.5542187180754399
-0.835020470594734
-0.833984979266259
-0.5493490803987495
-0.5401416023604999
-0.3856622120093093
-0.3657659904658625
-0.29454846562348375
-0.0866232152431109
-0.013825418611473704
0.01382541861147414
0.08662321524311073
0.2945484656234832
0.365765990465862
0.38566221200930856
0.5401416023604999
0.5493490803987496
0.8339849792662618
0.8350204705947316
1.5542187180754392
1.5561846212215231
1.631808454765009
1.641326432523198
1.6736065515187328
1.6790560073487815
1.690526664605768
2.4103946598311676
2.415996004204179
2.418735695563232
2.431544242686916
2.438419301813703
2.4608492101389623
2.4623499034479175
2.4989040534020233
2.499097417745493
-2.499087115494463
-2.4989146224592433
-2.4622596823296266
-2.4609540991670227
-2.4382905149122482
-2.4317491971906886
-2.418174177120159
-2.416529927108977
-2.4103311530215277
-1.6906449442261933
-1.6781507135798668
-1.6745173044038977
-1.640944585215596
-1.6320752408872456
-1.5560660583486368
-1.5543286069341995
-0.8349636932062093
-0.834042557311143
-0.5489431548085963
-0.5406173228851973
-0.3837854640501013
-0.36808011604751634
-0.293902210112403
-0.0878600892339484
-0.00564959028719622
0.005649590287196874
0.08786008923394918
0.29390221011240275
0.36808011604751617
0.3837854640501011
0.5406173228851969
0.5489431548085967
0.8340425573111435
0.8349636932062096
1.5543286069341997
1.5560660583486383
1.632075240887246
1.6409445852155948
1.6745173044038966
1.678150713579866
1.6906449442261944
2.4103311530215272
2.4165299271089786
2.418174177120159
2.431749197190687
2.438290514912247
2.46095409916702
2.462259682329625
2.498914622459249
2.4990871154944627
-2.499087115494464
-2.498914622459244
-2.462259682329626
-2.4609540991670213
-2.4382905149122487
-2.431749197190689
-2.418174177120158
-2.4165299271089777
-2.4103311530215272
-1.690644944226193
-1.678150713579866
-1.674517304403898
-1.640944585215596
-1.632075240887246
-1.5560660583486368
-1.5543286069341993
-0.8349636932062092
-0.8340425573111407
-0.548943154808596
-0.5406173228851975
-0.38378546405010083
-0.36808011604751706
-0.29390221011240153
-0.0878600892339492
-0.0056495902871969315
0.005649590287196142
0.08786008923394854
0.2939022101124021
0.36808011604751545
0.38378546405010067
0.540617322885199
0.5489431548085969
0.834042557311143
0.8349636932062097
1.5543286069341986
1.556066058348638
1.6320752408872463
1.6409445852155988
1.674517304403897
1.6781507135798674
1.6906449442261935
2.4103311530215255
2.416529927108977
2.4181741771201573
2.431749197190688
2.438290514912247
2.460954099167023
2.4622596823296257
2.498914622459242
2.4990871154944614
-2.4990974177454928
-2.498904053402024
-2.462349903447916
-2.460849210138962
-2.438419301813704
-2.431544242686917
-2.4187356955632344
-2.4159960042041813
-2.4103946598311676
-1.6905266646057682
-1.6790560073487808
-1.6736065515187326
-1.6413264325231949
-1.631808454765008
-1.556184621221523
-1.5542187180754388
-0.835020470594734
-0.8339849792662586
-0.5493490803987501
-0.5401416023605
-0.3856622120093082
-0.3657659904658627
-0.29454846562348325
-0.08662321524311153
-0.013825418611472622
0.013825418611475135
0.08662321524311037
0.29454846562348347
0.3657659904658592
0.3856622120093088
0.5401416023605005
0.5493490803987492
0.8339849792662564
0.8350204705947333
1.5542187180754394
1.5561846212215236
1.6318084547650074
1.641326432523196
1.6736065515187315
1.6790560073487806
1.6905266646057677
2.4103946598311676
2.41599600420418
2.4187356955632326
2.4315442426869174
2.438419301813703
2.460849210138962
2.4623499034479175
2.498904053402024
2.499097417745492
-2.499110307300301
-2.4988907864993086
-2.4624593936739365
-2.4607188809931224
-2.4385919952743498
-2.4312586939737786
-2.419296372874346
-2.4154733074430683
-2.4104907508433095
-1.690349035468011
-1.679998964255509
-1.6726622526438943
-1.6418404189379634
-1.6314611569778945
-1.556332773337313
-1.5540828434355218
-0.8350913704933349
-0.8339129470376654
-0.5498606931507558
-0.5395309443293552
-0.3877594619279427
-0.3630258341236495
-0.29548617833583923
-0.08474773835503199
-0.020806037686142073
0.02080603768614298
0.08474773835503224
0.29548617833583873
0.3630258341236502
0.38775946192794203
0.539530944329354
0.549860693150756
0.8339129470376627
0.8350913704933342
1.5540828434355216
1.5563327733373145
1.6314611569778945
1.6418404189379665
1.6726622526438937
1.6799989642555122
1.690349035468011
2.41049075084331
2.415473307443067
2.4192963728743466
2.431258693973775
2.4385919952743507
2.460718880993122
2.4624593936739374
2.4988907864993095
2.499110307300302
-2.4991185515524057
-2.498882275402864
-2.4625279314607034
-2.4606355397323036
-2.438708331003147
-2.4310585543901073
-2.4196280790064115
-2.415167291632739
-2.4105639347244843
-1.6902149563011266
-1.6805614308633483
-1.6721043471697212
-1.6421895186635738
-1.631232882774809
-1.5564276302141076
-1.5539966755322303
-0.8351366686432998
-0.8338668481876225
-0.5501891065697692
-0.5391322527931091
-0.3890136314524285
-0.3612983291633333
-0.2961675638440864
-0.08331241934652829
-0.02486063408486603
0.024860634084864743
0.0833124193465277
0.29616756384408577
0.3612983291633306
0.3890136314524274
0.5391322527931082
0.5501891065697694
0.8338668481876239
0.8351366686433
1.5539966755322323
1.5564276302141073
1.6312328827748088
1.642189518663576
1.6721043471697232
1.6805614308633499
1.690214956301125
2.4105639347244834
2.4151672916327396
2.4196280790064124
2.431058554390108
2.438708331003145
2.460635539732303
2.462527931460704
2.4988822754028592
2.499118551552407
-2.4991185515524057
-2.498882275402861
-2.462527931460704
-2.4606355397323036
-2.4387083310031468
-2.4310585543901078
-2.419628079006412
-2.4151672916327382
-2.4105639347244847
-1.6902149563011257
-1.6805614308633463
-1.6721043471697221
-1.6421895186635729
-1.6312328827748104
-1.5564276302141085
-1.5539966755322316
-0.8351366686432998
-0.8338668481876221
-0.5501891065697695
-0.539132252793108
-0.389013631452429
-0.3612983291633329
-0.2961675638440865
-0.08331241934652864
-0.024860634084865295
0.02486063408486725
0.08331241934652855
0.2961675638440859
0.36129832916333393
0.3890136314524283
0.5391322527931083
0.5501891065697702
0.8338668481876244
0.8351366686433014
1.5539966755322316
1.556427630214109
1.6312328827748093
1.6421895186635738
1.6721043471697208
1.680561430863346
1.6902149563011262
2.4105639347244847
2.4151672916327374
2.4196280790064137
2.4310585543901078
2.4387083310031454
2.4606355397323045
2.462527931460704
2.498882275402859
2.4991185515524075
-2.499110307300301
-2.4988907864993095
-2.4624593936739374
-2.4607188809931233
-2.4385919952743498
-2.431258693973779
-2.4192963728743457
-2.4154733074430688
-2.4104907508433095
-1.6903490354680109
-1.67999896425551
-1.6726622526438941
-1.6418404189379645
-1.6314611569778947
-1.5563327733373133
-1.554082843435521
-0.8350913704933343
-0.8339129470376639
-0.5498606931507553
-0.539530944329354
-0.3877594619279414
-0.3630258341236513
-0.2954861783358383
-0.08474773835503213
-0.02080603768614273
0.020806037686142705
0.08474773835503309
0.29548617833583923
0.36302583412365197
0.3877594619279419
0.5395309443293529
0.549860693150756
0.8339129470376639
0.8350913704933329
1.55408284343552
1.556332773337312
1.6314611569778932
1.641840418937965
1.6726622526438946
1.6799989642555095
1.6903490354680104
2.410490750843309
2.4154733074430697
2.419296372874347
2.4312586939737804
2.4385919952743493
2.4607188809931233
2.462459393673937
2.498890786499311
2.4991103073003016
-2.4990974177454923
-2.498904053402023
-2.462349903447917
-2.4608492101389614
-2.438419301813704
-2.4315442426869174
-2.4187356955632344
-2.415996004204179
-2.4103946598311676
-1.6905266646057688
-1.6790560073487806
-1.6736065515187326
-1.6413264325231949
-1.6318084547650091
-1.5561846212215238
-1.5542187180754399
-0.8350204705947339
-0.833984979266258
-0.5493490803987492
-0.5401416023605001
-0.38566221200930867
-0.36576599046586344
-0.2945484656234837
-0.08662321524310965
-0.013825418611473525
0.01382541861147435
0.08662321524311073
0.29454846562348336
0.3657659904658606
0.38566221200930906
0.540141602360499
0.5493490803987486
0.8339849792662588
0.8350204705947345
1.5542187180754388
1.5561846212215225
1.6318084547650082
1.6413264325231933
1.673606551518734
1.6790560073487795
1.690526664605769
2.4103946598311676
2.4159960042041804
2.418735695563234
2.4315442426869196
2.438419301813703
2.4608492101389614
2.4623499034479175
2.4989040534020255
2.4990974177454937
-2.499087115494463
-2.498914622459244
-2.4622596823296257
-2.460954099167021
-2.438290514912248
-2.4317491971906895
-2.4181741771201577
-2.416529927108978
-2.4103311530215272
-1.6906449442261924
-1.6781507135798666
-1.6745173044038972
-1.6409445852155955
-1.632075240887246
-1.5560660583486376
-1.5543286069341995
-0.8349636932062099
-0.8340425573111406
-0.5489431548085959
-0.5406173228851976
-0.3837854640501007
-0.36808011604751756
-0.29390221011240264
-0.08786008923394831
-0.005649590287196494
0.005649590287197166
0.08786008923394875
0.2939022101124029
0.3680801160475165
0.3837854640501012
0.5406173228851957
0.5489431548085962
0.8340425573111407
0.83496369320621
1.5543286069341997
1.5560660583486372
1.6320752408872456
1.6409445852155977
1.6745173044038966
1.6781507135798652
1.6906449442261928
2.4103311530215277
2.416529927108977
2.418174177120159
2.431749197190688
2.4382905149122482
2.4609540991670222
2.462259682329627
2.498914622459244
2.499087115494465
